1341846092.023798 0.000000000 0.000000000 0.000000000 0.000000000 0.000000000 0.000000000 1.000000000
1341846092.059891 0.000365762 0.000440955 0.000180047 0.001356522 0.000489282 -0.001521247 0.999997795
1341846092.091861 0.001183869 0.000037133 0.000408104 0.002725716 0.000738345 -0.001763656 0.999994457
1341846092.123884 0.000129551 0.000987128 0.000216735 0.004445384 0.000945671 -0.001544914 0.999988496
1341846092.159881 0.000160692 -0.000375445 0.000467697 0.005565201 0.000998315 -0.000235773 0.999983966
1341846092.191824 0.000696168 0.001603505 0.001026850 0.007462590 0.000490046 0.000871670 0.999971628
1341846092.227766 0.001605424 0.004309593 -0.001975360 0.008763649 0.000962915 -0.000183901 0.999961138
1341846092.259844 0.001066564 0.004948859 -0.002381666 0.008277211 0.001363795 -0.000874222 0.999964416
1341846092.291754 0.001905891 0.001156886 0.001574425 0.008379036 0.000942329 -0.001776186 0.999962866
1341846092.327827 0.003806118 -0.001305038 0.001522833 0.010363438 0.000987594 -0.002264035 0.999943256
1341846092.359956 0.002474761 -0.002304120 0.000804436 0.013079806 0.001261144 -0.003470340 0.999907613
1341846092.395855 0.001156949 -0.001678287 0.002492832 0.016058659 0.001395275 -0.005793352 0.999853313
1341846092.428016 0.003449007 -0.001877351 0.000636732 0.018631896 0.001456706 -0.008193949 0.999791801
1341846092.459991 0.003018361 -0.002977266 0.002885387 0.021234723 0.002014066 -0.010594004 0.999716341
1341846092.495930 0.003248426 -0.004149482 0.002053840 0.024387944 0.002378618 -0.012959098 0.999615729
1341846092.528072 0.005940286 -0.004482719 0.000550717 0.027926140 0.002159279 -0.015505222 0.999487400
1341846092.559842 0.008310081 -0.006838656 0.001710554 0.032257926 0.003546532 -0.017426180 0.999321342
1341846092.595783 0.005954242 -0.004927076 0.002233061 0.037474383 0.004996084 -0.017902059 0.999124706
1341846092.628121 0.005268610 -0.006938973 0.001902908 0.041649535 0.004248536 -0.017576322 0.998968601
1341846092.659797 0.010799039 -0.005476882 -0.001819481 0.046224900 0.004514778 -0.018721126 0.998745382
1341846092.696012 0.008390334 -0.002680850 -0.001741168 0.049241308 0.006603424 -0.020078711 0.998563230
1341846092.727906 0.009895627 -0.009069975 0.000343148 0.051661532 0.006359597 -0.019853283 0.998447001
1341846092.760105 0.008239718 -0.014128716 -0.001426834 0.057849221 0.006265985 -0.016760219 0.998164952
1341846092.795871 0.007572103 -0.015149449 -0.002280278 0.062529989 0.004961385 -0.016430011 0.997895479
1341846092.827857 0.010885110 -0.013618196 0.000484990 0.069193751 0.004879653 -0.021141959 0.997367203
1341846092.863824 0.017036913 -0.010078807 -0.002220201 0.073697224 0.006599776 -0.027024973 0.996892571
1341846092.895885 0.008690061 -0.007827409 0.000225240 0.075784378 0.008086606 -0.030094536 0.996637166
1341846092.927920 0.012825780 -0.018850453 -0.000766119 0.078825913 0.007038407 -0.030773152 0.996388435
1341846092.963849 0.014262382 -0.020460121 -0.003251123 0.084395483 0.007809656 -0.029645473 0.995960593
1341846092.995760 0.011235524 -0.026178623 -0.003004726 0.088328622 0.008595151 -0.028524050 0.995645761
1341846093.027860 0.013642669 -0.032217640 -0.006057397 0.095625542 0.007865004 -0.026454709 0.995034695
1341846093.063741 0.013023224 -0.021888092 -0.006416870 0.105077051 0.008488573 -0.025368093 0.994104207
1341846093.125933 0.020248961 -0.030143626 -0.004290740 0.110863715 0.010406963 -0.030339254 0.993317902
1341846093.157795 0.014914008 -0.032289971 -0.006930088 0.116394393 0.012764263 -0.027044922 0.992752731
1341846093.189822 0.011048792 -0.037450060 -0.007506093 0.120705478 0.011442345 -0.023861451 0.992335558
1341846093.225887 0.022141390 -0.035108469 -0.005281158 0.126554653 0.010184114 -0.022919407 0.991642475
1341846093.257900 0.024822872 -0.037590168 -0.004787324 0.130827174 0.011554384 -0.023312075 0.991063714
1341846093.289744 0.024791924 -0.040385697 -0.007998019 0.135778278 0.013134130 -0.022683561 0.990392447
1341846093.325795 0.024924858 -0.042252682 -0.006816877 0.141793773 0.013715974 -0.021119766 0.989575744
1341846093.357904 0.024780735 -0.043183737 -0.008402288 0.145832196 0.014925131 -0.021614710 0.988960505
1341846093.393841 0.029135363 -0.043416943 -0.007670329 0.149586529 0.015155213 -0.021837750 0.988391221
1341846093.425924 0.023638904 -0.050758280 -0.005856958 0.154875770 0.015431260 -0.018705420 0.987636268
1341846093.457796 0.024449127 -0.042470753 -0.009096811 0.162691876 0.014793173 -0.018553903 0.986391544
1341846093.493817 0.029659610 -0.053068705 -0.011591846 0.166254833 0.014473177 -0.016159436 0.985844135
1341846093.525871 0.034924127 -0.054219604 -0.008715414 0.172611594 0.013767770 -0.013190614 0.984805405
1341846093.561833 0.029558362 -0.058018308 -0.008551038 0.178813502 0.014546683 -0.009197155 0.983732462
1341846093.593995 0.036680479 -0.051056735 -0.015593855 0.185283646 0.013453671 -0.009506469 0.982546985
1341846093.625945 0.039994918 -0.058607634 -0.020016082 0.187439322 0.014355649 -0.010559449 0.982114494
1341846093.661809 0.040018629 -0.057475906 -0.018246833 0.193681672 0.014178178 -0.011273224 0.980897188
1341846093.693938 0.039155714 -0.060146838 -0.014349747 0.199337617 0.014494314 -0.012915602 0.979738533
1341846093.725842 0.033542357 -0.068422049 -0.016619705 0.203284234 0.014520483 -0.012766548 0.978928864
1341846093.761995 0.033469599 -0.069528952 -0.015530484 0.211026862 0.012686755 -0.011163432 0.977334142
1341846093.794228 0.032540970 -0.076345623 -0.019380670 0.217950702 0.009410755 -0.004953050 0.975901842
1341846093.829820 0.033728626 -0.077191785 -0.020322995 0.224393219 0.006855443 -0.004824699 0.974462628
1341846093.861841 0.036757506 -0.077881217 -0.023792982 0.229061335 0.008056757 -0.008945452 0.973337531
1341846093.893823 0.031193385 -0.087124050 -0.025458463 0.234578162 0.007984511 -0.008345044 0.972028673
1341846093.929912 0.036361173 -0.087636553 -0.021409482 0.242566496 0.004412678 -0.007245041 0.970097661
1341846093.961968 0.041058373 -0.092270985 -0.026764903 0.250579268 0.003861683 -0.004945118 0.968075752
1341846093.994029 0.036856323 -0.093217157 -0.032089628 0.256304979 0.005536905 -0.007235206 0.966553032
1341846094.029902 0.038169414 -0.087858737 -0.037302870 0.260217160 0.005732660 -0.007850688 0.965501189
1341846094.062046 0.047075100 -0.095670149 -0.039924040 0.263092071 0.006243771 -0.009506737 0.964703679
1341846094.097921 0.046485044 -0.087631464 -0.040819369 0.268680453 0.007109994 -0.007598622 0.963173151
1341846094.129856 0.051749144 -0.088195182 -0.034939490 0.271025419 0.007351321 -0.006992021 0.962518692
1341846094.161786 0.063373670 -0.085469529 -0.035405558 0.273923934 0.008127271 -0.006783058 0.961693108
1341846094.197938 0.056081489 -0.082702421 -0.037132226 0.273735166 0.013364684 -0.008718800 0.961672664
1341846094.229967 0.055554263 -0.083386645 -0.032282427 0.274869025 0.014689730 -0.006091213 0.961350143
1341846094.261795 0.061799407 -0.084678136 -0.033791743 0.272936791 0.015162954 -0.007084985 0.961886406
1341846094.297927 0.058279660 -0.086205922 -0.029229170 0.271020293 0.017572027 -0.009079803 0.962370396
1341846094.329846 0.055562139 -0.084304236 -0.030732090 0.268678218 0.020010745 -0.010205628 0.962967992
1341846094.366053 -0.004636045 -0.062140431 -0.045442067 0.267444462 0.022998897 -0.009375889 0.963253140
1341846094.397911 0.036300398 -0.074330434 -0.018205978 0.264638960 0.018655527 -0.008665348 0.964128137
1341846094.429746 0.056989625 -0.060731526 -0.043787487 0.259049743 0.017573189 -0.008871535 0.965663373
1341846094.466133 0.045232851 -0.070509829 -0.029376809 0.249315038 0.017769618 -0.007112088 0.968233228
1341846094.497922 0.047355022 -0.074470945 -0.023235548 0.243033260 0.014294006 -0.003905516 0.969904721
1341846094.533970 0.052132525 -0.070030771 -0.028832518 0.236101627 0.011322650 0.001144584 0.971661687
1341846094.565945 0.049485963 -0.073934734 -0.016676940 0.228286162 0.008925931 0.003324274 0.973547459
1341846094.597899 0.054714561 -0.070771009 -0.018693138 0.220299080 0.008227970 0.005867552 0.975380003
1341846094.633912 0.053474594 -0.068923935 -0.014201603 0.211180359 0.006825410 0.009986006 0.977372289
1341846094.665844 0.059557352 -0.064183615 -0.018934783 0.205246091 0.004139554 0.013492462 0.978608608
1341846094.697961 0.069163017 -0.045925267 -0.019041009 0.199784383 0.005738495 0.011270550 0.979758263
1341846094.733999 0.066047966 -0.055267628 -0.017509796 0.191922411 0.009664021 0.011640812 0.981293499
1341846094.767923 0.050918270 -0.042094778 -0.007376414 0.187891811 0.010775464 0.019375287 0.981939495
1341846094.801844 0.044497702 -0.039439313 -0.012441184 0.182137579 0.007939793 0.024277491 0.982941210
1341846094.833846 0.070095137 -0.042247158 -0.021858040 0.175348207 0.004815958 0.027820315 0.984101474
1341846094.866031 0.055626143 -0.026381491 -0.010049261 0.170360133 0.008946426 0.027169336 0.984966636
1341846094.901923 0.053317674 -0.019896109 -0.012962705 0.160836190 0.008736762 0.030505694 0.986470878
1341846094.966365 0.051793609 -0.021267036 -0.010667037 0.144616529 0.005257855 0.036261424 0.988809168
1341846095.002198 0.063788794 0.000346422 -0.004323523 0.136957824 0.004629389 0.034744792 0.989956498
1341846095.034722 0.054311205 -0.004148416 -0.010074275 0.125393599 0.007518986 0.032076143 0.991559923
1341846095.075946 0.059391454 -0.012909692 -0.011525720 0.119042218 0.007504363 0.035421256 0.992228746
1341846095.134021 0.056501720 -0.010240276 -0.004997917 0.111800745 0.011555609 0.038634513 0.992912114
1341846095.169946 0.055074222 -0.012632429 -0.014931194 0.108304851 0.012253502 0.043777283 0.993077755
1341846095.201911 0.058314316 0.000922933 -0.011606827 0.106625564 0.010240111 0.047200326 0.993125498
1341846095.233880 0.066666134 -0.001564625 -0.015313766 0.100285389 0.008868451 0.048016876 0.993759811
1341846095.269927 0.058786232 -0.000800369 -0.013209010 0.095150195 0.010871392 0.046815280 0.994302034
1341846095.301803 0.054525305 0.000379812 -0.011476550 0.089279935 0.009201301 0.048168615 0.994798601
1341846095.337767 0.059116561 0.003980707 -0.012964047 0.083855845 0.006077189 0.050797064 0.995163739
1341846095.369772 0.059882503 0.008626334 -0.007188192 0.078122132 0.006716460 0.049867280 0.995673180
1341846095.401800 0.058450177 0.003872798 -0.012686416 0.072284847 0.007954709 0.050060742 0.996095121
1341846095.437762 0.061157245 0.006582525 -0.010258724 0.068152905 0.006430409 0.052308757 0.996281922
1341846095.469900 0.063817360 0.006012955 -0.008272562 0.064224698 0.006972385 0.053751834 0.996462405
1341846095.501905 0.061368965 0.012842210 -0.010043188 0.061677046 0.008165398 0.055424776 0.996522605
1341846095.538219 0.060236026 0.019677233 -0.013461340 0.056740630 0.009735267 0.053143259 0.996926069
1341846095.569934 0.061264511 0.017223898 -0.009860699 0.050917383 0.010397129 0.052096743 0.997288942
1341846095.606238 0.061282266 0.015888277 -0.007813329 0.046175651 0.010601784 0.053031515 0.997468293
1341846095.637875 0.060213055 0.011067215 -0.007446558 0.042023517 0.010700732 0.054399375 0.997577190
1341846095.669890 0.065839015 0.016407881 -0.010071026 0.039625321 0.009592899 0.055651806 0.997617483
1341846095.705878 0.068509176 0.021370836 -0.009799195 0.035971679 0.011159158 0.055978999 0.997721314
1341846095.737902 0.064525701 0.018343216 -0.009078625 0.031395487 0.013467634 0.057473272 0.997762382
1341846095.773812 0.065291777 0.020362005 -0.006678922 0.028883135 0.013412613 0.058727529 0.997765958
1341846095.838106 0.069176912 0.031697314 -0.002260279 0.021907495 0.014629500 0.059118010 0.997903347
1341846095.873871 0.068277217 0.032697335 -0.005343965 0.017313186 0.016930886 0.057351403 0.998060286
1341846095.905980 0.058967032 0.035394996 -0.006385420 0.011385806 0.018098779 0.059639737 0.997990906
1341846095.937932 0.066388987 0.032763265 -0.004275619 0.006265284 0.015522187 0.060060218 0.998054385
1341846095.973926 0.068946272 0.043811340 -0.002292813 0.004424554 0.016261632 0.060705900 0.998013377
1341846096.005891 0.059417773 0.037978821 -0.005253621 -0.002199245 0.018001655 0.062022414 0.997909963
1341846096.041838 0.060566813 0.034077588 -0.005468570 -0.008045389 0.016596282 0.061073449 0.997962832
1341846096.073937 0.061748620 0.034301735 -0.004163916 -0.012562136 0.016300991 0.058802873 0.998057425
1341846096.105773 0.063168988 0.044107649 -0.004724813 -0.016418371 0.016146187 0.057168033 0.998098969
1341846096.141944 0.059889324 0.046430662 -0.005986443 -0.022423455 0.016867286 0.055771973 0.998049140
1341846096.173951 0.057135910 0.037453681 -0.000871608 -0.027127590 0.016304079 0.054338120 0.998020887
1341846096.205991 0.065657042 0.044718720 -0.000288284 -0.026864273 0.015093888 0.053901695 0.998070657
1341846096.241942 0.060336679 0.048340663 0.000721212 -0.028648248 0.015246999 0.055893794 0.997909129
1341846096.273909 0.065254703 0.048534479 0.001721017 -0.031765278 0.013435765 0.054804783 0.997901201
1341846096.309891 0.064933144 0.057350744 -0.003486371 -0.034255754 0.014027037 0.053209506 0.997897029
1341846096.341861 0.068871118 0.050662696 -0.001917108 -0.039050132 0.012816985 0.053143144 0.997740746
1341846096.374240 0.070602059 0.053016134 -0.002133124 -0.039493561 0.011321170 0.053566024 0.997718751
1341846096.409718 0.071066394 0.058241844 -0.001765070 -0.039753359 0.011981223 0.051559906 0.997806430
1341846096.441905 0.064299308 0.056758631 -0.002997136 -0.043068971 0.013794720 0.048701778 0.997789025
1341846096.473846 0.061296597 0.052991256 -0.003165590 -0.046883047 0.013453217 0.047035646 0.997701645
1341846096.510050 0.067649201 0.056081917 0.000736276 -0.048830297 0.012466013 0.044692833 0.997728765
1341846096.542063 0.068946384 0.056706909 0.001523733 -0.049719226 0.013198165 0.043905396 0.997710407
1341846096.577955 0.062668107 0.051312193 -0.007774918 -0.053197328 0.015133335 0.042937338 0.997545719
1341846096.609941 0.064625219 0.086323075 -0.013689851 -0.051141206 0.013741529 0.042379990 0.997697175
1341846096.641875 0.072262399 0.082258500 -0.008790667 -0.057325400 0.011877427 0.039162107 0.997516453
1341846096.677902 0.070998721 0.083167575 -0.009650055 -0.060199864 0.012868823 0.038381014 0.997365177
1341846096.709906 0.062293980 0.088576265 -0.013846274 -0.064379849 0.014215878 0.039246440 0.997052073
1341846096.745991 0.070572592 0.088229038 -0.011603080 -0.069944806 0.012229506 0.037114717 0.996785164
1341846096.777870 0.072731949 0.093915358 -0.008810558 -0.072451711 0.012676701 0.034135561 0.996707022
1341846096.810244 0.059592072 0.096295774 -0.013745732 -0.079357915 0.016118018 0.032366823 0.996190190
1341846096.845763 0.068123855 0.091939390 -0.010478167 -0.086954229 0.013649021 0.031606678 0.995617211
1341846096.878199 0.076184556 0.090633191 -0.006076045 -0.091148205 0.012305335 0.029360304 0.995328367
1341846096.909946 0.064937800 0.098295487 -0.010124819 -0.093798399 0.015254166 0.030371090 0.995010912
1341846096.945914 0.065661535 0.105842955 -0.013862920 -0.099816822 0.014061644 0.030298011 0.994445026
1341846096.978058 0.073306978 0.103580430 -0.011631605 -0.108698167 0.012767885 0.027607527 0.993609309
1341846097.014061 0.066472903 0.108945861 -0.012883637 -0.114558898 0.015458331 0.024533598 0.992993176
1341846097.045960 0.062271077 0.099284902 -0.008578829 -0.124838158 0.017332872 0.024067968 0.991733670
1341846097.078464 0.070181139 0.103877395 -0.007009583 -0.130184948 0.016096417 0.023692258 0.991075933
1341846097.113795 0.067594454 0.107316524 -0.002221232 -0.134326011 0.017473975 0.020753933 0.990565717
1341846097.146138 0.070994467 0.105256304 -0.003942544 -0.138960734 0.018187232 0.020140836 0.989925981
1341846097.178019 0.062683672 0.099693052 -0.004538314 -0.143919066 0.020684700 0.020682672 0.989157081
1341846097.213933 0.058838502 0.094799921 -0.001167720 -0.146412447 0.019622812 0.020445189 0.988817632
1341846097.246080 0.067836180 0.107339993 -0.004296077 -0.145916149 0.016106242 0.020065308 0.988962352
1341846097.282030 0.067015164 0.108209081 -0.000040665 -0.148695037 0.017406160 0.019502399 0.988537550
1341846097.313977 0.064466216 0.091165364 -0.000992259 -0.154190689 0.017811559 0.023415215 0.987603009
1341846097.345922 0.061656911 0.097364217 -0.003771355 -0.156469062 0.016927693 0.027962288 0.987141848
1341846097.381852 0.064121716 0.105877385 -0.002446722 -0.159225777 0.017715810 0.029197892 0.986651301
1341846097.413864 0.069403291 0.102366939 -0.008831555 -0.163006276 0.019552145 0.028074041 0.986031711
1341846097.445910 0.087258346 0.154728502 -0.022742365 -0.160117537 0.016208425 0.030603301 0.986490309
1341846097.481979 0.083880454 0.163209200 -0.020818081 -0.167044088 0.017230149 0.029095747 0.985369384
1341846097.514061 0.078470752 0.168957964 -0.016994786 -0.172866866 0.019897781 0.024720361 0.984433889
1341846097.550048 0.084929094 0.125745580 -0.016159575 -0.189917162 0.019953735 0.024445636 0.981292844
1341846097.587812 0.084554173 0.119722426 -0.013690438 -0.199525893 0.019846858 0.023149917 0.979417980
1341846097.649731 0.086686492 0.130983546 -0.016441558 -0.205462426 0.021182293 0.018233724 0.978265822
1341846097.681970 0.091145858 0.121180207 -0.014794447 -0.213012934 0.020491986 0.018202661 0.976664841
1341846097.714026 0.086186446 0.114689074 -0.013613340 -0.217639863 0.021344403 0.018564908 0.975619137
1341846097.749749 0.081898972 0.115070842 -0.014689930 -0.218416199 0.022131214 0.016225105 0.975469768
1341846097.782019 0.088513143 0.130656824 -0.019980080 -0.218912140 0.020443883 0.015413957 0.975408614
1341846097.817835 0.079731047 0.107029565 -0.015295174 -0.226860598 0.022052169 0.012635020 0.973595560
1341846097.849998 0.078451663 0.103804208 -0.008964945 -0.225347131 0.021943999 0.011169911 0.973967314
1341846097.882032 0.075379476 0.110782720 -0.013814479 -0.222416699 0.021660719 0.012615182 0.974629402
1341846097.917945 0.078953572 0.095317394 -0.008920882 -0.225745216 0.019702110 0.010720949 0.973928094
1341846097.949812 0.074773982 0.109044954 -0.009766772 -0.218970194 0.020965692 0.009346371 0.975461483
1341846097.985786 0.073979951 0.104931802 -0.006037891 -0.214725137 0.021853972 0.009290156 0.976385832
1341846098.017778 0.071338601 0.090407073 -0.005708590 -0.212411210 0.022065178 0.007882139 0.976899445
1341846098.050033 0.081377178 0.100436121 -0.012536319 -0.203175589 0.020228960 0.004230419 0.978924215
1341846098.085962 0.089265846 0.107992344 -0.017102225 -0.196606815 0.020543570 -0.003304148 0.980261624
1341846098.117764 0.083719097 0.108952709 -0.017273761 -0.195715189 0.024587525 -0.010543069 0.980295777
1341846098.149904 0.076138839 0.113464013 -0.012658287 -0.194964111 0.027913805 -0.012522010 0.980333149
1341846098.185874 0.069657721 0.114245191 -0.004671581 -0.190205708 0.028578782 -0.008348516 0.981292725
1341846098.217722 0.076456450 0.076511212 -0.007620065 -0.189583063 0.027040675 -0.005706563 0.981475651
1341846098.253811 0.074580997 0.058905002 0.002801275 -0.185730562 0.030020047 -0.003998156 0.982133865
1341846098.285939 0.078879774 0.077727832 -0.000224940 -0.170757085 0.030347237 -0.003332677 0.984840035
1341846098.319650 0.076565742 0.053025138 0.002550706 -0.165666908 0.032694377 -0.005120791 0.985626400
1341846098.353827 0.075213067 0.037328400 0.007730705 -0.159332067 0.035438173 -0.007237609 0.986562252
1341846098.385963 0.068276279 0.045540228 0.004856043 -0.149377704 0.039211456 -0.011608115 0.987934172
1341846098.418076 0.076129228 0.062320240 -0.008153776 -0.137267470 0.041013002 -0.015217911 0.989567578
1341846098.453988 0.069587342 0.077516407 -0.008106612 -0.130376682 0.045251671 -0.017867295 0.990270138
1341846098.485927 0.063390493 0.068856113 0.001344839 -0.128111288 0.046814777 -0.019217096 0.990467906
1341846098.521907 0.065717421 0.059130080 0.000928683 -0.123168543 0.045730837 -0.018835166 0.991152585
1341846098.553851 0.069904350 0.064472020 -0.002535636 -0.113988169 0.045945723 -0.015677325 0.992295265
1341846098.585937 0.060537748 0.060220916 0.002928732 -0.107777938 0.047765620 -0.012457791 0.992948711
1341846098.621830 0.070881717 0.052465182 -0.001056960 -0.100555807 0.045022979 -0.008989283 0.993871570
1341846098.653874 0.060661174 0.073257208 -0.002647446 -0.087446503 0.047489785 -0.007358297 0.995009363
1341846098.685832 0.068878688 0.043084443 0.004029306 -0.085682288 0.044562228 -0.005517685 0.995310128
1341846098.721860 0.065217212 0.040833227 0.006697761 -0.076287016 0.044506993 -0.002954606 0.996087730
1341846098.753828 0.066819392 0.041281488 0.001087591 -0.064388506 0.042279154 0.000763164 0.997028589
1341846098.789998 0.066911355 0.035454597 -0.000948266 -0.054186638 0.041606732 0.002276937 0.997660995
1341846098.827945 0.057108115 0.045818653 -0.005442112 -0.038312320 0.043547094 0.004784722 0.998305023
1341846098.889904 0.063988537 0.032890175 -0.006057237 -0.017362844 0.038086940 0.010842739 0.999064744
1341846098.921923 0.060797885 0.044157106 -0.010217117 -0.001301119 0.038337350 0.011562931 0.999197125
1341846098.957887 0.075809054 0.026635462 -0.008804081 0.005589606 0.034291409 0.014101816 0.999296784
1341846098.990630 0.073398367 0.023827821 -0.012267606 0.013543608 0.031620432 0.013100814 0.999322355
1341846099.022028 0.078512967 0.025264496 -0.010040788 0.025756748 0.029646417 0.010405530 0.999174356
1341846099.058015 0.072591133 0.031861078 -0.015735859 0.038758591 0.031014033 0.009457196 0.998722434
1341846099.089878 0.076913133 0.019694472 -0.016918857 0.045085110 0.028822882 0.009592021 0.998521149
1341846099.121774 0.079855151 0.021805109 -0.015381221 0.056143336 0.027549801 0.010110972 0.997991323
1341846099.157775 0.082215525 0.027002212 -0.017757112 0.064474270 0.026368124 0.010593023 0.997514725
1341846099.189822 0.084937289 0.022630073 -0.014938496 0.069463499 0.025648084 0.008432030 0.997219086
1341846099.226178 0.085632510 0.020688031 -0.016778799 0.075443149 0.026182411 0.008913796 0.996766448
1341846099.264156 0.078628540 0.017884783 -0.014646569 0.079369202 0.026036587 0.011462604 0.996439278
1341846099.300270 0.086167432 0.020714961 -0.015706580 0.083555289 0.024655683 0.012907255 0.996114433
1341846099.332076 0.083681002 0.023426984 -0.015534123 0.085844196 0.027044063 0.013936197 0.995843947
1341846099.363831 0.087198801 0.027581722 -0.014114380 0.087310605 0.028118512 0.016895724 0.995640874
1341846099.399799 0.094891742 0.030278578 -0.015791882 0.086402394 0.029285824 0.015996605 0.995701253
1341846099.432113 0.099265404 0.030764570 -0.019701509 0.085466780 0.033861604 0.015469855 0.995645285
1341846099.463909 0.100260504 0.028665427 -0.017299650 0.085218385 0.039200775 0.016094478 0.995460749
1341846099.499765 0.112330645 0.030706355 -0.025324445 0.085672349 0.043938171 0.016283808 0.995220840
1341846099.564678 0.125329673 0.023011426 -0.036033455 0.087168224 0.063415930 0.013294646 0.994084179
1341846099.626222 0.133975774 0.031492494 -0.021841323 0.090325288 0.081966825 0.013257274 0.992444992
1341846099.657825 0.135543227 0.026362378 -0.028195061 0.088685259 0.092759185 0.009563845 0.991684973
1341846099.693870 0.129516765 0.020586327 -0.030955333 0.087471455 0.105246678 0.006450550 0.990570664
1341846099.725881 0.136401445 0.023313807 -0.026941707 0.089402378 0.114668854 0.007913388 0.989341021
1341846099.761986 0.137860432 0.020861931 -0.027724333 0.092243083 0.124223933 0.015313715 0.987838626
1341846099.793945 0.144577712 0.018386601 -0.020177599 0.096365638 0.134060815 0.023141386 0.986004949
1341846099.825926 0.146454409 0.024820544 -0.016901193 0.098211527 0.144548029 0.027012747 0.984241188
1341846099.862065 0.151979372 0.023668118 -0.017434170 0.098094821 0.155233413 0.028152131 0.982592225
1341846099.894034 0.143041983 0.018135004 -0.020618122 0.099291481 0.165755779 0.030950198 0.980667233
1341846099.925860 0.147105336 0.018211592 -0.020593552 0.100630723 0.172700182 0.035279375 0.979185104
1341846099.961831 0.155173391 0.018975109 -0.020594539 0.102547050 0.181978300 0.035572190 0.977293491
1341846099.993861 0.152070805 0.016744506 -0.018121835 0.102317847 0.193388745 0.035503320 0.975126326
1341846100.029846 0.156839862 0.018394519 -0.015687097 0.103011854 0.202340305 0.035655841 0.973229468
1341846100.069920 0.154019982 0.015967987 -0.028563067 0.104573838 0.214657500 0.035823978 0.970413864
1341846100.099862 0.159437522 0.018506400 -0.012867618 0.106266513 0.223789081 0.039174497 0.968034744
1341846100.132811 0.156318799 0.016880322 -0.010911770 0.107896969 0.230526030 0.040956389 0.966197968
1341846100.168188 0.158586308 0.016534533 -0.016737964 0.109727748 0.237827584 0.043721441 0.964098692
1341846100.199801 0.162725464 0.016368840 -0.011948399 0.109878048 0.243555695 0.046229407 0.962533295
1341846100.235866 0.157926083 0.020575088 -0.036622938 0.110146761 0.250120819 0.047913309 0.960734904
1341846100.267868 0.161744863 0.020516414 -0.015740786 0.110210478 0.258179873 0.048229035 0.958577454
1341846100.299821 0.156221882 0.022308029 -0.025921971 0.110727191 0.263245046 0.052257046 0.956927717
1341846100.335884 0.159424901 0.019225994 -0.023635186 0.110376775 0.269181877 0.052762199 0.955287516
1341846100.367898 0.153241277 0.023951441 -0.030038700 0.110664226 0.274951309 0.055058677 0.953479826
1341846100.400000 0.161421120 0.027804919 -0.025787916 0.111418359 0.275856912 0.053726263 0.953206360
1341846100.435828 0.167780846 0.020445637 -0.012652695 0.110726297 0.281989932 0.051276997 0.951626003
1341846100.467678 0.161298081 0.024869654 -0.023182489 0.111768521 0.289591283 0.049697615 0.949302256
1341846100.503838 0.165921658 0.019347833 -0.046044309 0.111504056 0.291578859 0.048587441 0.948782325
1341846100.535834 0.177283406 0.018768881 -0.042346414 0.113247029 0.297961712 0.046426795 0.946698725
1341846100.568004 0.168883130 0.023260467 -0.049012113 0.116226576 0.306293219 0.044872176 0.943749070
1341846100.604545 0.178206980 0.020415027 -0.053185426 0.116230831 0.313100219 0.040233735 0.941721797
1341846100.635826 0.170924723 0.024297550 -0.043652143 0.118170738 0.324731439 0.039456155 0.937565148
1341846100.672445 0.173332572 0.022218324 -0.044666681 0.117490768 0.326935858 0.043621745 0.936699569
1341846100.733981 0.176646739 0.022727214 -0.059958138 0.120082356 0.333529323 0.046016309 0.933927655
1341846100.765776 0.175832778 0.028716922 -0.055152565 0.119352013 0.339433074 0.045004822 0.931941509
1341846100.798442 0.173877403 0.022559129 -0.046391863 0.118918411 0.345123082 0.047476932 0.929781914
1341846100.833838 0.173505291 0.028463915 -0.055271007 0.119677313 0.347269982 0.049503703 0.928778946
1341846100.866041 0.177004650 0.030693488 -0.053298369 0.118655637 0.345131278 0.050047539 0.929677665
1341846100.897858 0.177668795 0.024777206 -0.044396807 0.117810369 0.346363038 0.050670780 0.929293215
1341846100.933895 0.180790603 0.027561221 -0.025603309 0.120221734 0.347759992 0.053322483 0.928313792
1341846100.965736 0.177398354 0.030027116 -0.045041543 0.119926892 0.342936158 0.054321025 0.930086851
1341846101.001817 0.175494850 0.023326393 -0.049834069 0.119023956 0.343200117 0.053491078 0.930153608
1341846101.033901 0.173364565 0.033765037 -0.034078512 0.121154524 0.343563676 0.055197150 0.929644525
1341846101.065947 0.179224804 0.028947281 -0.021700338 0.119293705 0.338711321 0.055514220 0.931644738
1341846101.102829 0.171437860 0.028987944 -0.026504412 0.119330995 0.338039070 0.055372093 0.931892514
1341846101.134613 0.174602151 0.032896362 -0.019708350 0.118370436 0.336057961 0.053860940 0.932819664
1341846101.169743 0.165419042 0.030995212 -0.046365693 0.114512458 0.329096586 0.051143970 0.935930908
1341846101.202171 0.171753988 0.023488823 -0.039936353 0.112785488 0.326349974 0.048023432 0.937266707
1341846101.234098 0.166949809 0.035026696 -0.023055065 0.114080742 0.324057460 0.046053872 0.938003957
1341846101.269940 0.168087438 0.034037720 -0.038155943 0.112122305 0.316914290 0.045436077 0.940706849
1341846101.301837 0.168669015 0.032946557 -0.031306978 0.111601517 0.313387066 0.043572716 0.942037702
1341846101.333884 0.160905331 0.033802629 -0.037010327 0.110687055 0.309233814 0.042459212 0.943567693
1341846101.369943 0.161508292 0.028900791 -0.029478021 0.108092412 0.304757714 0.039438028 0.945454061
1341846101.402755 0.161990300 0.031457074 -0.019343965 0.107912660 0.299289346 0.039330095 0.947224319
1341846101.437821 0.165767640 0.025731843 -0.019549996 0.105987191 0.293623209 0.037518959 0.949286282
1341846101.469768 0.152580008 0.026525361 -0.043997802 0.103707984 0.287625551 0.035628833 0.951444566
1341846101.501812 0.153974786 0.025606547 -0.031460233 0.104018360 0.281091869 0.034873530 0.953389406
1341846101.537892 0.153951839 0.029771976 -0.030653741 0.105935648 0.278278351 0.035375990 0.953984976
1341846101.569873 0.146732658 0.028412350 -0.035909891 0.104084007 0.273870647 0.032644663 0.955560386
1341846101.601955 0.149397016 0.030006438 -0.029790428 0.101326317 0.265258074 0.031331919 0.958326399
1341846101.637841 0.149334431 0.029371331 -0.031281289 0.099301413 0.259722739 0.028862592 0.960130334
1341846101.670644 0.141671062 0.026187588 -0.025085609 0.099709935 0.254541308 0.030900594 0.961411357
1341846101.705786 0.142770633 0.025100248 -0.021655925 0.101297446 0.245319530 0.035115764 0.963495731
1341846101.738127 0.142390102 0.020992467 -0.019228734 0.102507085 0.240257099 0.034701038 0.964657784
1341846101.769786 0.129461765 0.027547769 -0.043726511 0.104055487 0.234660849 0.038429383 0.965727687
1341846101.805816 0.144223616 0.032697000 -0.020905916 0.105452508 0.226242200 0.036601484 0.967654169
1341846101.837808 0.140806690 0.029424870 -0.023159731 0.105044745 0.223191276 0.035927098 0.968432009
1341846101.869834 0.120894864 0.029960651 -0.041887321 0.105300322 0.219649956 0.038378749 0.969119608
1341846101.905918 0.123975530 0.030725179 -0.048119433 0.104733087 0.210368291 0.039790928 0.971181154
1341846101.937872 0.120047487 0.021506181 -0.022766896 0.102877297 0.207174435 0.038403545 0.972121477
1341846101.973942 0.115954421 0.030252714 -0.022188202 0.105854154 0.200868517 0.039289057 0.973089457
1341846102.005947 0.096434772 0.022790581 -0.061752196 0.104644328 0.190072089 0.040973913 0.975317001
1341846102.037846 0.106462680 0.021297786 -0.034722198 0.105689809 0.180399671 0.042537048 0.976972938
1341846102.073879 0.065569274 0.023991862 -0.059843667 0.107010245 0.179378524 0.040821698 0.977090418
1341846102.105961 0.084161066 0.041430384 -0.063449383 0.106731236 0.161918193 0.042657591 0.980087399
1341846102.137878 0.079506330 0.031793285 -0.027732745 0.102912411 0.155995756 0.041107174 0.981521547
1341846102.173907 0.079156376 0.030666251 -0.032535240 0.101193525 0.150216565 0.038774274 0.982695997
1341846102.205896 0.061493088 0.035156466 -0.046167456 0.099250965 0.142188147 0.035061959 0.984226823
1341846102.242018 0.054812100 0.036590479 -0.043669499 0.096071012 0.128783703 0.033209819 0.986449301
1341846102.274144 0.064508103 0.032003377 -0.041936535 0.093892477 0.116579056 0.032453094 0.988200545
1341846102.305875 0.050821993 0.036172539 -0.045267358 0.092970014 0.108911060 0.025840862 0.989356995
1341846102.341821 0.028901391 0.035427265 -0.052001290 0.089297213 0.095963903 0.023633417 0.991089463
1341846102.374024 0.047429133 0.026779324 -0.045786265 0.088296719 0.081022479 0.021915583 0.992551625
1341846102.409984 0.053644095 0.028011365 -0.052662142 0.090939730 0.071793832 0.019419450 0.993075252
1341846102.441952 0.034099814 0.037460148 -0.057224628 0.090771161 0.062751219 0.016077541 0.993762732
1341846102.473881 0.049322080 0.026890723 -0.052164793 0.088895246 0.050980091 0.014993736 0.994622469
1341846102.509959 0.066302389 0.025095705 -0.040056244 0.091653228 0.045727007 0.016009199 0.994611681
1341846102.541996 0.048569981 0.034827475 -0.049035117 0.093935363 0.046195321 0.013303141 0.994417012
1341846102.574361 0.043411370 0.041144188 -0.043364525 0.090853512 0.037542570 0.013561943 0.995063961
1341846102.610654 0.059951000 0.020421561 -0.048535608 0.089274369 0.031631801 0.019145984 0.995320499
1341846102.642222 0.051124558 0.026436456 -0.044506799 0.094378665 0.028513696 0.022797726 0.994866788
1341846102.677806 0.032660242 0.041113392 -0.062478691 0.095461912 0.020531951 0.022609621 0.994964421
1341846102.709968 0.035102580 0.036356583 -0.064541988 0.093023285 0.006386448 0.025018519 0.995329022
1341846102.741857 0.041914713 0.034122244 -0.059245989 0.092992768 -0.000709630 0.028642705 0.995254397
1341846102.777720 0.047007229 0.041994423 -0.063130386 0.092696719 -0.010425164 0.030640036 0.995168209
1341846102.809783 0.046931822 0.032000631 -0.052943788 0.090151101 -0.018201981 0.031455640 0.995264769
1341846102.841828 0.055243131 0.033446163 -0.050814047 0.096693441 -0.027096195 0.035061397 0.994327366
1341846102.877813 0.050235651 0.042664029 -0.053208098 0.097478695 -0.029354876 0.036341887 0.994140565
1341846102.909875 0.042486191 0.036423218 -0.058628935 0.093520954 -0.034801688 0.036775332 0.994329035
1341846102.945843 0.048148088 0.033806294 -0.061929408 0.093427353 -0.045492750 0.037505787 0.993878782
1341846102.977815 0.040437680 0.045520544 -0.070467867 0.095123649 -0.053608354 0.040983997 0.993175685
1341846103.009867 0.031267926 0.044485152 -0.076243542 0.090477176 -0.062899180 0.041643627 0.993037462
1341846103.045829 0.027776688 0.034564864 -0.077499822 0.085562713 -0.074044675 0.040745165 0.992741764
1341846103.077786 0.040481519 0.035987057 -0.074308276 0.086186878 -0.089270629 0.042334165 0.991367936
1341846103.110039 0.049844280 0.039635751 -0.074129432 0.087430686 -0.103349842 0.047527436 0.989654422
1341846103.145830 0.041812621 0.036885601 -0.073686779 0.086952120 -0.112844631 0.047420602 0.988664091
1341846103.177933 0.057764575 0.039154418 -0.069044210 0.087868609 -0.124235652 0.045291059 0.987316251
1341846103.213980 0.060964704 0.032837536 -0.090511501 0.088389322 -0.130427495 0.040398855 0.986683309
1341846103.246103 0.028681187 0.042118795 -0.081775464 0.090998024 -0.141242906 0.036380410 0.985112309
1341846103.277869 0.047691900 0.035804529 -0.085337475 0.087902211 -0.152972639 0.030657463 0.983835697
1341846103.314495 0.054688182 0.034812775 -0.091783121 0.087188274 -0.160095811 0.025115427 0.982922554
1341846103.345951 -0.018836305 0.030790007 -0.138140887 0.084303789 -0.164405257 0.021266051 0.982553601
1341846103.382135 0.018936206 0.041059315 -0.101392403 0.083323002 -0.192476600 0.020203922 0.977548897
1341846103.413791 0.054685719 0.028881762 -0.092202961 0.080597021 -0.207549646 0.011937310 0.974825501
1341846103.445861 0.017872898 0.031989388 -0.114778034 0.081564277 -0.212960705 0.009988911 0.973599076
1341846103.482382 -0.013413318 0.046978973 -0.140745312 0.079347812 -0.227615908 0.012458715 0.970432758
1341846103.513968 0.047391430 0.027977809 -0.091129743 0.072449394 -0.259351462 0.014961940 0.962945521
1341846103.545990 0.059768304 0.019370025 -0.102527238 0.073071539 -0.267788500 0.014393619 0.960594952
1341846103.582021 0.025476560 0.026081564 -0.131409988 0.075387932 -0.272915006 0.012324598 0.959000587
1341846103.614121 0.037924372 0.025269240 -0.116295032 0.073018976 -0.293160707 0.017079346 0.953117669
1341846103.650229 0.043385446 0.017557792 -0.100873664 0.074600175 -0.308502704 0.022939356 0.948016167
1341846103.714025 0.037336167 0.030083526 -0.110369325 0.071618930 -0.331590801 0.030152993 0.940217555
1341846103.749741 0.050671443 0.023392163 -0.102958187 0.067733936 -0.349990219 0.031281501 0.933777511
1341846103.813998 0.043606870 0.031281780 -0.115718737 0.070539035 -0.367972255 0.037532695 0.926397324
1341846103.849900 0.031669818 0.033402588 -0.126572385 0.066045493 -0.380044401 0.037563272 0.921842277
1341846103.883046 0.055167381 0.031614609 -0.118188560 0.062522247 -0.398402423 0.036291298 0.914357364
1341846103.917830 0.055278420 0.031982634 -0.108167142 0.061087284 -0.406404793 0.037790749 0.910865128
1341846103.949988 0.051350232 0.026360154 -0.129634291 0.058276873 -0.414989471 0.037724040 0.907173872
1341846103.981996 0.051771794 0.035731740 -0.116495207 0.056771435 -0.429122031 0.031576913 0.900907397
1341846104.017780 0.053854011 0.031383343 -0.109739929 0.055542916 -0.436847568 0.030212054 0.897310674
1341846104.049832 0.026241168 0.035012379 -0.116034947 0.057531327 -0.441115707 0.025722457 0.895234883
1341846104.082120 0.054907050 0.027236236 -0.131345779 0.054940648 -0.456030905 0.019866956 0.888044298
1341846104.117792 0.052012429 0.032876454 -0.122812033 0.053172551 -0.464900285 0.018902151 0.883562744
1341846104.150184 0.055910870 0.040183734 -0.139141738 0.053482048 -0.470752329 0.016327739 0.880491555
1341846104.185757 0.050620195 0.044669125 -0.120738462 0.051217929 -0.477602363 0.011218303 0.877010167
1341846104.217842 0.049715739 0.031114731 -0.136023730 0.044464558 -0.482903212 0.012653193 0.874452531
1341846104.250204 0.036847398 0.034786150 -0.082407430 0.045841489 -0.491013229 0.011167518 0.869873464
1341846104.286035 0.025109593 0.037294608 -0.108276188 0.046780091 -0.493107975 0.009671327 0.868655622
1341846104.317813 0.053889964 0.043819301 -0.154800475 0.043331947 -0.500384629 0.008121298 0.864680052
1341846104.349826 0.045961425 0.026541177 -0.138209432 0.039585523 -0.508291125 0.007886369 0.860238850
1341846104.385800 0.044907067 0.039594166 -0.151783362 0.041979190 -0.515901029 0.006783915 0.855592132
1341846104.417992 0.052355301 0.047504198 -0.157778814 0.039614800 -0.521220028 0.004702074 0.852489471
1341846104.453901 0.044193905 0.040710811 -0.096207343 0.038233984 -0.529845655 0.005976150 0.847210765
1341846104.485845 0.088744566 0.029038299 -0.081795782 0.037602197 -0.531728745 0.003619689 0.846071839
1341846104.517786 0.053747259 0.043246631 -0.124216214 0.036629915 -0.526322365 0.004605698 0.849483252
1341846104.553687 0.038621828 0.045964759 -0.100873344 0.037167016 -0.529891074 0.006800839 0.847223580
1341846104.585769 0.094032377 0.015218534 -0.059802279 0.035407651 -0.533722460 0.005554439 0.844899833
1341846104.621999 0.098298796 -0.012261350 -0.085253015 0.035076458 -0.529608428 0.000058482 0.847516716
1341846104.653963 0.122950062 -0.041523121 -0.092730962 0.032053944 -0.528890491 -0.001539232 0.848083138
1341846104.691974 0.145451158 -0.003873875 -0.032082394 0.033621579 -0.528285444 0.001757092 0.848399103
1341846104.754029 0.144274652 -0.003171516 0.016174011 0.035819139 -0.509868026 0.002739478 0.859502196
1341846104.785861 0.142446756 -0.000287248 0.010512851 0.038756374 -0.495611638 0.003540375 0.867671907
1341846104.822207 0.139802098 -0.011149841 0.014838591 0.039805353 -0.483061731 0.004753567 0.874668062
1341846104.889952 0.142233968 -0.008351683 0.000010788 0.041831303 -0.461114436 0.006139270 0.886332870
1341846104.921931 0.148730859 0.002819587 0.043795045 0.044994418 -0.452308953 0.008204710 0.890687823
1341846104.954032 0.140357703 0.004723773 0.063661858 0.048100505 -0.437257260 0.006790174 0.898023546
1341846104.989984 0.137485772 -0.000907275 0.047029141 0.049688034 -0.421904743 0.008997484 0.905232847
1341846105.021966 0.135887846 0.001963472 0.068281472 0.051468369 -0.408549815 0.013721813 0.911180437
1341846105.053992 0.132007986 -0.003950346 0.075958595 0.054812487 -0.390397251 0.016784683 0.918860078
1341846105.089855 0.129126117 -0.001548611 0.080906883 0.059976190 -0.375415504 0.019454138 0.924709499
1341846105.121922 0.142374471 -0.002231320 0.090965271 0.063950166 -0.359053731 0.024218140 0.930808365
1341846105.158015 0.130191743 0.002818729 0.077937908 0.069101863 -0.338454366 0.026088865 0.938079417
1341846105.189943 0.144068852 0.013471175 0.072696671 0.071775466 -0.323943585 0.025376167 0.943008423
1341846105.222089 0.125349477 0.004516554 0.063350856 0.070843592 -0.305460036 0.028784510 0.949129522
1341846105.258397 0.100023016 0.005541840 0.030325495 0.073751479 -0.291663110 0.034255773 0.953058183
1341846105.289917 0.073936775 0.036961481 -0.058182992 0.075718991 -0.277341455 0.039497759 0.956968248
1341846105.321831 0.063519999 0.037851356 -0.067364417 0.073549755 -0.269688129 0.042306356 0.959202230
1341846105.357830 0.072444275 0.027963880 -0.054880053 0.072362117 -0.263584912 0.046829764 0.960777640
1341846105.389824 0.071910359 0.035923000 -0.050892130 0.075158916 -0.255483150 0.048867170 0.962648213
1341846105.425915 0.081150770 0.032074004 -0.025215678 0.074875347 -0.245981947 0.049708355 0.965098798
1341846105.457863 0.085604236 0.026129197 -0.031553730 0.076006047 -0.234789714 0.049860697 0.967786551
1341846105.489902 0.094867267 0.030838437 -0.019667711 0.078071751 -0.224764317 0.048066545 0.970090449
1341846105.525969 0.095736302 0.030246288 -0.017197683 0.080446951 -0.209849417 0.047852345 0.973242879
1341846105.557770 0.098519355 0.033390608 -0.034538127 0.082137965 -0.198321804 0.048959106 0.975461364
1341846105.594012 0.102628186 0.033746492 -0.055776604 0.081375271 -0.186888874 0.049244631 0.977765620
1341846105.626122 0.109527588 0.024438851 -0.041683856 0.082543135 -0.175077260 0.051323581 0.979745090
1341846105.657815 0.102600336 0.032933462 -0.052457482 0.086491518 -0.162049785 0.050957721 0.981663048
1341846105.693879 0.119179726 0.023721512 -0.048476823 0.085298009 -0.151632279 0.052697066 0.983338654
1341846105.726045 0.110129699 0.022101093 -0.048277516 0.087803088 -0.140233725 0.054368388 0.984717786
1341846105.758468 0.110871017 0.028616566 -0.062989667 0.090505242 -0.130857214 0.054359905 0.985763729
1341846105.793970 0.135361746 0.031189175 -0.063921794 0.090965770 -0.121198893 0.050891660 0.987140357
1341846105.825903 0.129098043 0.023881719 -0.062593482 0.090685666 -0.107822075 0.051929496 0.988662660
1341846105.861764 0.126114637 0.024845524 -0.064729922 0.093610339 -0.098093972 0.053009186 0.989345610
1341846105.893922 0.166581422 0.024909902 -0.064841516 0.094502270 -0.088754907 0.054295655 0.990072668
1341846105.925960 0.155600533 0.017897643 -0.050700318 0.097244032 -0.072190933 0.055245753 0.991100371
1341846105.963745 0.130849928 0.034592710 -0.063929573 0.100759357 -0.058635723 0.056969441 0.991546214
1341846106.025952 0.119196087 0.030751256 -0.050965972 0.094885692 -0.038150575 0.042709664 0.993839562
1341846106.061758 0.103808701 0.030721996 -0.057728417 0.094885089 -0.032045435 0.039003856 0.994207561
1341846106.093961 0.110809743 0.030075409 -0.059928637 0.094321556 -0.031943411 0.035300963 0.994402766
1341846106.130133 0.131436288 0.024548195 -0.077106535 0.093061440 -0.027883178 0.030122530 0.994813919
1341846106.161819 0.119536318 0.028134149 -0.061730236 0.094634295 -0.018802322 0.028546320 0.994925082
1341846106.193968 0.119511783 0.030179810 -0.053000737 0.094614305 -0.017075358 0.029621694 0.994926631
1341846106.229889 0.124860354 0.033245873 -0.059841990 0.094682835 -0.013509273 0.030525530 0.994947672
1341846106.261942 0.140841141 0.042321716 -0.047987066 0.094404906 -0.007438680 0.031518769 0.995007038
1341846106.293939 0.113830239 0.036181152 -0.053413093 0.091847271 0.000368821 0.030913375 0.995293081
1341846106.329961 0.117152177 0.036973719 -0.052273322 0.090132691 -0.000639159 0.025651332 0.995599151
1341846106.361877 0.112176254 0.040290952 -0.055253364 0.086546160 0.000186722 0.014045168 0.996148825
1341846106.398046 0.110175155 0.038378123 -0.052200958 0.080561742 -0.000941897 0.000790385 0.996748865
1341846106.429938 0.106099166 0.042854682 -0.058533072 0.076792493 -0.004128700 -0.009547292 0.996992826
1341846106.461886 0.105384685 0.042707380 -0.061124735 0.071789622 -0.009501887 -0.022632023 0.997117698
1341846106.497910 0.122761406 0.038761213 -0.051142581 0.067629121 -0.011717187 -0.033615503 0.997075200
1341846106.529979 0.114200063 0.029799923 -0.050222207 0.067674242 -0.008221759 -0.042928819 0.996749580
1341846106.561925 0.119007170 0.041613448 -0.052738085 0.069795460 -0.010529792 -0.054013189 0.996042311
1341846106.597815 0.123929486 0.041839279 -0.059356771 0.066894874 -0.009871390 -0.072639465 0.995063365
1341846106.632234 0.134140134 0.041754857 -0.060287669 0.064258091 -0.008049998 -0.092594102 0.993595719
1341846106.665869 0.131356046 0.039004356 -0.060203210 0.063187473 -0.006744963 -0.105763055 0.992358804
1341846106.697883 0.134711787 0.040275924 -0.062403515 0.062531725 -0.006865920 -0.120252766 0.990748167
1341846106.729896 0.138279051 0.039233800 -0.066800237 0.061537910 -0.004069746 -0.136165574 0.988764644
1341846106.766032 0.134391800 0.037816122 -0.065198854 0.061076038 -0.001676234 -0.148130029 0.987078726
1341846106.797963 0.132009655 0.041607771 -0.061108705 0.060086884 -0.003419512 -0.160736665 0.985160708
1341846106.834113 0.127142012 0.038530443 -0.065491170 0.055107225 -0.005466012 -0.176552817 0.982732117
1341846106.865869 0.133168548 0.035906505 -0.069256134 0.053238984 -0.004798912 -0.188680381 0.980582654
1341846106.897921 0.119898356 0.030420510 -0.061947897 0.052588411 -0.003473885 -0.197172359 0.978951216
1341846106.933929 0.131662488 0.033516873 -0.062459320 0.053895149 -0.005633427 -0.205112517 0.977237165
1341846106.967484 0.128524870 0.038000092 -0.063499622 0.052880667 -0.004653434 -0.214239150 0.975337684
1341846106.999098 0.131225407 0.035939183 -0.077286370 0.050035469 -0.003735454 -0.227822110 0.972409189
1341846107.033909 0.122991465 0.035864688 -0.070580259 0.049313787 -0.006629567 -0.239812866 0.969543159
1341846107.065762 0.130518436 0.039013926 -0.073474042 0.048842791 -0.008043389 -0.254445165 0.965819538
1341846107.101921 0.130492061 0.046655435 -0.070452757 0.046452608 -0.007041070 -0.266113847 0.962795913
1341846107.133974 0.115713820 0.050121441 -0.065218247 0.042578839 -0.009347683 -0.280458152 0.958875835
1341846107.166082 0.117944650 0.048621770 -0.071183309 0.040010776 -0.011015780 -0.294030607 0.954894662
1341846107.202100 0.121744737 0.051786099 -0.069785967 0.037761122 -0.011810916 -0.306444496 0.951065898
1341846107.233799 0.115848944 0.055654965 -0.046616144 0.035414562 -0.014750502 -0.316517889 0.947810411
1341846107.265874 0.108852543 0.053662945 -0.055995319 0.032430563 -0.017726323 -0.329661340 0.943375587
1341846107.301965 0.112389997 0.056001712 -0.057788223 0.032116927 -0.021056820 -0.339419544 0.939850748
1341846107.334002 0.107309148 0.064286232 -0.054150596 0.030459441 -0.024165373 -0.350392818 0.935795426
1341846107.369797 0.099805780 0.066562526 -0.053944159 0.028989941 -0.024382621 -0.365587533 0.930005848
1341846107.401899 0.096781589 0.075394757 -0.056433816 0.029970335 -0.022566095 -0.380642354 0.923960984
1341846107.434304 0.113315977 0.067503691 -0.060919374 0.026008941 -0.027970778 -0.386900038 0.921330333
1341846107.469787 0.104817286 0.063803107 -0.061195802 0.020722911 -0.028364452 -0.395173937 0.917934358
1341846107.502174 0.108190328 0.063959345 -0.064933129 0.018585367 -0.028063156 -0.403194696 0.914494991
1341846107.533946 0.109243535 0.073407955 -0.059209511 0.018204577 -0.026763281 -0.410137951 0.911448956
1341846107.601911 0.099401951 0.071959674 -0.060325179 0.010630760 -0.032333087 -0.426828355 0.903691888
1341846107.637876 0.103623539 0.074282371 -0.062866181 0.010825613 -0.031955492 -0.435931534 0.899347186
1341846107.669757 0.104735032 0.080534808 -0.060161225 0.009130835 -0.031891637 -0.448042721 0.893396497
1341846107.701892 0.096956521 0.084066376 -0.056925237 0.005473571 -0.030607603 -0.457743615 0.888540387
1341846107.737797 0.108470976 0.090134613 -0.056935221 0.004993706 -0.034582682 -0.461204976 0.886605382
1341846107.769837 0.104211897 0.087746225 -0.057166830 0.000925126 -0.033932429 -0.469809920 0.882114708
1341846107.805959 0.098387539 0.094047263 -0.062452506 -0.000716916 -0.031714100 -0.478362203 0.877589464
1341846107.837955 0.100650437 0.092738539 -0.074018970 -0.004943572 -0.031870354 -0.487466484 0.872545838
1341846107.870011 0.104206279 0.095339321 -0.069231451 -0.010225476 -0.026953893 -0.501549244 0.864648640
1341846107.905926 0.092063829 0.094220407 -0.067613341 -0.013642460 -0.019907081 -0.515959680 0.856272817
1341846107.938092 0.095732391 0.100389384 -0.084213309 -0.014479998 -0.014336892 -0.530496716 0.847442031
1341846107.969943 0.110006742 0.108388685 -0.067312755 -0.021156503 -0.007851770 -0.542611778 0.839680433
1341846108.006614 0.109152891 0.114467807 -0.070789546 -0.027375638 -0.005255393 -0.551525533 0.833692133
1341846108.073927 0.106837727 0.112515472 -0.060243029 -0.043826599 0.005228634 -0.571141601 0.819664061
1341846108.106110 0.107346430 0.113719113 -0.061019793 -0.045484032 0.007047619 -0.576988041 0.815454721
1341846108.137977 0.108864158 0.115606636 -0.053711373 -0.047105744 0.008604863 -0.578389287 0.814354241
1341846108.173901 0.108377397 0.112502024 -0.056635905 -0.048703030 0.007837062 -0.581293404 0.812197387
1341846108.205882 0.116736315 0.117587529 -0.068507090 -0.048193924 0.011292093 -0.585183501 0.809388757
1341846108.237836 0.112146191 0.115489073 -0.057723399 -0.051725417 0.015639372 -0.591474056 0.804511249
1341846108.273872 0.113752350 0.116175912 -0.072232589 -0.056379069 0.016705804 -0.596693277 0.800312102
1341846108.305866 0.109908268 0.111563325 -0.067878321 -0.064000592 0.024565354 -0.606719553 0.791954458
1341846108.341858 0.112489864 0.114304252 -0.059543680 -0.065785781 0.027643820 -0.611103952 0.788327336
1341846108.373928 0.117005937 0.115163043 -0.065510690 -0.068882003 0.028954146 -0.613584220 0.786086082
1341846108.406059 0.121263243 0.116215460 -0.061559301 -0.073084116 0.032911040 -0.616759121 0.783060491
1341846108.441881 0.116834566 0.115772925 -0.054997288 -0.074813403 0.034094870 -0.617710888 0.782095730
1341846108.473918 0.115256622 0.115892351 -0.053584024 -0.072901212 0.036546655 -0.616261244 0.783308268
1341846108.506142 0.114537545 0.111617476 -0.058283370 -0.071749263 0.038550436 -0.613611817 0.785395741
1341846108.541923 0.121592566 0.115851060 -0.062274992 -0.071343280 0.040304661 -0.614436865 0.784699321
1341846108.573967 0.107013568 0.100966349 -0.082053453 -0.074800253 0.046380732 -0.620822906 0.778994679
1341846108.609979 0.113732636 0.109605469 -0.066843681 -0.070335515 0.056866638 -0.620806456 0.778728724
1341846108.641701 0.122023799 0.114636853 -0.058522195 -0.065712832 0.056002717 -0.612203658 0.785972118
1341846108.673868 0.106855974 0.102172278 -0.074774250 -0.068170384 0.058705632 -0.610661209 0.786765099
1341846108.710024 0.107679822 0.109516300 -0.060986269 -0.060430221 0.070416957 -0.609236240 0.787541032
1341846108.742835 0.109508157 0.105843253 -0.057748660 -0.057066336 0.073817790 -0.606621385 0.789496601
1341846108.773793 0.110834613 0.102139108 -0.063971542 -0.055045601 0.079259127 -0.608026266 0.788030446
1341846108.810032 0.116436087 0.101833239 -0.061527982 -0.047943626 0.085408777 -0.607392251 0.788340926
1341846108.841885 0.129653156 0.101580583 -0.051395260 -0.043948151 0.086312182 -0.603452742 0.791494489
1341846108.877944 0.129108280 0.100582391 -0.050259817 -0.042425714 0.086757176 -0.601729929 0.792839408
1341846108.909950 0.122004829 0.096980676 -0.054696288 -0.038848490 0.089975901 -0.601144552 0.793108046
1341846108.941882 0.140401542 0.096969061 -0.053597026 -0.034307856 0.089299552 -0.593876183 0.798848927
1341846108.977902 0.137302890 0.092110187 -0.053022079 -0.036869224 0.087783881 -0.591482043 0.800677061
1341846109.009916 0.128403038 0.089136668 -0.057233222 -0.035688478 0.091865718 -0.592283189 0.799679697
1341846109.045986 0.138683379 0.090010718 -0.056243815 -0.031876430 0.093403362 -0.585417986 0.804702103
1341846109.077854 0.133381471 0.087938637 -0.062611416 -0.033541970 0.094445676 -0.584712565 0.805025578
1341846109.109839 0.132030085 0.088927701 -0.050223105 -0.032043997 0.097422130 -0.585429370 0.804210544
1341846109.145865 0.135732725 0.084329396 -0.042984188 -0.026666449 0.097475141 -0.579999268 0.808324456
1341846109.178396 0.138943836 0.086252585 -0.049343508 -0.020929761 0.095073931 -0.573736489 0.813233912
1341846109.209809 0.139605880 0.082796447 -0.045925297 -0.016871700 0.092970818 -0.571862042 0.814889967
1341846109.245810 0.139106408 0.079622999 -0.029054534 -0.006923793 0.090777233 -0.568036735 0.817952216
1341846109.277797 0.148467675 0.079485059 -0.021479718 0.006324642 0.082850382 -0.550768256 0.830511987
1341846109.313909 0.136722207 0.073835321 -0.026277699 0.015874844 0.075907998 -0.540679216 0.837646663
1341846109.345968 0.126366273 0.071535110 -0.051995181 0.023068763 0.073351905 -0.531808257 0.843366623
1341846109.377812 0.135228753 0.072167628 -0.028896557 0.030862188 0.066858716 -0.518737912 0.851756096
1341846109.413820 0.132992268 0.072676487 -0.037636079 0.036548134 0.059870582 -0.505384505 0.860038519
1341846109.445954 0.125831187 0.068831421 -0.062030386 0.038611442 0.057858966 -0.495019317 0.866093218
1341846109.490348 0.133196533 0.069541223 -0.064734757 0.038682580 0.057709139 -0.485774755 0.871318638
1341846109.545959 0.125704557 0.065428481 -0.041989017 0.041822858 0.053357579 -0.467680812 0.881293654
1341846109.581855 0.129513204 0.061769899 -0.045370873 0.045330353 0.050050914 -0.454032212 0.888422668
1341846109.613999 0.129255444 0.061665040 -0.037603714 0.051691476 0.042734463 -0.436254829 0.897320151
1341846109.645963 0.121645391 0.061242364 -0.030884165 0.057600260 0.032743592 -0.413704395 0.907997131
1341846109.681808 0.120494589 0.058309540 -0.053766999 0.063129768 0.025915094 -0.394322962 0.916434646
1341846109.713847 0.121481545 0.057701893 -0.057492338 0.066627592 0.021297015 -0.377960294 0.923175633
1341846109.745831 0.118709229 0.052980985 -0.057074167 0.067322977 0.019065032 -0.365798444 0.928060114
1341846109.781814 0.120042510 0.052353602 -0.059619177 0.068706207 0.017126456 -0.352457225 0.933145285
1341846109.813956 0.118252836 0.051808942 -0.059590526 0.069810987 0.017228317 -0.343591750 0.936362267
1341846109.850256 0.115921102 0.055200391 -0.053631548 0.072245941 0.015526121 -0.333724082 0.939770043
1341846109.913863 0.115361325 0.051423512 -0.062149983 0.077698596 0.009691232 -0.320457488 0.944021225
1341846109.949976 0.112339519 0.051422976 -0.064805515 0.077444397 0.009493577 -0.319439501 0.944389045
1341846109.981998 0.108597606 0.044683851 -0.066753902 0.077463835 0.009328014 -0.320600808 0.943995476
1341846110.017884 0.108981974 0.043376304 -0.065952487 0.080040738 0.007618520 -0.317461878 0.944856286
1341846110.049982 0.108301856 0.036890361 -0.068095736 0.082073703 0.006727994 -0.313460767 0.946023822
1341846110.117943 0.112122312 0.045496412 -0.065513894 0.090259179 0.003411385 -0.298964679 0.949979901
1341846110.150254 0.110447571 0.039090294 -0.073675707 0.089999214 0.001698156 -0.291959047 0.952185452
1341846110.181980 0.115144849 0.043049734 -0.073113166 0.092913039 0.000480937 -0.281708747 0.954990625
1341846110.217907 0.114879049 0.043833401 -0.070739768 0.093173742 -0.001158585 -0.275085062 0.956893623
1341846110.249883 0.112941965 0.046185233 -0.070778750 0.092574477 -0.003408653 -0.266189933 0.959458828
1341846110.286020 0.111150846 0.035699926 -0.066903874 0.093692139 -0.006503754 -0.254120141 0.962601900
1341846110.356025 0.118115813 0.047826111 -0.077115238 0.095798314 -0.009486155 -0.233849794 0.967495203
1341846110.417989 0.113677360 0.037836026 -0.076197915 0.093886621 -0.010345543 -0.223402560 0.970138907
1341846110.449878 0.110188603 0.041281618 -0.079470515 0.095383249 -0.011677783 -0.216664597 0.971505105
1341846110.485899 0.117966242 0.041365404 -0.083576076 0.095863312 -0.014770850 -0.213595107 0.972095251
1341846110.517949 0.112788461 0.039385505 -0.079088002 0.095456839 -0.014105813 -0.213270947 0.972216308
1341846110.554149 0.112325110 0.039790623 -0.083780363 0.094942212 -0.015892278 -0.209982440 0.972954631
1341846110.585896 0.111796118 0.039746106 -0.088208944 0.094948024 -0.019066395 -0.206595168 0.973621964
1341846110.617933 0.115308776 0.039963331 -0.089418530 0.093838021 -0.020941412 -0.202584073 0.974533498
1341846110.653885 0.110926345 0.037499584 -0.089241154 0.091846175 -0.022019878 -0.194605336 0.976323783
1341846110.686533 0.110555507 0.033474818 -0.087967232 0.092566565 -0.025807880 -0.183911115 0.978234172
1341846110.717831 0.125291884 0.038830187 -0.090867490 0.094132483 -0.027611658 -0.174622133 0.979736567
1341846110.753826 0.121655136 0.037159834 -0.083933465 0.092546657 -0.024868937 -0.162024558 0.982122540
1341846110.785789 0.119115390 0.034150079 -0.082626842 0.093170933 -0.024435924 -0.149308711 0.984087884
1341846110.821828 0.123807728 0.039995112 -0.084875673 0.094515115 -0.025401935 -0.137479052 0.985657692
1341846110.853855 0.129327223 0.036059178 -0.087148316 0.093613118 -0.025373492 -0.126681015 0.987190306
1341846110.885864 0.124307394 0.029164128 -0.084596299 0.093839265 -0.023260979 -0.117158078 0.988396227
1341846110.921999 0.116752461 0.032029230 -0.079476751 0.095018119 -0.022767026 -0.109201461 0.989205837
1341846110.953861 0.127382904 0.031036995 -0.081226766 0.094677053 -0.024107534 -0.103265800 0.989844024
1341846110.985986 0.124092199 0.029309282 -0.082952470 0.094893888 -0.020958837 -0.099162228 0.990314424
1341846111.021940 0.123413883 0.035622515 -0.084112704 0.094381236 -0.020590680 -0.096503645 0.990633726
1341846111.053945 0.122715272 0.035169214 -0.082254201 0.090510890 -0.021702638 -0.094093345 0.991202891
1341846111.089856 0.120656103 0.028574497 -0.082040288 0.088407084 -0.022760194 -0.089858487 0.991761863
1341846111.121811 0.112722538 0.031439424 -0.081101298 0.087441489 -0.024741845 -0.081816256 0.992495775
1341846111.153919 0.119828194 0.022725042 -0.076706022 0.086794131 -0.029593468 -0.074167348 0.993020713
1341846111.189911 0.118955515 0.029357005 -0.082267277 0.088011093 -0.031616624 -0.068544939 0.993255258
1341846111.221870 0.124588393 0.033591241 -0.087785617 0.085142851 -0.033853944 -0.060756195 0.993938267
1341846111.258571 0.119350322 0.028214093 -0.083726823 0.081473716 -0.034003682 -0.057334822 0.994443834
1341846111.289825 0.120154075 0.021939188 -0.081707150 0.078447521 -0.034965701 -0.055427801 0.994761825
1341846111.321895 0.123710684 0.017416421 -0.081147686 0.078863323 -0.035983384 -0.050875716 0.994935870
1341846111.357890 0.117076300 0.024807714 -0.083646342 0.080306053 -0.035896469 -0.045638319 0.995077610
1341846111.390567 0.118336916 0.023413878 -0.082818218 0.078712814 -0.038519137 -0.041192822 0.995300829
1341846111.421924 0.125848725 0.021518741 -0.083675772 0.079754069 -0.039125904 -0.037809495 0.995328546
1341846111.457975 0.119504929 0.025225507 -0.085381158 0.079664677 -0.037665531 -0.031642746 0.995607138
1341846111.490354 0.115918368 0.021585628 -0.087555066 0.078402102 -0.039953370 -0.023109619 0.995852768
1341846111.525824 0.125967354 0.019859003 -0.084638402 0.080038548 -0.043243412 -0.013087461 0.995767295
1341846111.557829 0.124271236 0.025200497 -0.088585779 0.080593482 -0.042895481 -0.003512869 0.995817423
1341846111.589761 0.118611597 0.025144696 -0.085699089 0.078442730 -0.044492323 0.006606727 0.995903373
1341846111.625966 0.129774526 0.022949925 -0.082275689 0.077120334 -0.046842098 0.019152405 0.995736659
1341846111.658029 0.132053882 0.025108889 -0.081799395 0.077239722 -0.046114981 0.032834817 0.995404124
1341846111.689871 0.129005671 0.024756003 -0.076843835 0.077224828 -0.045189936 0.043079395 0.995056987
1341846111.725851 0.131945655 0.023815306 -0.083214782 0.075208694 -0.045954231 0.055945106 0.994536102
1341846111.757957 0.139483869 0.022960391 -0.079430088 0.074986994 -0.045982134 0.068861172 0.993740797
1341846111.793921 0.133339867 0.023281846 -0.080509171 0.075235926 -0.044235140 0.080718845 0.992908478
1341846111.825999 0.127953097 0.023461314 -0.076466784 0.075033911 -0.045578510 0.092505142 0.991834342
1341846111.857852 0.141623467 0.013062212 -0.072616920 0.074373141 -0.048533615 0.102458134 0.990765095
1341846111.893939 0.132673919 0.018295113 -0.081733495 0.077072747 -0.046526704 0.108012408 0.990064800
1341846111.925817 0.127830610 0.018538652 -0.088165760 0.076166987 -0.049072012 0.114865668 0.989240289
1341846111.957857 0.138120830 0.005315896 -0.088598609 0.075918429 -0.054898355 0.122166932 0.988077819
1341846111.993917 0.138142690 0.012743477 -0.083738640 0.079161823 -0.056027658 0.128054395 0.987013876
1341846112.025975 0.136506855 0.009281095 -0.087298252 0.078446910 -0.057399556 0.136411816 0.985871792
1341846112.061964 0.143494383 0.007372510 -0.089452758 0.079784110 -0.059809946 0.147086069 0.984084845
1341846112.094004 0.145407125 0.006686438 -0.090044260 0.081159636 -0.060839131 0.159945771 0.981900752
1341846112.125857 0.148292616 0.003569555 -0.087909356 0.082719214 -0.062228482 0.173731282 0.979337811
1341846112.161882 0.151714742 0.000061000 -0.089407235 0.085477866 -0.064430341 0.187761769 0.976364553
1341846112.193903 0.152141243 -0.003299251 -0.088858731 0.089495420 -0.066570587 0.202161089 0.972979844
1341846112.230507 0.154791981 -0.004273472 -0.085698143 0.092808731 -0.069018289 0.212919682 0.970200062
1341846112.261848 0.153733462 -0.000008423 -0.084967628 0.095198832 -0.067920446 0.218861163 0.968722761
1341846112.293912 0.155510902 -0.010088732 -0.080599993 0.095113978 -0.068200529 0.229771048 0.966181815
1341846112.329892 0.168321073 -0.012957785 -0.083572172 0.100277424 -0.071123369 0.243584424 0.962056398
1341846112.361751 0.162526816 -0.009189043 -0.084787697 0.105474994 -0.070104800 0.251833797 0.959447742
1341846112.393853 0.161382928 -0.013309138 -0.081256226 0.106700920 -0.068899393 0.256243676 0.958231151
1341846112.429940 0.159422547 -0.016168129 -0.084555775 0.108212195 -0.067457832 0.261789858 0.956663787
1341846112.461839 0.158320636 -0.016801352 -0.085528597 0.111045115 -0.067799956 0.269307524 0.954225123
1341846112.498139 0.161353976 -0.015972761 -0.084946200 0.112684518 -0.068429746 0.274878472 0.952397704
1341846112.530069 0.151907071 -0.017560478 -0.093747631 0.112313911 -0.067441806 0.278394908 0.951490104
1341846112.562160 0.151173368 -0.019218216 -0.093895614 0.111029625 -0.069874719 0.284291655 0.949720025
1341846112.597968 0.154780343 -0.023328418 -0.091090366 0.110784575 -0.073202677 0.294717461 0.946313739
1341846112.630702 0.153624818 -0.018386597 -0.091372587 0.111816838 -0.075063132 0.302502960 0.943585932
1341846112.661861 0.149219424 -0.010578349 -0.090826929 0.110498898 -0.075369410 0.309201002 0.941543519
1341846112.698170 0.158298969 -0.015779590 -0.083442234 0.106156401 -0.076529361 0.319491357 0.938509107
1341846112.729995 0.160244316 -0.019117538 -0.087282695 0.105139010 -0.077025704 0.331266701 0.934491932
1341846112.765875 0.164253503 -0.011884993 -0.082088895 0.106133401 -0.075911492 0.339189053 0.931624353
1341846112.798043 0.189188987 -0.018522512 -0.080650091 0.104599975 -0.071415640 0.350722909 0.927875042
1341846112.829969 0.173732609 -0.016987426 -0.080020800 0.107281841 -0.063502572 0.362024963 0.923794329
1341846112.865900 0.166552082 -0.016898207 -0.091907516 0.105970100 -0.061136454 0.371123344 0.920489132
1341846112.897929 0.170729399 -0.016180303 -0.085318908 0.104728982 -0.060961287 0.379079312 0.917395473
1341846112.935783 0.170979738 -0.017787782 -0.085006714 0.105249316 -0.057603732 0.387389958 0.914075196
1341846112.998277 0.169862673 -0.019638112 -0.087538265 0.103262320 -0.058098331 0.404489547 0.906834960
1341846113.033814 0.171803102 -0.019875783 -0.089213558 0.104262084 -0.055663265 0.409983218 0.904403031
1341846113.072059 0.176455304 -0.018906597 -0.088357456 0.103471555 -0.052625865 0.417977065 0.901010156
1341846113.139948 0.182446837 -0.016981775 -0.080371447 0.103961177 -0.050656155 0.436627030 0.892178774
1341846113.198174 0.182151943 -0.008033022 -0.081844561 0.104324512 -0.043243621 0.458511770 0.881483555
1341846113.233852 0.179516077 -0.017716993 -0.078846201 0.103416346 -0.040897392 0.466452211 0.877527654
1341846113.265850 0.190256476 -0.009699260 -0.076155357 0.104523525 -0.039264634 0.474719912 0.873025835
1341846113.301938 0.194940835 -0.013756481 -0.076791778 0.104336597 -0.035257280 0.486894965 0.866489530
1341846113.333866 0.183986247 -0.010891690 -0.086161532 0.105515443 -0.031540234 0.496671021 0.860923648
1341846113.366028 0.188517481 -0.014026966 -0.086253457 0.103770718 -0.031026440 0.507281840 0.854946852
1341846113.401917 0.193786353 -0.013102114 -0.081498630 0.104387090 -0.029517548 0.518695116 0.848049164
1341846113.433895 0.186389148 -0.014055679 -0.084571958 0.104865938 -0.027135147 0.528903961 0.841740668
1341846113.469984 0.191505030 -0.014783710 -0.081943005 0.103819445 -0.028662454 0.538259327 0.835868895
1341846113.501829 0.193145126 -0.013690769 -0.077490896 0.105593219 -0.027274655 0.545357823 0.831078172
1341846113.533888 0.188560903 -0.014853174 -0.088276520 0.105278052 -0.026752591 0.553127468 0.825984716
1341846113.569800 0.195079789 -0.017703120 -0.092092782 0.104014292 -0.029562777 0.562032223 0.820016384
1341846113.601892 0.194815025 -0.015077371 -0.077374041 0.105668694 -0.030402714 0.566615999 0.816612601
1341846113.634488 0.194955602 -0.014449364 -0.093642853 0.103935212 -0.028838385 0.572855592 0.812528312
1341846113.669776 0.200969920 -0.017094219 -0.088531941 0.101359151 -0.029802652 0.584580183 0.804427803
1341846113.701823 0.211230561 -0.016958609 -0.077945448 0.101844274 -0.031318974 0.596596956 0.795436323
1341846113.737952 0.204321966 -0.017829163 -0.099281326 0.103083819 -0.030348955 0.602196872 0.791082561
1341846113.769790 0.199918225 -0.022554450 -0.115582816 0.099734150 -0.031273913 0.607246876 0.787607968
1341846113.801808 0.203754455 -0.020931294 -0.090596139 0.098238669 -0.032977317 0.614361763 0.782190084
1341846113.837973 0.205756024 -0.015628494 -0.094035119 0.098267302 -0.032714456 0.619462907 0.778163910
1341846113.869842 0.211946756 -0.019301148 -0.094917417 0.096089393 -0.034360621 0.627428293 0.771958470
1341846113.901753 0.204905003 -0.021410484 -0.095834702 0.097194165 -0.033063471 0.633772850 0.766676009
1341846113.937955 0.201360241 -0.018114109 -0.095363714 0.097490661 -0.030560089 0.640953779 0.760749519
1341846113.969840 0.204227626 -0.017443001 -0.113570243 0.093989655 -0.031121643 0.648325443 0.754898369
1341846114.005912 0.204465196 -0.015526731 -0.096942849 0.092436865 -0.032155216 0.654426992 0.749764502
1341846114.043864 0.201086864 -0.013389486 -0.097552709 0.091553316 -0.028796200 0.662546992 0.742846012
1341846114.106082 0.214153334 -0.014701890 -0.102952227 0.088405788 -0.031871643 0.678409755 0.728648603
1341846114.137798 0.203779995 -0.016031809 -0.103961132 0.089333408 -0.030670809 0.679744899 0.727341533
1341846114.170101 0.204023317 -0.012915229 -0.102085844 0.088066161 -0.029211791 0.683825374 0.723722219
1341846114.205882 0.209872112 -0.015191013 -0.115121141 0.085334174 -0.030873425 0.686206162 0.721724391
1341846114.237814 0.204266801 -0.013048620 -0.104775801 0.086193785 -0.032326192 0.686628044 0.721157074
1341846114.273904 0.207122818 -0.013436409 -0.101120867 0.086654112 -0.033620298 0.688823760 0.718945503
1341846114.305813 0.207324654 -0.013230981 -0.109229006 0.086212762 -0.035522141 0.692775130 0.715100110
1341846114.337919 0.206133574 -0.013533187 -0.102575175 0.086653195 -0.036053773 0.693347454 0.714465261
1341846114.374059 0.206799865 -0.014071287 -0.102530628 0.086420119 -0.036218211 0.695976853 0.711924195
1341846114.406296 0.214255944 -0.014858056 -0.107829288 0.085336223 -0.038896985 0.700040698 0.707917929
1341846114.441861 0.211883187 -0.013146793 -0.104100838 0.086835943 -0.041261613 0.700861037 0.706789076
1341846114.473886 0.203284159 -0.011843017 -0.100595698 0.087965250 -0.041465629 0.701140702 0.706359982
1341846114.506009 0.208122447 -0.014531020 -0.116307601 0.085866645 -0.043064043 0.705660164 0.702008605
1341846114.541924 0.212834731 -0.012825420 -0.103426047 0.086627722 -0.046178479 0.707012713 0.700354338
1341846114.573824 0.200210869 -0.012611778 -0.105032757 0.088222481 -0.044663042 0.702405155 0.704875112
1341846114.605897 0.194019616 -0.011480933 -0.112516075 0.085399143 -0.043505508 0.700974226 0.706717312
1341846114.641888 0.206568748 -0.008788127 -0.098213665 0.083038673 -0.047460593 0.702680647 0.705047429
1341846114.673974 0.199230567 -0.006909350 -0.094240963 0.086231396 -0.045908295 0.701533437 0.705908895
1341846114.709730 0.188442945 -0.012700856 -0.113813818 0.084523812 -0.043387327 0.698169053 0.709600687
1341846114.741795 0.199658200 -0.008247469 -0.102515087 0.080889635 -0.046821296 0.693813980 0.714063585
1341846114.773917 0.194808558 -0.005105826 -0.096092775 0.082118645 -0.046563428 0.688194871 0.719358146
1341846114.810044 0.189294815 -0.003229236 -0.099596903 0.083363995 -0.045321040 0.677525818 0.729352593
1341846114.841856 0.188973516 -0.012082044 -0.111283585 0.080854811 -0.044665936 0.663157105 0.742758453
1341846114.873982 0.193503439 -0.007976006 -0.092209876 0.081823744 -0.046073288 0.652620256 0.751843691
1341846114.909807 0.196870476 -0.006958905 -0.080680139 0.086527653 -0.044900987 0.642939091 0.759688199
1341846114.941865 0.198309869 -0.008950230 -0.084958419 0.093215235 -0.043001987 0.636599600 0.764331520
1341846114.977980 0.191776872 -0.006384045 -0.094366297 0.099221252 -0.041493304 0.629905045 0.769189894
1341846115.009784 0.182114184 -0.006719384 -0.099740036 0.100925960 -0.038151681 0.621798277 0.775709569
1341846115.041927 0.179448083 -0.003280271 -0.101855531 0.099528305 -0.036316298 0.611439586 0.784166336
1341846115.077974 0.183825508 -0.001399351 -0.106604122 0.098647535 -0.038327020 0.606504440 0.788005114
1341846115.109710 0.176176473 -0.000984009 -0.103288636 0.099744640 -0.038957812 0.596454740 0.795471609
1341846115.177979 0.151611567 -0.000772117 -0.124654628 0.095099784 -0.035398938 0.571970165 0.813973665
1341846115.209893 0.149235919 0.002738833 -0.126470000 0.089387856 -0.038901523 0.561534226 0.821690798
1341846115.245960 0.145419478 0.007070716 -0.115376905 0.083535746 -0.038112823 0.552606106 0.828369260
1341846115.277850 0.138914019 0.007769035 -0.120633751 0.077059105 -0.034814700 0.544774234 0.834308624
1341846115.309821 0.136722118 0.014449758 -0.125465825 0.070938028 -0.035698790 0.533381522 0.842138648
1341846115.345985 0.138545185 0.015007745 -0.112795547 0.065225966 -0.036096413 0.521221042 0.850159526
1341846115.377811 0.131752580 0.021445828 -0.115164436 0.062673233 -0.034171622 0.505365074 0.859947979
1341846115.409843 0.127576396 0.021735659 -0.127913460 0.056471147 -0.032906462 0.488101244 0.870336354
1341846115.445793 0.121390350 0.028142786 -0.118985742 0.050274253 -0.031995472 0.466734976 0.882387280
1341846115.478059 0.140609697 0.025317241 -0.103193104 0.048033241 -0.032865904 0.455582947 0.888288677
1341846115.513951 0.136346906 0.031371344 -0.104031608 0.051139127 -0.031905599 0.445364147 0.893318295
1341846115.545891 0.129570842 0.036337923 -0.113481402 0.049928494 -0.032951735 0.433907777 0.898969054
1341846115.577954 0.127728343 0.039170414 -0.105458423 0.047125045 -0.033366539 0.421091169 0.905178487
1341846115.613954 0.122693092 0.036425032 -0.106989734 0.045431927 -0.031099791 0.409165949 0.910797417
1341846115.645824 0.122527190 0.039931197 -0.116385184 0.044099059 -0.033335414 0.395765513 0.916686237
1341846115.681882 0.113681309 0.043356821 -0.121812329 0.041089062 -0.033757959 0.378795683 0.923951209
1341846115.714384 0.113100424 0.047811303 -0.103129804 0.038678780 -0.031712517 0.362153798 0.930775404
1341846115.746144 0.111113697 0.046814263 -0.108335160 0.036217637 -0.028590847 0.349035174 0.935972869
1341846115.781725 0.112014145 0.047834016 -0.111204706 0.033677619 -0.029266104 0.339681536 0.939481616
1341846115.813812 0.114585213 0.050495267 -0.104362160 0.031043734 -0.027789408 0.328630298 0.943539143
1341846115.848050 0.116107136 0.051308397 -0.107472971 0.030339869 -0.022745814 0.315729558 0.948091209
1341846115.881857 0.106540419 0.053762741 -0.115973175 0.028328199 -0.019003175 0.307221234 0.951026559
1341846115.913919 0.105094045 0.054496355 -0.116173357 0.024202043 -0.018756231 0.300304055 0.953351974
1341846115.950006 0.115704939 0.053803429 -0.100752980 0.022180106 -0.017572589 0.290997356 0.956305265
1341846115.982063 0.119473509 0.051515531 -0.105691455 0.020994520 -0.013624682 0.283620924 0.958609819
1341846116.014067 0.109786645 0.051530559 -0.109764874 0.020327376 -0.011672559 0.280857325 0.959463239
1341846116.050272 0.115051337 0.050822336 -0.105658039 0.020482536 -0.013257519 0.276078701 0.960825264
1341846116.081984 0.112567209 0.052445278 -0.104868978 0.022516280 -0.010409618 0.266161323 0.963609278
1341846116.113928 0.104491055 0.055541441 -0.106420286 0.021615941 -0.007073807 0.257863760 0.965913534
1341846116.149901 0.104582421 0.046564117 -0.109321184 0.019834671 -0.008773440 0.253397852 0.967118979
1341846116.181797 0.111262701 0.049745884 -0.104236767 0.023182400 -0.009696829 0.242783651 0.969754934
1341846116.219755 0.107354879 0.055828966 -0.101903409 0.024003956 -0.006829285 0.233267292 0.972092390
1341846116.252587 0.109550565 0.047126897 -0.102856852 0.021117967 -0.006560989 0.228159219 0.973372638
1341846116.282014 0.117757924 0.047445972 -0.098571591 0.023673564 -0.006892662 0.222536013 0.974612653
1341846116.319031 0.108471803 0.054310020 -0.101672076 0.026088517 -0.004084774 0.218324021 0.975519001
1341846116.381987 0.112995610 0.053947397 -0.099786080 0.024640137 -0.002951809 0.211066529 0.977156639
1341846116.417962 0.109189622 0.056526400 -0.101795346 0.024729226 -0.000998863 0.207246661 0.977975607
1341846116.449943 0.108595125 0.060232293 -0.100611083 0.024068302 -0.000676248 0.199277699 0.979647219
1341846116.486079 0.105850391 0.057276603 -0.105820954 0.022924874 0.002057754 0.188324139 0.981837153
1341846116.517901 0.102859013 0.061047256 -0.108963497 0.021810260 0.003048752 0.180113554 0.983399272
1341846116.549851 0.104064062 0.058733907 -0.107237421 0.019688070 0.001710822 0.170532480 0.985153854
1341846116.585719 0.103520051 0.062313519 -0.104677826 0.018745551 0.001807910 0.158865079 0.987120688
1341846116.617985 0.110075422 0.063966446 -0.102998577 0.016393395 0.002810980 0.151968926 0.988245308
1341846116.653901 0.106714413 0.061536308 -0.100657061 0.014947141 0.003230515 0.150970817 0.988419950
1341846116.686079 0.109180719 0.062773623 -0.098957568 0.015314926 0.002343142 0.149069846 0.988705277
1341846116.717942 0.110071115 0.063336924 -0.099696070 0.016371915 0.004970691 0.146307811 0.989091098
1341846116.753865 0.105856881 0.067266025 -0.102499679 0.015452254 0.006513439 0.144784063 0.989321172
1341846116.785839 0.096911117 0.060127754 -0.101071358 0.014745283 0.005857019 0.141492411 0.989812195
1341846116.818815 0.102686428 0.066085868 -0.102848858 0.017962484 0.004813888 0.131342098 0.991162658
1341846116.853902 0.097107358 0.067916043 -0.106115960 0.016433064 0.006134349 0.124696434 0.992039859
1341846116.886435 0.087717801 0.058811303 -0.104159147 0.014831358 0.005912912 0.116792299 0.993027985
1341846116.921838 0.098762840 0.066331409 -0.094234027 0.017809479 0.002636250 0.109973900 0.993771434
1341846116.953941 0.091756836 0.063953206 -0.102574609 0.017594960 0.003592363 0.102388225 0.994582415
1341846116.985759 0.091576211 0.063556239 -0.101699486 0.017926954 0.001840819 0.095858775 0.995231807
1341846117.021816 0.092364326 0.061877441 -0.099676549 0.018356161 -0.000177036 0.089027464 0.995859981
1341846117.054055 0.087523013 0.061389361 -0.101734139 0.019050848 -0.000919974 0.080480240 0.996573746
1341846117.085953 0.086397804 0.064436741 -0.100400023 0.019199189 -0.002737785 0.074221008 0.997053206
1341846117.121840 0.090876967 0.059154686 -0.096117564 0.018979512 -0.005621663 0.068228349 0.997473359
1341846117.154178 0.085645609 0.059774283 -0.096857794 0.020300169 -0.006311935 0.063570060 0.997750938
1341846117.190028 0.084148183 0.057857499 -0.096439674 0.021208184 -0.007502743 0.060076155 0.997940242
1341846117.221812 0.091059655 0.059659377 -0.097491533 0.022030182 -0.009392381 0.055009499 0.998198569
1341846117.253848 0.088439085 0.059507094 -0.095082290 0.021988761 -0.007580447 0.050216701 0.998467505
1341846117.289976 0.083893836 0.057672534 -0.098977096 0.021610649 -0.008329532 0.049383178 0.998511314
1341846117.321956 0.088985167 0.059917908 -0.093936116 0.022872629 -0.012027907 0.046113234 0.998601913
1341846117.354004 0.097905204 0.059629258 -0.095722914 0.024032975 -0.010589304 0.042003263 0.998772204
1341846117.389874 0.086949132 0.063401982 -0.096158467 0.024166850 -0.007634562 0.040213075 0.998869658
1341846117.421707 0.082952723 0.059669755 -0.093173750 0.023161663 -0.010039691 0.038149841 0.998953104
1341846117.457914 0.096196853 0.058623970 -0.093046427 0.024917161 -0.012554822 0.035722792 0.998972178
1341846117.490067 0.087927274 0.061983794 -0.097026683 0.024769789 -0.009980009 0.032273643 0.999122262
1341846117.521746 0.077525958 0.060459130 -0.091078043 0.023189114 -0.010926289 0.030168334 0.999216080
1341846117.557896 0.088107653 0.053578518 -0.092993632 0.023785671 -0.015081208 0.029191608 0.999176979
1341846117.590027 0.086967483 0.062445633 -0.089406058 0.026022188 -0.015349812 0.027116587 0.999175608
1341846117.621818 0.082986154 0.053287476 -0.088143662 0.024953753 -0.016640399 0.027704235 0.999166071
1341846117.658054 0.087150551 0.051631756 -0.090156808 0.027827941 -0.019863192 0.028800109 0.999000311
1341846117.689984 0.095991306 0.052108504 -0.089534312 0.030508762 -0.021323670 0.028128574 0.998911023
1341846117.725898 0.092656828 0.045988858 -0.092624798 0.031865258 -0.021183508 0.027500359 0.998889208
1341846117.757737 0.088918224 0.042491317 -0.092117101 0.035723660 -0.022512842 0.026145028 0.998765945
1341846117.790023 0.091585808 0.045664929 -0.090675049 0.038071349 -0.024974162 0.024109934 0.998671889
1341846117.825949 0.095484033 0.040241014 -0.096301407 0.038895350 -0.026158929 0.022564016 0.998645961
1341846117.857847 0.095804133 0.041768223 -0.097764216 0.041132953 -0.024890739 0.021974411 0.998601854
1341846117.893987 0.092783727 0.043712009 -0.096203193 0.041917134 -0.025425797 0.024725353 0.998491466
1341846117.925908 0.094910018 0.040971104 -0.093626283 0.041516915 -0.027230462 0.026668381 0.998410583
1341846117.958141 0.106072024 0.044218965 -0.094134420 0.042844377 -0.027085979 0.028685467 0.998302519
1341846117.993978 0.101732805 0.046327446 -0.094662167 0.042020310 -0.024607452 0.031117471 0.998328865
1341846118.025852 0.096856110 0.043954309 -0.094551034 0.040501427 -0.025262432 0.033639919 0.998293459
1341846118.058362 0.104943268 0.043661669 -0.092744268 0.040180754 -0.026286352 0.036406569 0.998182893
1341846118.093970 0.106119931 0.043017797 -0.095354274 0.040452309 -0.025015995 0.037415218 0.998167276
1341846118.125943 0.097782180 0.046883143 -0.097137243 0.040022422 -0.023955589 0.038455222 0.998171091
1341846118.161827 0.102616593 0.036511891 -0.096590109 0.038379326 -0.025621589 0.038120616 0.998207092
1341846118.194750 0.110515855 0.038575739 -0.095023029 0.040424339 -0.025163202 0.038306262 0.998130918
1341846118.226048 0.104950503 0.040664032 -0.089119732 0.040932063 -0.023253201 0.038256846 0.998158455
1341846118.261772 0.105815791 0.036363490 -0.089545421 0.041368838 -0.023531757 0.038785901 0.998113453
1341846118.294053 0.112576425 0.037144829 -0.091792248 0.043196086 -0.023134351 0.038887225 0.998041391
1341846118.336123 0.110847317 0.037817441 -0.093683630 0.044161242 -0.021864215 0.039203171 0.998015463
1341846118.362053 0.106681116 0.039590139 -0.093489103 0.043676030 -0.021204079 0.039056756 0.998056829
1341846118.393906 0.115130849 0.035695169 -0.092654884 0.043095246 -0.021403316 0.038159743 0.998112500
1341846118.429882 0.113422282 0.037945658 -0.093071125 0.044035036 -0.019304169 0.038299669 0.998108923
1341846118.461821 0.104127921 0.042334240 -0.092910625 0.043645486 -0.019054838 0.038555752 0.998120964
1341846118.509152 0.113449566 0.039417680 -0.090526640 0.042354930 -0.021155316 0.039165724 0.998110473
1341846118.535838 0.109515585 0.037002899 -0.092120744 0.042607576 -0.019379972 0.039088275 0.998138845
1341846118.567808 0.103951760 0.043622401 -0.093109943 0.042629108 -0.019147839 0.040777355 0.998074830
1341846118.603991 0.114673451 0.035408527 -0.089472577 0.041106429 -0.022367178 0.041372459 0.998047233
1341846118.635802 0.116022743 0.032262798 -0.097450942 0.042736836 -0.019890659 0.039532240 0.998105764
1341846118.667919 0.106607400 0.041196372 -0.095640883 0.043893181 -0.017602922 0.040611695 0.998055220
1341846118.703956 0.106391445 0.034640282 -0.092083581 0.042723548 -0.019066114 0.041612118 0.998037875
1341846118.735837 0.115708426 0.034077175 -0.090836093 0.044416521 -0.019019231 0.042308997 0.997935534
1341846118.772013 0.113911554 0.040037900 -0.099694274 0.044797022 -0.016923098 0.042892817 0.997931361
1341846118.804343 0.113450669 0.037702255 -0.092781186 0.043975569 -0.017837893 0.044319104 0.997889638
1341846118.835817 0.116114356 0.036662217 -0.094133213 0.045480348 -0.017629938 0.043896846 0.997844577
1341846118.872045 0.114116728 0.043155417 -0.092365131 0.046271902 -0.016722541 0.045210727 0.997765124
1341846118.903860 0.112873420 0.036517687 -0.094171964 0.044780940 -0.017215656 0.044584826 0.997852921
1341846118.935809 0.118923865 0.037139557 -0.095188662 0.045034688 -0.017524891 0.042949934 0.997907877
1341846118.971870 0.113722265 0.036841009 -0.094069809 0.045878813 -0.015523466 0.042536039 0.997920275
1341846119.003949 0.111664765 0.033486623 -0.095302984 0.045582693 -0.015805690 0.044556864 0.997841239
1341846119.035768 0.125527978 0.030632198 -0.097799711 0.048312388 -0.016572246 0.045725960 0.997647405
1341846119.071829 0.123773769 0.035180710 -0.092622958 0.052521635 -0.013084543 0.048395392 0.997360587
1341846119.103837 0.118170209 0.036490507 -0.098597951 0.053370252 -0.011789537 0.050112117 0.997246921
1341846119.136478 0.119794801 0.035483807 -0.089505121 0.053962905 -0.012433252 0.049377680 0.997243822
1341846119.171928 0.130474269 0.030769492 -0.096337222 0.055286616 -0.012172868 0.049639136 0.997161567
1341846119.203919 0.129494816 0.037068278 -0.096902549 0.058192734 -0.010800127 0.051589299 0.996912956
1341846119.266059 0.127270177 0.028192092 -0.099292926 0.058424238 -0.015312806 0.057353243 0.996525347
1341846119.297817 0.127582610 0.035049666 -0.096161462 0.060102515 -0.015933141 0.059262626 0.996304035
1341846119.334095 0.123911224 0.032195318 -0.103283390 0.058705725 -0.016899340 0.059680119 0.996346533
1341846119.365757 0.126070336 0.027015228 -0.099180177 0.059280179 -0.019628057 0.061610322 0.996144950
1341846119.401815 0.133974135 0.031492770 -0.097060494 0.061713338 -0.021678368 0.063132450 0.995859325
1341846119.434863 0.135025099 0.031076485 -0.099259906 0.061841227 -0.021123642 0.061744478 0.995950341
1341846119.465868 0.134983152 0.029845756 -0.101031914 0.061455302 -0.019941106 0.060592365 0.996069372
1341846119.501761 0.137538746 0.026661981 -0.098498434 0.062600933 -0.019648746 0.060972784 0.995980620
1341846119.533772 0.131762505 0.031383384 -0.099121086 0.064505860 -0.018337101 0.060973823 0.995884001
1341846119.565854 0.133651420 0.031125601 -0.098672636 0.064594775 -0.018689703 0.060342789 0.995910108
