1341846092.023798 0.000000000 0.000000000 0.000000000 0.000000000 0.000000000 0.000000000 1.000000000
1341846092.059891 0.000384892 0.000403303 0.000284486 0.001358248 0.000476030 -0.001550875 0.999997735
1341846092.091861 0.000905825 0.000421414 0.000636150 0.002797212 0.000804499 -0.001811967 0.999994099
1341846092.123884 0.000188622 0.001039213 0.000225154 0.004456726 0.000944686 -0.001534389 0.999988437
1341846092.159881 0.000232666 0.000070138 0.000666321 0.005634557 0.000987212 -0.000235231 0.999983609
1341846092.191824 0.000614376 0.001418739 0.001033923 0.007422423 0.000511478 0.000840513 0.999971986
1341846092.227766 0.001425934 0.004410179 -0.001766491 0.008798623 0.000979631 -0.000184207 0.999960780
1341846092.259844 0.001012538 0.005212718 -0.002055620 0.008338830 0.001373483 -0.000860173 0.999963939
1341846092.291754 0.002104499 0.001425384 0.001558594 0.008419099 0.000908854 -0.001727725 0.999962628
1341846092.327827 0.003861727 -0.000930376 0.001730809 0.010421813 0.000964690 -0.002268056 0.999942660
1341846092.359956 0.002493690 -0.002343385 0.000746990 0.013080472 0.001264325 -0.003487300 0.999907553
1341846092.395855 0.001251540 -0.001597686 0.002586180 0.016067315 0.001382275 -0.005753744 0.999853432
1341846092.428016 0.003468377 -0.001893246 0.000632618 0.018636653 0.001485319 -0.008206985 0.999791563
1341846092.459991 0.002965614 -0.002934199 0.002768178 0.021238208 0.002030276 -0.010570676 0.999716520
1341846092.495930 0.003537799 -0.004344006 0.002178967 0.024366139 0.002315222 -0.012975567 0.999616206
1341846092.528072 0.003459226 -0.004929481 0.000339876 0.027989464 0.002713018 -0.016002789 0.999476433
1341846092.559842 0.004661364 -0.005859825 0.002545480 0.032606792 0.004257115 -0.018052623 0.999296129
1341846092.595783 0.001256625 -0.004778722 0.002519259 0.037624538 0.005947636 -0.018633828 0.999100506
1341846092.628121 0.002472656 -0.005764000 0.002989944 0.041934509 0.004825847 -0.018169669 0.998943448
1341846092.659797 0.007929614 -0.004535801 -0.000929528 0.046550583 0.005079921 -0.019350227 0.998715580
1341846092.696012 0.007867279 -0.004783341 0.000437351 0.049041726 0.006869761 -0.020186389 0.998569071
1341846092.727906 0.008612670 -0.009149715 0.002969470 0.051857069 0.006809004 -0.020036291 0.998430252
1341846092.760105 0.006339186 -0.014155976 0.001263290 0.058025144 0.006819275 -0.016954558 0.998147845
1341846092.795871 0.004090675 -0.011682968 0.001663599 0.063253887 0.005597026 -0.016821079 0.997839987
1341846092.827857 0.008413995 -0.007705868 0.004927317 0.070277497 0.005298457 -0.021279957 0.997286439
1341846092.863824 0.013575627 -0.003215864 0.001591228 0.074983649 0.007254038 -0.027248705 0.996785998
1341846092.895885 0.004527281 -0.003111023 0.004469085 0.076691903 0.008887901 -0.030446528 0.996550262
1341846092.927920 0.007954998 -0.020251723 -0.000702415 0.078291476 0.007815761 -0.030827574 0.996423125
1341846092.963849 0.010222956 -0.018879015 -0.003304247 0.084546573 0.008636511 -0.030451043 0.995916665
1341846092.995760 0.005287238 -0.025708759 -0.002537392 0.088405393 0.009760749 -0.029412903 0.995602369
1341846093.027860 0.011167694 -0.029317904 -0.001392421 0.096176393 0.008230334 -0.026611116 0.994974494
1341846093.063741 0.011387861 -0.020594478 -0.002377419 0.105202354 0.008769487 -0.025554379 0.994083762
1341846093.125933 0.016049663 -0.030305263 -0.004750474 0.110804714 0.011222733 -0.031098470 0.993292093
1341846093.157795 0.011759917 -0.030445332 -0.006338399 0.116717808 0.013324353 -0.027312635 0.992700040
1341846093.189822 0.008191588 -0.033816565 -0.006117989 0.121348724 0.012039136 -0.024258880 0.992240429
1341846093.225887 0.014146609 -0.031087155 -0.006431620 0.127156004 0.011699807 -0.023304069 0.991539896
1341846093.257900 0.019567106 -0.033937234 -0.003579743 0.131464764 0.012408501 -0.023638515 0.990961254
1341846093.289744 0.023291916 -0.039346166 -0.009459709 0.136157528 0.013679778 -0.023369303 0.990317047
1341846093.325795 0.022012936 -0.042781644 -0.013062890 0.141752347 0.014631052 -0.022181615 0.989545405
1341846093.357904 0.025386414 -0.039631058 -0.012890930 0.146691799 0.015098941 -0.022699019 0.988806486
1341846093.393841 0.027453659 -0.042028498 -0.011091338 0.150090113 0.015730789 -0.023292247 0.988272727
1341846093.425924 0.023288392 -0.054431792 -0.007468009 0.154426917 0.015724761 -0.019795069 0.987680733
1341846093.457796 0.026909646 -0.046973933 -0.010868721 0.161830530 0.014525045 -0.019402767 0.986520886
1341846093.493817 0.030957045 -0.055320382 -0.013242394 0.166132718 0.014439399 -0.017644921 0.985839784
1341846093.525871 0.037422240 -0.055176552 -0.010265426 0.172566041 0.013544566 -0.014773493 0.984794021
1341846093.561833 0.028177546 -0.059289671 -0.008860392 0.179056138 0.014844507 -0.011013076 0.983665228
1341846093.593995 0.032202817 -0.052656230 -0.011777309 0.185455725 0.014162737 -0.010380430 0.982495725
1341846093.625945 0.033276822 -0.057145935 -0.016118405 0.188014716 0.015469015 -0.011357249 0.981978714
1341846093.661809 0.036403544 -0.057635125 -0.016559381 0.194286287 0.014939513 -0.012444233 0.980752170
1341846093.693938 0.034667406 -0.064399950 -0.014556618 0.198625177 0.015172529 -0.013157947 0.979869723
1341846093.725842 0.029352957 -0.068677172 -0.018511578 0.203283399 0.015242988 -0.013277433 0.978911221
1341846093.761995 0.025151165 -0.081213862 -0.016057748 0.209345683 0.014068618 -0.011387199 0.977674186
1341846093.794228 0.027425205 -0.086315893 -0.009919850 0.217102915 0.010417438 -0.005096464 0.976079822
1341846093.829820 0.025791029 -0.081652403 -0.015600029 0.224027678 0.008566729 -0.005366398 0.974530339
1341846093.861841 0.036390159 -0.081327245 -0.028608896 0.228549197 0.008278256 -0.009218936 0.973453522
1341846093.893823 0.030027676 -0.090061054 -0.026191490 0.234459698 0.008546460 -0.008837062 0.972048104
1341846093.929912 0.032319974 -0.093863621 -0.022551743 0.242105991 0.005465459 -0.008308483 0.970198870
1341846093.961968 0.040781260 -0.095135659 -0.030839907 0.250172228 0.004246894 -0.004813273 0.968180060
1341846093.994029 0.039166525 -0.099433623 -0.035695188 0.255327165 0.005388502 -0.006135643 0.966820240
1341846094.029902 0.034330811 -0.090227902 -0.036613334 0.259852111 0.006259700 -0.008723785 0.965588748
1341846094.062046 0.040886790 -0.096437395 -0.039405949 0.263181537 0.007234327 -0.008759009 0.964679420
1341846094.097921 0.037135039 -0.091922633 -0.039126873 0.268618792 0.008508401 -0.007623660 0.963178813
1341846094.129856 0.047037032 -0.101346985 -0.039667636 0.268810302 0.007956442 -0.008126545 0.963125944
1341846094.161786 0.049052354 -0.097111993 -0.039296001 0.272073925 0.010104191 -0.008613404 0.962184727
1341846094.197938 0.050858863 -0.094702438 -0.040669911 0.271715015 0.014155638 -0.009546207 0.962226272
1341846094.229967 0.050159365 -0.094330862 -0.038370766 0.272895575 0.015384226 -0.007446271 0.961891830
1341846094.261795 0.051492959 -0.096407130 -0.039600357 0.271033973 0.016622484 -0.008248401 0.962390900
1341846094.297927 0.058069803 -0.096851416 -0.034237180 0.269321710 0.017802767 -0.010684884 0.962826431
1341846094.329846 0.052015163 -0.091780774 -0.039358877 0.267187059 0.020871308 -0.011381587 0.963351429
1341846094.366053 -0.001699072 -0.062047683 -0.018452613 0.266928941 0.022882383 -0.009696280 0.963395715
1341846094.397911 0.055981800 -0.075369738 -0.013659855 0.263258666 0.017247539 -0.008794433 0.964531004
1341846094.429746 0.052387767 -0.061251614 -0.008650228 0.258956820 0.018406916 -0.010047656 0.965661228
1341846094.466133 0.042687964 -0.071876325 -0.028112568 0.249508411 0.018445885 -0.009368240 0.968151569
1341846094.497922 0.040953428 -0.082097538 -0.028960435 0.241966203 0.015433256 -0.006320750 0.970141351
1341846094.533970 0.036953259 -0.079680674 -0.025281787 0.235751912 0.013333438 -0.002488257 0.971718609
1341846094.565945 0.050737802 -0.077764422 -0.023295328 0.227049261 0.009163478 0.003076392 0.973835349
1341846094.597899 0.055518620 -0.077428900 -0.029201765 0.219403267 0.008508727 0.004154091 0.975588322
1341846094.633912 0.046506673 -0.063144028 -0.012311985 0.212221220 0.008162718 0.009300429 0.977143288
1341846094.665844 0.052132294 -0.060313277 -0.014874824 0.206347480 0.005116472 0.011702836 0.978395402
1341846094.697961 0.060882755 -0.050896831 -0.015683433 0.199156255 0.006872921 0.010426189 0.979888201
1341846094.733999 0.058267977 -0.049133889 -0.017013015 0.193081543 0.010979069 0.010369465 0.981066465
1341846094.767923 0.047401726 -0.046677772 -0.014788045 0.187443882 0.011671846 0.017682722 0.982046783
1341846094.801844 0.046997979 -0.046123859 -0.014829496 0.181377724 0.007625506 0.022538448 0.983125627
1341846094.833846 0.064966246 -0.040495064 -0.015615758 0.176079676 0.005567485 0.027177081 0.983984947
1341846094.866031 0.051118642 -0.043408912 -0.012432307 0.167857379 0.009916049 0.025970776 0.985419273
1341846094.901923 0.049208336 -0.033381499 -0.014391229 0.159541264 0.009641301 0.028749751 0.986725450
1341846094.966365 0.048042983 -0.032824442 -0.011981258 0.142925844 0.006129608 0.033950131 0.989131927
1341846095.002198 0.056357551 0.001196966 -0.001232627 0.138304725 0.005749024 0.033286750 0.989813507
1341846095.034722 0.054649863 -0.022134615 -0.010915734 0.122524559 0.007410838 0.032399077 0.991908789
1341846095.075946 0.054634999 -0.021411618 -0.011254625 0.118180133 0.008661213 0.031884648 0.992442310
1341846095.134021 0.056632977 -0.015309582 -0.008585878 0.111174852 0.011947757 0.036958087 0.993041515
1341846095.169946 0.055015203 -0.013777779 -0.014208443 0.108479463 0.012472883 0.042223927 0.993123233
1341846095.201911 0.054509316 -0.009639802 -0.014761891 0.104886457 0.011260541 0.045610670 0.993373930
1341846095.233880 0.060146157 0.002480291 -0.013773471 0.101579256 0.010193289 0.046123810 0.993705332
1341846095.269927 0.053467289 -0.000829155 -0.016918767 0.095667236 0.012196527 0.045106422 0.994316041
1341846095.301803 0.049519349 0.002990700 -0.013689160 0.090139091 0.010664774 0.046071682 0.994805813
1341846095.337767 0.057912868 0.005366064 -0.016360981 0.084298618 0.006824641 0.048983697 0.995212436
1341846095.369772 0.063305013 0.006055878 -0.018380722 0.078108422 0.006683648 0.048732582 0.995730639
1341846095.401800 0.061679237 0.002779939 -0.017503178 0.072597370 0.007651144 0.048852749 0.996134758
1341846095.437762 0.060837504 0.005701725 -0.015807264 0.068191677 0.006861682 0.051035978 0.996342361
1341846095.469900 0.058704417 0.000578853 -0.015954200 0.063552812 0.008293285 0.051948499 0.996591032
1341846095.501905 0.058184970 0.008235734 -0.018577950 0.061104551 0.009300395 0.053812057 0.996636331
1341846095.538219 0.062712237 0.014108147 -0.022937547 0.055677049 0.009642482 0.053081870 0.996990204
1341846095.569934 0.064066522 0.015449528 -0.012801304 0.050569516 0.010092616 0.051588859 0.997336149
1341846095.606238 0.064129703 0.016270889 -0.010600531 0.046092506 0.010347530 0.052840382 0.997484982
1341846095.637875 0.061387833 0.012332103 -0.011596126 0.042269155 0.010826516 0.054046132 0.997584641
1341846095.669890 0.064979017 0.017696498 -0.012704365 0.039848976 0.010045192 0.054756720 0.997653663
1341846095.705878 0.074067339 0.019889152 -0.011660805 0.035691880 0.010415250 0.055324435 0.997775912
1341846095.737902 0.067215554 0.018343264 -0.011136857 0.031367246 0.013174148 0.057419110 0.997770309
1341846095.773812 0.068433523 0.019160196 -0.012505574 0.028473867 0.013125781 0.058493812 0.997795284
1341846095.838106 0.070962153 0.027326625 -0.008609200 0.021294434 0.014967383 0.057385895 0.998012722
1341846095.873871 0.068214625 0.026072372 -0.012506100 0.016353477 0.017545694 0.055726696 0.998157918
1341846095.905980 0.060103845 0.027262101 -0.014450124 0.010169392 0.018582180 0.057619866 0.998113811
1341846095.937932 0.068532310 0.027325263 -0.009312715 0.005333075 0.015779383 0.058656801 0.998139262
1341846095.973926 0.072073497 0.036272284 -0.008623476 0.003276860 0.016412178 0.058955796 0.998120308
1341846096.005891 0.061155088 0.036206029 -0.010107870 -0.002101767 0.018397706 0.060061462 0.998022914
1341846096.041838 0.061754152 0.032985423 -0.008191061 -0.007833638 0.017023738 0.059030324 0.998080313
1341846096.073937 0.063698389 0.034153633 -0.007693329 -0.012101108 0.016552147 0.056930736 0.998167574
1341846096.105773 0.067138173 0.040470742 -0.007836766 -0.016783545 0.015990432 0.055903692 0.998167038
1341846096.141944 0.060236134 0.039406251 -0.011980232 -0.023570588 0.017594956 0.053874921 0.998114407
1341846096.173951 0.062831089 0.034852132 -0.003825011 -0.027416933 0.015995463 0.052729975 0.998104215
1341846096.205991 0.068636544 0.037995428 -0.006936902 -0.027936773 0.015478758 0.051848959 0.998144090
1341846096.241942 0.065519668 0.038458806 -0.005192893 -0.030430948 0.015027842 0.054198090 0.997953236
1341846096.273909 0.068043344 0.044109225 -0.004868968 -0.032305781 0.013650315 0.053417414 0.997956216
1341846096.309891 0.061753102 0.057499778 -0.004178013 -0.033641323 0.015317947 0.051416855 0.997992933
1341846096.341861 0.065435089 0.046216182 -0.003440000 -0.039262399 0.014193861 0.051023182 0.997824430
1341846096.374240 0.060008883 0.047353953 -0.007818291 -0.040334739 0.013814441 0.051851775 0.997744262
1341846096.409718 0.058451366 0.051543824 -0.007593086 -0.041018374 0.014930303 0.049958736 0.997796893
1341846096.441905 0.055306062 0.052531209 -0.009195849 -0.043913778 0.015916744 0.047525372 0.997777283
1341846096.473846 0.054686461 0.050999887 -0.008183420 -0.047281865 0.015128111 0.045319356 0.997738302
1341846096.510050 0.059283365 0.048666682 -0.008018233 -0.050231181 0.014730750 0.043295011 0.997690022
1341846096.542063 0.051344924 0.048658352 -0.006563019 -0.051325824 0.017145883 0.042505503 0.997629642
1341846096.577955 0.048031863 0.047624476 -0.008015700 -0.053717792 0.018148867 0.041945226 0.997509718
1341846096.609941 0.039288275 0.062410515 -0.016202183 -0.055553179 0.019088592 0.040771741 0.997440279
1341846096.641875 0.056386054 0.064405039 -0.010669542 -0.060789067 0.015320230 0.038600840 0.997286260
1341846096.677902 0.060582615 0.058182068 -0.012181739 -0.065005101 0.015351648 0.037174333 0.997074068
1341846096.709906 0.048426446 0.065679744 -0.013494740 -0.068826079 0.017359581 0.037870225 0.996758461
1341846096.745991 0.055300739 0.064338058 -0.012950473 -0.074401386 0.015562145 0.036553804 0.996436656
1341846096.777870 0.062301669 0.078806654 -0.011684097 -0.075288169 0.014931287 0.034214992 0.996462762
1341846096.810244 0.064545766 0.101452276 -0.017777838 -0.077998735 0.015093794 0.032486934 0.996309638
1341846096.845763 0.066162609 0.093797080 -0.015788903 -0.086696096 0.014049013 0.031793591 0.995628238
1341846096.878199 0.081067227 0.091448382 -0.013724541 -0.091165207 0.011286504 0.030468680 0.995305598
1341846096.909946 0.072307177 0.103442609 -0.015010986 -0.092998534 0.013608010 0.030814625 0.995096266
1341846096.945914 0.059297271 0.114230484 -0.015604728 -0.098122999 0.015260878 0.030040013 0.994603753
1341846096.978058 0.067902319 0.109968625 -0.015816584 -0.107256696 0.013671909 0.027500939 0.993756890
1341846097.014061 0.068051800 0.113973223 -0.016960725 -0.113685347 0.015139880 0.024942230 0.993088305
1341846097.045960 0.066634819 0.103326254 -0.012811632 -0.124162629 0.016474878 0.023721926 0.991841495
1341846097.078464 0.076118395 0.103250682 -0.012374578 -0.130484760 0.015084950 0.022964327 0.991069555
1341846097.113795 0.074623927 0.101634935 -0.011351824 -0.135574669 0.016127918 0.020667730 0.990420222
1341846097.146138 0.074193537 0.106178053 -0.009388475 -0.138778418 0.017787028 0.019794244 0.989965856
1341846097.178019 0.073158018 0.096335866 -0.006250650 -0.144707188 0.018420853 0.020349164 0.989093721
1341846097.213933 0.070471607 0.098724417 -0.001366625 -0.145752370 0.017028842 0.021751352 0.988935351
1341846097.246080 0.075320438 0.105786785 -0.007704986 -0.146500796 0.014525220 0.020813476 0.988884926
1341846097.282030 0.075490370 0.095647760 -0.005975282 -0.151654363 0.015469482 0.020107757 0.988107979
1341846097.313977 0.071510643 0.096628539 -0.007860001 -0.152951255 0.016462632 0.023994369 0.987805247
1341846097.345922 0.072258964 0.101697788 -0.010833615 -0.155537814 0.014787802 0.028364157 0.987311900
1341846097.381852 0.070199497 0.109901793 -0.008595563 -0.158211380 0.016586017 0.029179567 0.986834645
1341846097.413864 0.074204691 0.106511876 -0.017568080 -0.162068322 0.018526938 0.028391389 0.986196995
1341846097.445910 0.076052517 0.108348921 -0.016294951 -0.170238331 0.018727314 0.028842062 0.984802663
1341846097.481979 0.079464585 0.117123462 -0.015309993 -0.177066326 0.018025411 0.027072940 0.983661354
1341846097.514061 0.078698426 0.113255262 -0.012506414 -0.185306147 0.019835949 0.023200167 0.982206643
1341846097.550048 0.086751036 0.112994775 -0.017668772 -0.192576304 0.019457130 0.024136445 0.980792105
1341846097.587812 0.089276507 0.096683189 -0.012565952 -0.204892904 0.018764634 0.022199662 0.978352666
1341846097.649731 0.081046209 0.105994046 -0.010737695 -0.211671665 0.022469185 0.016814750 0.976937830
1341846097.681970 0.083689369 0.104728490 -0.012354344 -0.217030317 0.022136459 0.017281460 0.975760818
1341846097.714026 0.085450806 0.100606903 -0.010148328 -0.221230254 0.021517966 0.017465549 0.974827707
1341846097.749749 0.078351893 0.106379554 -0.012374528 -0.220955536 0.022860074 0.015233833 0.974896908
1341846097.782019 0.078233913 0.111836433 -0.014129683 -0.223501608 0.022570854 0.014421023 0.974335492
1341846097.817835 0.071256652 0.089812234 -0.010349389 -0.231197044 0.023837704 0.011897332 0.972542107
1341846097.849998 0.070915885 0.078661129 -0.003078226 -0.231406406 0.023671633 0.010773427 0.972509444
1341846097.882032 0.070767052 0.092684560 -0.006576661 -0.227244064 0.022692930 0.010622860 0.973515451
1341846097.917945 0.068876483 0.081307843 -0.003546454 -0.229358122 0.022033015 0.009510703 0.973046184
1341846097.949812 0.066496029 0.080005445 -0.001670312 -0.226353675 0.022702225 0.007299847 0.973753214
1341846097.985786 0.068608530 0.073072746 -0.000099689 -0.222470865 0.022856977 0.007493087 0.974642515
1341846098.017778 0.065376386 0.066420369 0.003104493 -0.218599141 0.023379743 0.006473239 0.975513160
1341846098.050033 0.071632333 0.064904742 -0.000603219 -0.211760238 0.022222254 0.002544454 0.977065682
1341846098.085962 0.075828977 0.072251953 -0.009117914 -0.204955325 0.023320215 -0.004125264 0.978484750
1341846098.117764 0.065919749 0.081210151 -0.011439096 -0.202348366 0.028746430 -0.013018367 0.978805065
1341846098.149904 0.067898907 0.081759483 -0.006019138 -0.202286065 0.029621901 -0.014373585 0.978772879
1341846098.185874 0.053904098 0.070348054 0.011155551 -0.201486453 0.031641420 -0.012238199 0.978903592
1341846098.217722 0.081476398 0.048124727 0.004140036 -0.197146446 0.025679290 -0.006069584 0.980018914
1341846098.253811 0.086396471 0.065814957 -0.002689419 -0.183807820 0.027328221 -0.004904721 0.982569993
1341846098.285939 0.079017632 0.022888482 0.014960136 -0.184231088 0.030034421 -0.004037033 0.982415676
1341846098.319650 0.080254085 0.029820733 0.013564322 -0.171390906 0.031400021 -0.006726779 0.984679639
1341846098.353827 0.072418012 0.031580705 0.007796499 -0.160779625 0.035847429 -0.007649008 0.986309469
1341846098.385963 0.071868479 0.033788558 0.004482826 -0.151415959 0.038116131 -0.011517881 0.987667799
1341846098.418076 0.072514631 0.069364965 -0.008737693 -0.135628000 0.041834552 -0.016019005 0.989746571
1341846098.453988 0.070307203 0.079649925 -0.009838538 -0.129653394 0.045206562 -0.018871665 0.990348518
1341846098.485927 0.062252197 0.073034421 -0.002662467 -0.126838624 0.047214717 -0.020454064 0.990587890
1341846098.521907 0.067647353 0.063035533 0.000833688 -0.121807501 0.045409791 -0.019758429 0.991317570
1341846098.553851 0.069662213 0.061386421 -0.005718687 -0.114195943 0.046011873 -0.015988378 0.992263377
1341846098.585937 0.064269453 0.064141750 0.000338048 -0.106456876 0.047149859 -0.013190510 0.993111193
1341846098.621830 0.071414024 0.032244392 0.002071040 -0.104576021 0.044693407 -0.010143816 0.993460357
1341846098.653874 0.066535421 0.039778307 -0.001386240 -0.094182841 0.046191748 -0.008571171 0.994445801
1341846098.685832 0.076175533 0.030290937 -0.000913337 -0.088313088 0.043062571 -0.005458118 0.995146513
1341846098.721860 0.064457051 0.026675459 0.001985993 -0.079185121 0.044645861 -0.002583465 0.995856285
1341846098.753828 0.063989975 0.023334650 0.002394869 -0.068350598 0.042946897 0.000337062 0.996736526
1341846098.789998 0.069410674 0.019276081 0.000496496 -0.057258688 0.041088253 0.002053932 0.997511387
1341846098.827945 0.059175868 0.030055631 -0.003785197 -0.041470006 0.043184355 0.004468171 0.998196065
1341846098.889904 0.065203622 0.031005174 -0.007452753 -0.018245276 0.038007889 0.011001701 0.999050260
1341846098.921923 0.069488779 0.029840901 -0.007664524 -0.004733640 0.036490928 0.013124540 0.999236584
1341846098.957887 0.070499860 0.024733448 -0.012764696 0.005158770 0.035364889 0.014201300 0.999260247
1341846098.990630 0.066418514 0.020725271 -0.015234515 0.013228846 0.032936271 0.012021082 0.999297619
1341846099.022028 0.074092589 0.021069841 -0.012929452 0.025497286 0.030603727 0.010406342 0.999152124
1341846099.058015 0.072356008 0.022019967 -0.017416004 0.037101213 0.031045046 0.010742266 0.998771369
1341846099.089878 0.073108055 0.008422636 -0.019913513 0.043516599 0.029669883 0.010054312 0.998561442
1341846099.121774 0.070712239 0.006398119 -0.020796591 0.053284459 0.029546069 0.010081090 0.998091280
1341846099.157775 0.074604377 0.016479351 -0.024366574 0.062293038 0.027920637 0.011359249 0.997602582
1341846099.189822 0.080496348 0.017675603 -0.021451805 0.067931466 0.026669836 0.008742153 0.997295141
1341846099.226178 0.081149198 0.018667908 -0.022042200 0.074275978 0.027188404 0.009389734 0.996822774
1341846099.264156 0.078836776 0.017510112 -0.023353331 0.079008177 0.026532864 0.011071567 0.996459305
1341846099.300270 0.081736326 0.019777242 -0.025679242 0.082976274 0.025875362 0.012413491 0.996138215
1341846099.332076 0.081707001 0.023617426 -0.021029640 0.085532025 0.027720062 0.014029723 0.995850921
1341846099.363831 0.083690196 0.025892287 -0.022986058 0.086704731 0.029159212 0.015904995 0.995680213
1341846099.399799 0.088948205 0.031038387 -0.022053715 0.086511314 0.030968318 0.014637596 0.995661855
1341846099.432113 0.100738794 0.032644764 -0.023582377 0.085382603 0.033999018 0.015331679 0.995649934
1341846099.463909 0.099949121 0.027821625 -0.022619816 0.084721901 0.039779440 0.015505368 0.995489478
1341846099.499765 0.111736424 0.030959683 -0.025302708 0.085681900 0.044670742 0.015733140 0.995196223
1341846099.564678 0.121426426 0.027496863 -0.023413207 0.088055126 0.065028884 0.013456346 0.993899643
1341846099.626222 0.129148319 0.034104448 -0.018053446 0.090899073 0.084135406 0.011913399 0.992228150
1341846099.657825 0.130719304 0.028627193 -0.028387304 0.088856503 0.093933024 0.009415621 0.991560578
1341846099.693870 0.119501114 0.025664028 -0.029627685 0.088293843 0.107975349 0.006763648 0.990201890
1341846099.725881 0.138683379 0.032198261 -0.019394301 0.091151007 0.115400836 0.007402744 0.989100277
1341846099.761986 0.130530253 0.023562778 -0.020937655 0.092525899 0.126677558 0.013964011 0.987520516
1341846099.793945 0.147292718 0.020422136 -0.021075167 0.096635051 0.134199724 0.023899166 0.985941648
1341846099.825926 0.144367337 0.028219523 -0.004193414 0.098864056 0.145665869 0.027907416 0.983986080
1341846099.862065 0.143389568 0.026298147 -0.006280996 0.099016070 0.157640815 0.027834760 0.982125461
1341846099.894034 0.142044947 0.018710963 -0.009253688 0.099701174 0.166680902 0.031511109 0.980450988
1341846099.925860 0.147746995 0.015710991 -0.011623703 0.100432187 0.173446923 0.035067867 0.979081094
1341846099.961831 0.153726056 0.020723272 -0.019056708 0.103019424 0.182782412 0.035804402 0.977085292
1341846099.993861 0.152610883 0.021570686 -0.005689424 0.103498645 0.193792716 0.035727747 0.974913299
1341846100.029846 0.156929478 0.019532172 -0.007081855 0.103716008 0.202704370 0.036631424 0.973042667
1341846100.069920 0.162055671 0.018295093 -0.005268894 0.105400853 0.213653713 0.035867296 0.970544338
1341846100.099862 0.165205836 0.018630419 0.003203422 0.106829241 0.224178821 0.039811209 0.967856646
1341846100.132811 0.157093614 0.016648553 0.007654939 0.108437426 0.231694996 0.042998351 0.965769053
1341846100.168188 0.164685607 0.020726055 -0.009000544 0.111208901 0.237918079 0.044520114 0.963870049
1341846100.199801 0.156295836 0.021078218 -0.009990841 0.110974789 0.245686322 0.047915176 0.961783230
1341846100.235866 0.157893449 0.019271998 -0.007189814 0.110661604 0.252171397 0.047767207 0.960146844
1341846100.267868 0.164020434 0.022401392 -0.012133207 0.110763974 0.258277118 0.049586669 0.958418190
1341846100.299821 0.150307715 0.016331360 -0.016131546 0.109423511 0.265350908 0.051371828 0.956543922
1341846100.335884 0.158215523 0.019519737 -0.005707517 0.110791415 0.270438194 0.053749148 0.954829574
1341846100.367898 0.154002696 0.021582738 -0.020128198 0.110294729 0.276052505 0.054969836 0.953209519
1341846100.400000 0.154419184 0.025592012 -0.016685262 0.110546023 0.278207123 0.054881159 0.952558875
1341846100.435828 0.163786456 0.024317421 0.001231454 0.111828171 0.283912271 0.053981021 0.950775623
1341846100.467678 0.165792018 0.018437404 -0.020652149 0.110404477 0.289489150 0.051258817 0.949410081
1341846100.503838 0.164809987 0.024981923 -0.016094096 0.112832770 0.293888032 0.049762942 0.947851360
1341846100.535834 0.171670914 0.022203688 -0.021560121 0.114391379 0.299786925 0.047817327 0.945915341
1341846100.568004 0.170476735 0.022376828 -0.032397699 0.115876481 0.307065189 0.045540892 0.943509161
1341846100.604545 0.182684332 0.023402631 -0.034956496 0.116898581 0.313532472 0.043414392 0.941353917
1341846100.635826 0.165095389 0.024168126 -0.027959086 0.118174843 0.326776832 0.039858673 0.936836600
1341846100.672445 0.172575295 0.024525855 -0.020061858 0.117981136 0.329076022 0.043134835 0.935910702
1341846100.733981 0.171265304 0.024581337 -0.046312604 0.120399907 0.335259616 0.046804298 0.933227837
1341846100.765776 0.170485288 0.030447932 -0.039498929 0.120101638 0.341464311 0.046247482 0.931041837
1341846100.798442 0.165801615 0.021622524 -0.020911455 0.119262144 0.347876966 0.048296344 0.928668737
1341846100.833838 0.169813603 0.028011670 -0.031809144 0.119932003 0.349552989 0.050193187 0.927852213
1341846100.866041 0.169003829 0.028728159 -0.035440445 0.118406318 0.347404629 0.050430328 0.928841650
1341846100.897858 0.172372967 0.019928711 -0.006940618 0.117149927 0.349610180 0.050640207 0.928161681
1341846100.933895 0.179046765 0.021720096 0.012131624 0.119796067 0.351107866 0.053518880 0.927096486
1341846100.965736 0.177655935 0.026308505 0.010384612 0.120329998 0.347533971 0.055069156 0.928282380
1341846101.001817 0.169813573 0.026245028 -0.006201394 0.119995423 0.346987069 0.054503359 0.928563654
1341846101.033901 0.171664149 0.030520441 0.015844420 0.121184573 0.347715557 0.055220596 0.928094208
1341846101.065947 0.173572153 0.033139244 0.014469869 0.120161913 0.342323720 0.056391906 0.930158854
1341846101.102829 0.164702743 0.031275213 -0.001089692 0.119827934 0.340705782 0.055916097 0.930824459
1341846101.134613 0.169315234 0.039833039 0.021875538 0.120324314 0.339489788 0.055105135 0.931252956
1341846101.169743 0.167786717 0.031583771 -0.007084005 0.114914559 0.331606925 0.051380660 0.934982121
1341846101.202171 0.165996373 0.026844829 -0.016086414 0.113433048 0.329113990 0.048398778 0.936202168
1341846101.234098 0.161055535 0.035153318 -0.016731899 0.113909706 0.325982243 0.046736751 0.937323809
1341846101.269940 0.163895309 0.029322211 0.009751678 0.111435711 0.321237803 0.044985980 0.939342678
1341846101.301837 0.163107798 0.030187694 -0.007593744 0.110536993 0.316436321 0.042584278 0.941188693
1341846101.333884 0.157910466 0.033974208 0.007163569 0.110365644 0.313420504 0.042000815 0.942243576
1341846101.369943 0.157202557 0.028765146 -0.012113508 0.107554123 0.307259262 0.039268009 0.944712579
1341846101.402755 0.158160701 0.031209327 -0.019450720 0.106518127 0.300756425 0.037643179 0.946986020
1341846101.437821 0.155157313 0.026876610 -0.027056359 0.104631171 0.295433402 0.035807997 0.948941112
1341846101.469768 0.145296037 0.028442565 -0.040395033 0.104159236 0.289307922 0.036773082 0.950841486
1341846101.501812 0.155139938 0.021732889 -0.016587384 0.103809901 0.283221841 0.036382843 0.952725112
1341846101.537892 0.155232653 0.020688444 -0.015517306 0.103790924 0.280215085 0.034248050 0.953694940
1341846101.569873 0.149637550 0.029319704 -0.022823382 0.103889376 0.274993956 0.032933559 0.955249012
1341846101.601955 0.145027667 0.030493407 -0.037679087 0.101032123 0.265288800 0.032235619 0.958318949
1341846101.637841 0.143668696 0.028419914 -0.032261472 0.099073566 0.261087626 0.029909726 0.959751546
1341846101.670644 0.131361648 0.020276794 -0.037710052 0.098812588 0.254756510 0.031036289 0.961442649
1341846101.705786 0.136464655 0.019720588 -0.027991116 0.100457631 0.246126875 0.033494908 0.963435471
1341846101.738127 0.136058986 0.020955242 -0.011663552 0.102501057 0.241948247 0.035783298 0.964196086
1341846101.769786 0.118210822 0.022402048 -0.038458019 0.103492863 0.237479270 0.037543893 0.965133846
1341846101.805816 0.133105636 0.033756182 -0.012310039 0.105768919 0.228792652 0.038846649 0.966932178
1341846101.837808 0.125076175 0.026477709 -0.010516766 0.104835801 0.226599291 0.038455602 0.967565715
1341846101.869834 0.119458437 0.024509193 -0.038036108 0.104332268 0.221465021 0.039449077 0.968768179
1341846101.905918 0.115619548 0.026876040 -0.031889267 0.103794910 0.214082107 0.039564714 0.970479310
1341846101.937872 0.110124201 0.019296110 -0.019282553 0.102682434 0.209952638 0.038673077 0.971535146
1341846101.973942 0.107650362 0.019228464 -0.019157866 0.104464337 0.203053594 0.039171085 0.972790837
1341846102.005947 0.099980853 0.024314301 -0.047493402 0.105346955 0.189865828 0.041122824 0.975275278
1341846102.037846 0.095158055 0.015068210 -0.024214225 0.105265357 0.183378220 0.041919004 0.976490855
1341846102.073879 0.101115748 0.032090224 -0.047104254 0.109146155 0.173937351 0.044578608 0.977673590
1341846102.105961 0.088342868 0.037481695 -0.044609435 0.106785543 0.161763847 0.041921347 0.980138719
1341846102.137878 0.091326714 0.030846905 -0.034253757 0.102759510 0.154118493 0.041621182 0.981812418
1341846102.173907 0.085114151 0.033739328 -0.038451664 0.101683035 0.149484292 0.039387867 0.982732713
1341846102.205896 0.071388915 0.041645698 -0.025366381 0.100419439 0.140626252 0.035795558 0.984306276
1341846102.242018 0.061623879 0.035823923 -0.038448021 0.096129216 0.129270256 0.033197679 0.986380398
1341846102.274144 0.064793937 0.033011675 -0.034759194 0.094264254 0.117056809 0.030303096 0.988176942
1341846102.305875 0.049926993 0.038465917 -0.042138569 0.093444772 0.109691091 0.025457006 0.989235997
1341846102.341821 0.041750703 0.044786870 -0.046433449 0.090664245 0.095261164 0.023641743 0.991032958
1341846102.374024 0.042807922 0.034166031 -0.036935609 0.089406110 0.082796872 0.022148410 0.992300689
1341846102.409984 0.060612198 0.028781224 -0.048242889 0.091250867 0.071014978 0.020154381 0.993088067
1341846102.441952 0.030852059 0.042359255 -0.056644775 0.091427974 0.064191520 0.016011022 0.993611574
1341846102.473881 0.042031880 0.025997046 -0.052698694 0.088707231 0.052674856 0.013992871 0.994565547
1341846102.509959 0.056003328 0.028376747 -0.039695237 0.092131458 0.047697868 0.014829903 0.994493186
1341846102.541996 0.045111388 0.041957647 -0.047472283 0.094564945 0.047131263 0.013269992 0.994313836
1341846102.574361 0.041991718 0.043397885 -0.049297534 0.091206357 0.038237318 0.013399308 0.995007396
1341846102.610654 0.055328872 0.019964347 -0.049358565 0.088953346 0.032681745 0.018154159 0.995333910
1341846102.642222 0.050485525 0.030895431 -0.042801518 0.094784357 0.028817235 0.023211034 0.994809866
1341846102.677806 0.037486445 0.046622753 -0.054378979 0.096822120 0.020437852 0.023746150 0.994808495
1341846102.709968 0.037847772 0.038519207 -0.065237783 0.093560152 0.006711833 0.025387758 0.995267272
1341846102.741857 0.042665705 0.036541902 -0.051522437 0.093735464 -0.000555784 0.028421773 0.995191216
1341846102.777720 0.041905873 0.046896867 -0.052887153 0.093659051 -0.009610488 0.030279048 0.995097399
1341846102.809783 0.048977975 0.031153159 -0.052560404 0.090210415 -0.017923437 0.030299954 0.995300353
1341846102.841828 0.051727787 0.035005242 -0.049601227 0.097067393 -0.026413744 0.033993978 0.994346380
1341846102.877813 0.054393232 0.044571944 -0.052694898 0.097619183 -0.029946145 0.036383867 0.994107604
1341846102.909875 0.031037148 0.039184872 -0.067073256 0.094126567 -0.032267310 0.035994507 0.994385958
1341846102.945843 0.044000689 0.035904333 -0.068962954 0.093879305 -0.044296127 0.035981160 0.993946612
1341846102.977815 0.034578249 0.043276504 -0.069553226 0.095063664 -0.052047078 0.039287049 0.993333042
1341846103.009867 0.033000857 0.048586972 -0.071653388 0.091019161 -0.063000105 0.041829299 0.992973745
1341846103.045829 0.028963422 0.034742311 -0.072356984 0.085500218 -0.074107900 0.039945759 0.992774963
1341846103.077786 0.033195157 0.032777015 -0.077573560 0.085810348 -0.086834043 0.040821448 0.991680384
1341846103.110039 0.047153346 0.037963003 -0.076767512 0.087359838 -0.102115825 0.045335218 0.989891589
1341846103.145830 0.050018139 0.035840966 -0.077199385 0.086696401 -0.113405824 0.045431197 0.988715768
1341846103.177933 0.050675742 0.033360135 -0.066555783 0.087072209 -0.122544102 0.043207731 0.987691522
1341846103.213980 0.051841743 0.027986092 -0.090647973 0.087742686 -0.128247589 0.037861455 0.987127304
1341846103.246103 0.030142512 0.046569891 -0.064898878 0.092157915 -0.141899183 0.035329446 0.984948456
1341846103.277869 0.041889161 0.040641375 -0.072653368 0.089093283 -0.151880160 0.030901510 0.983890176
1341846103.314495 0.035017144 0.032995481 -0.095284715 0.086869061 -0.156080917 0.023358963 0.983639657
1341846103.345951 -0.030117985 0.043342151 -0.109260634 0.087648198 -0.163504958 0.017589141 0.982483864
1341846103.382135 0.018152380 0.042618971 -0.088004678 0.084168881 -0.192246825 0.015127952 0.977613389
1341846103.413791 0.051812712 0.028577987 -0.086570293 0.080568165 -0.206741840 0.010294341 0.975018263
1341846103.445861 0.012738805 0.034259465 -0.115625478 0.081550539 -0.210824057 0.010624724 0.974058449
1341846103.482382 -0.021565538 0.049603935 -0.127921641 0.079838254 -0.226130143 0.010615273 0.970761716
1341846103.513968 0.041361801 0.028359447 -0.081686251 0.072622642 -0.258378327 0.012509533 0.963229001
1341846103.545990 0.060947102 0.018089078 -0.088979378 0.072674870 -0.268687695 0.010453029 0.960424960
1341846103.582021 0.020701580 0.033767685 -0.111754701 0.077055722 -0.272301614 0.011906283 0.959047675
1341846103.614121 0.045183696 0.024814311 -0.097114883 0.073019601 -0.294811994 0.014443796 0.952651799
1341846103.650229 0.048091155 0.023072381 -0.075332530 0.075523883 -0.310049236 0.020818762 0.947487295
1341846103.714025 0.039548524 0.031048782 -0.109624296 0.071813226 -0.330658257 0.027066957 0.940625012
1341846103.749741 0.051438034 0.025941730 -0.090400465 0.068230875 -0.350575566 0.029559391 0.933577836
1341846103.813998 0.044996940 0.029804612 -0.110408619 0.069604300 -0.367488265 0.035328329 0.926746726
1341846103.849900 0.025448956 0.036329627 -0.105676748 0.066640198 -0.379549235 0.034368422 0.922128081
1341846103.883046 0.068847820 0.028292203 -0.107478574 0.061239466 -0.399240524 0.033929899 0.914169312
1341846103.917830 0.076919049 0.028354913 -0.121594757 0.059706122 -0.406125247 0.035331298 0.911180079
1341846103.949988 0.051861636 0.028316660 -0.123037606 0.058257356 -0.414104044 0.034250986 0.907717347
1341846103.981996 0.060574193 0.035639156 -0.097953327 0.056558456 -0.430384755 0.028255731 0.900428593
1341846104.017780 0.073382705 0.028722711 -0.119844377 0.053891931 -0.436708778 0.028078191 0.897548199
1341846104.049832 0.081908382 0.025935220 -0.142810926 0.053847287 -0.443874866 0.025629682 0.894102156
1341846104.082120 0.090616487 0.025054600 -0.155413523 0.051725958 -0.457109720 0.020524388 0.887667656
1341846104.117792 0.075141013 0.025465006 -0.107645132 0.050788287 -0.469489276 0.019353217 0.881263793
1341846104.150184 0.078665279 0.031629648 -0.119323745 0.051010132 -0.475886732 0.016787929 0.877865613
1341846104.185757 0.075499788 0.040726978 -0.151803643 0.048993364 -0.476252168 0.008842822 0.877898216
1341846104.217842 0.064633101 0.037398681 -0.120463729 0.044537541 -0.484493047 0.009972371 0.873603702
1341846104.250204 0.062283807 0.032920469 -0.092692718 0.044098753 -0.491573989 0.009999392 0.869661033
1341846104.286035 0.069480583 0.022359334 -0.151147276 0.042661238 -0.492485732 0.008561422 0.869232178
1341846104.317813 0.076544225 0.040500447 -0.171069175 0.041917603 -0.499808758 0.005045484 0.865106165
1341846104.349826 0.056138627 0.015271476 -0.158116505 0.037846740 -0.506811440 0.004052201 0.861216187
1341846104.385800 0.057386752 0.031283755 -0.157234117 0.040377185 -0.515157163 0.003580933 0.856136620
1341846104.417992 0.074335136 0.044153437 -0.167192012 0.037963532 -0.520949781 0.002093242 0.852740169
1341846104.453901 0.043915734 0.033600233 -0.138465345 0.035994038 -0.526716650 0.003376137 0.849271834
1341846104.485845 0.083713397 0.034153465 -0.109672502 0.036977123 -0.529177129 0.001324202 0.847704232
1341846104.517786 0.063169032 0.034765638 -0.165226460 0.035123259 -0.523443758 0.001091893 0.851335287
1341846104.553687 0.071188971 0.004101644 -0.142909274 0.032873999 -0.527789056 0.001307013 0.848738074
1341846104.585769 0.106109940 0.006620424 -0.062572539 0.033516891 -0.533645809 0.002665845 0.845039427
1341846104.621999 0.096641570 -0.004396371 -0.129740834 0.033827584 -0.526660025 -0.001189060 0.849401832
1341846104.653963 0.104367658 0.016934786 -0.124295898 0.034375824 -0.525785983 0.000100346 0.849922001
1341846104.691974 0.123593234 0.026441760 -0.050396524 0.033837058 -0.525862277 0.002288274 0.849893332
1341846104.754029 0.076797530 0.027345821 -0.136925220 0.036391687 -0.498861998 0.000590765 0.865916848
1341846104.785861 0.050068893 0.033329237 -0.090726539 0.040871248 -0.486454934 0.000250710 0.872749150
1341846104.822207 0.050125349 0.034958642 -0.098940074 0.043067511 -0.471282721 0.002138942 0.880927503
1341846104.889952 0.038936049 0.031299293 -0.081464648 0.044161130 -0.451679409 0.004672470 0.891074419
1341846104.921931 0.053295590 0.031297795 -0.069575489 0.046447851 -0.441441655 0.005730131 0.896068633
1341846104.954032 0.047790520 0.036692090 -0.069081992 0.049765773 -0.425010413 0.003915639 0.903810918
1341846104.989984 0.044413924 0.026795371 -0.059222423 0.050890200 -0.411424100 0.006618104 0.909998119
1341846105.021966 0.051714435 0.032822467 -0.073039889 0.052608836 -0.396413863 0.011563352 0.916490376
1341846105.053992 0.046921447 0.029037170 -0.063066795 0.056220733 -0.378100276 0.014494577 0.923942268
1341846105.089855 0.053185161 0.028367201 -0.075343989 0.060960855 -0.362633348 0.016663190 0.929786623
1341846105.121922 0.059178699 0.025236391 -0.067366667 0.064179674 -0.345459133 0.022155274 0.935974419
1341846105.158015 0.052743513 0.034890752 -0.064529784 0.070919819 -0.325878859 0.023365352 0.942458153
1341846105.189943 0.067771107 0.047886483 -0.087818451 0.073582843 -0.310866982 0.022305235 0.947338223
1341846105.222089 0.058284044 0.036085248 -0.068907291 0.072901249 -0.293780148 0.025629241 0.952744305
1341846105.258397 0.057620570 0.034156241 -0.064519443 0.075547405 -0.283726126 0.031463772 0.955406785
1341846105.289917 0.059283905 0.037363753 -0.069767036 0.075821042 -0.274912953 0.037501272 0.957740903
1341846105.321831 0.059271254 0.036658254 -0.064760908 0.073050767 -0.268967897 0.040340800 0.959527194
1341846105.357830 0.054896705 0.033668183 -0.054061677 0.073609814 -0.260370523 0.044625930 0.961663783
1341846105.389824 0.064143285 0.034011904 -0.070037931 0.074890964 -0.252920151 0.046990588 0.963438928
1341846105.425915 0.059062414 0.035517566 -0.068486951 0.075215347 -0.240331277 0.046560686 0.966651738
1341846105.457863 0.067914806 0.028160207 -0.067523897 0.075919256 -0.230419174 0.047391668 0.968967140
1341846105.489902 0.076142251 0.030091992 -0.060754977 0.077330112 -0.220415369 0.046631940 0.971217036
1341846105.525969 0.070051096 0.028906649 -0.057990316 0.079570182 -0.204669580 0.046980374 0.974459767
1341846105.557770 0.090785921 0.032902714 -0.061417557 0.081644952 -0.196018517 0.047578599 0.976036429
1341846105.594012 0.090491675 0.032582413 -0.059720129 0.081077836 -0.184841797 0.048642993 0.978209436
1341846105.626122 0.096886523 0.027532592 -0.056085937 0.083062015 -0.172252119 0.050391927 0.980250239
1341846105.657815 0.100857712 0.031273998 -0.065232038 0.085750744 -0.161681756 0.051602237 0.981755078
1341846105.693879 0.099030562 0.029932730 -0.071529120 0.085984282 -0.146948606 0.052141435 0.984019339
1341846105.726045 0.099184565 0.025327239 -0.078432955 0.087864392 -0.137297377 0.052936904 0.985204041
1341846105.758468 0.107833385 0.032660756 -0.061304718 0.091054581 -0.130352139 0.053565077 0.985823572
1341846105.793970 0.127595022 0.030214265 -0.059590179 0.090653598 -0.121146508 0.050829846 0.987178683
1341846105.825903 0.127523899 0.026114330 -0.060936373 0.090966456 -0.107394017 0.050717965 0.988746285
1341846105.861764 0.117362753 0.028080489 -0.067276105 0.093831055 -0.096993543 0.052863795 0.989440918
1341846105.893922 0.134428754 0.021666527 -0.076725185 0.093882896 -0.083870448 0.053738814 0.990587652
1341846105.925960 0.127284065 0.019455215 -0.065348275 0.097473927 -0.068323247 0.053276375 0.991459727
1341846105.963745 0.118771859 0.033983812 -0.063874923 0.100727439 -0.056904178 0.056542143 0.991674781
1341846106.025952 0.116585046 0.032253392 -0.061300509 0.094906449 -0.037382521 0.041723616 0.993908644
1341846106.061758 0.108281635 0.030809613 -0.066813469 0.094610393 -0.032560494 0.039700236 0.994189441
1341846106.093961 0.116646826 0.033401601 -0.065917350 0.094779782 -0.032751251 0.035267562 0.994334102
1341846106.130133 0.125808120 0.027835976 -0.074238777 0.093933418 -0.026230652 0.029484278 0.994796038
1341846106.161819 0.116722986 0.031950254 -0.060073290 0.095300220 -0.018351279 0.028013283 0.994885087
1341846106.193968 0.117439277 0.035007589 -0.057661768 0.095266975 -0.016440798 0.029485596 0.994879127
1341846106.229889 0.132140160 0.036150467 -0.077014543 0.094795793 -0.013886384 0.029545313 0.994961321
1341846106.261942 0.134527043 0.041198734 -0.065818116 0.093961298 -0.005280603 0.030327903 0.995099783
1341846106.293939 0.124406524 0.036334492 -0.061387151 0.091718808 -0.001355412 0.030514184 0.995316386
1341846106.329961 0.115319595 0.041032940 -0.056115396 0.090687573 -0.000030569 0.026406322 0.995529234
1341846106.361877 0.110909060 0.047332384 -0.057661235 0.087400265 0.000619050 0.014963111 0.996060669
1341846106.398046 0.100577898 0.045127153 -0.052900661 0.081885062 0.001180192 0.000877425 0.996640682
1341846106.429938 0.103785515 0.045255572 -0.057771794 0.077430643 -0.003147095 -0.009349650 0.996948957
1341846106.461886 0.101314776 0.051897809 -0.058337528 0.073199227 -0.008448746 -0.021961983 0.997039676
1341846106.497910 0.126708925 0.037829153 -0.059569899 0.067193307 -0.012001912 -0.033870857 0.997092664
1341846106.529979 0.116463944 0.028368808 -0.059593786 0.067171417 -0.008361256 -0.043049321 0.996777236
1341846106.561925 0.115623191 0.041679777 -0.060974989 0.069718145 -0.009557662 -0.055290412 0.995987475
1341846106.597815 0.122994713 0.038933799 -0.070994481 0.066038549 -0.009013511 -0.074115962 0.995019853
1341846106.632234 0.127747014 0.035574637 -0.072141647 0.062914044 -0.006503984 -0.094222359 0.993539989
1341846106.665869 0.123259418 0.038840808 -0.062172774 0.062984221 -0.004926755 -0.107603632 0.992184520
1341846106.697883 0.129312485 0.036660586 -0.073713474 0.061526559 -0.005544736 -0.121737376 0.990638077
1341846106.729896 0.131384656 0.035036750 -0.071846619 0.060615413 -0.002660119 -0.137808442 0.988598764
1341846106.766032 0.127142519 0.033585433 -0.077348933 0.059865903 0.000140249 -0.150545537 0.986788809
1341846106.797963 0.125527218 0.039456572 -0.073229030 0.059225097 -0.001681030 -0.161735088 0.985053957
1341846106.834113 0.126172885 0.040244155 -0.075607099 0.055238761 -0.004737286 -0.177489638 0.982559741
1341846106.865869 0.130988091 0.032915980 -0.077982880 0.052580215 -0.003792829 -0.190618590 0.980247676
1341846106.897921 0.129268721 0.035318889 -0.071894236 0.053320754 -0.004392665 -0.197253004 0.978891671
1341846106.933929 0.128885195 0.035802092 -0.073314108 0.053752787 -0.004663175 -0.205438569 0.977181613
1341846106.967484 0.130590677 0.038730316 -0.077417217 0.052523553 -0.004221930 -0.214817733 0.975231647
1341846106.999098 0.130518138 0.038490862 -0.075999744 0.050290801 -0.003775246 -0.226626024 0.972675323
1341846107.033909 0.116103917 0.035870112 -0.075518914 0.048738547 -0.004815123 -0.240676716 0.969368935
1341846107.065762 0.128492892 0.037171613 -0.075854234 0.048399176 -0.007343288 -0.255667210 0.965524673
1341846107.101921 0.125204206 0.043688703 -0.068664558 0.045781761 -0.006057508 -0.267708689 0.962392509
1341846107.133974 0.119546913 0.047790647 -0.074402362 0.042062785 -0.009680615 -0.279926509 0.959050715
1341846107.166082 0.119005524 0.048102245 -0.069457747 0.039918110 -0.010872691 -0.294778705 0.954669476
1341846107.202100 0.121466503 0.049557455 -0.069049731 0.037395675 -0.011642004 -0.307351917 0.950789571
1341846107.233799 0.113518976 0.056334648 -0.063284017 0.034974743 -0.013687443 -0.317214370 0.947609901
1341846107.265874 0.110942081 0.051862150 -0.065350384 0.031980634 -0.017647764 -0.329065830 0.943600297
1341846107.301965 0.112133682 0.053644709 -0.066001110 0.031483330 -0.020766534 -0.339655697 0.939793348
1341846107.334002 0.108751364 0.059815958 -0.066191889 0.029623009 -0.024098739 -0.350499481 0.935784101
1341846107.369797 0.108921252 0.056163233 -0.064408392 0.027397288 -0.026409537 -0.365172297 0.930161834
1341846107.401899 0.097324520 0.062096309 -0.067627318 0.027499590 -0.023440324 -0.379403234 0.924525559
1341846107.434304 0.112943254 0.069381051 -0.066839881 0.026435120 -0.027363421 -0.386831552 0.921365201
1341846107.469787 0.106516540 0.067161925 -0.065233007 0.021577032 -0.028103858 -0.395878762 0.917618990
1341846107.502174 0.103515707 0.068324707 -0.067822650 0.019157393 -0.026854163 -0.402651370 0.914758801
1341846107.533946 0.109182030 0.068434060 -0.067398667 0.017060427 -0.026911257 -0.409383565 0.911805809
1341846107.601911 0.097520716 0.072515048 -0.060016513 0.010630479 -0.031984355 -0.425490320 0.904335141
1341846107.637876 0.090897247 0.076866724 -0.064359151 0.010410919 -0.029500971 -0.436136961 0.899336278
1341846107.669757 0.104098409 0.078866705 -0.066023670 0.008805640 -0.031899299 -0.447955877 0.893442988
1341846107.701892 0.101135254 0.082012556 -0.062730804 0.005405542 -0.031372968 -0.457381219 0.888700664
1341846107.737797 0.100354850 0.086194925 -0.061182454 0.003416360 -0.033331372 -0.461280346 0.886621535
1341846107.769837 0.101471759 0.084700108 -0.068019167 0.000121349 -0.033786070 -0.468427330 0.882855773
1341846107.805959 0.097035438 0.092148811 -0.069381125 -0.001096643 -0.031583343 -0.478079766 0.877747715
1341846107.837955 0.102771051 0.091077782 -0.075982429 -0.004878790 -0.032374728 -0.487017781 0.872778177
1341846107.870011 0.095843494 0.095913008 -0.077029482 -0.011190881 -0.025399748 -0.501664698 0.864616692
1341846107.905926 0.085823268 0.092899799 -0.070933379 -0.014454145 -0.019009335 -0.516837716 0.855750263
1341846107.938092 0.104045607 0.092367783 -0.102961265 -0.015288979 -0.016656855 -0.529310346 0.848126948
1341846107.969943 0.113169305 0.100813851 -0.081752785 -0.021970233 -0.008967434 -0.541858256 0.840134799
1341846108.006614 0.115279473 0.105885513 -0.084156036 -0.028211089 -0.007116104 -0.550379932 0.834407210
1341846108.073927 0.109873950 0.106028512 -0.070751235 -0.044707529 0.004325730 -0.571383297 0.819453299
1341846108.106110 0.115603298 0.106273383 -0.073264465 -0.046069603 0.005097212 -0.576635361 0.815685749
1341846108.137977 0.115915440 0.108399443 -0.063667193 -0.047533859 0.006860581 -0.578372955 0.814357519
1341846108.173901 0.114263587 0.108088344 -0.068322420 -0.048956063 0.006728912 -0.581665695 0.811925530
1341846108.205882 0.114604138 0.106744789 -0.081644639 -0.050408389 0.010645263 -0.585930049 0.808722258
1341846108.237836 0.117199250 0.109397180 -0.067650706 -0.052346598 0.014472784 -0.591890454 0.804186583
1341846108.273872 0.116186701 0.112461902 -0.085541859 -0.056973785 0.015955184 -0.596698999 0.800280988
1341846108.305866 0.114489429 0.108283952 -0.078604817 -0.064333342 0.024022508 -0.607310414 0.791491091
1341846108.341858 0.116556771 0.111891896 -0.068380870 -0.065848626 0.027145023 -0.612134576 0.787539423
1341846108.373928 0.116153583 0.111006364 -0.076445304 -0.069994032 0.029045831 -0.614318371 0.785410821
1341846108.406059 0.117208473 0.110002168 -0.074465394 -0.074835464 0.033036344 -0.617600799 0.782225966
1341846108.441881 0.118693858 0.110486984 -0.064814925 -0.075764455 0.033700049 -0.618495107 0.781401217
1341846108.473918 0.112871319 0.107832514 -0.064245269 -0.074815668 0.036500998 -0.617327213 0.782289863
1341846108.506142 0.114507206 0.101728760 -0.063370459 -0.073316403 0.038054053 -0.615016460 0.784175575
1341846108.541923 0.115210012 0.106637232 -0.069824792 -0.073644616 0.040527135 -0.615851521 0.783365130
1341846108.573967 0.105205394 0.103499092 -0.092785090 -0.075235084 0.047086768 -0.620244265 0.779371262
1341846108.609979 0.110695004 0.106832430 -0.074413568 -0.071580321 0.057100948 -0.620666564 0.778709650
1341846108.641701 0.127239019 0.108280942 -0.055577207 -0.066101834 0.054862797 -0.612739861 0.785601974
1341846108.673868 0.103872389 0.109772444 -0.087848611 -0.067646272 0.060161091 -0.610908508 0.786508381
1341846108.710024 0.113462448 0.107036874 -0.073943064 -0.060487933 0.068912975 -0.607641101 0.788900852
1341846108.742835 0.117168970 0.102797970 -0.071953028 -0.056896985 0.072166584 -0.606620729 0.789661944
1341846108.773793 0.111027941 0.102614999 -0.082839467 -0.055164441 0.079100385 -0.606554449 0.789171517
1341846108.810032 0.120639592 0.101107419 -0.071366861 -0.047996704 0.084565431 -0.605889082 0.789584339
1341846108.841885 0.130737603 0.101781279 -0.061843690 -0.043972615 0.086216539 -0.602584362 0.792164922
1341846108.877944 0.120878860 0.100020312 -0.059358165 -0.043794204 0.088166751 -0.601797342 0.792558312
1341846108.909950 0.122194402 0.095052369 -0.059720993 -0.039194096 0.089850396 -0.600507677 0.793587625
1341846108.941882 0.137509227 0.092067614 -0.062781185 -0.035709869 0.089645654 -0.594890475 0.797993600
1341846108.977902 0.135595694 0.089947701 -0.062819675 -0.037717968 0.088236332 -0.592459917 0.799864352
1341846109.009916 0.126092046 0.084050469 -0.061823707 -0.036890149 0.092167482 -0.593178213 0.798926711
1341846109.045986 0.136251867 0.089698970 -0.063919663 -0.032459218 0.094062984 -0.587126970 0.803355753
1341846109.077854 0.135000825 0.086175814 -0.070989385 -0.033708107 0.094391271 -0.585486710 0.804462135
1341846109.109839 0.129632860 0.085437030 -0.066139877 -0.033233564 0.097487479 -0.585857153 0.803842723
1341846109.145865 0.137487337 0.081501827 -0.051407181 -0.027202012 0.097487338 -0.581881762 0.806950986
1341846109.178396 0.136701420 0.082924902 -0.049637578 -0.021985792 0.095735587 -0.575397074 0.811954141
1341846109.209809 0.137232110 0.078268118 -0.047791976 -0.017781015 0.093098916 -0.572108626 0.814682841
1341846109.245810 0.143769652 0.077680856 -0.038005788 -0.006063826 0.089794599 -0.565891385 0.819552958
1341846109.277797 0.149060190 0.078365214 -0.025000744 0.006513277 0.082682312 -0.551376939 0.830123305
1341846109.313909 0.137323990 0.072424375 -0.042497911 0.015905021 0.075516380 -0.540332139 0.837905407
1341846109.345968 0.129471093 0.071085691 -0.053071726 0.023639357 0.073283456 -0.530569434 0.844136715
1341846109.377812 0.130617559 0.074633382 -0.034759581 0.030282257 0.068393856 -0.519888103 0.850953400
1341846109.413820 0.131723911 0.075043052 -0.048443921 0.036412623 0.060510699 -0.506288052 0.859467864
1341846109.445954 0.128611103 0.072148390 -0.058994614 0.039551418 0.057968251 -0.494896799 0.866113484
1341846109.490348 0.135084227 0.068550766 -0.063805044 0.038894448 0.057714384 -0.486330986 0.870998502
1341846109.545959 0.129281729 0.063603334 -0.053383291 0.041457713 0.053168986 -0.469017386 0.880611718
1341846109.581855 0.124506094 0.062302876 -0.051842593 0.044998229 0.051126979 -0.454561114 0.888107777
1341846109.613999 0.130200699 0.064306095 -0.034929387 0.052125234 0.042973325 -0.435974896 0.897419691
1341846109.645963 0.126537040 0.060680531 -0.042081781 0.057592083 0.032493744 -0.414116770 0.907818615
1341846109.681808 0.127016515 0.058998089 -0.047041532 0.063710667 0.025559537 -0.393855453 0.916605473
1341846109.713847 0.122734249 0.058271307 -0.056195129 0.066656575 0.021683741 -0.377825350 0.923219740
1341846109.745831 0.118482091 0.055618286 -0.067280889 0.067355625 0.019719671 -0.366621643 0.927719176
1341846109.781814 0.125803843 0.057040319 -0.067768320 0.069308192 0.016782049 -0.353174299 0.932835817
1341846109.813956 0.118256822 0.054354154 -0.068011098 0.069917001 0.017729608 -0.343717724 0.936298788
1341846109.850256 0.117297731 0.055765219 -0.064207427 0.072038464 0.015643785 -0.333881021 0.939728260
1341846109.913863 0.115752943 0.052023366 -0.073310792 0.077389330 0.010257457 -0.320222110 0.944120467
1341846109.949976 0.117290720 0.053936806 -0.076949269 0.077721953 0.009218677 -0.319393694 0.944384456
1341846109.981998 0.112485923 0.046286419 -0.079824023 0.077515841 0.009235791 -0.319808096 0.944260955
1341846110.017884 0.111792490 0.049918730 -0.074766479 0.080785036 0.007980459 -0.317207396 0.944875419
1341846110.049982 0.107938819 0.038818821 -0.075311229 0.081966765 0.007372208 -0.313601166 0.945981681
1341846110.117943 0.111250937 0.047397137 -0.066972181 0.090406440 0.004047688 -0.299037963 0.949940324
1341846110.150254 0.109339833 0.039600462 -0.076383017 0.089925073 0.002434066 -0.292651504 0.951978266
1341846110.181980 0.115193047 0.040384494 -0.077135667 0.092459805 0.000755144 -0.282279372 0.954865932
1341846110.217907 0.114792801 0.041144315 -0.075471595 0.092584461 -0.000981508 -0.275665790 0.956783950
1341846110.249883 0.120987721 0.041595623 -0.074698597 0.092122026 -0.004502115 -0.266074508 0.959529877
1341846110.286020 0.118502155 0.033967331 -0.077610292 0.093532309 -0.007235750 -0.254685760 0.962462723
1341846110.356025 0.118774652 0.047373451 -0.083270319 0.095708780 -0.009207470 -0.234510928 0.967346728
1341846110.417989 0.114891447 0.041944727 -0.085003711 0.094397150 -0.009908714 -0.223741710 0.970015764
1341846110.449878 0.111864470 0.040268444 -0.085588947 0.095147312 -0.011717571 -0.217688426 0.971298814
1341846110.485899 0.113160037 0.041174218 -0.088223577 0.095704116 -0.013674262 -0.214663535 0.971891582
1341846110.517949 0.114826351 0.039919004 -0.093946368 0.095276736 -0.013982894 -0.213517234 0.972181618
1341846110.554149 0.109165780 0.042018533 -0.091017753 0.095075965 -0.015015755 -0.209760174 0.973003447
1341846110.585896 0.108651370 0.041583188 -0.094206721 0.094953097 -0.018205876 -0.206986606 0.973554790
1341846110.617933 0.113616392 0.042194679 -0.093496896 0.094002798 -0.020358853 -0.203004181 0.974442542
1341846110.653885 0.110891752 0.038472615 -0.092061214 0.092053026 -0.021544071 -0.195459187 0.976144314
1341846110.686533 0.109423138 0.036189605 -0.088685848 0.092988871 -0.025306979 -0.185445413 0.977917492
1341846110.717831 0.126768380 0.043975271 -0.096153647 0.094688699 -0.027444696 -0.174386889 0.979729533
1341846110.753826 0.120018132 0.037768457 -0.096565172 0.092405304 -0.024072001 -0.163187310 0.981963158
1341846110.785789 0.118959136 0.037564784 -0.085883856 0.093519367 -0.024069203 -0.149426535 0.984045982
1341846110.821828 0.125653371 0.041840993 -0.089598387 0.094712764 -0.025315365 -0.137458146 0.985643864
1341846110.853855 0.129064217 0.038784705 -0.089994453 0.093987763 -0.024973255 -0.127095342 0.987111628
1341846110.885864 0.117138162 0.030170841 -0.091014951 0.093607001 -0.021556549 -0.118040733 0.988351882
1341846110.921999 0.116479293 0.037122078 -0.086832151 0.095751122 -0.022152090 -0.109523192 0.989113569
1341846110.953861 0.121884778 0.031577133 -0.087003887 0.094531991 -0.022848442 -0.103455007 0.989868045
1341846110.985986 0.122271866 0.031587280 -0.089496359 0.095032610 -0.020248793 -0.099897087 0.990242064
1341846111.021940 0.122662164 0.041309364 -0.098357901 0.094651729 -0.019953405 -0.096164852 0.990653992
1341846111.053945 0.116961725 0.037096091 -0.094470069 0.090528987 -0.020278590 -0.094672292 0.991176307
1341846111.089856 0.117596135 0.030594908 -0.088519730 0.088596910 -0.021880107 -0.090251125 0.991729081
1341846111.121811 0.114155188 0.032711864 -0.088975430 0.087547712 -0.024402102 -0.082392350 0.992447197
1341846111.153919 0.118034266 0.025026709 -0.083208323 0.087121934 -0.028842455 -0.074728429 0.992972076
1341846111.189911 0.121126391 0.031769440 -0.090710126 0.088298954 -0.031742685 -0.068137750 0.993253708
1341846111.221870 0.123132542 0.040805526 -0.093189240 0.086283818 -0.033358030 -0.060729571 0.993858278
1341846111.258571 0.116713963 0.033008777 -0.094542101 0.081951022 -0.033178400 -0.058095209 0.994388342
1341846111.289825 0.117093369 0.030711841 -0.092006728 0.079693057 -0.033852778 -0.055638853 0.994689584
1341846111.321895 0.115340494 0.017469967 -0.095944658 0.078506812 -0.033873197 -0.052464880 0.994955659
1341846111.357890 0.108692929 0.027446756 -0.095975496 0.080398753 -0.033718400 -0.046541013 0.995104551
1341846111.390567 0.109668761 0.021654062 -0.090604953 0.078380063 -0.036425311 -0.041982252 0.995372951
1341846111.421924 0.124845415 0.024508549 -0.084976695 0.080105647 -0.038715843 -0.037450336 0.995329916
1341846111.457975 0.119338349 0.031876460 -0.090706356 0.080659509 -0.037253592 -0.030955113 0.995564163
1341846111.490354 0.112708934 0.027165052 -0.092334248 0.079187542 -0.039006513 -0.022965513 0.995831490
1341846111.525824 0.126062393 0.021361813 -0.095694125 0.080171160 -0.042541910 -0.014050068 0.995773733
1341846111.557829 0.122150056 0.031605087 -0.089651734 0.081713036 -0.042426273 -0.003300438 0.995746970
1341846111.589761 0.118201122 0.034209676 -0.087234825 0.079849064 -0.044023715 0.007085696 0.995809138
1341846111.625966 0.129295155 0.027952403 -0.085641019 0.077914551 -0.046569105 0.019924551 0.995672464
1341846111.658029 0.135143816 0.029697340 -0.085217349 0.078132093 -0.046209905 0.033204749 0.995317757
1341846111.689871 0.127894029 0.029070368 -0.082423650 0.077706769 -0.044905037 0.043590944 0.995010078
1341846111.725851 0.131541789 0.033159629 -0.083379552 0.076542214 -0.045688614 0.056715347 0.994402945
1341846111.757957 0.140719041 0.032845207 -0.081734419 0.076374404 -0.045994483 0.069768235 0.993571281
1341846111.793921 0.132492274 0.028384930 -0.081622660 0.076041929 -0.043869611 0.080293491 0.992897809
1341846111.825999 0.129670531 0.029475404 -0.081803203 0.075880915 -0.045657847 0.092780851 0.991740465
1341846111.857852 0.140735835 0.021072766 -0.080939747 0.075510405 -0.048069369 0.101937346 0.990755379
1341846111.893939 0.131714866 0.022532750 -0.081656925 0.077674665 -0.046253949 0.107568674 0.990078866
1341846111.925817 0.122841768 0.020918963 -0.087667808 0.076556154 -0.047785815 0.114690304 0.989293575
1341846111.957857 0.131397098 0.010432038 -0.086255223 0.076880611 -0.053572740 0.121354192 0.988176346
1341846111.993917 0.135178611 0.016350519 -0.082596064 0.079865657 -0.055424869 0.128296703 0.986959755
1341846112.025975 0.135062307 0.015560167 -0.083211720 0.079635389 -0.057282981 0.136506930 0.985770106
1341846112.061964 0.138610914 0.009502318 -0.084984057 0.080376975 -0.058829397 0.147324830 0.984059989
1341846112.094004 0.145423949 0.013282178 -0.084203899 0.082269855 -0.060801920 0.160179198 0.981772602
1341846112.125857 0.144129828 0.005572982 -0.080091782 0.083223969 -0.061550308 0.173686132 0.979345918
1341846112.161882 0.149437159 0.002798537 -0.091347247 0.085800126 -0.063967578 0.187549874 0.976407468
1341846112.193903 0.152249798 -0.005179837 -0.094900787 0.089019828 -0.066213965 0.202656537 0.972944796
1341846112.230507 0.151910007 -0.004924724 -0.089644276 0.092922054 -0.068202905 0.212306693 0.970381260
1341846112.261848 0.151156649 0.003434464 -0.088029772 0.095797911 -0.067546599 0.219105601 0.968634546
1341846112.293912 0.155944198 -0.008209070 -0.089120969 0.094962716 -0.067965597 0.229450971 0.966289282
1341846112.329892 0.162997231 -0.016330367 -0.091485128 0.099650711 -0.069922403 0.241326854 0.962778270
1341846112.361751 0.158371061 -0.013355704 -0.091329947 0.104940966 -0.069093548 0.250489354 0.959931552
1341846112.393853 0.158365741 -0.013897408 -0.089805275 0.106583297 -0.068156399 0.255116731 0.958598018
1341846112.429940 0.158952758 -0.015525455 -0.088392138 0.108368523 -0.067162991 0.261512935 0.956742585
1341846112.461839 0.158293024 -0.020784292 -0.088129021 0.110405535 -0.067353822 0.268386781 0.954590321
1341846112.498139 0.158060685 -0.018752204 -0.089805588 0.112352952 -0.067539066 0.274232149 0.952686727
1341846112.530069 0.152730167 -0.018689584 -0.095860645 0.112481736 -0.067293659 0.277507991 0.951739848
1341846112.562160 0.146678701 -0.018627428 -0.101024002 0.111139968 -0.068876989 0.283436894 0.950035453
1341846112.597968 0.157657102 -0.024587972 -0.096488982 0.110609703 -0.073273502 0.294877499 0.946278870
1341846112.630702 0.152485490 -0.019736987 -0.098754197 0.111704357 -0.074471787 0.302194864 0.943744838
1341846112.661861 0.145499915 -0.014997350 -0.102666602 0.109912336 -0.074178010 0.308710754 0.941867530
1341846112.698170 0.152607471 -0.018242666 -0.094420500 0.106145032 -0.074968681 0.319128454 0.938759744
1341846112.729995 0.158514142 -0.019750921 -0.095446318 0.105301127 -0.076423272 0.330356121 0.934845388
1341846112.765875 0.166804582 -0.017146388 -0.085238367 0.105428673 -0.075486809 0.339234799 0.931722164
1341846112.798043 0.185505927 -0.014340824 -0.087916985 0.105264537 -0.071224555 0.352102458 0.927291870
1341846112.829969 0.166227743 -0.017592469 -0.081273459 0.107506260 -0.062236872 0.361907244 0.923900485
1341846112.865900 0.159923390 -0.016258182 -0.092896789 0.106404386 -0.059824374 0.370690614 0.920699537
1341846112.897929 0.164367676 -0.019648248 -0.089295805 0.104551762 -0.059385534 0.378727227 0.917664409
1341846112.935783 0.168580800 -0.019083673 -0.085097507 0.105472304 -0.057118341 0.386583924 0.914421082
1341846112.998277 0.164130792 -0.022993680 -0.089857690 0.103629746 -0.056728259 0.403821498 0.907177508
1341846113.033814 0.170297489 -0.018459108 -0.087088846 0.104591176 -0.055593297 0.409747988 0.904475868
1341846113.072059 0.171691731 -0.017539881 -0.089569047 0.104102045 -0.051810555 0.417501926 0.901205063
1341846113.139948 0.180714309 -0.020149659 -0.090059392 0.103621341 -0.049781349 0.436197519 0.892477512
1341846113.198174 0.178947479 -0.015661296 -0.094992563 0.103971370 -0.041608412 0.457063228 0.882355869
1341846113.233852 0.181722641 -0.017604824 -0.085804395 0.103557095 -0.040973943 0.465960622 0.877768695
1341846113.265850 0.185992360 -0.014642425 -0.082938403 0.104464792 -0.037971027 0.473800510 0.873589396
1341846113.301938 0.186744899 -0.014988767 -0.080907091 0.105000421 -0.033794980 0.485701859 0.867137015
1341846113.333866 0.179312542 -0.012475129 -0.085084811 0.106075570 -0.030431800 0.495750993 0.861424923
1341846113.366028 0.184381872 -0.013480306 -0.085333139 0.104661293 -0.030284084 0.506981075 0.855043352
1341846113.401917 0.187151656 -0.013700906 -0.085862391 0.105262689 -0.028208943 0.517703235 0.848591447
1341846113.433895 0.186017320 -0.012419992 -0.091618076 0.105393566 -0.026883714 0.528567672 0.841894150
1341846113.469984 0.183598518 -0.016367778 -0.090114810 0.104885422 -0.027015664 0.537227213 0.836454511
1341846113.501829 0.198022082 -0.012589381 -0.081594631 0.105542868 -0.027774714 0.545274615 0.831122637
1341846113.533888 0.185715944 -0.018187737 -0.098192438 0.105380736 -0.025396133 0.552399695 0.826501429
1341846113.569800 0.197214752 -0.017463708 -0.096161641 0.104081474 -0.029549742 0.561987519 0.820038974
1341846113.601892 0.196373105 -0.018507902 -0.090308152 0.105135150 -0.029739087 0.566743255 0.816617548
1341846113.634488 0.189982906 -0.016725123 -0.098577604 0.104621023 -0.027583292 0.572016239 0.813075066
1341846113.669776 0.194907412 -0.019305138 -0.096687824 0.101961322 -0.028436285 0.583105147 0.805471122
1341846113.701823 0.208961189 -0.020744691 -0.081616789 0.102114961 -0.030546721 0.594733953 0.796825528
1341846113.737952 0.198862523 -0.021420354 -0.101620346 0.103678793 -0.029011980 0.601376176 0.791679025
1341846113.769790 0.192520440 -0.018551853 -0.114156425 0.101002149 -0.030526696 0.606774747 0.787839472
1341846113.801808 0.202038378 -0.018558506 -0.089634463 0.099180199 -0.032861277 0.613752007 0.782554686
1341846113.837973 0.201055557 -0.019029446 -0.098127641 0.098788679 -0.031492282 0.618686080 0.778766036
1341846113.869842 0.205184758 -0.018907452 -0.103731766 0.096980713 -0.033059813 0.626779735 0.772430539
1341846113.901753 0.201288402 -0.019795612 -0.096069470 0.098225422 -0.032506246 0.633034289 0.767178416
1341846113.937955 0.197187707 -0.018270157 -0.102635130 0.098322660 -0.029816011 0.639372587 0.762001574
1341846113.969840 0.194065318 -0.019368418 -0.116761319 0.095015816 -0.029340737 0.647071481 0.755916357
1341846114.005912 0.202188253 -0.019816667 -0.103993349 0.092483863 -0.030892003 0.653817534 0.750343263
1341846114.043864 0.201669082 -0.017232470 -0.101650596 0.091250166 -0.028126482 0.662100136 0.743307292
1341846114.106082 0.207410172 -0.014863761 -0.108745687 0.089574754 -0.030737115 0.677497923 0.729402602
1341846114.137798 0.201665983 -0.015197620 -0.103351697 0.089880742 -0.030482963 0.679140925 0.727846026
1341846114.170101 0.196941689 -0.016226867 -0.106851704 0.088965051 -0.027698286 0.683134675 0.724323809
1341846114.205882 0.200709790 -0.018121861 -0.119983502 0.086605810 -0.029100716 0.685270488 0.722535074
1341846114.237814 0.205815330 -0.013596104 -0.103278831 0.086395547 -0.032331977 0.686516047 0.721239328
1341846114.273904 0.204450443 -0.017089061 -0.103904516 0.086893864 -0.032709114 0.688642502 0.719132245
1341846114.305813 0.203555971 -0.015346058 -0.112953871 0.086883441 -0.034415279 0.691607177 0.716202736
1341846114.337919 0.202852234 -0.012127970 -0.100232154 0.087558813 -0.035629455 0.692769825 0.714936376
1341846114.374059 0.203763798 -0.015989620 -0.106766835 0.087024271 -0.035211667 0.695257723 0.712603390
1341846114.406296 0.209544525 -0.014813611 -0.112096548 0.086115584 -0.038128201 0.699877203 0.708027005
1341846114.441861 0.208571687 -0.015938081 -0.104559369 0.087061882 -0.040434659 0.700190842 0.707473040
1341846114.473886 0.198330343 -0.016071819 -0.110774547 0.088367544 -0.040033337 0.699902654 0.707619131
1341846114.506009 0.201070383 -0.015579915 -0.117018186 0.086840481 -0.042102791 0.704903424 0.702707052
1341846114.541924 0.204921171 -0.013396181 -0.102632225 0.087737001 -0.045137238 0.706189811 0.701113939
1341846114.573824 0.188870475 -0.019193785 -0.106683604 0.089025125 -0.042406522 0.701130033 0.706181943
1341846114.605897 0.189121455 -0.014276540 -0.119757466 0.085944764 -0.042383149 0.699715376 0.707965791
1341846114.641888 0.201530844 -0.011649839 -0.098482050 0.083838150 -0.046342861 0.701887310 0.705816984
1341846114.673974 0.195429578 -0.010911042 -0.100543484 0.086629830 -0.044634506 0.700486362 0.706980824
1341846114.709730 0.180889353 -0.012177581 -0.122966997 0.085565761 -0.042275641 0.696463168 0.711217523
1341846114.741795 0.194444120 -0.009544134 -0.108797394 0.081702188 -0.045786496 0.692545235 0.715268850
1341846114.773917 0.190107048 -0.007938534 -0.095786177 0.082540549 -0.045472071 0.687995613 0.719570279
1341846114.810044 0.188184723 -0.006046304 -0.101488061 0.083248988 -0.044867285 0.678029716 0.728925347
1341846114.841856 0.181984082 -0.007891295 -0.110472009 0.082439311 -0.044012990 0.663773119 0.742072701
1341846114.873982 0.187199235 -0.010644439 -0.093730122 0.082378186 -0.044819959 0.652693033 0.751795769
1341846114.909807 0.190856576 -0.009465783 -0.080828972 0.087351486 -0.044030502 0.641757131 0.760643661
1341846114.941865 0.198975056 -0.008057189 -0.082975589 0.093716107 -0.043170780 0.636235356 0.764564037
1341846114.977980 0.182431147 -0.007400902 -0.093864307 0.100377932 -0.040169433 0.629077792 0.769786835
1341846115.009784 0.176630944 -0.003713641 -0.099079713 0.102024741 -0.037816945 0.621695817 0.775664330
1341846115.041927 0.176049605 -0.001978613 -0.100955524 0.100581013 -0.035949551 0.611453831 0.784037828
1341846115.077974 0.175941855 -0.004034230 -0.112288728 0.099474296 -0.036745850 0.605947614 0.788404763
1341846115.109710 0.170084000 -0.002598181 -0.105520405 0.100556880 -0.037762318 0.596618831 0.795303941
1341846115.177979 0.147642136 -0.001142040 -0.131637096 0.095407829 -0.034705911 0.571853876 0.814049125
1341846115.209893 0.144724458 -0.000672519 -0.125430495 0.089626491 -0.037905078 0.561597764 0.821667910
1341846115.245960 0.138631061 0.006677879 -0.109402999 0.084566407 -0.036962222 0.551645219 0.828957081
1341846115.277850 0.142235801 0.005158566 -0.111875974 0.076867059 -0.035168655 0.544155657 0.834715068
1341846115.309821 0.129204407 0.011034310 -0.126824349 0.071609177 -0.034018949 0.533043027 0.842365682
1341846115.345985 0.131238312 0.014346037 -0.112143770 0.065899797 -0.034639098 0.520763099 0.850448787
1341846115.377811 0.124807604 0.015741128 -0.117222995 0.062875398 -0.032331932 0.505002081 0.860217571
1341846115.409843 0.117950775 0.016039222 -0.124579027 0.056941081 -0.030573623 0.487411290 0.870777369
1341846115.445793 0.116467275 0.029442821 -0.111755870 0.051358916 -0.031070894 0.464992046 0.883277595
1341846115.478059 0.136185691 0.024702985 -0.101352111 0.048289724 -0.031927422 0.455694884 0.888251603
1341846115.513951 0.138576612 0.027926823 -0.108832009 0.050496891 -0.031679213 0.445613503 0.893238544
1341846115.545891 0.120606065 0.032903705 -0.114655875 0.050562408 -0.030933447 0.433304161 0.899296403
1341846115.577954 0.121551953 0.039117105 -0.108232185 0.047691144 -0.032241736 0.420610249 0.905413210
1341846115.613954 0.121070929 0.037203461 -0.108371824 0.045790069 -0.030814953 0.408745408 0.910978019
1341846115.645824 0.113083646 0.037498254 -0.119733609 0.044660196 -0.031216538 0.394364238 0.917337358
1341846115.681882 0.104384959 0.043182157 -0.121319093 0.041899703 -0.032142662 0.378847003 0.923951447
1341846115.714384 0.101499215 0.048070900 -0.112828091 0.039678071 -0.029330039 0.359471262 0.931850731
1341846115.746144 0.104919471 0.047210522 -0.107406795 0.037011180 -0.027370051 0.347689718 0.936478972
1341846115.781725 0.104877874 0.047228135 -0.113337338 0.034083243 -0.027929096 0.338961750 0.939767659
1341846115.813812 0.107250959 0.054710571 -0.102337889 0.032435648 -0.026491575 0.328014880 0.943743765
1341846115.848050 0.113036141 0.050810847 -0.101779908 0.030580627 -0.022418642 0.316822886 0.947726488
1341846115.881857 0.103025123 0.049347267 -0.114900343 0.028156729 -0.018286968 0.307577074 0.950930655
1341846115.913919 0.100337416 0.050607406 -0.115786724 0.024017422 -0.017652182 0.300186664 0.953414679
1341846115.950006 0.110078320 0.050895721 -0.102491997 0.022199912 -0.016320527 0.290979773 0.956332386
1341846115.982063 0.109285526 0.051453546 -0.108711101 0.021755198 -0.011898703 0.283716440 0.958587527
1341846116.014067 0.106103294 0.049456023 -0.112672128 0.020442480 -0.010673359 0.281010956 0.959427416
1341846116.050272 0.108583875 0.048569679 -0.107435852 0.020658758 -0.011729946 0.275264293 0.961075008
1341846116.081984 0.111344650 0.052082859 -0.109480813 0.022735437 -0.009854859 0.265503317 0.963791490
1341846116.113928 0.098963954 0.052112188 -0.113030039 0.021536509 -0.005751304 0.257421792 0.966041982
1341846116.149901 0.102546632 0.045617484 -0.107157245 0.020061268 -0.008251382 0.252365440 0.967388868
1341846116.181797 0.111003876 0.045866203 -0.103375196 0.022581089 -0.009465826 0.243747368 0.969529629
1341846116.219755 0.105706453 0.053729042 -0.106945381 0.023801483 -0.006153630 0.233631879 0.972014248
1341846116.252587 0.110808387 0.044748172 -0.107645579 0.020826299 -0.006659912 0.229565665 0.973047554
1341846116.282014 0.115699694 0.044953801 -0.099948198 0.023404274 -0.006300294 0.222837746 0.974554181
1341846116.319031 0.107281514 0.052204195 -0.104812644 0.025806908 -0.003750885 0.218880877 0.975403011
1341846116.381987 0.108613387 0.050836634 -0.101326726 0.024304688 -0.001873678 0.211955965 0.976975143
1341846116.417962 0.105796672 0.051078953 -0.106106862 0.024102561 0.000064505 0.207141116 0.978014112
1341846116.449943 0.106061719 0.056638859 -0.105174698 0.023625996 0.000078681 0.199610963 0.979590356
1341846116.486079 0.106121592 0.056662954 -0.107951969 0.022828571 0.002065895 0.188963979 0.981716454
1341846116.517901 0.101201124 0.055813383 -0.109643862 0.021185532 0.003709095 0.180084273 0.983416021
1341846116.549851 0.098986767 0.057783905 -0.109725609 0.019930447 0.002789078 0.169280067 0.985362470
1341846116.585719 0.102857217 0.059075873 -0.104561366 0.018299738 0.002072601 0.159114793 0.987088323
1341846116.617985 0.107377321 0.061406147 -0.106411435 0.015964588 0.003607644 0.152342290 0.988192260
1341846116.653901 0.102355167 0.058069371 -0.104459710 0.014449906 0.004306810 0.150437519 0.988504529
1341846116.686079 0.107138865 0.058100235 -0.103489332 0.014515307 0.003152013 0.149209023 0.988694072
1341846116.717942 0.109010749 0.065554537 -0.106853783 0.016775602 0.005519597 0.146457642 0.989059269
1341846116.753865 0.101337336 0.063504480 -0.107580490 0.014930698 0.007659913 0.145099640 0.989274740
1341846116.785839 0.096584573 0.057317112 -0.107620798 0.014586628 0.006246603 0.141365767 0.989830256
1341846116.818815 0.098997496 0.061986018 -0.105721839 0.017428065 0.005641941 0.131638944 0.991128445
1341846116.853902 0.089271434 0.065523937 -0.108315349 0.016175153 0.007682142 0.124535225 0.992053568
1341846116.886435 0.095106661 0.059869535 -0.105680697 0.014978680 0.004658435 0.118061647 0.992882371
1341846116.921838 0.103920922 0.062836334 -0.104001962 0.017122932 0.002051144 0.110336944 0.993744612
1341846116.953941 0.093669616 0.064241201 -0.106444791 0.017672356 0.003452792 0.102343917 0.994586110
1341846116.985759 0.093954556 0.059424914 -0.106527656 0.017001474 0.001621215 0.096866891 0.995150805
1341846117.021816 0.093799777 0.061203793 -0.101433128 0.018412123 -0.000134570 0.088828459 0.995876729
1341846117.054055 0.087621428 0.059999023 -0.104766548 0.018877158 -0.000710868 0.080743089 0.996555924
1341846117.085953 0.084330462 0.061633583 -0.107170418 0.018741958 -0.002060340 0.073890425 0.997088134
1341846117.121840 0.086854033 0.055500943 -0.100302376 0.018478965 -0.004687196 0.068056777 0.997499287
1341846117.154178 0.082158059 0.058508240 -0.100770444 0.020148693 -0.005446007 0.063732333 0.997748733
1341846117.190028 0.086785704 0.056849036 -0.100599200 0.021215985 -0.007704203 0.060087398 0.997937918
1341846117.221812 0.086046465 0.058947489 -0.100865208 0.022026377 -0.008093227 0.054372951 0.998244882
1341846117.253848 0.084469885 0.057524603 -0.097877868 0.021867368 -0.006637852 0.049484238 0.998513460
1341846117.289976 0.080374226 0.059859447 -0.100015566 0.022204468 -0.007866471 0.049385961 0.998501897
1341846117.321956 0.085062884 0.054621559 -0.097296476 0.022125680 -0.011082557 0.046418678 0.998615503
1341846117.354004 0.096226349 0.058794681 -0.095500492 0.023982586 -0.010242900 0.041731741 0.998788476
1341846117.389874 0.086084008 0.061898243 -0.101695761 0.024024801 -0.007159033 0.039979227 0.998885989
1341846117.421707 0.083941191 0.055151638 -0.102121480 0.022349132 -0.009889628 0.038307961 0.998967052
1341846117.457914 0.092255406 0.053924903 -0.100755364 0.024148658 -0.011504647 0.035658706 0.999005973
1341846117.490067 0.083651148 0.059664786 -0.101392657 0.024570663 -0.008963562 0.031732488 0.999154150
1341846117.521746 0.083502851 0.058575179 -0.099459127 0.022878330 -0.011756876 0.030074568 0.999216616
1341846117.557896 0.083122127 0.052065689 -0.096070215 0.023702050 -0.013876733 0.028376304 0.999219894
1341846117.590027 0.083879665 0.056199614 -0.091432087 0.024988720 -0.014618537 0.027479026 0.999203086
1341846117.621818 0.081807584 0.052586522 -0.095611863 0.024795966 -0.015970292 0.027812321 0.999177933
1341846117.658054 0.084652536 0.049538523 -0.092989102 0.027612498 -0.019123800 0.028374087 0.999032915
1341846117.689984 0.090601802 0.051323816 -0.095889494 0.030416934 -0.019989766 0.027377237 0.998962283
1341846117.725898 0.087318495 0.044282280 -0.090753250 0.031813703 -0.020222858 0.026958391 0.998925507
1341846117.757737 0.087440111 0.039917812 -0.092974402 0.035446793 -0.022085529 0.025671527 0.998797655
1341846117.790023 0.086860090 0.044688519 -0.092559412 0.038059503 -0.023976641 0.023870518 0.998702586
1341846117.825949 0.088504173 0.037474770 -0.096929468 0.038771570 -0.024688577 0.021294372 0.998716056
1341846117.857847 0.094242536 0.039998788 -0.099952124 0.041133869 -0.024378711 0.021220278 0.998630762
1341846117.893987 0.091689095 0.041702658 -0.098566197 0.041668363 -0.024973210 0.024695404 0.998513997
1341846117.925908 0.091347955 0.041558858 -0.096269041 0.041834015 -0.026388729 0.026220340 0.998431802
1341846117.958141 0.099943981 0.043586262 -0.099143572 0.042830132 -0.025743833 0.028083028 0.998355746
1341846117.993978 0.098297365 0.043981086 -0.101618387 0.041635297 -0.023864146 0.031285033 0.998357773
1341846118.025852 0.092899948 0.042152047 -0.099620342 0.040213831 -0.024075400 0.033194393 0.998349309
1341846118.058362 0.098238729 0.040100098 -0.097279757 0.039892621 -0.024756823 0.035541963 0.998264670
1341846118.093970 0.101187468 0.040751182 -0.099146657 0.040165965 -0.023788454 0.037013296 0.998223841
1341846118.125943 0.094880633 0.044943031 -0.097538255 0.039811868 -0.023422955 0.038089007 0.998206198
1341846118.161827 0.097253002 0.036705825 -0.098777734 0.038648512 -0.024511728 0.037844893 0.998235047
1341846118.194750 0.103377894 0.038175706 -0.096191570 0.040557027 -0.023783708 0.037406001 0.998193443
1341846118.226048 0.096928425 0.039800521 -0.092923060 0.040984172 -0.021610545 0.037417177 0.998225033
1341846118.261772 0.102534860 0.036145296 -0.095984325 0.041433904 -0.022548281 0.038216569 0.998155475
1341846118.294053 0.107459903 0.036008298 -0.094125107 0.043147445 -0.022112831 0.038655650 0.998075724
1341846118.336123 0.104391590 0.039045602 -0.098607309 0.044434581 -0.020447910 0.038986314 0.998041868
1341846118.362053 0.105053812 0.039004084 -0.100261986 0.043646425 -0.020619867 0.038509313 0.998091578
1341846118.393906 0.107740998 0.036162008 -0.093650736 0.043467119 -0.019888459 0.037413310 0.998155951
1341846118.429882 0.106410347 0.037660562 -0.097121321 0.044084158 -0.017816156 0.037832227 0.998152256
1341846118.461821 0.098936282 0.043652445 -0.096977621 0.043897882 -0.017702574 0.037956275 0.998157799
1341846118.509152 0.110860370 0.039221436 -0.091521472 0.042446271 -0.020518582 0.039138019 0.998120964
1341846118.535838 0.104067683 0.038263585 -0.092723764 0.042917419 -0.018184692 0.038530756 0.998169720
1341846118.567808 0.100482069 0.042178225 -0.097530507 0.042520408 -0.018065024 0.040082179 0.998127759
1341846118.603991 0.107579358 0.035779659 -0.093681961 0.041213416 -0.021017296 0.040525492 0.998106897
1341846118.635802 0.107066259 0.034675013 -0.090301454 0.043554313 -0.018318960 0.039202254 0.998113573
1341846118.667919 0.105307467 0.038309265 -0.098653361 0.043541539 -0.017190259 0.041025419 0.998060882
1341846118.703956 0.106005795 0.035433762 -0.093384378 0.043015428 -0.018714210 0.041849844 0.998022079
1341846118.735837 0.111627795 0.035127539 -0.093974657 0.044649892 -0.017941713 0.041794915 0.997966766
1341846118.772013 0.105330311 0.038696647 -0.100483060 0.044667419 -0.015309274 0.042506676 0.997979760
1341846118.804343 0.106230736 0.036799069 -0.096602023 0.043970589 -0.016290918 0.043802705 0.997939110
1341846118.835817 0.106144845 0.036774471 -0.095187858 0.045668442 -0.015581168 0.043111566 0.997904301
1341846118.872045 0.108745247 0.045576859 -0.094880924 0.046727929 -0.015614837 0.045047641 0.997769177
1341846118.903860 0.106582649 0.037144616 -0.096232451 0.045033012 -0.015712600 0.043770399 0.997902453
1341846118.935809 0.107267708 0.036793001 -0.095389642 0.045211669 -0.015241068 0.041843839 0.997984350
1341846118.971870 0.106745563 0.035800051 -0.092187546 0.046053067 -0.014030334 0.041675918 0.997970641
1341846119.003949 0.108012781 0.035209067 -0.091853172 0.046099853 -0.015007799 0.043797784 0.997863412
1341846119.035768 0.121653818 0.030920895 -0.094782919 0.048507113 -0.015810398 0.045823418 0.997645855
1341846119.071829 0.120683700 0.033430640 -0.096571617 0.052376013 -0.012219540 0.048098586 0.997393608
1341846119.103837 0.117096208 0.037851624 -0.097675979 0.053665385 -0.011594456 0.050525669 0.997212470
1341846119.136478 0.119841956 0.035873361 -0.096268393 0.054118715 -0.012023777 0.049499121 0.997234404
1341846119.171928 0.123659760 0.031219091 -0.102180690 0.055582833 -0.010663694 0.049150888 0.997186542
1341846119.203919 0.119912617 0.036166165 -0.100148350 0.058127198 -0.008986578 0.051241275 0.996952713
1341846119.266059 0.121138513 0.031112900 -0.100429773 0.059068874 -0.014119872 0.057596806 0.996490896
1341846119.297817 0.121843047 0.035214443 -0.099305585 0.060347486 -0.014776699 0.058565516 0.996348262
1341846119.334095 0.119966626 0.033772979 -0.103968874 0.059056751 -0.016119925 0.059686925 0.996338248
1341846119.365757 0.125403523 0.029657133 -0.100753605 0.059845440 -0.019455045 0.062262766 0.996073961
1341846119.401815 0.125279009 0.029566254 -0.101417504 0.061635572 -0.020041347 0.063126437 0.995898783
1341846119.434863 0.127913028 0.032860484 -0.103108659 0.062209979 -0.019696245 0.061543204 0.995969057
1341846119.465868 0.128247976 0.030162487 -0.102613181 0.061834127 -0.018553797 0.060370706 0.996086180
1341846119.501761 0.130745634 0.026510268 -0.103987791 0.062724657 -0.018191766 0.060653497 0.996019959
1341846119.533772 0.128225893 0.027766883 -0.103022732 0.064112939 -0.017394053 0.060628589 0.995947361
1341846119.565854 0.130872592 0.031145966 -0.102564484 0.064549305 -0.017961655 0.060308713 0.995928526
