1341846647.802247 0.000000000 0.000000000 0.000000000 0.000000000 0.000000000 0.000000000 1.000000000
1341846647.834093 0.003207480 -0.001410833 -0.002000279 0.000460271 -0.000146253 0.001452293 0.999998808
1341846647.866652 0.005458618 0.000136863 -0.006367245 0.002089381 0.002054784 0.003005565 0.999991179
1341846647.901972 0.012035000 0.003779386 -0.004735218 0.002598719 0.003399508 0.003633572 0.999984264
1341846647.934224 0.006769827 0.003609089 -0.006788084 0.001337655 0.004445922 0.003646220 0.999982595
1341846647.970225 0.006353964 0.018207192 0.002710602 0.003366443 0.003143278 0.002729816 0.999985635
1341846648.002341 0.005710328 0.025173437 0.000933386 0.003721773 0.002607540 0.002618568 0.999986231
1341846648.034343 0.001037087 0.025546804 -0.000545033 0.001503418 0.002257495 0.002062282 0.999994218
1341846648.070164 0.007251231 0.018121839 0.000815403 -0.000972993 -0.001803530 0.003223016 0.999992728
1341846648.102152 0.011990297 0.019217484 0.000743562 0.000107514 -0.005665275 0.004006534 0.999975920
1341846648.138185 0.018439371 0.023660449 -0.004657656 0.000063216 -0.007836880 0.004300816 0.999960005
1341846648.170568 0.011412759 0.023918476 -0.006984332 -0.002890983 -0.008292540 0.002982167 0.999956965
1341846648.202106 0.008081414 0.015973091 -0.008820474 -0.005444499 -0.012031569 0.002842910 0.999908745
1341846648.238157 0.009997362 0.018975969 -0.008135253 -0.004004906 -0.017178662 0.002918976 0.999840140
1341846648.270152 0.025742637 0.021736160 -0.009015218 -0.006089862 -0.025075853 0.001394882 0.999666035
1341846648.302183 0.028147353 0.019839371 -0.009663291 -0.011682574 -0.030143647 -0.003240988 0.999472082
1341846648.338170 0.028013323 0.016014457 -0.009412522 -0.015458971 -0.034881502 -0.006274065 0.999252200
1341846648.370216 0.024301928 0.012015669 -0.021747254 -0.017866395 -0.041001350 -0.008248464 0.998965323
1341846648.406052 0.024470627 0.013132681 -0.020443283 -0.019038575 -0.051114611 -0.007650691 0.998481989
1341846648.438342 0.040632367 0.010012612 -0.016721252 -0.019733001 -0.059775084 -0.004650376 0.998005927
1341846648.470076 0.036387585 0.015340833 -0.024812881 -0.019617898 -0.064195909 -0.004015450 0.997736394
1341846648.506263 0.039545082 0.010968986 -0.025524545 -0.023644263 -0.070776790 -0.003745512 0.997204840
1341846648.538249 0.065807082 0.009609461 -0.017975282 -0.027234463 -0.081742100 -0.004521560 0.996271074
1341846648.570179 0.075571984 0.015996763 -0.009836886 -0.029313363 -0.085902579 -0.004576792 0.995861709
1341846648.606081 0.072578825 0.011886630 -0.012061559 -0.032258555 -0.088756420 -0.005873620 0.995513558
1341846648.638395 0.070660219 0.006748575 -0.000621106 -0.033417754 -0.098969266 -0.007450847 0.994501293
1341846648.674053 0.077294901 0.014704574 -0.002213701 -0.030265355 -0.103477024 -0.008650584 0.994133651
1341846648.706058 0.097698495 0.006670150 -0.013158711 -0.032828417 -0.113372616 -0.006496453 0.992988765
1341846648.738116 0.102727264 0.008330423 -0.003796393 -0.032696467 -0.123404294 -0.006132508 0.991798699
1341846648.774049 0.086467326 0.021554545 0.005922879 -0.027532430 -0.123283289 -0.008073324 0.991956651
1341846648.805941 0.083046831 0.012572270 -0.007742682 -0.027674545 -0.124841772 -0.005404625 0.991775870
1341846648.838602 0.118772104 0.008162950 -0.000974571 -0.029733246 -0.139310449 -0.002454213 0.989799201
1341846648.874088 0.121748626 0.009188935 -0.001834534 -0.031262148 -0.142502055 -0.003692743 0.989293814
1341846648.906165 0.128768429 0.003422118 0.011128524 -0.034333464 -0.149828956 -0.002805319 0.988111675
1341846648.942154 0.149790600 -0.000331071 0.016194720 -0.035226621 -0.169772714 0.000925764 0.984853029
1341846648.974090 0.154221192 0.011276008 -0.007198166 -0.035152748 -0.178636700 -0.000623287 0.983286738
1341846649.006157 0.154839218 0.008419466 0.013789035 -0.038956318 -0.182681695 -0.004907153 0.982387781
1341846649.042101 0.165071011 0.003431276 0.018901102 -0.039472096 -0.192971542 -0.003111194 0.980405152
1341846649.074128 0.166785136 0.014682319 0.011864744 -0.039266665 -0.199819192 -0.009749546 0.978997111
1341846649.106188 0.160588369 0.017530803 0.010545194 -0.041603539 -0.198526144 -0.017882584 0.979048848
1341846649.142042 0.173925504 0.011495803 0.030020356 -0.045221187 -0.203886554 -0.022170959 0.977698147
1341846649.174442 0.177083001 0.014887711 0.027273510 -0.046601117 -0.209448218 -0.026990861 0.976335645
1341846649.216152 0.181239575 0.019611659 0.033100866 -0.046850022 -0.210505828 -0.030617429 0.975989223
1341846649.248048 0.192553028 0.005387748 0.033787094 -0.051472452 -0.211829096 -0.027384609 0.975566030
1341846649.280075 0.204675183 0.008898364 0.034935534 -0.054621533 -0.216515929 -0.026516981 0.974389136
1341846649.316071 0.209135741 0.006689280 0.039550189 -0.059875730 -0.217567250 -0.028216491 0.973798335
1341846649.348041 0.217005700 -0.002790800 0.072081804 -0.063577734 -0.222695529 -0.024245424 0.972510517
1341846649.383973 0.219755605 -0.006039399 0.065701693 -0.062809899 -0.226417929 -0.019773435 0.971801877
1341846649.416053 0.224268213 0.002562104 0.059370581 -0.061790068 -0.226590022 -0.023151096 0.971752524
1341846649.448084 0.227803007 0.002490033 0.055183243 -0.066264972 -0.222865477 -0.026942082 0.972221196
1341846649.484154 0.231266245 -0.007067793 0.067177430 -0.070738249 -0.226043805 -0.024630902 0.971233070
1341846649.516198 0.233900532 -0.006381020 0.074328676 -0.069517940 -0.228173733 -0.028061381 0.970729947
1341846649.552101 0.235371754 -0.004118762 0.072265640 -0.067208529 -0.225898296 -0.032672647 0.971280336
1341846649.616167 0.258085400 -0.017764833 0.084730111 -0.069147669 -0.232430905 -0.024314310 0.969847023
1341846649.678101 0.268057525 -0.021244101 0.091308564 -0.068354398 -0.235652030 -0.027065519 0.969052732
1341846649.710937 0.275166065 -0.024792995 0.093490079 -0.067878336 -0.242455900 -0.025642384 0.967445135
1341846649.746112 0.283441722 -0.021241561 0.099739596 -0.065026954 -0.249931335 -0.029402573 0.965629995
1341846649.778019 0.287069976 -0.023183355 0.100582287 -0.063366644 -0.254311621 -0.031220715 0.964538991
1341846649.810257 0.299366772 -0.027522409 0.084037557 -0.062808916 -0.262366295 -0.030173499 0.962449253
1341846649.846059 0.309842110 -0.021365602 0.062856629 -0.063126631 -0.270494223 -0.032562099 0.960097730
1341846649.878137 0.313818812 -0.016405802 0.090072103 -0.067883290 -0.277631998 -0.034082640 0.957679868
1341846649.914184 0.315261602 -0.024645388 0.117945619 -0.068673462 -0.284945071 -0.030309360 0.955600142
1341846649.952612 0.324272454 -0.017198076 0.104393810 -0.065245807 -0.287102520 -0.027541528 0.955278277
1341846650.014156 0.343751132 -0.021218743 0.127654254 -0.066545352 -0.293160021 -0.017522855 0.953583717
1341846650.046184 0.350802481 -0.015544591 0.131777465 -0.064487129 -0.296325833 -0.015875308 0.952775121
1341846650.078250 0.359309077 -0.015462075 0.144395262 -0.062801003 -0.296618581 -0.016681790 0.952782869
1341846650.114215 0.365286797 -0.020643177 0.142135650 -0.062257543 -0.296526432 -0.013151643 0.952902496
1341846650.146137 0.372187674 -0.025025599 0.154858857 -0.061257455 -0.300327569 -0.011630027 0.951795995
1341846650.182236 0.381421208 -0.019201528 0.154876769 -0.055635028 -0.300287277 -0.013825188 0.952124536
1341846650.214164 0.386656046 -0.025521737 0.150147229 -0.055205587 -0.298817247 -0.013027113 0.952623129
1341846650.246084 0.391116738 -0.031797167 0.157746449 -0.057950225 -0.300515801 -0.013114612 0.951924384
1341846650.282167 0.394024283 -0.032932986 0.176141992 -0.054988716 -0.300450534 -0.015514831 0.952084541
1341846650.314158 0.401597947 -0.032060858 0.150047913 -0.050934955 -0.295289993 -0.019918740 0.953841031
1341846650.350453 0.406137913 -0.037238285 0.144541100 -0.053511728 -0.295119911 -0.020823006 0.953733265
1341846650.382075 0.407175690 -0.035393387 0.156632632 -0.054343980 -0.295803308 -0.024293916 0.953392327
1341846650.414224 0.410660177 -0.044715680 0.177744508 -0.054102316 -0.293386579 -0.023702716 0.954167426
1341846650.450353 0.401928902 -0.041846909 0.161785558 -0.051981274 -0.286312938 -0.022493472 0.956460595
1341846650.484849 0.401482224 -0.034598585 0.159302503 -0.052363817 -0.283332318 -0.025239442 0.957258523
1341846650.514091 0.403682381 -0.042385716 0.178982288 -0.054061480 -0.279181808 -0.026356325 0.958352864
1341846650.550746 0.397264510 -0.046092495 0.190441996 -0.049707480 -0.272807837 -0.024820032 0.960462928
1341846650.582069 0.385873377 -0.041198175 0.177268341 -0.044209342 -0.264942616 -0.025554957 0.962911189
1341846650.618092 0.379291177 -0.040813774 0.169238254 -0.044036072 -0.258547753 -0.028622165 0.964569688
1341846650.650422 0.368624806 -0.038119078 0.171374083 -0.042385168 -0.250858516 -0.032280911 0.966556489
1341846650.682114 0.358287722 -0.040611416 0.163855135 -0.041300800 -0.243198588 -0.034588963 0.968479395
1341846650.718110 0.351525217 -0.044923004 0.154771164 -0.041481256 -0.237298951 -0.036508013 0.969863772
1341846650.750112 0.342536181 -0.040986203 0.164320752 -0.040012423 -0.230689332 -0.038945604 0.971424043
1341846650.782116 0.328720212 -0.048391018 0.170650810 -0.040139716 -0.220279157 -0.037060864 0.973905742
1341846650.818115 0.310044885 -0.053350635 0.153575212 -0.037569061 -0.214081332 -0.035844736 0.975434721
1341846650.850139 0.304036170 -0.043729652 0.134542346 -0.034992959 -0.208872229 -0.037410755 0.976600409
1341846650.886238 0.296815515 -0.040993080 0.142222583 -0.036241554 -0.198156074 -0.039360441 0.978709042
1341846650.918288 0.278571159 -0.043345869 0.139180362 -0.036738027 -0.186067745 -0.038054734 0.981112063
1341846650.950233 0.262366325 -0.038983986 0.124164052 -0.035113204 -0.177517176 -0.035678674 0.982843697
1341846650.986247 0.254998088 -0.044674970 0.134166211 -0.037573501 -0.168911919 -0.032467462 0.984379411
1341846651.050482 0.223551214 -0.045493443 0.101240672 -0.035811946 -0.147599593 -0.025808979 0.988061607
1341846651.086169 0.216837004 -0.035572972 0.107830644 -0.037759431 -0.141025588 -0.026773451 0.988923252
1341846651.118423 0.205695048 -0.051843248 0.110762388 -0.040345225 -0.130825162 -0.021232488 0.990356624
1341846651.154189 0.195228234 -0.052000958 0.101104483 -0.036375310 -0.123775743 -0.017672485 0.991485775
1341846651.186391 0.182374194 -0.052784763 0.088350475 -0.038034152 -0.116966568 -0.014727775 0.992298007
1341846651.218036 0.169994846 -0.049074836 0.082104996 -0.039118990 -0.111024417 -0.015297832 0.992929637
1341846651.254031 0.159916967 -0.050602209 0.084046535 -0.039905142 -0.105625935 -0.013876840 0.993508041
1341846651.286406 0.145435318 -0.048271976 0.076508924 -0.041054480 -0.099417508 -0.015872620 0.994071782
1341846651.318309 0.126972452 -0.050454594 0.078243092 -0.042545035 -0.093368188 -0.018497976 0.994550228
1341846651.354135 0.114785507 -0.042689763 0.073021829 -0.039757654 -0.086837374 -0.022289526 0.995179296
1341846651.386180 0.102004029 -0.046468440 0.072660565 -0.039733332 -0.078966074 -0.021097550 0.995861709
1341846651.422237 0.087156132 -0.053433418 0.066530257 -0.041220997 -0.075455964 -0.020532945 0.996085167
1341846651.492135 0.063898452 -0.044410586 0.053408410 -0.042531781 -0.066138960 -0.029383415 0.996470392
1341846651.560316 0.040401269 -0.050852176 0.057784405 -0.040106870 -0.048080482 -0.029828720 0.997592092
1341846651.622176 0.021279534 -0.054866537 0.044013966 -0.032182068 -0.037289016 -0.030957315 0.998306334
1341846651.654223 0.000987370 -0.054561038 0.037895072 -0.028420242 -0.032077808 -0.030049546 0.998629212
1341846651.690127 -0.003623199 -0.055163473 0.030331820 -0.024302095 -0.030059649 -0.026778338 0.998893797
1341846651.722318 -0.015122708 -0.058230691 0.021221772 -0.021484910 -0.025812186 -0.024430895 0.999137282
1341846651.754212 -0.027166553 -0.051461414 0.016256742 -0.018871114 -0.021814955 -0.023068538 0.999317706
1341846651.790200 -0.047449261 -0.042850528 0.000474262 -0.018806569 -0.014132569 -0.024599848 0.999420583
1341846651.822233 -0.065558456 -0.048017342 0.002938983 -0.019191584 -0.006893018 -0.023507558 0.999515653
1341846651.858213 -0.086485438 -0.049645644 0.008224243 -0.010127569 -0.000368338 -0.020064874 0.999747336
1341846651.890237 -0.100429349 -0.045794871 -0.004794991 -0.002169382 0.005911849 -0.017591851 0.999825418
1341846651.922186 -0.097591996 -0.051251650 -0.024785370 -0.001905444 0.008459168 -0.013936060 0.999865294
1341846651.958047 -0.120932505 -0.050203905 -0.025058297 0.000287966 0.013159581 -0.013024989 0.999828517
1341846651.990020 -0.143930659 -0.048708934 -0.015969107 0.007210011 0.021146642 -0.010861668 0.999691367
1341846652.022081 -0.159094647 -0.042365316 -0.021599680 0.014097375 0.025974099 -0.005695984 0.999547005
1341846652.058058 -0.147316843 -0.038187414 -0.040495772 0.014238387 0.024521619 -0.000372488 0.999597847
1341846652.090106 -0.166437700 -0.032999825 -0.038060360 0.012774618 0.028118603 -0.003794030 0.999515772
1341846652.126257 -0.184221044 -0.032059919 -0.034783240 0.010856373 0.033621721 -0.005448353 0.999360859
1341846652.158232 -0.189306110 -0.037124466 -0.040641788 0.008055520 0.035085179 -0.002108745 0.999349654
1341846652.190049 -0.198956177 -0.041721825 -0.047857083 0.007412952 0.037476406 -0.004949091 0.999257803
1341846652.225981 -0.197719976 -0.046367247 -0.045517951 0.007959203 0.043763068 -0.005439852 0.998995423
1341846652.258089 -0.225775018 -0.045965772 -0.038553856 0.009942703 0.052661143 -0.001926512 0.998561084
1341846652.290189 -0.247453570 -0.049215630 -0.036356106 0.013011684 0.055159070 0.001324291 0.998391926
1341846652.326148 -0.256307602 -0.050461166 -0.042432837 0.020052429 0.057596244 0.002468747 0.998135448
1341846652.358184 -0.258940339 -0.040456504 -0.046969004 0.023905382 0.060371865 0.004625613 0.997878909
1341846652.394279 -0.272843450 -0.044044066 -0.033957943 0.024062773 0.062365640 0.004228318 0.997754276
1341846652.426287 -0.281562984 -0.049365800 -0.039909407 0.025187245 0.065110274 0.003497928 0.997554064
1341846652.458277 -0.301335156 -0.051683627 -0.049820658 0.027509846 0.070881866 0.002899610 0.997101068
1341846652.494100 -0.316144496 -0.046226658 -0.048884556 0.031012487 0.074643977 0.003219858 0.996722698
1341846652.526469 -0.320671141 -0.040688202 -0.051748879 0.031313878 0.078498140 0.002003595 0.996420324
1341846652.562089 -0.331497133 -0.051703434 -0.057104923 0.030456461 0.085889950 0.000290824 0.995839000
1341846652.594254 -0.347788364 -0.045492679 -0.055910636 0.033916295 0.099317700 -0.000860563 0.994477212
1341846652.626356 -0.345776618 -0.052685067 -0.046111144 0.034544159 0.109961249 0.000352290 0.993335366
1341846652.662152 -0.335962027 -0.048142422 -0.077065244 0.035471775 0.126698077 -0.004139264 0.991298258
1341846652.694113 -0.330944806 -0.045455225 -0.092122741 0.033944611 0.151055306 -0.007914735 0.987910628
1341846652.726378 -0.319446743 -0.061790578 -0.088077568 0.034465741 0.177184612 -0.007717118 0.983543694
1341846652.762129 -0.348391384 -0.042194992 -0.078492120 0.036433928 0.207377374 -0.011064937 0.977519691
1341846652.794152 -0.371070415 -0.052389666 -0.061389729 0.032537837 0.242018670 -0.012005912 0.969651520
1341846652.830250 -0.388460070 -0.048896015 -0.039186731 0.032153454 0.273500532 -0.013217124 0.961243391
1341846652.862014 -0.387221009 -0.044143677 -0.029659674 0.031743471 0.291276783 -0.011467004 0.956043243
1341846652.894426 -0.384905338 -0.050159398 -0.031052455 0.030398631 0.308251500 -0.008554413 0.950780630
1341846652.930346 -0.387269795 -0.051957145 -0.018999010 0.031971999 0.327608377 -0.005376162 0.944257200
1341846652.962213 -0.411818445 -0.044131070 -0.001065210 0.032190319 0.346280098 -0.006038071 0.937559307
1341846653.030292 -0.396076024 -0.051892214 0.013385206 0.025590036 0.375363082 -0.004864000 0.926511765
1341846653.062672 -0.416412234 -0.058315061 0.022414580 0.028018057 0.391540557 -0.001918984 0.919732153
1341846653.099024 -0.406370342 -0.040492155 0.033757538 0.028977754 0.405805707 -0.002596781 0.913496196
1341846653.130475 -0.411143005 -0.047848411 0.043865412 0.024456371 0.423965961 -0.003304132 0.905341864
1341846653.162620 -0.421591043 -0.054219611 0.046066120 0.023538435 0.439471751 -0.001806226 0.897946119
1341846653.198437 -0.437789351 -0.053166088 0.058300391 0.024304979 0.452944875 0.001248261 0.891206264
1341846653.230042 -0.431112349 -0.056281589 0.064518541 0.025282776 0.464666545 0.004195837 0.885114789
1341846653.298380 -0.432239532 -0.050571047 0.077565253 0.025412206 0.490533471 0.008250434 0.871012628
1341846653.330162 -0.432533443 -0.046716742 0.087574169 0.025154222 0.502652287 0.010064940 0.864064038
1341846653.366319 -0.460933626 -0.046026781 0.101486266 0.024375841 0.514818728 0.013608522 0.856844366
1341846653.398226 -0.454062939 -0.050088007 0.114658594 0.024050081 0.524000883 0.017151417 0.851205289
1341846653.430060 -0.475869715 -0.046394415 0.146563768 0.025815975 0.535634935 0.017706668 0.843869209
1341846653.466341 -0.481826723 -0.045285426 0.147106066 0.027385224 0.540876806 0.016015325 0.840503335
1341846653.498194 -0.483089149 -0.044456944 0.147434905 0.027772436 0.545530856 0.015315983 0.837490380
1341846653.530205 -0.484356821 -0.043831833 0.147030428 0.027620936 0.547340333 0.013056247 0.836352289
1341846653.566601 -0.486103714 -0.043701172 0.147741988 0.027972220 0.548724234 0.010815881 0.835465312
1341846653.598213 -0.484247684 -0.044761147 0.146198064 0.027750803 0.549119115 0.011304223 0.835206747
1341846653.634793 -0.483103335 -0.044290245 0.147333801 0.028070485 0.547859967 0.012209676 0.836009800
1341846653.666143 -0.487997741 -0.042436928 0.145448342 0.028991694 0.546261966 0.013320166 0.837006509
1341846653.698738 -0.486486852 -0.043833598 0.145739153 0.027615547 0.542767286 0.014830028 0.839297950
1341846653.734313 -0.483952999 -0.045247838 0.147850573 0.024343893 0.537558556 0.015171299 0.842738390
1341846653.766275 -0.504124820 -0.039796848 0.148944899 0.024468416 0.535234988 0.017220663 0.844173074
1341846653.802358 -0.506981194 -0.037866633 0.139237374 0.023256054 0.529723465 0.018317640 0.847653627
1341846653.834226 -0.502986193 -0.035994202 0.142427444 0.022954596 0.520270288 0.018963087 0.853482485
1341846653.866214 -0.505343914 -0.037919328 0.139222533 0.021718571 0.514139533 0.018855317 0.857224166
1341846653.902170 -0.499895096 -0.041046087 0.139669672 0.021079360 0.506197810 0.022119511 0.861875951
1341846653.934160 -0.496159613 -0.041260481 0.143025741 0.018822301 0.498431146 0.021398192 0.866460741
1341846653.966155 -0.501986623 -0.040484048 0.139354602 0.016657054 0.491350621 0.019785708 0.870577753
1341846654.002169 -0.499253094 -0.041431889 0.139824346 0.012797343 0.482775539 0.019866891 0.875425220
1341846654.034140 -0.499380171 -0.040787730 0.142231956 0.009180198 0.475002259 0.019383248 0.879723191
1341846654.070172 -0.488983631 -0.044775151 0.145140573 0.010467439 0.464371830 0.021492774 0.885317624
1341846654.102438 -0.489038527 -0.041642815 0.140386239 0.014779512 0.453850836 0.021884091 0.890686274
1341846654.134349 -0.482286632 -0.046115544 0.148502633 0.018528994 0.443539292 0.022028774 0.895792544
1341846654.170244 -0.491079837 -0.042619944 0.145192996 0.021322234 0.432160497 0.020968966 0.901300728
1341846654.202087 -0.488906026 -0.043111704 0.145834193 0.023111483 0.415724069 0.017898148 0.909020901
1341846654.234434 -0.485854208 -0.044209264 0.147031218 0.024571961 0.406907946 0.015049851 0.913014591
1341846654.270041 -0.489617050 -0.044121034 0.125469908 0.025153494 0.394671947 0.013999933 0.918371022
1341846654.302117 -0.491221339 -0.043161117 0.118564516 0.024976337 0.378274739 0.012196187 0.925275981
1341846654.338026 -0.463504821 -0.046250533 0.112965107 0.023771742 0.366700202 0.011345233 0.929966211
1341846654.369979 -0.476526767 -0.044311985 0.124625131 0.024225591 0.358779728 0.013379194 0.933011889
1341846654.402172 -0.513267219 -0.044127136 0.131257340 0.026019583 0.344675124 0.014647620 0.938247025
1341846654.438133 -0.447564840 -0.029250646 0.109710008 0.025702039 0.319949269 0.011562018 0.947015405
1341846654.470186 -0.449130803 -0.033156060 0.121059954 0.022368083 0.311441898 0.010834281 0.949940145
1341846654.502267 -0.481336951 -0.033908289 0.111361861 0.023234740 0.297206938 0.012879891 0.954443455
1341846654.539064 -0.418569535 -0.040546034 0.084904566 0.022166951 0.270009637 0.010694773 0.962543011
1341846654.570053 -0.404663265 -0.040224101 0.082697727 0.018977642 0.264412701 0.007922728 0.964190304
1341846654.606030 -0.405172795 -0.037626207 0.097726889 0.018980091 0.248657316 0.004957658 0.968392849
1341846654.637980 -0.401064992 -0.044986878 0.086760484 0.022079434 0.228039160 0.006251730 0.973381519
1341846654.670155 -0.381365269 -0.045554597 0.066881001 0.024923164 0.219356313 0.006182392 0.975306869
1341846654.706022 -0.379565954 -0.043692030 0.089678586 0.027609017 0.207317069 0.006202120 0.977864444
1341846654.738497 -0.358015835 -0.050055481 0.033746593 0.031615078 0.183804274 0.010307641 0.982400239
1341846654.774056 -0.330502480 -0.033806626 0.020408750 0.034694757 0.173272461 0.012317757 0.984185576
1341846654.806040 -0.344648898 -0.037461601 0.008379683 0.032345999 0.163733363 0.012606904 0.985893607
1341846654.838060 -0.343220502 -0.045896143 0.003225550 0.031504896 0.147795767 0.013173063 0.988428175
1341846654.874136 -0.342282921 -0.031475045 -0.026547059 0.032015856 0.133350670 0.013694123 0.990456998
1341846654.906209 -0.318102360 -0.040052358 -0.010790929 0.027026711 0.121844001 0.012416828 0.992103517
1341846654.938214 -0.322874606 -0.060370371 -0.015904956 0.026733514 0.105812356 0.013982960 0.993928313
1341846654.974334 -0.299524516 -0.050922934 -0.022227179 0.032207161 0.086911075 0.015239199 0.995578706
1341846655.006124 -0.292098522 -0.026982231 -0.026934583 0.034204822 0.073641129 0.016155029 0.996567130
1341846655.042239 -0.290915191 -0.033136498 -0.023785725 0.032764386 0.056939606 0.016904391 0.997696638
1341846655.074179 -0.271875262 -0.038435176 -0.033835232 0.034520935 0.032642510 0.017136518 0.998723745
1341846655.106132 -0.261731595 -0.034510728 -0.041156471 0.035450581 0.018187752 0.017342050 0.999055445
1341846655.142070 -0.257643431 -0.018083017 -0.044526458 0.037548959 -0.001513301 0.017852915 0.999134123
1341846655.174000 -0.245093986 -0.024558157 -0.033076521 0.034432851 -0.024986099 0.013224353 0.999007106
1341846655.206124 -0.228067696 -0.025406016 -0.045373175 0.031555802 -0.038129345 0.010863750 0.998715341
1341846655.242079 -0.215923771 -0.043556582 -0.046886284 0.031022064 -0.052274458 0.012342284 0.998074532
1341846655.274211 -0.184689865 -0.048983641 -0.069045708 0.033529006 -0.061697531 0.013217410 0.997443974
1341846655.310175 -0.180641577 -0.054936331 -0.054088458 0.038006060 -0.063550845 0.015352194 0.997136474
1341846655.342236 -0.166376665 -0.046003442 -0.057945624 0.046798136 -0.070633940 0.023164675 0.996134579
1341846655.374134 -0.145582050 -0.036956027 -0.071595624 0.050651014 -0.075039610 0.026316751 0.995545566
1341846655.410207 -0.140367121 -0.047067642 -0.075325191 0.051029749 -0.076184623 0.030272765 0.995326757
1341846655.442262 -0.163988724 -0.044658463 -0.038464006 0.056185339 -0.081963554 0.029938450 0.994599879
1341846655.474205 -0.146897614 -0.027940597 -0.048938520 0.059179228 -0.093626268 0.029433161 0.993411124
1341846655.510277 -0.149980769 -0.023695419 -0.067741185 0.055418894 -0.104025081 0.026505910 0.992675722
1341846655.542135 -0.144991770 -0.032707237 -0.089705527 0.050117228 -0.111932933 0.027347371 0.992074311
1341846655.578132 -0.139919385 -0.033119686 -0.071711287 0.047477860 -0.120132551 0.028602397 0.991209328
1341846655.642348 -0.140178174 -0.033960689 -0.075128704 0.041035309 -0.139302090 0.025982406 0.989058137
1341846655.678110 -0.140180960 -0.043691926 -0.089546010 0.039848551 -0.149268374 0.024944475 0.987678468
1341846655.710074 -0.123067759 -0.036443945 -0.081464648 0.042128801 -0.162577495 0.027095504 0.985423565
1341846655.748050 -0.109587729 -0.024935490 -0.085656770 0.039865222 -0.174786136 0.030243639 0.983334064
1341846655.810222 -0.111151494 -0.021741163 -0.103694350 0.037391715 -0.191741735 0.029298024 0.980295181
1341846655.846257 -0.113827132 -0.010606878 -0.106038034 0.036620189 -0.200821787 0.029445427 0.978500128
1341846655.910355 -0.102212757 -0.022100862 -0.109454721 0.028969130 -0.221459165 0.027960807 0.974338174
1341846655.946240 -0.091734514 -0.017786112 -0.107227236 0.027996371 -0.232186079 0.026863556 0.971897244
1341846655.978412 -0.067372262 -0.011413408 -0.105018154 0.025381569 -0.241502881 0.026244672 0.969713032
1341846656.014188 -0.060974389 -0.013962002 -0.102089301 0.022400795 -0.244783789 0.027173005 0.968937993
1341846656.046211 -0.058088761 -0.016915398 -0.102257349 0.020189928 -0.247969717 0.028662506 0.968133211
1341846656.078165 -0.053806785 -0.014638292 -0.105355263 0.020129619 -0.252939314 0.029523687 0.966822028
1341846656.114220 -0.046244700 -0.009033982 -0.099872619 0.018572057 -0.258143723 0.030758742 0.965438187
1341846656.146158 -0.055174332 -0.015619742 -0.112434298 0.016024502 -0.262498021 0.028981851 0.964364111
1341846656.178154 -0.051051345 -0.016255423 -0.115499720 0.016394777 -0.268934458 0.029362954 0.962571204
1341846656.214132 -0.043288980 -0.012090217 -0.113219321 0.016531248 -0.275215656 0.027976424 0.960833192
1341846656.246093 -0.034743723 -0.013537322 -0.108222842 0.016741203 -0.279157579 0.029507563 0.959645808
1341846656.282181 -0.033947047 -0.005944036 -0.109832853 0.017115146 -0.281639695 0.029541235 0.958912671
1341846656.314258 -0.035577241 -0.010303983 -0.120159969 0.015124494 -0.285610378 0.027560972 0.957830012
1341846656.346094 -0.031991370 -0.007593457 -0.129640609 0.013443136 -0.289215565 0.026266882 0.956809103
1341846656.382222 -0.033662979 -0.010114672 -0.121658742 0.010564748 -0.293197513 0.024889832 0.955669403
1341846656.414253 -0.056569643 -0.008359056 -0.126978189 0.012138825 -0.300474316 0.025359526 0.953375459
1341846656.446177 -0.028261997 -0.001155163 -0.139853686 0.010372059 -0.310669214 0.025255315 0.950125873
1341846656.482260 -0.035023898 -0.009952025 -0.139379710 0.004551495 -0.315847546 0.024156773 0.948491514
1341846656.519461 -0.025287587 -0.012040452 -0.141610473 0.004429912 -0.324040443 0.025463229 0.945690095
1341846656.582247 -0.017834403 -0.004282153 -0.151817739 -0.000083022 -0.329444677 0.024584498 0.943854749
1341846656.614195 -0.016350254 -0.006743377 -0.147444919 -0.001341222 -0.332029760 0.024345329 0.942953706
1341846656.649995 -0.013753392 -0.005136541 -0.153607726 -0.001062105 -0.333008230 0.023970174 0.942618608
1341846656.682076 -0.019504555 -0.009614263 -0.149028033 -0.002412433 -0.337171674 0.023845902 0.941138029
1341846656.714216 -0.013745874 -0.004354236 -0.156872809 -0.002882331 -0.341092229 0.023958527 0.939720035
1341846656.749974 -0.009442903 -0.001134506 -0.145712778 -0.005500243 -0.343462408 0.024539772 0.938829660
1341846656.782653 -0.007087700 -0.006614300 -0.137988746 -0.006285977 -0.345951915 0.024849365 0.937902033
1341846656.824388 -0.011350460 0.000872143 -0.149048507 -0.005533456 -0.347829372 0.024876188 0.937211394
1341846656.856226 -0.005684637 0.007548125 -0.130730942 -0.008093197 -0.350349426 0.024663614 0.936259270
1341846656.892050 -0.007425580 0.001042268 -0.116752774 -0.010758440 -0.348494768 0.025620691 0.936898708
1341846656.924099 -0.004772861 0.006790812 -0.112703532 -0.010141532 -0.348162115 0.025264101 0.937038958
1341846656.956112 -0.007453158 0.011457535 -0.119583867 -0.010881783 -0.341909587 0.022746865 0.939394474
1341846656.992122 -0.002169695 0.009946712 -0.097751178 -0.013074388 -0.337083101 0.025153803 0.941047966
1341846657.024108 0.000690226 0.004465975 -0.105374746 -0.013843472 -0.333834261 0.026184494 0.942166328
1341846657.056121 0.004814561 0.008870401 -0.094238132 -0.014117515 -0.329523176 0.027961494 0.943627775
1341846657.092006 0.000211876 -0.000668154 -0.065598570 -0.011511437 -0.319486380 0.029542869 0.947060287
1341846657.124027 0.005449742 0.005427160 -0.082619332 -0.004523208 -0.308073610 0.034756605 0.950716674
1341846657.155973 0.020574968 0.001788405 -0.081998475 -0.000686002 -0.298789740 0.034337092 0.953700781
1341846657.192094 0.017970629 0.003073888 -0.093050539 0.001769603 -0.282110989 0.033010636 0.958812058
1341846657.224195 0.004028607 0.003888988 -0.078878067 0.004621354 -0.270795733 0.030676028 0.962136865
1341846657.292164 -0.005409792 0.007232003 -0.064594701 0.006684565 -0.250439912 0.026116170 0.967756748
1341846657.354367 0.010313785 0.003821655 -0.072740383 0.005864569 -0.233679906 0.022379247 0.972038269
1341846657.386193 0.015378214 -0.004325150 -0.070251808 0.004712766 -0.223566785 0.021858739 0.974432051
1341846657.418105 0.027296485 -0.008019843 -0.063936442 0.006539473 -0.214503840 0.023537803 0.976417601
1341846657.454277 0.036033135 -0.004316176 -0.067572907 0.008826731 -0.204828665 0.022518439 0.978498936
1341846657.486117 0.049379602 -0.006517915 -0.050451048 0.008880340 -0.193171903 0.022042148 0.980877101
1341846657.522092 0.037039943 -0.010591946 -0.042924792 0.012021233 -0.178661525 0.021646028 0.983599007
1341846657.554062 0.040773708 -0.001977919 -0.022465786 0.015766045 -0.171849042 0.021108046 0.984770894
1341846657.586078 0.062356338 0.001080778 -0.025208546 0.016017657 -0.162629992 0.016234266 0.986423552
1341846657.622205 0.048708908 -0.006066103 -0.018172203 0.014866343 -0.147310004 0.015835477 0.988851845
1341846657.654161 0.035428274 -0.008785157 -0.011634151 0.016221842 -0.138236031 0.016369568 0.990131140
1341846657.686517 0.070762157 -0.003234793 -0.011022484 0.017512890 -0.131536633 0.012030939 0.991083562
1341846657.722061 0.057105418 -0.009888985 0.007905372 0.018297713 -0.115994632 0.011767236 0.993011594
1341846657.754104 0.044908181 -0.009620000 -0.020953972 0.018935395 -0.105502695 0.010205138 0.994186342
1341846657.790066 0.077585027 -0.001066127 -0.018641623 0.015424581 -0.096801825 0.006171933 0.995164990
1341846657.822089 0.051410567 -0.022085128 0.019416928 0.012861134 -0.076835535 -0.000064457 0.996960819
1341846657.853972 0.048747431 -0.016238037 0.014721831 0.017569236 -0.066182561 0.004722483 0.997641683
1341846657.889993 0.067506485 -0.008908771 0.001520013 0.017104328 -0.056242358 0.003406481 0.998264790
1341846657.922046 0.054165624 -0.026783012 0.015664676 0.015703358 -0.039411597 0.002577882 0.999096334
1341846657.954192 0.040923394 -0.016037956 -0.006180611 0.018161919 -0.028983029 0.006786036 0.999391854
1341846657.990141 0.054805644 -0.014157650 0.000517995 0.014863854 -0.019793512 0.005227817 0.999679923
1341846658.022419 0.034458935 -0.033345994 0.008610685 0.014203482 -0.007977113 0.006831252 0.999843955
1341846658.090215 0.050364170 -0.018301351 0.011803783 0.017122865 0.004087148 0.006390284 0.999824643
1341846658.122355 0.032540511 -0.023753542 0.013002071 0.015448016 0.013545312 0.006976719 0.999764562
1341846658.158136 0.034252871 -0.021675669 0.013160373 0.013822785 0.016870648 0.007920819 0.999730766
1341846658.190098 0.038110383 -0.020881945 0.023121040 0.011907754 0.021878636 0.006837383 0.999666333
1341846658.226027 0.019692462 -0.039246064 0.018298913 0.010876191 0.030867459 0.005422669 0.999449611
1341846658.258133 0.016254541 -0.013032397 0.014637187 0.016434604 0.033042885 0.004093334 0.999310434
1341846658.290020 0.030826664 -0.020422786 0.025456261 0.014000569 0.034657225 0.000998498 0.999300718
1341846658.326239 0.016895218 -0.023362329 0.026793780 0.014217841 0.040127899 -0.003360874 0.999087751
1341846658.358248 0.005273636 -0.009765790 0.016834313 0.012850076 0.041744426 -0.005985090 0.999027729
1341846658.390215 0.013923529 -0.017132301 0.025245009 0.006139821 0.039944235 -0.009599696 0.999136925
1341846658.426300 0.011457910 -0.030691540 0.029330643 0.002532827 0.043770641 -0.011006502 0.998977780
1341846658.458168 -0.011287423 -0.033234496 0.029871719 0.003889075 0.044445671 -0.010080590 0.998953402
1341846658.494176 -0.013465963 -0.011508887 0.028183298 0.003804464 0.040445197 -0.007269901 0.999148071
1341846658.526214 -0.004716246 -0.016205525 0.027923182 -0.007891078 0.038100906 -0.007683980 0.999213159
1341846658.558129 -0.015858643 -0.004474275 0.022663649 -0.015197481 0.037422672 -0.008535511 0.999147534
1341846658.594206 -0.041593522 0.039821029 0.011007864 -0.029953370 0.036297150 -0.012555324 0.998813093
1341846658.626105 -0.057530764 0.040391922 0.026100589 -0.049836222 0.033680715 -0.011516666 0.998122871
1341846658.658181 -0.021148823 -0.014568859 0.033435564 -0.062942661 0.023101952 -0.008829120 0.997710645
1341846658.694141 -0.038876127 0.016063375 0.007058775 -0.070334285 0.025975233 -0.006353318 0.997164965
1341846658.726153 -0.035074137 -0.009759713 0.023995116 -0.090544686 0.022593321 -0.005599765 0.995620310
1341846658.762100 -0.019254994 -0.019901052 0.030331969 -0.093586221 0.011793355 -0.004941795 0.995529056
1341846658.794185 -0.009533199 -0.021435870 0.018430296 -0.096947744 0.011600152 -0.002024099 0.995219827
1341846658.826155 -0.036564469 0.003517000 0.006932578 -0.106348440 0.017860966 -0.005992510 0.994150460
1341846658.862197 -0.054354202 -0.014063798 0.020809066 -0.115065165 0.017492954 -0.005357299 0.993189454
1341846658.894170 -0.020085739 -0.015654437 0.005328973 -0.117288537 0.012294554 -0.002765203 0.993017912
1341846658.962404 -0.045317385 -0.023531532 0.031160798 -0.132404745 0.022077577 0.000270914 0.990949810
1341846658.994217 -0.032146901 -0.058429230 0.020341391 -0.142430499 0.017684303 0.000862387 0.989646435
1341846659.030070 -0.021528676 -0.045836747 0.030229200 -0.137139618 0.017946631 -0.000611933 0.990388989
1341846659.062007 -0.045482267 -0.049656145 0.028971041 -0.133594990 0.021120586 -0.000338023 0.990810931
1341846659.094100 -0.034551248 -0.031496748 0.021428637 -0.128770426 0.018097105 -0.000868625 0.991508961
1341846659.130368 -0.017494034 -0.044005997 0.022251386 -0.132656246 0.018403977 -0.003303757 0.990985751
1341846659.162537 -0.043455109 -0.056394931 0.027922560 -0.132065982 0.023682028 -0.002333996 0.990955234
1341846659.198696 -0.032625735 -0.035388272 0.019370664 -0.125147462 0.019947741 -0.002782790 0.991933703
1341846659.231286 -0.034300838 -0.030895721 0.017369034 -0.125760391 0.025504487 -0.004022100 0.991724610
1341846659.263549 -0.049411133 -0.050475668 0.022996601 -0.129577741 0.029099407 -0.001222936 0.991141438
1341846659.298797 -0.035816543 -0.031980950 0.020056251 -0.126298845 0.025055882 -0.000281296 0.991675735
1341846659.331074 -0.028254967 -0.036541518 0.016761333 -0.128707394 0.025862062 -0.000718444 0.991345108
1341846659.362420 -0.027930900 -0.042662885 0.024315823 -0.129750907 0.027923737 0.000378230 0.991153300
1341846659.398303 -0.025918432 -0.047957763 0.023096412 -0.128264099 0.026713135 0.003005333 0.991375685
1341846659.430262 -0.018990202 -0.033994563 0.015228420 -0.125338122 0.025405455 0.002492821 0.991785645
1341846659.466583 -0.024394866 -0.035986803 0.020071121 -0.126836747 0.029304700 0.001662963 0.991489232
1341846659.498531 -0.038338419 -0.049740478 0.022442417 -0.127695039 0.031014364 0.003720440 0.991321504
1341846659.530267 -0.026660047 -0.042288896 0.019715156 -0.124189906 0.027449295 0.003147351 0.991873741
1341846659.566571 -0.027176496 -0.035164848 0.014683526 -0.121896081 0.030582659 0.001452831 0.992070556
1341846659.598122 -0.039310653 -0.048305023 0.021042578 -0.122682445 0.034675643 0.003417549 0.991834164
1341846659.630209 -0.036420278 -0.047554035 0.020991009 -0.119979180 0.031228270 0.004372871 0.992275536
1341846659.666409 -0.029149611 -0.033282481 0.011298645 -0.117561251 0.030064072 0.001835335 0.992608786
1341846659.698237 -0.047605414 -0.045039177 0.020300753 -0.120659508 0.033831306 0.001744112 0.992115796
1341846659.734169 -0.043894283 -0.032093819 0.014358852 -0.118100114 0.027024157 -0.000222999 0.992633939
1341846659.766421 -0.031422872 -0.038450249 0.014735267 -0.118870594 0.022549108 -0.001848310 0.992651999
1341846659.798087 -0.035539087 -0.043886211 0.018767875 -0.119640589 0.023690330 -0.002241844 0.992532074
1341846659.834075 -0.053124111 -0.044926152 0.018540993 -0.118164070 0.023316737 -0.001987734 0.992718339
1341846659.866481 -0.036657695 -0.038633548 0.013801797 -0.117275603 0.016541695 -0.001947393 0.992959738
1341846659.898128 -0.038223926 -0.050659921 0.019101057 -0.118172444 0.015547326 -0.001448794 0.992870331
1341846659.934286 -0.045935322 -0.044173177 0.017371517 -0.113886490 0.014617587 0.000243286 0.993386209
1341846659.966354 -0.055677567 -0.045002114 0.013263609 -0.112117216 0.011926006 0.000507279 0.993623316
1341846660.002267 -0.036645949 -0.043616734 0.009472755 -0.111036427 0.007507643 -0.001823852 0.993786335
1341846660.034581 -0.046345189 -0.054277115 0.012975979 -0.110881038 0.008340921 -0.002385604 0.993795872
1341846660.066206 -0.036149412 -0.071689948 0.010990420 -0.109270222 0.001198128 -0.000309339 0.994011343
1341846660.102245 -0.022476478 -0.056835532 0.006163921 -0.103198558 -0.003670802 -0.002688575 0.994650364
1341846660.140244 -0.023927681 -0.048412103 0.003652805 -0.100744873 -0.002589023 -0.003893774 0.994901299
1341846660.202316 -0.033978909 -0.061396349 0.005387724 -0.098462962 -0.008117353 -0.004270505 0.995098472
1341846660.234105 -0.032145523 -0.056344714 0.003459253 -0.094176352 -0.007347331 -0.005501239 0.995513201
1341846660.270168 -0.054673117 -0.082868233 0.004627971 -0.091679342 -0.004293888 -0.005706637 0.995762944
1341846660.302258 -0.049969699 -0.079848811 0.006846725 -0.077260122 -0.010093014 -0.005606411 0.996944129
1341846660.334349 -0.044186745 -0.058052331 0.002318432 -0.061730485 -0.011245416 -0.007478946 0.998001456
1341846660.370214 -0.052482042 -0.053946223 -0.003333911 -0.057257321 -0.008968955 -0.008612520 0.998282015
1341846660.401986 -0.048544399 -0.050612494 -0.004841342 -0.056897543 -0.012287926 -0.008423689 0.998268902
1341846660.438062 -0.043894187 -0.059195571 -0.002356452 -0.057527386 -0.014141931 -0.009783433 0.998195827
1341846660.470191 -0.052820671 -0.059325092 -0.002405479 -0.054492012 -0.012349922 -0.010532420 0.998382270
1341846660.502233 -0.054222044 -0.051676378 -0.004763885 -0.051454615 -0.014594162 -0.009463589 0.998523831
1341846660.537985 -0.045432366 -0.046337619 -0.003582473 -0.051058084 -0.016161580 -0.009211394 0.998522401
1341846660.570279 -0.046252191 -0.054751411 -0.003085169 -0.051135443 -0.014938344 -0.006388261 0.998559594
1341846660.602130 -0.053824477 -0.063631617 -0.003638286 -0.048053432 -0.016632456 -0.002412342 0.998703361
1341846660.638256 -0.028124098 -0.049918581 -0.000437791 -0.045107685 -0.023176840 -0.002617555 0.998709798
1341846660.670338 -0.019576058 -0.059903424 -0.003779736 -0.047330402 -0.020556226 -0.002381767 0.998664916
1341846660.706457 -0.055101514 -0.069057770 -0.008082202 -0.043819442 -0.012892777 -0.000288036 0.998956203
1341846660.738241 -0.045555208 -0.058920007 -0.011517834 -0.036180831 -0.015793182 0.003170719 0.999215424
1341846660.770121 -0.029540090 -0.062092211 -0.002837443 -0.034122404 -0.015228754 0.001735911 0.999300122
1341846660.806117 -0.033459783 -0.074951224 -0.003582669 -0.031209780 -0.010122695 0.001577321 0.999460340
1341846660.838338 -0.035559829 -0.085306101 0.000724449 -0.023042563 -0.010579455 0.005422227 0.999663770
1341846660.870203 -0.025672520 -0.073346935 -0.003725530 -0.013779686 -0.010523824 0.004901688 0.999837637
1341846660.906366 -0.022820784 -0.084568851 -0.006696038 -0.010677840 -0.005004008 0.004077898 0.999922156
1341846660.938063 -0.045720957 -0.098960958 -0.016122827 -0.002882061 -0.000224738 0.006698211 0.999973357
1341846660.974147 -0.039817411 -0.075127743 -0.008242572 0.012262693 -0.001333021 0.006438624 0.999903202
1341846661.006234 -0.037736371 -0.066528291 -0.017317779 0.016565936 0.002521857 0.005925291 0.999841988
1341846661.038225 -0.050301872 -0.081896685 -0.015312138 0.017984448 0.004370070 0.008101156 0.999795854
1341846661.074059 -0.034599453 -0.097935192 -0.021254882 0.028174376 -0.000116844 0.008497080 0.999566913
1341846661.106184 -0.034817394 -0.070456997 -0.022146326 0.039069597 0.002208796 0.007929414 0.999202549
1341846661.138209 -0.030809635 -0.062691927 -0.013215909 0.038620677 0.001463338 0.006741192 0.999230146
1341846661.174244 -0.029656449 -0.080887027 -0.013077186 0.037313685 0.001613605 0.005762594 0.999285698
1341846661.206205 -0.041921020 -0.071400024 -0.019454110 0.041646913 0.004995796 0.005916399 0.999102354
1341846661.242184 -0.027825566 -0.069172472 -0.008262873 0.043161925 0.001823627 0.007470102 0.999038458
1341846661.274177 -0.027634207 -0.062040776 -0.015503490 0.042622671 0.002762364 0.005971002 0.999069571
1341846661.308814 -0.030572519 -0.065496407 -0.008177624 0.040828817 0.002560036 0.005263008 0.999149024
1341846661.342489 -0.028831311 -0.064365536 -0.009832784 0.040368866 0.001668585 0.005073771 0.999170601
1341846661.374640 -0.036583960 -0.063814469 -0.020825172 0.038941979 0.003847593 0.003928920 0.999226332
1341846661.410178 -0.033046309 -0.083611287 -0.009573173 0.041137133 0.000325246 0.007202778 0.999127507
1341846661.442211 -0.035815157 -0.063318364 -0.024995344 0.046721030 0.000495165 0.006653915 0.998885691
1341846661.474354 -0.042328514 -0.057399392 -0.024841383 0.046222515 0.002894224 0.004837787 0.998915255
1341846661.510169 -0.034880243 -0.061887264 -0.016103219 0.044379301 -0.001544779 0.004385812 0.999003947
1341846661.542767 -0.021808358 -0.055783376 -0.024041204 0.039742582 -0.004165036 0.002931925 0.999196947
1341846661.574217 -0.046454448 -0.067752749 -0.026073016 0.035498507 0.001300663 0.000795827 0.999368548
1341846661.610041 -0.054971632 -0.065142564 -0.022247467 0.038887642 -0.001070390 0.001127559 0.999242365
1341846661.642253 -0.039199732 -0.067278273 -0.038525499 0.037929442 -0.005044840 0.002667363 0.999264181
1341846661.678078 -0.048488948 -0.061378397 -0.018807286 0.037061967 -0.002342448 0.001162080 0.999309540
1341846661.710142 -0.039269362 -0.089467615 -0.018967871 0.037945103 -0.007162160 0.004295042 0.999244928
1341846661.742341 -0.040156335 -0.090822324 -0.018573515 0.045816686 -0.008059270 0.002047559 0.998915255
1341846661.778063 -0.037399035 -0.085098997 -0.019302886 0.055810545 -0.007904793 0.000518234 0.998409927
1341846661.810103 -0.040139165 -0.089856327 -0.019954512 0.062031414 -0.007056895 -0.000594896 0.998049080
1341846661.842216 -0.034291733 -0.086565472 -0.021626743 0.070371225 -0.008630784 -0.000277248 0.997483492
1341846661.878157 -0.033440318 -0.075558573 -0.018131496 0.075901963 -0.006798988 -0.003348288 0.997086465
1341846661.910222 -0.036078572 -0.075454451 -0.017263699 0.077184021 -0.004134076 -0.004821282 0.996996641
1341846661.946090 -0.041374892 -0.080660291 -0.015744891 0.079917215 -0.003290162 -0.005288016 0.996782064
1341846662.010311 -0.044727724 -0.088669106 -0.018550988 0.094226696 -0.002724812 -0.007084544 0.995521843
1341846662.046195 -0.044721503 -0.089946590 -0.020937836 0.102792099 -0.005021191 -0.005587102 0.994674504
1341846662.078099 -0.042789534 -0.089451872 -0.025471190 0.108411923 -0.005413111 -0.007933974 0.994059682
1341846662.110672 -0.043185249 -0.091838323 -0.023639508 0.114696704 -0.003173284 -0.008757731 0.993356884
1341846662.146166 -0.045090552 -0.090903081 -0.024660667 0.122695312 -0.004502956 -0.006606157 0.992412210
1341846662.178168 -0.043767907 -0.088160045 -0.026335390 0.130773470 -0.004981808 -0.004764808 0.991388321
1341846662.214136 -0.043786824 -0.094581492 -0.017697111 0.143714994 -0.002564313 -0.002839642 0.989611745
1341846662.246167 -0.043613285 -0.087156706 -0.025735900 0.152865723 -0.004849397 -0.000085513 0.988235056
1341846662.278007 -0.043910377 -0.090452962 -0.033874869 0.157121181 -0.003803894 -0.002553802 0.987568676
1341846662.314144 -0.043185327 -0.090580292 -0.029843552 0.162714705 -0.001834181 -0.003049428 0.986666739
1341846662.346164 -0.043716837 -0.091689892 -0.028409684 0.166933835 -0.003714427 -0.001593021 0.985959828
1341846662.378069 -0.044091903 -0.091137931 -0.031136673 0.173364729 -0.003162245 -0.000973028 0.984852135
1341846662.414229 -0.044388834 -0.089296885 -0.030574936 0.180525109 -0.001512715 -0.000070353 0.983569205
1341846662.446102 -0.043260977 -0.088280268 -0.030757606 0.186577886 -0.003387459 0.001307737 0.982433498
1341846662.482229 -0.043427508 -0.087384112 -0.026434265 0.195460722 -0.003993719 0.001182158 0.980702639
1341846662.514117 -0.044154651 -0.087979600 -0.027196120 0.203845292 -0.002734476 0.003547809 0.978992879
1341846662.546261 -0.044637214 -0.085488036 -0.032933205 0.211555481 -0.002708663 0.003533252 0.977355838
1341846662.582101 -0.050027888 -0.087223828 -0.029302653 0.214373872 -0.001034493 0.002955135 0.976746678
1341846662.620264 -0.045959998 -0.088806599 -0.031121280 0.217356190 -0.000281860 0.005237811 0.976078272
1341846662.682024 -0.047741946 -0.086614080 -0.028580332 0.225865766 -0.001216211 0.003772306 0.974150360
1341846662.714075 -0.047839444 -0.088451244 -0.022892389 0.227483794 -0.000372823 0.004588478 0.973770976
1341846662.750127 -0.045452923 -0.088987462 -0.024757966 0.232736960 -0.002090835 0.006185960 0.972517788
1341846662.782002 -0.048201211 -0.084601574 -0.035678241 0.234609216 -0.001854975 0.005845350 0.972070396
1341846662.814097 -0.045959599 -0.088998213 -0.023820359 0.231855959 -0.002586151 0.004688134 0.972735405
1341846662.850193 -0.046495944 -0.089489460 -0.026605595 0.233410165 -0.003634112 0.005583779 0.972355545
1341846662.882162 -0.048168670 -0.088640116 -0.026752025 0.235343069 -0.004451617 0.006113685 0.971882939
1341846662.918191 -0.048007548 -0.087655962 -0.033160843 0.233949825 -0.005401937 0.005426594 0.972218513
1341846662.956034 -0.046065185 -0.089583680 -0.027265925 0.234160617 -0.005475616 0.006215467 0.972162604
1341846663.018208 -0.047498159 -0.085372716 -0.022408102 0.239898264 -0.008960192 0.005692678 0.970739961
1341846663.049994 -0.046655573 -0.087830670 -0.022980509 0.238785058 -0.009145673 0.004445670 0.971019208
1341846663.118078 -0.046359319 -0.088693835 -0.022091907 0.241109356 -0.009189162 0.003413003 0.970448434
1341846663.150227 -0.047705971 -0.087293878 -0.022861071 0.242472738 -0.008086446 0.001196499 0.970123768
1341846663.186300 -0.046048038 -0.086906083 -0.028337454 0.241402045 -0.007615305 0.001116398 0.970394671
1341846663.218442 -0.044124357 -0.086057775 -0.036929902 0.237034425 -0.007619732 0.000972368 0.971470833
1341846663.250380 -0.045084920 -0.086822569 -0.038020473 0.231003165 -0.006830399 -0.000165518 0.972929001
1341846663.286056 -0.045764968 -0.086841092 -0.032653194 0.226252586 -0.006873972 0.001291318 0.974043548
1341846663.318060 -0.043273021 -0.088112913 -0.031977791 0.216877937 -0.008947268 0.003222895 0.976152360
1341846663.350114 -0.046782196 -0.084622815 -0.045684822 0.205202475 -0.008374460 0.005149618 0.978670180
1341846663.385985 -0.046631262 -0.085433647 -0.037910629 0.197383106 -0.009218396 0.003943928 0.980275154
1341846663.418056 -0.047523908 -0.079681046 -0.038949162 0.193439409 -0.012066387 0.005031075 0.981025100
1341846663.454044 -0.045047253 -0.081601419 -0.037888136 0.184973717 -0.013062640 0.006991924 0.982631803
1341846663.486091 -0.044159323 -0.081041276 -0.045959894 0.177599356 -0.013936908 0.007825404 0.983973086
1341846663.518394 -0.047124982 -0.084142350 -0.037852589 0.169285893 -0.015457123 0.009177761 0.985403061
1341846663.554251 -0.044725820 -0.084841371 -0.039059322 0.163599089 -0.015592539 0.006697075 0.986380935
1341846663.586143 -0.044002954 -0.089193828 -0.038398169 0.154502079 -0.016187366 0.009591111 0.987813294
1341846663.622145 -0.046338845 -0.074168131 -0.040156245 0.148744419 -0.017666403 0.008522054 0.988681138
1341846663.654099 -0.045089610 -0.072716653 -0.035605356 0.143337324 -0.018751627 0.006914582 0.989472091
1341846663.686099 -0.045823175 -0.045936599 -0.031990621 0.135829508 -0.018482894 0.006575503 0.990538001
1341846663.722109 -0.047131021 -0.058389708 -0.024974003 0.126864165 -0.018618518 0.005044741 0.991732538
1341846663.755694 -0.038143188 -0.049848132 -0.026269428 0.122768894 -0.017979359 0.004784346 0.992260873
1341846663.786304 -0.044321861 -0.026426349 -0.018826019 0.112728588 -0.015329916 0.003694117 0.993500710
1341846663.822090 -0.049323242 -0.027989864 -0.023129810 0.093973480 -0.013954625 0.002091083 0.995474696
1341846663.854115 -0.042108327 -0.044941075 -0.024490513 0.085270628 -0.014336887 0.000895221 0.996254265
1341846663.890140 -0.039723847 -0.003481843 -0.019699838 0.081797585 -0.012844815 -0.000036963 0.996566176
1341846663.921987 -0.054144870 -0.003677483 -0.025018750 0.060587753 -0.009271462 -0.002847021 0.998115778
1341846663.954282 -0.049928021 -0.039821524 -0.025304992 0.040736791 -0.009191591 -0.004183419 0.999118865
1341846663.990370 -0.033947732 -0.023763418 -0.027760152 0.035198580 -0.008227288 -0.003606897 0.999339938
1341846664.022124 -0.043337472 -0.023750491 -0.025068557 0.019912820 -0.004487776 -0.005172331 0.999778271
1341846664.054171 -0.041820638 -0.028159032 -0.022036484 0.004021626 -0.003889124 -0.006622287 0.999962449
1341846664.090250 -0.042348534 -0.036571637 -0.018486867 -0.006901022 -0.001484393 -0.008431250 0.999939561
1341846664.122237 -0.043926496 -0.037835941 -0.023491289 -0.012547378 -0.000848475 -0.006932971 0.999896884
1341846664.158241 -0.042726420 -0.033179473 -0.020735798 -0.017126555 -0.001689471 -0.007423780 0.999824345
1341846664.190141 -0.034249604 -0.023492450 -0.025222145 -0.026094597 -0.002614605 -0.008646008 0.999618649
1341846664.222189 -0.042960506 -0.031765744 -0.020526987 -0.035446372 -0.000092368 -0.008976386 0.999331236
1341846664.258172 -0.037642639 -0.034706842 -0.018350679 -0.040295240 -0.001454876 -0.008160054 0.999153435
1341846664.290022 -0.034318414 -0.021278322 -0.025973337 -0.045245387 -0.000204136 -0.008793943 0.998937190
1341846664.322491 -0.042937327 -0.012917373 -0.021862777 -0.053658914 0.003004211 -0.010244120 0.998502254
1341846664.358302 -0.045087229 -0.024845993 -0.014332300 -0.063478246 0.002909025 -0.010445942 0.997924268
1341846664.390101 -0.043812148 -0.028551225 -0.016713001 -0.071048051 0.002716113 -0.011452283 0.997403443
1341846664.426143 -0.042544257 -0.012509106 -0.024538925 -0.077962078 0.004074986 -0.012791631 0.996865928
1341846664.458304 -0.043841451 -0.006174954 -0.027991155 -0.085239194 0.005185954 -0.011294009 0.996282995
1341846664.490116 -0.033552088 -0.018743940 -0.022817519 -0.096925288 0.005185716 -0.012374204 0.995201230
1341846664.526173 -0.053328943 -0.007478645 -0.021788994 -0.103698798 0.009524795 -0.015539129 0.994441748
1341846664.558129 -0.049767274 -0.011688816 -0.020253349 -0.111349680 0.008605995 -0.011195309 0.993680954
1341846664.590129 -0.020133039 -0.018405482 -0.016082486 -0.119662039 0.005584480 -0.011365199 0.992733955
1341846664.626196 -0.052196313 -0.038728416 -0.006813209 -0.126937851 0.013523025 -0.012185820 0.991743624
1341846664.658276 -0.054211944 -0.042261790 -0.008643600 -0.124531671 0.013015714 -0.011023092 0.992069006
1341846664.694136 -0.038885269 -0.030574115 -0.013680729 -0.120860793 0.010727868 -0.011014019 0.992550373
1341846664.726667 -0.047214199 -0.020728353 -0.018886581 -0.123471200 0.015705859 -0.014356729 0.992120028
1341846664.758141 -0.057755020 -0.045120664 -0.011696936 -0.129599035 0.016999746 -0.012863459 0.991337299
1341846664.794104 -0.052985065 -0.028282847 -0.014279358 -0.126684025 0.015045257 -0.012875864 0.991745472
1341846664.826123 -0.052650012 -0.033781096 -0.014921598 -0.130778253 0.016177932 -0.012571161 0.991199970
1341846664.862093 -0.058804039 -0.029144187 -0.015095493 -0.131344393 0.015948378 -0.009960284 0.991158485
1341846664.894198 -0.059646785 -0.024873111 -0.021366507 -0.130320430 0.016142663 -0.010020264 0.991289854
1341846664.926270 -0.051858574 -0.022210501 -0.016805403 -0.131399557 0.017711723 -0.010050615 0.991120338
1341846664.962375 -0.057268776 -0.030393329 -0.016513310 -0.134939313 0.018779613 -0.009463384 0.990630686
1341846664.997077 -0.049781445 -0.010007569 -0.024778264 -0.134036452 0.017551763 -0.011504777 0.990754187
1341846665.026380 -0.055840578 -0.004570981 -0.021156074 -0.135280386 0.020128148 -0.012172733 0.990528107
1341846665.062417 -0.068891585 -0.011890624 -0.020407697 -0.138024345 0.022238359 -0.010794993 0.990120351
1341846665.094077 -0.055814382 -0.008484812 -0.022079840 -0.139841750 0.019576427 -0.011012677 0.989919066
1341846665.130160 -0.047779705 -0.010501936 -0.026759414 -0.146011621 0.021122495 -0.011382627 0.988991857
1341846665.162114 -0.057636261 -0.019078858 -0.020199129 -0.151493624 0.022169305 -0.009730287 0.988161743
1341846665.194100 -0.049045231 -0.003416429 -0.023943363 -0.150097087 0.019323917 -0.008787549 0.988443375
1341846665.230221 -0.040594369 -0.003465979 -0.034916751 -0.156027749 0.020350123 -0.008986603 0.987502158
1341846665.262005 -0.057416856 -0.009551529 -0.033013169 -0.167261034 0.024460588 -0.011358347 0.985543728
1341846665.300077 -0.060527243 0.008801698 -0.031434119 -0.171325237 0.025116486 -0.011029918 0.984832585
1341846665.362294 -0.064534664 -0.011595161 -0.027393263 -0.185143009 0.030286085 -0.011063558 0.982182503
1341846665.398079 -0.063987873 0.012633635 -0.033301786 -0.182697102 0.027273608 -0.009381969 0.982746065
1341846665.430162 -0.058103435 -0.014203282 -0.040908102 -0.197593957 0.028470349 -0.012783395 0.979787052
1341846665.462226 -0.054773457 0.010602431 -0.046359789 -0.203992531 0.031539574 -0.013792814 0.978367031
1341846665.498226 -0.058497157 -0.014318016 -0.038298033 -0.213483438 0.030228678 -0.012108642 0.976403832
1341846665.530109 -0.049959235 -0.007818205 -0.039566178 -0.213083684 0.028209271 -0.012346585 0.976548612
1341846665.562222 -0.059095848 -0.008178961 -0.034681667 -0.213658750 0.031829968 -0.010821329 0.976329744
1341846665.598196 -0.049721148 0.006175967 -0.044268303 -0.212918773 0.028819578 -0.010203382 0.976591527
1341846665.630107 -0.047071192 -0.001284314 -0.040252086 -0.217749983 0.029059038 -0.011200152 0.975507617
1341846665.666289 -0.048181992 0.006654253 -0.051019695 -0.220689893 0.031111229 -0.009233912 0.974803984
1341846665.698060 -0.052903067 0.001163978 -0.051300734 -0.224496588 0.030316005 -0.009785100 0.973954022
1341846665.730361 -0.042716619 0.008318916 -0.048249219 -0.225841790 0.028938323 -0.011180908 0.973669887
1341846665.766193 -0.055380303 0.006334368 -0.059466958 -0.230271280 0.033257496 -0.009565333 0.972510934
1341846665.798338 -0.046805598 0.009858062 -0.061261483 -0.233180270 0.031932008 -0.010089648 0.971856713
1341846665.834237 -0.049696334 -0.010219287 -0.055197816 -0.241057396 0.032874234 -0.010532727 0.969896734
1341846665.866106 -0.039962698 -0.004771991 -0.061878666 -0.245915100 0.034352120 -0.009484775 0.968636036
1341846665.898073 -0.055002697 -0.012033654 -0.060000371 -0.254521728 0.039618306 -0.010022782 0.966203213
1341846665.934076 -0.057738252 -0.013741286 -0.058250796 -0.259831607 0.038790882 -0.008975239 0.964832783
1341846665.966137 -0.056684248 -0.016884889 -0.060797788 -0.264799386 0.039350398 -0.008340478 0.963464200
1341846665.998149 -0.053295780 -0.015133262 -0.058460310 -0.268409044 0.042173084 -0.006850049 0.962357044
1341846666.034210 -0.053936839 0.018300969 -0.077209204 -0.260852784 0.041104533 -0.005171495 0.964489222
1341846666.072502 -0.045607422 -0.005733745 -0.068169482 -0.267855078 0.039420620 -0.005746378 0.962635279
1341846666.134147 -0.050915629 -0.000397991 -0.077184290 -0.274203897 0.042735696 -0.005082956 0.960708082
1341846666.166356 -0.046292387 0.007143293 -0.076585144 -0.274445117 0.040684264 -0.005070844 0.960728347
1341846666.202327 -0.058655538 0.006676536 -0.077080593 -0.276697904 0.045511208 -0.005686776 0.959861815
1341846666.234319 -0.051488023 0.013529308 -0.079616442 -0.277712524 0.042831946 -0.005061263 0.959695578
1341846666.266322 -0.052404191 -0.012130799 -0.071891867 -0.288384497 0.040536053 -0.004560614 0.956645429
1341846666.302195 -0.066010274 -0.005075444 -0.077033058 -0.298673838 0.045169484 -0.004621697 0.953274548
1341846666.335080 -0.057352088 -0.011144800 -0.067936666 -0.310824871 0.043668352 -0.003898212 0.949455500
1341846666.370216 -0.058862939 0.016585100 -0.078586288 -0.311277181 0.041010484 -0.001623408 0.949432492
1341846666.402019 -0.059833031 0.016799144 -0.082124792 -0.317377508 0.041892417 -0.000874555 0.947373092
1341846666.434088 -0.058498647 0.025746997 -0.080001459 -0.321111470 0.043133426 0.000913640 0.946058154
1341846666.470060 -0.063998446 0.018058203 -0.078875147 -0.324343026 0.041881714 0.005495400 0.944995940
1341846666.502190 -0.056961313 0.055858970 -0.099073216 -0.321739197 0.041061439 0.006197521 0.945917249
1341846666.534121 -0.066580959 0.054930031 -0.099169388 -0.332685709 0.045916945 0.006552972 0.941896439
1341846666.570131 -0.066324793 0.028334819 -0.088632673 -0.345616460 0.045510788 0.009767573 0.937220693
1341846666.602180 -0.063100457 0.046840660 -0.092045128 -0.348521888 0.044357534 0.010890133 0.936187088
1341846666.638072 -0.076756887 0.061965659 -0.100639388 -0.352099091 0.048303343 0.011533897 0.934644282
1341846666.670134 -0.082782641 0.042970609 -0.088548750 -0.359575659 0.047671936 0.011975870 0.931820452
1341846666.738266 -0.078196079 0.054835200 -0.097814485 -0.361106306 0.044839758 0.014924459 0.931326449
1341846666.770390 -0.084104881 0.027786396 -0.085877538 -0.369055957 0.044070873 0.016156971 0.928221107
1341846666.802119 -0.089043945 0.061853327 -0.101749897 -0.363065600 0.041726150 0.017986204 0.930655003
1341846666.838108 -0.080876365 0.070397183 -0.107295692 -0.363346517 0.039468478 0.021111965 0.930578232
1341846666.870483 -0.083986327 0.076651067 -0.111401245 -0.364770204 0.039775014 0.021401497 0.930001378
1341846666.906019 -0.093304120 0.060825266 -0.107431352 -0.370631248 0.040613785 0.021393660 0.927645028
1341846666.937989 -0.081327945 0.077717721 -0.116306737 -0.370725602 0.036029533 0.020561306 0.927815497
1341846666.970036 -0.071728826 0.075814411 -0.116683282 -0.374594748 0.034132738 0.019670192 0.926351309
1341846667.006200 -0.084704868 0.080601886 -0.117149860 -0.376006454 0.036362700 0.017498707 0.925737917
1341846667.038153 -0.094613187 0.078755327 -0.123495653 -0.378551722 0.034502033 0.017111741 0.924778521
1341846667.074153 -0.064697258 0.103724793 -0.140855595 -0.379943490 0.027571268 0.013928909 0.924493790
1341846667.106156 -0.093576998 0.071179882 -0.124704927 -0.392816246 0.034471553 0.012362457 0.918887556
1341846667.138108 -0.089734368 0.064237349 -0.116648152 -0.394381434 0.029881706 0.011846624 0.918384492
1341846667.174105 -0.067655258 0.073644459 -0.127395093 -0.390199304 0.025297405 0.010563861 0.920322180
1341846667.206107 -0.083543517 0.059815094 -0.124922603 -0.390974313 0.030750498 0.004860423 0.919874907
1341846667.238075 -0.082367569 0.071962237 -0.126718223 -0.384698898 0.029301409 0.002437462 0.922573686
1341846667.274016 -0.034215473 0.051488344 -0.110674277 -0.383075386 0.019049224 0.002118831 0.923518181
1341846667.306189 -0.039714668 0.030998684 -0.098385200 -0.378357410 0.022582738 -0.002923826 0.925379455
1341846667.342253 -0.022213083 0.060246430 -0.104095057 -0.359835207 0.015760640 -0.003001713 0.932877898
1341846667.374345 -0.027670877 0.065532461 -0.131359830 -0.347476721 0.015762931 -0.007133607 0.937528968
1341846667.406982 -0.019365091 0.004529938 -0.097365245 -0.353820086 0.016205752 -0.010279940 0.935116589
1341846667.442109 -0.065521613 -0.020097855 -0.095728554 -0.346718729 0.023966074 -0.011538261 0.937591910
1341846667.474109 -0.067996264 -0.002341829 -0.115999535 -0.328958422 0.022756156 -0.013792830 0.943969429
1341846667.506006 -0.096205562 -0.040662393 -0.117751896 -0.322241604 0.029068168 -0.018800948 0.946024239
1341846667.542298 -0.119171232 -0.061551318 -0.121887095 -0.310567439 0.030909412 -0.018954998 0.949859560
1341846667.574196 -0.103558041 -0.027513258 -0.129650831 -0.289821982 0.025265208 -0.020028360 0.956537366
1341846667.610099 -0.108633444 -0.006500453 -0.125775218 -0.276187330 0.027842140 -0.022646263 0.960433483
1341846667.642293 -0.121399827 0.004762676 -0.129452959 -0.266921967 0.029760113 -0.018336179 0.963083982
1341846667.674072 -0.130900919 0.032301582 -0.157024696 -0.256899089 0.031555451 -0.020005776 0.965715706
1341846667.710179 -0.131069452 0.034852125 -0.156026006 -0.255856693 0.034729429 -0.022104677 0.965837777
1341846667.742255 -0.131396696 0.037421372 -0.152895421 -0.251425266 0.035769939 -0.022402361 0.966956019
1341846667.774114 -0.126247570 0.033874758 -0.156994686 -0.244225353 0.033079397 -0.020292189 0.968941689
1341846667.810099 -0.146462798 0.028517038 -0.152324021 -0.241327718 0.039846342 -0.022866940 0.969355643
1341846667.842103 -0.153281882 0.005141553 -0.131748691 -0.241643950 0.042567223 -0.025355972 0.969099224
1341846667.878139 -0.114245005 0.010716327 -0.139271498 -0.231089860 0.034725405 -0.022595089 0.972049952
1341846667.910558 -0.083689168 0.013112832 -0.150243491 -0.224385545 0.032239031 -0.023892852 0.973673940
1341846667.942116 -0.113937497 0.008411311 -0.140449539 -0.220808163 0.041131232 -0.025157560 0.974124789
1341846667.978287 -0.115539864 0.004493602 -0.136767954 -0.213911787 0.041053887 -0.025238469 0.975663543
1341846668.010215 -0.066382349 -0.001032885 -0.140870765 -0.206815362 0.035219125 -0.024449663 0.977440119
1341846668.046247 -0.092757381 -0.001233969 -0.132984176 -0.198769063 0.043024033 -0.025982926 0.978756666
1341846668.078111 -0.088246420 0.007361047 -0.135385439 -0.187945530 0.042675227 -0.024609795 0.980943263
1341846668.110130 -0.080908999 0.006628897 -0.136273459 -0.180041283 0.043742497 -0.024861135 0.982371449
1341846668.146332 -0.107186899 -0.001456756 -0.133570701 -0.174265459 0.051203851 -0.025319928 0.983040512
1341846668.178208 -0.148144394 0.001653295 -0.124020562 -0.162937880 0.055306420 -0.023926575 0.984794378
1341846668.211262 -0.113833286 0.009088300 -0.123010106 -0.148870975 0.049444098 -0.024567924 0.987314105
1341846668.246163 -0.164625987 0.003391210 -0.122180045 -0.137783185 0.059020706 -0.022885639 0.988437474
1341846668.278397 -0.145522952 0.014868408 -0.122636780 -0.122780345 0.053438522 -0.019704299 0.990798175
1341846668.314248 -0.147696450 -0.013802914 -0.119550772 -0.118245833 0.053663161 -0.019665807 0.991338193
1341846668.346231 -0.167351499 -0.003867686 -0.118460789 -0.110276528 0.058849346 -0.018472942 0.991985142
1341846668.378099 -0.166772708 -0.012625385 -0.112304278 -0.106562972 0.057977032 -0.016525209 0.992476642
1341846668.414247 -0.138383120 -0.007158853 -0.119167000 -0.098702207 0.053355329 -0.016545482 0.993547857
1341846668.445965 -0.149837717 -0.020928210 -0.115791261 -0.093643680 0.055494495 -0.014205202 0.993956447
1341846668.478153 -0.193804473 -0.078268938 -0.096519798 -0.086019188 0.059450876 -0.015295084 0.994400501
1341846668.514213 -0.152695134 -0.080808267 -0.102001481 -0.071059860 0.052247413 -0.014252493 0.996000767
1341846668.546115 -0.136087820 -0.018886611 -0.123464830 -0.052938852 0.049744576 -0.013866000 0.997261643
1341846668.582467 -0.176061183 -0.030579604 -0.110047765 -0.049144339 0.055503827 -0.019275574 0.997061968
1341846668.614140 -0.185521409 -0.028895847 -0.105441041 -0.036131207 0.058093425 -0.021657310 0.997421980
1341846668.646312 -0.168836102 -0.002357501 -0.094830044 -0.017942451 0.054616671 -0.019525137 0.998155236
1341846668.682455 -0.171763003 -0.003107935 -0.096204937 -0.011336456 0.052381564 -0.020887038 0.998344362
1341846668.714133 -0.189245850 -0.039936066 -0.116085723 -0.005169733 0.051172506 -0.023718564 0.998394787
1341846668.746132 -0.171016067 -0.015861630 -0.113895454 0.007927150 0.046265762 -0.022191666 0.998651206
1341846668.782338 -0.170675531 0.020444065 -0.110962719 0.013252800 0.046981424 -0.020728817 0.998592734
1341846668.814140 -0.168112382 0.007419919 -0.110359684 0.009911628 0.046909407 -0.021372799 0.998621285
1341846668.850214 -0.171438605 0.013680451 -0.109435342 0.010744612 0.046300881 -0.020813813 0.998652875
1341846668.882442 -0.165823713 0.016988512 -0.117950566 0.008541180 0.044246610 -0.022852968 0.998722672
1341846668.914289 -0.170927703 0.006741937 -0.114443555 0.006285685 0.043893270 -0.025249450 0.998697281
1341846668.950088 -0.175677553 0.011203894 -0.117556363 0.008344432 0.040658008 -0.027429257 0.998761654
1341846668.982227 -0.171879470 0.036133517 -0.117541529 0.007547703 0.037093773 -0.033155166 0.998733103
1341846669.014062 -0.169368863 0.026660375 -0.125191092 -0.001876355 0.035257392 -0.039313823 0.998602927
1341846669.050056 -0.176373184 0.022045413 -0.120225042 -0.006698339 0.032333545 -0.041988976 0.998572290
1341846669.082525 -0.162676752 0.035612974 -0.124054521 -0.009501854 0.026793201 -0.049504500 0.998369217
1341846669.118346 -0.165722668 0.044352416 -0.121960759 -0.018025434 0.026087586 -0.059147760 0.997745454
1341846669.150086 -0.182218313 0.028816599 -0.113650665 -0.026124995 0.025145181 -0.066388696 0.997134745
1341846669.182477 -0.160282090 0.028948914 -0.117178604 -0.027572164 0.017485604 -0.072720386 0.996817827
1341846669.218046 -0.162599757 0.044345241 -0.114708290 -0.033249788 0.018998425 -0.084865093 0.995656312
1341846669.250205 -0.159564510 0.031162027 -0.116193451 -0.038964976 0.016016938 -0.086253509 0.995382130
1341846669.286114 -0.155513406 0.031925928 -0.116864279 -0.039503176 0.013502437 -0.091801129 0.994901896
1341846669.318030 -0.141746923 0.034137066 -0.118459009 -0.041390166 0.012906145 -0.096616887 0.994376898
1341846669.350255 -0.157050997 0.027071467 -0.128859445 -0.044348974 0.012773341 -0.101700142 0.993744016
1341846669.418200 -0.151745871 0.048791796 -0.126120538 -0.049755909 0.008499486 -0.121872887 0.991261363
1341846669.450219 -0.154452488 0.034243211 -0.126396596 -0.056622826 0.007321112 -0.133276656 0.989432991
1341846669.486175 -0.156038553 0.037880328 -0.135626465 -0.059674956 0.004945028 -0.143516719 0.987834752
1341846669.518033 -0.145354584 0.049296275 -0.137808919 -0.064768814 0.005216708 -0.155507207 0.985695362
1341846669.554159 -0.152335837 0.037458405 -0.128010675 -0.072368428 0.007063143 -0.165601522 0.983508527
1341846669.586348 -0.148063809 0.042125933 -0.137612447 -0.075116932 0.005172346 -0.173201635 0.982004046
1341846669.617976 -0.132940948 0.040489998 -0.145174801 -0.082286440 0.005384865 -0.181804866 0.979870856
1341846669.654096 -0.144484073 0.036438879 -0.133318752 -0.087583177 0.010467974 -0.191422135 0.977536261
1341846669.686069 -0.148368299 0.027361739 -0.136961073 -0.089416459 0.011666502 -0.197389066 0.976169109
1341846669.718075 -0.137236729 0.038576696 -0.143846855 -0.090240441 0.011893050 -0.204143316 0.974700332
1341846669.754171 -0.132887363 0.043799523 -0.149971932 -0.095770210 0.014998659 -0.213730142 0.972071230
1341846669.786139 -0.139111653 0.040467083 -0.137670621 -0.101152547 0.017868182 -0.222161517 0.969583988
1341846669.822151 -0.127817392 0.040581796 -0.141253293 -0.103280857 0.016748428 -0.230008289 0.967547834
1341846669.854118 -0.139587492 0.050006516 -0.143641025 -0.107516274 0.020794278 -0.238110662 0.965044677
1341846669.886219 -0.134597123 0.048035689 -0.144771561 -0.113477752 0.022281883 -0.247412831 0.961983979
1341846669.922050 -0.137494683 0.042307772 -0.138874292 -0.117116399 0.023808967 -0.256696016 0.959074616
1341846669.954047 -0.130949408 0.058883317 -0.148396000 -0.118299484 0.025066635 -0.264223665 0.956850410
1341846669.986285 -0.134706989 0.046090361 -0.148777261 -0.127558514 0.028570216 -0.272085875 0.953352928
1341846670.022242 -0.135630816 0.046172798 -0.146840453 -0.130777001 0.032132789 -0.281683922 0.950010002
1341846670.054135 -0.138154715 0.043787863 -0.154941931 -0.134069487 0.035148699 -0.287679881 0.947644532
1341846670.090228 -0.134105861 0.049758524 -0.159127042 -0.137799680 0.037629299 -0.297350615 0.944022179
1341846670.121996 -0.141045317 0.044436816 -0.154132947 -0.143244296 0.043570928 -0.309899688 0.938906193
1341846670.154057 -0.135802969 0.050604578 -0.154508576 -0.145865455 0.047922589 -0.318805248 0.935302019
1341846670.190103 -0.133662090 0.059306800 -0.146199822 -0.148560673 0.050830644 -0.328161955 0.931480348
1341846670.222197 -0.148329809 0.052405179 -0.153655946 -0.151930869 0.056375053 -0.340684175 0.926106453
1341846670.258571 -0.136773214 0.052848142 -0.153965741 -0.152444363 0.059702277 -0.347035587 0.923451483
1341846670.290254 -0.136525169 0.059855159 -0.153114229 -0.153066427 0.062732548 -0.353842586 0.920560002
1341846670.358377 -0.145568624 0.050165191 -0.158478379 -0.152675480 0.076854512 -0.371122837 0.912716508
1341846670.390114 -0.132756427 0.045325816 -0.166309431 -0.150809452 0.081468597 -0.378235132 0.909701884
1341846670.422206 -0.126584917 0.042877350 -0.157058939 -0.146987960 0.087225348 -0.384861887 0.907010257
1341846670.464003 -0.143460929 0.047117356 -0.160310015 -0.140515432 0.099399127 -0.394939244 0.902440131
1341846670.526271 -0.146978036 0.043632716 -0.161358997 -0.134337500 0.114113741 -0.409668654 0.895043612
1341846670.566977 -0.144380480 0.045916125 -0.162034422 -0.132046998 0.118263692 -0.413014919 0.893306196
1341846670.596103 -0.148767203 0.046204235 -0.159849569 -0.129143611 0.121826157 -0.419246286 0.890344203
1341846670.628412 -0.171265662 0.032815099 -0.159217179 -0.129662126 0.127478540 -0.427411348 0.885582566
1341846670.664027 -0.173119277 0.041057013 -0.151063174 -0.124350257 0.132363558 -0.433875650 0.882478774
1341846670.696002 -0.177868515 0.028479533 -0.151968583 -0.119734019 0.137175560 -0.439485520 0.879601717
1341846670.728093 -0.181858271 0.035587866 -0.159911737 -0.112368658 0.142929852 -0.444224685 0.877273500
1341846670.764128 -0.151061773 0.030507352 -0.172000527 -0.106482603 0.143909290 -0.449895680 0.874954522
1341846670.796059 -0.188431129 0.028157922 -0.148250371 -0.103569075 0.156170338 -0.457890183 0.869034410
1341846670.832246 -0.185998082 0.027052270 -0.143575430 -0.096027508 0.159351140 -0.456888825 0.869849741
1341846670.863970 -0.174107984 0.025361594 -0.164314210 -0.090562977 0.158793807 -0.455045015 0.871502638
1341846670.896139 -0.169848680 0.024839005 -0.177923113 -0.083860077 0.164036572 -0.453531235 0.871991336
1341846670.932028 -0.163038075 0.025293041 -0.166063368 -0.072559841 0.169333175 -0.450451493 0.873587370
1341846670.964063 -0.161755502 0.019561030 -0.156383276 -0.062354673 0.168580458 -0.444010526 0.877808154
1341846671.000270 -0.169590384 0.018889032 -0.182348296 -0.055816539 0.170165122 -0.444981188 0.877450883
1341846671.032112 -0.165365726 0.016706498 -0.184798181 -0.047116384 0.175919071 -0.449009389 0.874770343
1341846671.064030 -0.157647014 0.015602676 -0.166266173 -0.038833197 0.178060621 -0.452300757 0.873046637
1341846671.101398 -0.160802335 0.009235853 -0.177443206 -0.032312766 0.178067952 -0.458563209 0.870038748
1341846671.132289 -0.180110276 0.005136330 -0.158095732 -0.023794362 0.182939768 -0.467862993 0.864332736
1341846671.168159 -0.165995419 0.005588189 -0.141113937 -0.010062500 0.179428592 -0.468609005 0.864933372
1341846671.200149 -0.159783110 0.005831281 -0.151568308 0.000856853 0.173402250 -0.471433848 0.864685535
1341846671.232280 -0.162103564 0.007432885 -0.184937567 0.011024377 0.172471851 -0.477980584 0.861200631
1341846671.268147 -0.162257239 0.006345473 -0.182155371 0.021035802 0.174526557 -0.478055090 0.860558689
1341846671.300337 -0.164089829 -0.002193343 -0.164018080 0.028264808 0.170465007 -0.479037464 0.860619485
1341846671.336125 -0.174600258 -0.005863328 -0.172608778 0.032889567 0.169069499 -0.484405547 0.857720852
1341846671.368236 -0.165964857 -0.015555680 -0.181145698 0.038545668 0.167853639 -0.487145245 0.856171072
1341846671.400327 -0.170199215 -0.010454100 -0.174281687 0.043711040 0.164960459 -0.489610374 0.855078399
1341846671.436064 -0.177597463 -0.019343995 -0.193252757 0.047437403 0.161607161 -0.496517330 0.851530015
1341846671.468197 -0.161325052 -0.018905334 -0.194064498 0.053840462 0.158792570 -0.501012564 0.849042058
1341846671.504294 -0.164242923 -0.010237221 -0.186253816 0.057161544 0.153938130 -0.503984451 0.847959459
1341846671.536197 -0.178326279 -0.014550943 -0.180218846 0.060233254 0.147386760 -0.513998091 0.842884958
1341846671.568120 -0.172042161 -0.011056345 -0.193273470 0.068228625 0.143430561 -0.520032406 0.839248955
1341846671.604188 -0.164349288 -0.013681944 -0.182567447 0.073425710 0.136812881 -0.525941670 0.836227417
1341846671.636057 -0.179671168 -0.008861553 -0.199280143 0.079301059 0.130996704 -0.532394171 0.832530856
1341846671.672157 -0.172218829 -0.022642829 -0.201793969 0.088576019 0.119532272 -0.536550701 0.830650151
1341846671.704027 -0.173073098 -0.019236721 -0.207726106 0.090824276 0.116224557 -0.539631844 0.828878880
1341846671.736479 -0.171235889 -0.028154369 -0.215238422 0.089204453 0.111838154 -0.546026528 0.825463414
1341846671.774745 -0.185354576 -0.026677631 -0.199091539 0.090408683 0.109490119 -0.552254438 0.821494520
1341846671.804605 -0.174029335 -0.027715057 -0.203943834 0.092680410 0.102981292 -0.553509414 0.821238339
1341846671.840252 -0.194948196 -0.021749958 -0.197682247 0.092222840 0.101400323 -0.560567975 0.816686273
1341846671.872106 -0.188645825 -0.030667402 -0.212267920 0.093300641 0.097940840 -0.564459324 0.814302325
1341846671.904035 -0.186468720 -0.027717303 -0.215146005 0.093447275 0.095828146 -0.566676974 0.812995553
1341846671.972239 -0.183494091 -0.026245363 -0.199200049 0.092541285 0.093221940 -0.577531219 0.805731654
1341846672.034218 -0.183502004 -0.017085761 -0.202242032 0.091756769 0.089171886 -0.588331997 0.798432589
1341846672.066227 -0.185914740 -0.023608938 -0.207164735 0.090248182 0.088842392 -0.593245804 0.794997931
1341846672.098024 -0.182621464 -0.019698855 -0.196793541 0.090213433 0.085875027 -0.596996248 0.792516530
1341846672.134061 -0.183058679 -0.020747360 -0.202114359 0.090090588 0.083169907 -0.602490902 0.788651526
1341846672.166000 -0.183563560 -0.023692407 -0.212255165 0.089063331 0.083304286 -0.607791901 0.784676433
1341846672.198405 -0.183807671 -0.024911489 -0.202253535 0.088345751 0.082590885 -0.610694945 0.782576144
1341846672.234130 -0.192739755 -0.022855800 -0.203323141 0.089366682 0.080826394 -0.615219295 0.779092968
1341846672.266403 -0.190297037 -0.023947168 -0.207954332 0.092261426 0.079340458 -0.618063509 0.776653349
1341846672.302710 -0.181914553 -0.021582630 -0.210954994 0.092182875 0.077940673 -0.618689179 0.776306152
1341846672.335022 -0.186557606 -0.022270899 -0.211665139 0.089965746 0.076849908 -0.621805549 0.774182200
1341846672.366487 -0.191718355 -0.023583673 -0.199749470 0.090079457 0.077355750 -0.625162959 0.771409750
1341846672.402478 -0.189597368 -0.023285661 -0.206985205 0.091421686 0.077430621 -0.624442458 0.771827817
1341846672.434330 -0.185153246 -0.021844849 -0.203167215 0.091377251 0.077050000 -0.623205602 0.772870183
1341846672.472323 -0.186018065 -0.022456761 -0.200539708 0.091730788 0.076850116 -0.622877479 0.773112595
1341846672.534812 -0.180489451 -0.017930541 -0.204032212 0.091964237 0.074334025 -0.619384587 0.776131213
1341846672.570153 -0.181474209 -0.018497538 -0.202276364 0.088939443 0.073216386 -0.619304538 0.776653767
1341846672.608881 -0.189568341 -0.019867353 -0.197182566 0.088484719 0.071900584 -0.618382335 0.777562857
1341846672.640836 -0.183458596 -0.018065125 -0.206409633 0.088057354 0.069174975 -0.614162445 0.781194746
1341846672.708152 -0.187897623 -0.016909957 -0.187816337 0.087493278 0.066172071 -0.603922069 0.789458275
1341846672.770288 -0.185125336 -0.016974483 -0.194162026 0.089885004 0.060263041 -0.582450449 0.805630565
1341846672.803280 -0.187044173 -0.016464651 -0.193126023 0.091621928 0.057544336 -0.572767079 0.812546551
1341846672.838034 -0.182583466 -0.013759319 -0.195321038 0.092961773 0.053779673 -0.561950803 0.820168972
1341846672.870092 -0.185286924 -0.012405302 -0.192381606 0.093482174 0.049921185 -0.554617643 0.825329185
1341846672.902275 -0.178813979 -0.007817805 -0.182113439 0.094252706 0.046239428 -0.546359360 0.830945134
1341846672.938315 -0.174812868 -0.007161289 -0.194380134 0.093733773 0.042192355 -0.537034273 0.837274134
1341846672.970326 -0.172712162 -0.006799802 -0.187980264 0.092223391 0.038225934 -0.528763175 0.842877865
1341846673.008221 -0.168237895 -0.007444769 -0.188643008 0.090445526 0.035005607 -0.519580424 0.848899543
1341846673.070235 -0.176443800 -0.006161829 -0.183179051 0.084394507 0.032485850 -0.499761045 0.861429691
1341846673.106189 -0.174843997 -0.006433085 -0.183656439 0.085531443 0.029079579 -0.486490637 0.869002640
1341846673.138104 -0.170384765 -0.007804377 -0.182824835 0.086819775 0.024328321 -0.472782105 0.876554370
1341846673.170298 -0.169138387 -0.006368110 -0.187984705 0.087245531 0.021185085 -0.463571846 0.881499052
1341846673.206489 -0.175870597 -0.008269677 -0.177526370 0.088661231 0.018190185 -0.453772366 0.886509418
1341846673.238153 -0.175190538 -0.006628832 -0.177574739 0.090947211 0.013659821 -0.443723857 0.891432047
1341846673.274220 -0.175039023 -0.011280730 -0.178799957 0.091897756 0.010455348 -0.435817808 0.895269990
1341846673.306107 -0.176589996 -0.010245917 -0.181057662 0.095412806 0.007613361 -0.426492542 0.899412334
1341846673.338187 -0.179695427 -0.012732044 -0.174156621 0.097243831 0.004246295 -0.416745394 0.903796911
1341846673.374098 -0.177441001 -0.015104398 -0.178134739 0.100292489 0.001436954 -0.407625884 0.907623529
1341846673.406266 -0.174940556 -0.013384258 -0.178655952 0.103379026 -0.000560036 -0.394736737 0.912959695
1341846673.438267 -0.178472042 -0.011527438 -0.175638795 0.107022993 -0.004564479 -0.381904989 0.917972684
1341846673.474135 -0.175643742 -0.014930036 -0.182479396 0.110884413 -0.008043391 -0.367562652 0.923329651
1341846673.506260 -0.177840069 -0.015803184 -0.180386260 0.113368362 -0.010936904 -0.353642464 0.928420663
1341846673.542168 -0.173837274 -0.007826019 -0.178635687 0.114480615 -0.016179608 -0.341029406 0.932915509
1341846673.574072 -0.176574901 -0.007840777 -0.172389179 0.113666452 -0.019721258 -0.331175864 0.936489999
1341846673.606102 -0.177042395 -0.003644954 -0.173621029 0.113688067 -0.024085654 -0.319405824 0.940465212
1341846673.648026 -0.174706012 0.000311246 -0.178755328 0.111725509 -0.030548789 -0.306528687 0.944787979
1341846673.710162 -0.184839815 0.007648591 -0.180419594 0.102642193 -0.039220016 -0.284246624 0.952433884
1341846673.742225 -0.176448375 0.010442236 -0.177570388 0.098979637 -0.046971891 -0.266730636 0.957523584
1341846673.774298 -0.183041632 0.007041130 -0.177897036 0.095683992 -0.052517828 -0.254236490 0.960963190
1341846673.810154 -0.179397687 0.012277909 -0.176399633 0.093786083 -0.058381766 -0.238450855 0.964850724
1341846673.842305 -0.184218854 0.015590644 -0.183498904 0.090994559 -0.064058706 -0.225381866 0.967894375
1341846673.874285 -0.176251397 0.022328502 -0.180541128 0.088167585 -0.068868674 -0.215237662 0.970132113
1341846673.910253 -0.180853844 0.020953003 -0.178172857 0.082228914 -0.071396604 -0.202473462 0.973213971
1341846673.942284 -0.180355340 0.018359065 -0.176988631 0.079178646 -0.075265713 -0.192743838 0.975149035
1341846673.978434 -0.178819403 0.009079261 -0.175979018 0.077746436 -0.076221436 -0.184461787 0.976790488
1341846674.016486 -0.184629813 0.011515036 -0.172816083 0.079361677 -0.074987017 -0.176354870 0.978252351
1341846674.052060 -0.183049500 0.012404192 -0.174431324 0.079308964 -0.076151468 -0.164940298 0.980156004
1341846674.084057 -0.177827016 0.016096082 -0.170777813 0.080386326 -0.076707579 -0.156752884 0.981367707
1341846674.152235 -0.183309406 0.020011934 -0.170459032 0.072392777 -0.075113997 -0.141483575 0.984428525
1341846674.210322 -0.170762613 0.032968365 -0.181797922 0.067850634 -0.074164368 -0.125002965 0.987051249
1341846674.246217 -0.183238670 0.024993287 -0.164181978 0.062191695 -0.073515929 -0.118121691 0.988319218
1341846674.278035 -0.186172217 0.017320413 -0.168175459 0.061882809 -0.074753091 -0.109395787 0.989249706
1341846674.310117 -0.177594706 0.028960034 -0.172117352 0.062646337 -0.076643459 -0.098633870 0.990188181
1341846674.346212 -0.178824186 0.027270682 -0.173278138 0.059893560 -0.076078132 -0.091927007 0.991047084
1341846674.378058 -0.183503985 0.015203792 -0.179303944 0.059107423 -0.074671343 -0.082119830 0.992061913
1341846674.410162 -0.181205437 0.031245774 -0.172937125 0.060893044 -0.075006828 -0.073228978 0.992624581
1341846674.446125 -0.179787517 0.029409871 -0.180979401 0.057801105 -0.074705772 -0.067568690 0.993233383
1341846674.478198 -0.179469764 0.023934521 -0.171069384 0.057643894 -0.074341752 -0.061043769 0.993692160
1341846674.514124 -0.185455322 0.028817544 -0.182055414 0.057785470 -0.073136002 -0.057701327 0.993973136
1341846674.546062 -0.183918208 0.029963845 -0.167807564 0.057031214 -0.074376933 -0.052593861 0.994207919
1341846674.578094 -0.178026751 0.031030498 -0.176701620 0.057275884 -0.074336126 -0.048624553 0.994398952
1341846674.614179 -0.180428356 0.035591442 -0.187817097 0.056011174 -0.072202474 -0.043488573 0.994865954
1341846674.682209 -0.174889043 0.021600237 -0.173551127 0.056291830 -0.074597321 -0.026930479 0.995259345
1341846674.714186 -0.179380581 0.033522576 -0.167992920 0.058649924 -0.073408365 -0.019113006 0.995392442
1341846674.752271 -0.182430789 0.031485476 -0.178190708 0.058057833 -0.073433422 -0.009649147 0.995562017
1341846674.814222 -0.181478694 0.033305652 -0.170507312 0.057480294 -0.072192155 0.005270802 0.995719075
1341846674.846370 -0.180377275 0.034934524 -0.177855328 0.058005597 -0.071757868 0.013043148 0.995648563
1341846674.882158 -0.178930134 0.037019387 -0.188085556 0.057131100 -0.071752720 0.020790482 0.995567858
1341846674.914224 -0.179234356 0.045973338 -0.179763436 0.055981979 -0.071687639 0.026671056 0.995497644
1341846674.950305 -0.178932905 0.044888861 -0.177043930 0.053011760 -0.071716592 0.032127447 0.995496988
1341846674.982342 -0.180784777 0.050915167 -0.191007003 0.050172325 -0.072957441 0.034992166 0.995457411
1341846675.014137 -0.182438374 0.060042791 -0.202526361 0.042026110 -0.074374966 0.036353070 0.995680988
1341846675.050230 -0.180413067 0.056444108 -0.193251669 0.032516208 -0.076176010 0.041232940 0.995710671
1341846675.088201 -0.183411673 0.064606801 -0.189031675 0.027759161 -0.075579576 0.042744458 0.995836377
1341846675.150188 -0.176025316 0.127642766 -0.153179705 0.009163407 -0.075501747 0.047904156 0.995952189
1341846675.182290 -0.182559237 0.085725605 -0.160136744 -0.008771922 -0.071363732 0.045229323 0.996385753
1341846675.218759 -0.185686275 0.076815650 -0.178206757 -0.016695784 -0.069264501 0.046559673 0.996371388
1341846675.251951 -0.176110342 0.064494997 -0.182721153 -0.025374549 -0.071018033 0.050507177 0.995872319
1341846675.282406 -0.186047062 0.062964402 -0.173550844 -0.028137077 -0.068106130 0.051979266 0.995925665
1341846675.318078 -0.176920220 0.069205567 -0.188830242 -0.031299040 -0.065463901 0.053887185 0.995907128
1341846675.350149 -0.200792491 0.070914596 -0.173162878 -0.038628757 -0.061043158 0.054927278 0.995873749
1341846675.382271 -0.178337902 0.064012252 -0.168187171 -0.050689604 -0.061642837 0.058567621 0.995088220
1341846675.450238 -0.145709723 0.059434757 -0.145477682 -0.058519337 -0.057170413 0.067265116 0.994375408
1341846675.486165 -0.120290190 0.055138245 -0.140790269 -0.050647795 -0.059934709 0.077846579 0.993872464
1341846675.518083 -0.104594231 0.053539552 -0.140798733 -0.043335222 -0.060457926 0.086368389 0.993482471
1341846675.550092 -0.076527916 0.054325640 -0.127831802 -0.035498559 -0.065578870 0.095997378 0.992584407
1341846675.586070 -0.066997774 0.058543444 -0.123813018 -0.031470589 -0.065988377 0.098191001 0.992478549
1341846675.618075 -0.045871153 0.056103989 -0.116687872 -0.027087588 -0.065879680 0.101218417 0.992310941
1341846675.650024 -0.029847244 0.061413106 -0.112161234 -0.020684697 -0.069058605 0.104443751 0.991914570
1341846675.686118 -0.012620146 0.057802957 -0.107225835 -0.018231338 -0.072973929 0.104180098 0.991710126
1341846675.718055 -0.004189505 0.061573919 -0.107569091 -0.012661562 -0.071334459 0.101844326 0.992158651
1341846675.754170 0.010576719 0.062121864 -0.093151242 -0.005503500 -0.072370037 0.099692501 0.992367744
1341846675.786330 0.039357521 0.054158449 -0.089068405 -0.003611858 -0.075294182 0.098852046 0.992242932
1341846675.818106 0.056483295 0.052404948 -0.086128019 -0.000841590 -0.073988661 0.096771017 0.992552459
1341846675.854095 0.083381221 0.053821102 -0.080161795 0.003282354 -0.076078549 0.094288275 0.992628336
1341846675.886163 0.095409989 0.051431853 -0.074819043 0.009911394 -0.079713143 0.097111121 0.992026746
1341846675.922346 0.115713939 0.054641183 -0.071005516 0.020178970 -0.081670031 0.097271159 0.991696060
1341846675.961651 0.122662276 0.045317888 -0.070797458 0.027142426 -0.081974722 0.095301405 0.991696060
1341846676.028080 0.139964610 0.067712121 -0.065907329 0.054215081 -0.087542422 0.092882365 0.990338266
1341846676.122163 -0.130876392 0.049786635 -0.168983474 0.058680944 -0.045349542 0.085083000 0.993610024
1341846676.154447 -0.100812085 0.055744246 -0.163533360 0.057840623 -0.049433414 0.086873397 0.993309557
1341846676.190230 -0.080951512 0.054752313 -0.175212815 0.057748560 -0.053938605 0.087199323 0.993051887
1341846676.222476 -0.064383388 0.074494004 -0.192096338 0.055463746 -0.055000797 0.086117469 0.993218243
1341846676.257017 -0.056113560 0.070291825 -0.192294359 0.047338743 -0.053077117 0.083431609 0.993972361
1341846676.290401 -0.025691533 0.068211511 -0.190451413 0.044661723 -0.056551918 0.084659703 0.993800759
1341846676.322689 0.016958926 0.074408703 -0.188178718 0.043199986 -0.059503332 0.085120477 0.993653655
1341846676.360815 0.048514511 0.077031672 -0.217400357 0.032891672 -0.058281146 0.083872750 0.994226754
1341846676.390851 0.048159674 0.074158549 -0.195524752 0.022198625 -0.054892287 0.080872349 0.994964182
1341846676.424250 0.056448627 0.075767577 -0.206611305 0.024114491 -0.052760459 0.080692492 0.995049536
1341846676.459033 0.069641739 0.094815776 -0.225337565 0.024458028 -0.049589302 0.082330614 0.995070040
1341846676.490669 0.088361770 0.093341805 -0.214782327 0.019665599 -0.048136421 0.083622530 0.995139897
1341846676.532743 0.112948969 0.095359236 -0.212988973 0.018791799 -0.046380457 0.084066167 0.995202780
1341846676.564052 0.105154239 0.105259538 -0.226469517 0.018165300 -0.040933635 0.083770484 0.995478272
1341846676.596566 0.114212245 0.105231330 -0.228404179 0.014161786 -0.039998837 0.082716994 0.995669365
1341846676.632057 0.134709030 0.103444070 -0.223006025 0.012488880 -0.039152898 0.079904214 0.995954990
1341846676.690079 0.127525672 0.114011727 -0.224534869 0.013476316 -0.032675620 0.076765001 0.996422529
1341846676.726102 0.169275925 0.099469915 -0.229728162 0.011546586 -0.034638695 0.073765844 0.996606946
1341846676.758419 0.169905201 0.095881216 -0.226751372 0.013718124 -0.030797504 0.072682612 0.996785104
1341846676.790227 0.172800779 0.103578731 -0.233099565 0.016083058 -0.029826296 0.072851986 0.996766925
1341846676.826179 0.188001379 0.100115038 -0.238652349 0.015912415 -0.028175585 0.071727134 0.996899247
1341846676.858331 0.177657202 0.100311339 -0.238207459 0.017523771 -0.022280615 0.070898212 0.997080743
1341846676.894086 0.178531989 0.107524261 -0.237970546 0.018747725 -0.023366831 0.073265344 0.996862411
1341846676.926062 0.214263737 0.107265919 -0.235575318 0.017835032 -0.027625039 0.071990430 0.996863127
1341846676.958080 0.211357832 0.108680837 -0.231792793 0.018291030 -0.025216972 0.071594223 0.996947229
1341846676.994140 0.206558958 0.105753072 -0.234214187 0.019025171 -0.025944173 0.073168091 0.996800542
1341846677.026242 0.226496503 0.116630688 -0.225446850 0.020954764 -0.029241346 0.073607154 0.996638238
1341846677.094244 0.221219033 0.111773223 -0.231996506 0.018057475 -0.029173516 0.071615890 0.996842027
1341846677.126108 0.239457920 0.100592360 -0.229903117 0.017750217 -0.032935921 0.072620451 0.996657610
1341846677.162066 0.237121060 0.106115445 -0.236063302 0.020650586 -0.031251412 0.073009677 0.996627569
1341846677.194068 0.225527465 0.114239700 -0.236951143 0.021141151 -0.030443802 0.074024104 0.996567428
1341846677.226206 0.267053306 0.103235438 -0.233496234 0.018360950 -0.036396626 0.072183400 0.996557951
1341846677.262033 0.268113226 0.093461044 -0.229957402 0.019616591 -0.033685144 0.073396929 0.996540725
1341846677.294125 0.243523896 0.106034353 -0.234488592 0.023045897 -0.031020865 0.074033931 0.996506691
1341846677.326503 0.278393537 0.112913586 -0.234710783 0.021935238 -0.035959050 0.071885243 0.996523082
1341846677.362194 0.282094836 0.093370967 -0.232011870 0.019650511 -0.033296142 0.071621194 0.996682286
1341846677.394280 0.273583353 0.097135901 -0.234199315 0.021729253 -0.032048605 0.072637402 0.996606469
1341846677.430058 0.280272186 0.101410702 -0.235511750 0.022373531 -0.030972954 0.072748549 0.996618152
1341846677.468326 0.281433612 0.094712377 -0.233123556 0.022561418 -0.028025052 0.071790308 0.996770680
1341846677.530161 0.291299045 0.097079091 -0.231543899 0.027152322 -0.026343616 0.070065998 0.996824741
1341846677.562051 0.290637165 0.098203085 -0.231345460 0.028561924 -0.023273526 0.069354549 0.996911466
1341846677.594105 0.287826657 0.098009400 -0.232804015 0.028937513 -0.021958224 0.068647809 0.996979415
1341846677.630227 0.280111283 0.094949178 -0.233018368 0.029423974 -0.019465508 0.067493454 0.997095764
1341846677.662033 0.277133524 0.096536241 -0.236569852 0.030532423 -0.017603427 0.067207448 0.997116327
1341846677.730320 0.288427234 0.096630104 -0.233631507 0.029796397 -0.019026080 0.067263566 0.997108698
1341846677.763691 0.293189794 0.094191886 -0.230878979 0.030632442 -0.019292338 0.067737117 0.997046232
1341846677.798630 0.288842231 0.108782440 -0.231191903 0.032692816 -0.020366967 0.067740053 0.996959209
1341846677.830104 0.303686112 0.097506888 -0.231477365 0.030579450 -0.021629980 0.066480078 0.997084439
1341846677.862185 0.308457226 0.084076747 -0.229535088 0.031370811 -0.019926175 0.065177575 0.997181356
1341846677.898344 0.295440972 0.086325020 -0.226370081 0.035352301 -0.018205069 0.065949880 0.997030318
1341846677.930181 0.311033249 0.088265188 -0.228425488 0.037410416 -0.020065611 0.065110907 0.996974647
1341846677.966256 0.320548326 0.075559027 -0.229209617 0.038544562 -0.019234531 0.063985869 0.997020662
1341846677.998516 0.308178991 0.067839980 -0.236050218 0.042216465 -0.017972836 0.065144025 0.996820450
1341846678.030368 0.313973218 0.077302739 -0.234658122 0.046456359 -0.020926317 0.066288032 0.996498764
1341846678.066187 0.326551706 0.072807938 -0.235443711 0.047643311 -0.021231074 0.064872533 0.996529400
1341846678.098076 0.311296344 0.067319110 -0.240163252 0.048613388 -0.019277601 0.065376379 0.996489346
1341846678.134082 0.315116167 0.069936864 -0.238009259 0.050596934 -0.022598077 0.066343881 0.996256888
1341846678.166092 0.328099489 0.067701712 -0.236851066 0.051437911 -0.023729930 0.065570489 0.996238708
1341846678.204293 0.316469371 0.062390968 -0.239533320 0.052499339 -0.021546369 0.066372424 0.996179819
1341846678.266209 0.325077057 0.058314297 -0.245607585 0.055740025 -0.025652766 0.066420130 0.995903313
1341846678.298316 0.320126086 0.059482835 -0.248054415 0.056386594 -0.026388604 0.066833980 0.995819986
1341846678.334135 0.305764347 0.057857804 -0.247586668 0.056343354 -0.025096050 0.068087198 0.995770931
1341846678.366593 0.319577336 0.052159071 -0.252988279 0.057004243 -0.027590051 0.066081285 0.995802462
1341846678.402292 0.302244186 0.055143438 -0.258084714 0.059088785 -0.025272748 0.066667996 0.995703340
1341846678.439991 0.347146153 0.056328274 -0.246350184 0.059563976 -0.031509258 0.066586420 0.995502651
