1341846647.802247 0.000000000 0.000000000 0.000000000 0.000000000 0.000000000 0.000000000 1.000000000
1341846647.834093 0.003170708 -0.001377953 -0.001983340 0.000473416 -0.000140854 0.001443446 0.999998808
1341846647.866652 0.005466886 0.000062820 -0.006224025 0.002069874 0.002037444 0.002954131 0.999991417
1341846647.901972 0.012011216 0.003715325 -0.004636264 0.002573260 0.003384244 0.003611322 0.999984443
1341846647.934224 0.006948830 0.003505611 -0.006646497 0.001295165 0.004407376 0.003687298 0.999982655
1341846647.970225 0.012509242 0.000970167 -0.006703343 0.000496604 0.002085553 0.004634129 0.999986947
1341846648.002341 0.006216081 0.020834276 -0.002756985 0.003009752 0.002638720 0.003144518 0.999987066
1341846648.034343 0.005251471 0.021658100 -0.004385059 0.000770820 0.001414753 0.002633198 0.999995232
1341846648.070164 0.001107680 0.017947797 -0.001895871 -0.000913127 -0.000895570 0.003280067 0.999993801
1341846648.102152 0.010038613 0.015393910 -0.003012934 -0.000488183 -0.005375189 0.004225598 0.999976516
1341846648.138185 0.019795218 0.015120455 -0.009517193 -0.001351271 -0.008176519 0.004892202 0.999953687
1341846648.170568 0.015597900 0.018026236 -0.013240436 -0.003729756 -0.009196744 0.003904548 0.999943137
1341846648.202106 0.011608552 0.012676588 -0.012163852 -0.005627993 -0.012755379 0.003984587 0.999894857
1341846648.238157 0.012339041 0.017019421 -0.012944580 -0.003947713 -0.017758155 0.003872632 0.999827027
1341846648.270152 0.021199010 0.021345252 -0.020591546 -0.005575221 -0.024206743 0.002094634 0.999689221
1341846648.302183 0.024426997 0.019866817 -0.019869963 -0.011279307 -0.029469153 -0.003056163 0.999497354
1341846648.338170 0.024220956 0.014387570 -0.016948057 -0.015669724 -0.034428675 -0.007241330 0.999258101
1341846648.370216 0.012405077 0.016645145 -0.023423400 -0.016981753 -0.038584795 -0.007847260 0.999080181
1341846648.406052 0.017929727 0.010973325 -0.018863343 -0.019623931 -0.050748542 -0.006178061 0.998499513
1341846648.438342 0.026552547 0.008593699 -0.021047970 -0.019868063 -0.057362057 -0.003917555 0.998148024
1341846648.470076 0.029683445 0.014756400 -0.022337675 -0.019974591 -0.062987305 -0.003257796 0.997809112
1341846648.506263 0.031974595 0.016387941 -0.023621349 -0.022883782 -0.069394708 -0.003405054 0.997320950
1341846648.538249 0.038268972 0.012249125 -0.022813816 -0.026843177 -0.076672703 -0.004847146 0.996683121
1341846648.570179 0.057834022 0.012923075 -0.019050308 -0.029831229 -0.083117127 -0.004788475 0.996081650
1341846648.606081 0.038299028 0.008524661 -0.024181785 -0.032848500 -0.083714142 -0.007634844 0.995918989
1341846648.638395 0.068720877 0.002025489 -0.013444349 -0.034155548 -0.098686963 -0.007918569 0.994500697
1341846648.674053 0.068651751 0.004323179 -0.016988833 -0.032240033 -0.101787381 -0.008620855 0.994246244
1341846648.706058 0.070898764 0.003886367 -0.021830801 -0.032918043 -0.109329790 -0.009027114 0.993419290
1341846648.738116 0.077654973 0.003505500 -0.010173650 -0.033350039 -0.119709522 -0.007866388 0.992217481
1341846648.774049 0.076843083 0.006401168 -0.011427654 -0.030077204 -0.121516407 -0.008716320 0.992095351
1341846648.805941 0.088740893 -0.006344330 -0.010475598 -0.031130942 -0.126223907 -0.005193517 0.991499603
1341846648.838602 0.087399133 0.000598570 -0.015754709 -0.030595062 -0.133502573 -0.003850331 0.990568638
1341846648.874088 0.086258054 0.001753039 -0.018112339 -0.032126535 -0.135700181 -0.005800961 0.990211964
1341846648.906165 0.087821208 0.001899810 -0.013308253 -0.034242492 -0.140499368 -0.005971999 0.989470422
1341846648.942154 0.149178699 -0.021637661 0.009858571 -0.039985243 -0.170327395 0.006010842 0.984557569
1341846648.974090 0.152826607 -0.020664243 -0.005280033 -0.041613113 -0.180113062 0.004484849 0.982755065
1341846649.006157 0.165566877 -0.006554550 0.024881486 -0.042092521 -0.185141340 -0.000170336 0.981809974
1341846649.042101 0.170539007 -0.008774498 0.017306138 -0.041741885 -0.193895280 0.001219300 0.980133057
1341846649.074128 0.173986688 0.003367279 0.009479769 -0.041109443 -0.201043054 -0.007284946 0.978692293
1341846649.106188 0.170186162 0.007206127 0.010146614 -0.042962372 -0.200426668 -0.016776448 0.978622437
1341846649.142042 0.169108689 0.001464899 0.019435182 -0.046778150 -0.202567324 -0.018971648 0.977966428
1341846649.174442 0.173375219 0.007768869 0.016765736 -0.047400862 -0.208299890 -0.024720900 0.976602852
1341846649.216152 0.180183724 0.008378666 0.023371384 -0.048558142 -0.210262954 -0.027175818 0.976059973
1341846649.248048 0.205875456 -0.005928218 0.037305176 -0.053512383 -0.214379385 -0.024912266 0.974965274
1341846649.280075 0.218489245 -0.004225389 0.038590379 -0.057403933 -0.218884900 -0.024805604 0.973744750
1341846649.316071 0.221383154 -0.005038051 0.046462342 -0.062176287 -0.220050737 -0.025555465 0.973169386
1341846649.348041 0.222678259 -0.012327738 0.071570635 -0.065525353 -0.223559305 -0.020860758 0.972261548
1341846649.383973 0.231684431 -0.006725653 0.073451832 -0.063082211 -0.229123250 -0.017026752 0.971201956
1341846649.416053 0.234704584 0.001134573 0.053778388 -0.062487900 -0.227846980 -0.020145291 0.971480906
1341846649.448084 0.237251341 -0.002875904 0.055118922 -0.067747734 -0.224791110 -0.020996796 0.971822202
1341846649.484154 0.238448128 -0.006043134 0.068003975 -0.070868179 -0.227589488 -0.018910769 0.970990777
1341846649.516198 0.241825074 -0.011277901 0.079742566 -0.070615955 -0.229972050 -0.025988495 0.970283926
1341846649.552101 0.241464153 -0.002511317 0.065858528 -0.067094795 -0.226464227 -0.027971976 0.971303165
1341846649.616167 0.239997402 -0.012326022 0.073428892 -0.068612099 -0.228952020 -0.019218149 0.970826447
1341846649.678101 0.252281010 -0.028132105 0.072702602 -0.069730058 -0.231998935 -0.022837769 0.969944656
1341846649.710937 0.282169700 -0.036524091 0.083607867 -0.070034601 -0.243292391 -0.023875466 0.967126608
1341846649.746112 0.288782597 -0.031820171 0.093563005 -0.067045018 -0.251014054 -0.027232999 0.965274751
1341846649.778019 0.287470907 -0.035563938 0.093058862 -0.065709978 -0.254488647 -0.029623603 0.964385927
1341846649.810257 0.291303664 -0.034115598 0.081451014 -0.064516447 -0.262153059 -0.027894692 0.962463140
1341846649.846059 0.303956896 -0.032885443 0.053838365 -0.065627284 -0.270533085 -0.030721182 0.959979773
1341846649.878137 0.321450174 -0.034178715 0.090202309 -0.071534373 -0.279260337 -0.030889623 0.957048774
1341846649.914184 0.325935125 -0.034100164 0.113655485 -0.070870556 -0.286332697 -0.027319496 0.955114961
1341846649.952612 0.336248636 -0.025110245 0.100590855 -0.067122646 -0.288904160 -0.023783449 0.954705834
1341846650.014156 0.347832948 -0.031901874 0.114152722 -0.068557546 -0.293369979 -0.014257589 0.953430951
1341846650.046184 0.357236952 -0.024083845 0.119272485 -0.066364408 -0.297021002 -0.013379022 0.952467978
1341846650.078250 0.365553558 -0.020531263 0.131601363 -0.064110614 -0.297299325 -0.014432702 0.952520132
1341846650.114215 0.370692968 -0.028971639 0.129004151 -0.064030536 -0.297033012 -0.011530405 0.952648163
1341846650.146137 0.375137031 -0.032077841 0.137696832 -0.062777579 -0.300047845 -0.009216967 0.951811552
1341846650.182236 0.385429502 -0.029521300 0.155276552 -0.058264531 -0.301596731 -0.009729305 0.951603889
1341846650.214164 0.392572552 -0.031896077 0.144939989 -0.057143781 -0.300023615 -0.009140558 0.952174783
1341846650.246084 0.395439565 -0.034082212 0.152679995 -0.059088752 -0.301608741 -0.009557301 0.951551020
1341846650.282167 0.403174102 -0.040322978 0.177982986 -0.056497347 -0.302232653 -0.013686499 0.951460063
1341846650.314158 0.404925942 -0.040749066 0.160008937 -0.053201675 -0.297272474 -0.016634392 0.953164160
1341846650.350453 0.407999277 -0.041007262 0.152303338 -0.055135623 -0.296895027 -0.017685728 0.953153014
1341846650.382075 0.412045807 -0.044643156 0.165467858 -0.056764916 -0.297886878 -0.021120399 0.952677846
1341846650.414224 0.414351285 -0.047065359 0.189244509 -0.055106081 -0.295272380 -0.021553511 0.953579009
1341846650.450353 0.407769322 -0.043539889 0.165714890 -0.053086057 -0.288098156 -0.020191114 0.955915093
1341846650.484849 0.408626527 -0.037107110 0.157067686 -0.053319249 -0.284787297 -0.023360478 0.956821561
1341846650.514091 0.409318417 -0.049933206 0.179913700 -0.055760968 -0.280625641 -0.024262538 0.957888961
1341846650.550746 0.402764618 -0.054180894 0.187946066 -0.051183879 -0.274091691 -0.023284094 0.960058212
1341846650.582069 0.396641016 -0.051416006 0.173370600 -0.046741538 -0.266724497 -0.022599872 0.962373376
1341846650.618092 0.383166164 -0.045407224 0.156343460 -0.045085177 -0.258660913 -0.027097790 0.964534879
1341846650.650422 0.373471141 -0.044471268 0.157375813 -0.043849729 -0.251091331 -0.030476630 0.966489255
1341846650.682114 0.363768846 -0.048793525 0.154029638 -0.043507233 -0.243770212 -0.031645663 0.968339682
1341846650.718110 0.354269415 -0.049635619 0.147993058 -0.042907257 -0.237899512 -0.034269385 0.969736278
1341846650.750112 0.343761325 -0.048442151 0.154215157 -0.041223068 -0.230903104 -0.037673008 0.971372783
1341846650.782116 0.329454333 -0.058051810 0.154136404 -0.041588683 -0.219936728 -0.035817266 0.973968863
1341846650.818115 0.312843919 -0.061510663 0.140075669 -0.039073803 -0.214424014 -0.034135625 0.975361645
1341846650.850139 0.306245089 -0.050291453 0.126903459 -0.036191817 -0.209516317 -0.035875954 0.976476312
1341846650.886238 0.297252804 -0.050805259 0.129168987 -0.038210265 -0.198307455 -0.036619615 0.978709936
1341846650.918288 0.279998213 -0.055026375 0.137707070 -0.039102759 -0.186963484 -0.034982115 0.980964780
1341846650.950233 0.265816838 -0.050672725 0.117420264 -0.037711225 -0.178440750 -0.032686882 0.982684255
1341846650.986247 0.254906178 -0.051301405 0.121949583 -0.039257847 -0.168284178 -0.029718455 0.984508038
1341846651.050482 0.226917207 -0.049477946 0.091047935 -0.036663227 -0.147747412 -0.024129126 0.988050759
1341846651.086169 0.219192341 -0.044665992 0.093826801 -0.039928414 -0.140626758 -0.023554109 0.988976777
1341846651.118423 0.203808457 -0.053855211 0.110206865 -0.040915180 -0.130602315 -0.019522600 0.990397811
1341846651.154189 0.191449910 -0.053218309 0.101848751 -0.036722075 -0.123061337 -0.015682155 0.991595447
1341846651.186391 0.178898141 -0.052457541 0.088026628 -0.038015138 -0.116227940 -0.013508510 0.992402852
1341846651.218036 0.164259940 -0.048459318 0.081493214 -0.038889155 -0.109663829 -0.013565680 0.993115008
1341846651.254031 0.153135389 -0.050434910 0.078292802 -0.039856024 -0.104100622 -0.012151901 0.993693590
1341846651.286406 0.140833691 -0.049610682 0.074670427 -0.041584171 -0.098557375 -0.013253694 0.994173825
1341846651.318309 0.129498377 -0.052126739 0.078116760 -0.043306690 -0.094011091 -0.015794806 0.994503379
1341846651.354135 0.114575773 -0.049372844 0.068256050 -0.041522481 -0.086651802 -0.018940154 0.995192766
1341846651.386180 0.101724856 -0.052388005 0.071103975 -0.041195255 -0.079310089 -0.018401662 0.995828450
1341846651.422237 0.087870196 -0.054167051 0.059438147 -0.041716821 -0.075528771 -0.017808029 0.996111453
1341846651.492135 0.060573243 -0.048717562 0.048252322 -0.043567408 -0.065655105 -0.026229467 0.996545672
1341846651.560316 0.035067368 -0.055599887 0.048582993 -0.040995523 -0.047245353 -0.027724329 0.997656584
1341846651.622176 0.007519867 -0.059274118 0.031850059 -0.032874037 -0.035007939 -0.028529800 0.998438656
1341846651.654223 -0.004206693 -0.061767884 0.025648927 -0.029903751 -0.030903229 -0.027174851 0.998705268
1341846651.690127 -0.014751310 -0.064332731 0.018726626 -0.026028648 -0.027981719 -0.024620101 0.998966157
1341846651.722318 -0.027658800 -0.059841596 0.008736854 -0.021870377 -0.023318300 -0.022431722 0.999237061
1341846651.754212 -0.045737784 -0.054345015 -0.001126194 -0.019308513 -0.018281259 -0.021165753 0.999422312
1341846651.790200 -0.061303768 -0.048133496 -0.008928824 -0.019969841 -0.011848767 -0.023393288 0.999456644
1341846651.822233 -0.073015124 -0.057779148 -0.005057498 -0.021208202 -0.005647146 -0.021067921 0.999537110
1341846651.858213 -0.087808438 -0.067762516 -0.000438593 -0.013975741 -0.000169020 -0.016839130 0.999760509
1341846651.890237 -0.100871064 -0.058782037 -0.017557859 -0.004743274 0.006201693 -0.014117035 0.999869823
1341846651.922186 -0.101252481 -0.052195501 -0.030421430 -0.002594284 0.009249566 -0.011343881 0.999889493
1341846651.958047 -0.130874038 -0.054369863 -0.026500776 -0.000882047 0.014896184 -0.011570180 0.999821723
1341846651.990020 -0.154848576 -0.055853125 -0.019905694 0.005623094 0.023291098 -0.008504229 0.999676704
1341846652.022081 -0.176165894 -0.048617527 -0.020514244 0.012516245 0.029343398 -0.006300074 0.999471188
1341846652.058058 -0.170573846 -0.038328167 -0.047002926 0.014077432 0.028642941 0.000302687 0.999490499
1341846652.090106 -0.187225059 -0.035046682 -0.041849703 0.012604449 0.031944156 -0.002635307 0.999406695
1341846652.126257 -0.184781507 -0.041220933 -0.060250834 0.009298610 0.034725830 -0.001137980 0.999352992
1341846652.158232 -0.201917440 -0.041826885 -0.060575396 0.007440974 0.038062517 -0.000139938 0.999247611
1341846652.190049 -0.212103888 -0.046539742 -0.062642395 0.006320986 0.040322457 -0.002417197 0.999163806
1341846652.225981 -0.217227668 -0.049975418 -0.048438065 0.007091739 0.047520485 -0.003331818 0.998839498
1341846652.258089 -0.233699247 -0.052797463 -0.053116124 0.008692163 0.054444809 0.002057036 0.998476803
1341846652.290189 -0.261099190 -0.057981186 -0.055792585 0.011758500 0.057936713 0.003217423 0.998245776
1341846652.326148 -0.261703551 -0.059251305 -0.059537180 0.018671649 0.059391953 0.005338809 0.998045802
1341846652.358184 -0.279438108 -0.044506311 -0.052756559 0.023384374 0.064276323 0.005506147 0.997642934
1341846652.394279 -0.291442841 -0.045855146 -0.056383222 0.023679515 0.066560015 0.006002786 0.997483313
1341846652.426287 -0.299966246 -0.049716629 -0.050119102 0.025075449 0.068911888 0.005056251 0.997294664
1341846652.458277 -0.314070284 -0.051602915 -0.046598773 0.027311673 0.073509127 0.005132718 0.996907294
1341846652.494100 -0.326007068 -0.048158459 -0.050698314 0.030398766 0.076789171 0.004997327 0.996571302
1341846652.526469 -0.337890357 -0.043809373 -0.049869444 0.030632662 0.081470847 0.004859262 0.996192992
1341846652.562089 -0.338539869 -0.054091446 -0.062064905 0.029900264 0.087455690 0.003298599 0.995714068
1341846652.594254 -0.363871992 -0.054487575 -0.058057629 0.031993441 0.102762870 0.001789969 0.994189620
1341846652.626356 -0.368395954 -0.054160792 -0.049448095 0.033498626 0.114174098 0.001026260 0.992895305
1341846652.662152 -0.360189110 -0.066591062 -0.119076878 0.031848948 0.132278875 -0.005592647 0.990684927
1341846652.694113 -0.346612811 -0.065792054 -0.106813110 0.030768597 0.157136545 -0.008315679 0.987062395
1341846652.726378 -0.336264998 -0.075317793 -0.120984875 0.031796820 0.182548255 -0.008055056 0.982649624
1341846652.762129 -0.374646872 -0.064992331 -0.112221181 0.032763667 0.213689849 -0.011642073 0.976282597
1341846652.794152 -0.390876591 -0.071566612 -0.095765650 0.030030072 0.245551780 -0.011544771 0.968849480
1341846652.830250 -0.411202073 -0.063350148 -0.072245821 0.029998735 0.278243363 -0.013028933 0.959953606
1341846652.862014 -0.430227697 -0.062621653 -0.046507761 0.029059423 0.299614161 -0.011767776 0.953545213
1341846652.894426 -0.429184198 -0.067061678 -0.046917796 0.027867923 0.316595197 -0.008915959 0.948109388
1341846652.930346 -0.429680794 -0.070005529 -0.027579114 0.029408762 0.336293787 -0.005742417 0.941280305
1341846652.962213 -0.464355946 -0.064375818 -0.008442804 0.029038176 0.356072783 -0.006826130 0.933982015
1341846653.030292 -0.449964166 -0.080599770 -0.004049271 0.022125944 0.384447426 -0.004351714 0.922871411
1341846653.062672 -0.472127706 -0.082165718 0.011041626 0.024943814 0.401257098 -0.001486263 0.915624559
1341846653.099024 -0.459825218 -0.060776189 0.010385051 0.026226817 0.414737672 -0.002738250 0.909558833
1341846653.130475 -0.465667903 -0.065782972 0.022957489 0.021891095 0.433108926 -0.003136741 0.901070237
1341846653.162620 -0.483158171 -0.070268296 0.029284909 0.021021364 0.449491560 -0.001967581 0.893034995
1341846653.198437 -0.503455043 -0.073655665 0.047916397 0.021520576 0.463444591 0.001457267 0.885863304
1341846653.230042 -0.494214445 -0.074865967 0.053904966 0.022459939 0.475154132 0.003817222 0.879607618
1341846653.298380 -0.503938377 -0.066213064 0.074102491 0.022870617 0.502051055 0.007635395 0.864501774
1341846653.330162 -0.503430963 -0.062451262 0.082482636 0.023216994 0.513807595 0.010301290 0.857529342
1341846653.366319 -0.523277044 -0.053670697 0.096997663 0.022935521 0.525653958 0.013172881 0.850287199
1341846653.398226 -0.509327769 -0.060510628 0.107779250 0.022421449 0.534619033 0.016433580 0.844635844
1341846653.430060 -0.545437753 -0.066008322 0.136576712 0.023768328 0.546704710 0.018374722 0.836786330
1341846653.466341 -0.549910545 -0.056593210 0.135617122 0.026426200 0.551600456 0.016453492 0.833527327
1341846653.498194 -0.564785719 -0.053728729 0.141685188 0.026462536 0.557494462 0.015717290 0.829609931
1341846653.530205 -0.550108194 -0.045414977 0.163640514 0.027696539 0.560771585 0.013666408 0.827394307
1341846653.566601 -0.556452274 -0.042972349 0.160230055 0.028452436 0.561730981 0.011400142 0.826751947
1341846653.598213 -0.555798650 -0.049547072 0.156644657 0.027766816 0.562123895 0.012201726 0.826496720
1341846653.634793 -0.556807756 -0.049837135 0.155848369 0.027440527 0.560653746 0.013088875 0.827492058
1341846653.666143 -0.543432176 -0.053030685 0.155628353 0.027886655 0.559252024 0.013731127 0.828414738
1341846653.698738 -0.545015335 -0.055940256 0.150853485 0.026822634 0.555546522 0.015509821 0.830908000
1341846653.734313 -0.560380816 -0.051492535 0.142465457 0.024947012 0.550049722 0.016722159 0.834591687
1341846653.766275 -0.557451189 -0.040008076 0.156677514 0.025453022 0.548176110 0.017826227 0.835785449
1341846653.802358 -0.575480640 -0.043954611 0.147767812 0.023221347 0.542972207 0.018761344 0.839219868
1341846653.834226 -0.563718200 -0.045124322 0.143595591 0.022524180 0.533106565 0.020125991 0.845508754
1341846653.866214 -0.577881098 -0.041811809 0.138820708 0.022109978 0.526791692 0.020580964 0.849457502
1341846653.902170 -0.572801948 -0.038357455 0.145519540 0.021015281 0.520230532 0.021791173 0.853489161
1341846653.934160 -0.571870089 -0.040398140 0.145576820 0.018796684 0.511736274 0.021183411 0.858675718
1341846653.966155 -0.577969134 -0.041983284 0.142872781 0.016329460 0.504717112 0.020155448 0.862895012
1341846654.002169 -0.587647021 -0.033839308 0.128741473 0.014232858 0.496004254 0.020749141 0.867955446
1341846654.034140 -0.579638124 -0.041983351 0.136460945 0.008929924 0.488302380 0.020324863 0.872392058
1341846654.070172 -0.580972493 -0.053424567 0.145145461 0.009646527 0.479036391 0.022695031 0.877448618
1341846654.102438 -0.565826476 -0.056854874 0.124717414 0.012455738 0.466779321 0.022065673 0.884010732
1341846654.134349 -0.560961068 -0.058747724 0.126417890 0.016860789 0.455483556 0.023424072 0.889776289
1341846654.170244 -0.564108133 -0.057827316 0.125693724 0.019195138 0.443897069 0.021422729 0.895615995
1341846654.202087 -0.563388646 -0.058310848 0.126139686 0.021186179 0.427756667 0.018511130 0.903455973
1341846654.234434 -0.561326027 -0.058357164 0.126355663 0.022756299 0.418837190 0.015600823 0.907642066
1341846654.270041 -0.557489753 -0.057799168 0.119706020 0.023222055 0.406684995 0.014287201 0.913161516
1341846654.302117 -0.560050547 -0.054413322 0.113994122 0.023537403 0.390434444 0.012697207 0.920242250
1341846654.338026 -0.544139326 -0.055652779 0.097966060 0.022019923 0.379692048 0.011238364 0.924782574
1341846654.369979 -0.541327775 -0.060987819 0.100565001 0.022025025 0.369803399 0.014161510 0.928740978
1341846654.402172 -0.542092443 -0.054696389 0.110202417 0.023759274 0.350239158 0.011011525 0.936294198
1341846654.438133 -0.504881680 -0.032807909 0.087182775 0.025473654 0.330049157 0.011965171 0.943544090
1341846654.470186 -0.505478084 -0.049162336 0.098389104 0.020637937 0.321847051 0.012797172 0.946480215
1341846654.502267 -0.517213047 -0.053142745 0.123041615 0.019919654 0.305648595 0.010594225 0.951877058
1341846654.539064 -0.480729610 -0.046846539 0.098287255 0.020905301 0.283051670 0.009672653 0.958827972
1341846654.570053 -0.471192598 -0.041311350 0.106065407 0.017940126 0.277992755 0.005379241 0.960400522
1341846654.606030 -0.476773590 -0.052472621 0.105791703 0.016834406 0.261423200 0.004580810 0.965066612
1341846654.637980 -0.481968403 -0.057167552 0.098252051 0.020916365 0.242112264 0.008117506 0.969988763
1341846654.670155 -0.433942646 -0.049609911 0.102819882 0.024093170 0.231482148 0.005081850 0.972527504
1341846654.706022 -0.425951481 -0.042415310 0.087992780 0.027901469 0.217380837 0.007467024 0.975659430
1341846654.738497 -0.408744395 -0.053687774 0.036812365 0.030899579 0.193954751 0.010021183 0.980472505
1341846654.774056 -0.378512353 -0.030847421 0.024741732 0.035258900 0.182924896 0.011416168 0.982428074
1341846654.806040 -0.386030912 -0.042924032 0.004436366 0.031340923 0.172264650 0.011291390 0.984487295
1341846654.838060 -0.382717907 -0.047732964 0.012275249 0.030981271 0.156647027 0.012390655 0.987090826
1341846654.874136 -0.401703000 -0.040552471 -0.034002356 0.030747045 0.143145233 0.012815883 0.989140928
1341846654.906209 -0.349291682 -0.041851055 -0.014118090 0.026753780 0.128475040 0.011982864 0.991279364
1341846654.938214 -0.339395761 -0.062952258 -0.006463706 0.025474697 0.112901099 0.012531066 0.993200541
1341846654.974334 -0.330294132 -0.054002274 -0.014017679 0.031317107 0.094701439 0.014382802 0.994909048
1341846655.006124 -0.314438492 -0.036984012 -0.054489415 0.033206545 0.077972554 0.016309563 0.996268809
1341846655.042239 -0.338549316 -0.044491462 -0.033031434 0.031073883 0.065430216 0.017720398 0.997215748
1341846655.074179 -0.315954804 -0.046812411 -0.026613068 0.033213999 0.040725030 0.017596213 0.998463154
1341846655.106132 -0.306124181 -0.037748311 -0.051067468 0.034808327 0.025077084 0.015553632 0.998958230
1341846655.142070 -0.333128035 -0.036390465 -0.056187604 0.034452990 0.012452223 0.014272682 0.999226809
1341846655.174000 -0.295189470 -0.037616782 -0.062556416 0.032293282 -0.015973106 0.010813369 0.999292314
1341846655.206124 -0.242522821 -0.029746309 -0.062471472 0.031431366 -0.035652563 0.012360096 0.998793364
1341846655.242079 -0.237734154 -0.048119225 -0.058041081 0.030097894 -0.048588078 0.013138702 0.998278856
1341846655.274211 -0.173938096 -0.050171260 -0.075712189 0.033438373 -0.063674919 0.015967386 0.997282505
1341846655.310175 -0.167865768 -0.059573796 -0.076362610 0.037610807 -0.064579174 0.019565763 0.997011602
1341846655.342236 -0.158061951 -0.050712172 -0.071077384 0.046303809 -0.071155481 0.025229011 0.996070445
1341846655.374134 -0.147982582 -0.038650773 -0.074195720 0.050093383 -0.074383199 0.025781160 0.995637059
1341846655.410207 -0.146952257 -0.041806262 -0.068444833 0.051302239 -0.074690945 0.027982233 0.995492995
1341846655.442262 -0.156463578 -0.047351290 -0.048162654 0.056029782 -0.082732067 0.032682244 0.994458675
1341846655.474205 -0.150855601 -0.034755722 -0.047088400 0.058506623 -0.093185216 0.030687992 0.993454456
1341846655.510277 -0.140850812 -0.019832894 -0.045613360 0.056067713 -0.105450183 0.029110253 0.992415905
1341846655.542135 -0.128696650 -0.022389479 -0.061353788 0.051280789 -0.114170797 0.029654501 0.991693437
1341846655.578132 -0.125386611 -0.027939545 -0.046321310 0.048147626 -0.121709943 0.029837025 0.990948141
1341846655.642348 -0.132321462 -0.030963652 -0.087368116 0.041581310 -0.139824063 0.026091702 0.988958776
1341846655.678110 -0.131904602 -0.037215557 -0.068557724 0.041043650 -0.150363803 0.027513383 0.987395108
1341846655.710074 -0.116588347 -0.032600086 -0.062299393 0.042616468 -0.163246706 0.029849648 0.985212326
1341846655.748050 -0.120197058 -0.026112473 -0.097238220 0.040146645 -0.172273159 0.027889071 0.983835518
1341846655.810222 -0.120189443 -0.032780524 -0.115312986 0.036208834 -0.189988583 0.030296752 0.980650485
1341846655.846257 -0.096547350 -0.034250114 -0.108855158 0.033579916 -0.202783033 0.033134174 0.978086710
1341846655.910355 -0.101088434 -0.035217304 -0.116758272 0.027758837 -0.220944330 0.028973861 0.974460661
1341846655.946240 -0.088547885 -0.036446705 -0.109284356 0.025414644 -0.232572079 0.029730516 0.971792400
1341846655.978412 -0.064888582 -0.016926497 -0.094617486 0.024626413 -0.242501810 0.027181340 0.969457328
1341846656.014188 -0.060326204 -0.015609545 -0.091736734 0.022174016 -0.245733082 0.027608979 0.968690515
1341846656.046211 -0.060020581 -0.024258144 -0.102709338 0.019306595 -0.248151422 0.029122664 0.968090892
1341846656.078165 -0.057153784 -0.020314408 -0.104427435 0.019557009 -0.252848327 0.030304635 0.966833413
1341846656.114220 -0.055643305 -0.015368260 -0.110543340 0.018235760 -0.257139087 0.030366687 0.965725005
1341846656.146158 -0.050858684 -0.025233341 -0.117900237 0.014929914 -0.262721598 0.029968025 0.964290619
1341846656.178154 -0.043191779 -0.022476671 -0.113665134 0.015431845 -0.269777447 0.031351123 0.962288499
1341846656.214132 -0.037998222 -0.020788850 -0.110312924 0.015309501 -0.275616646 0.030383147 0.960665345
1341846656.246093 -0.036373220 -0.019110005 -0.115968607 0.016223222 -0.278381884 0.029967809 0.959865749
1341846656.282181 -0.035746649 -0.013790141 -0.118844077 0.016223885 -0.280842811 0.030444972 0.959133565
1341846656.314258 -0.036630709 -0.017976599 -0.132361919 0.014263685 -0.284883678 0.028548446 0.958030701
1341846656.346094 -0.031031754 -0.011087559 -0.134793073 0.013316425 -0.289029151 0.027039196 0.956845701
1341846656.382222 -0.033495236 -0.019978317 -0.139450938 0.009457082 -0.292509526 0.025969859 0.955863118
1341846656.414253 -0.053227119 -0.018256169 -0.134463876 0.010980388 -0.299985707 0.026414756 0.953514695
1341846656.446177 -0.019545324 -0.007505199 -0.150569811 0.009939110 -0.311084807 0.025416229 0.949990273
1341846656.482260 -0.025040928 -0.018670756 -0.145734310 0.003516034 -0.316798508 0.024704268 0.948164582
1341846656.519461 -0.018001936 -0.019260313 -0.145870775 0.003832073 -0.324511945 0.025691791 0.945524812
1341846656.582247 -0.012923904 -0.010757875 -0.151681706 -0.000521186 -0.329847723 0.024633691 0.943712592
1341846656.614195 -0.013247862 -0.015806863 -0.154654413 -0.002211683 -0.332053155 0.025336709 0.942917764
1341846656.649995 -0.011261865 -0.015613222 -0.161754400 -0.002233812 -0.332849145 0.025155770 0.942641854
1341846656.682076 -0.017974444 -0.018239062 -0.156812459 -0.003324835 -0.336807162 0.025190333 0.941230774
1341846656.714216 -0.014377058 -0.011477410 -0.157568485 -0.003847052 -0.341055542 0.025422432 0.939691424
1341846656.749974 -0.010042809 -0.007796315 -0.152513564 -0.006298301 -0.343318582 0.025686907 0.938846588
1341846656.782653 -0.008549161 -0.013478675 -0.141274974 -0.007252716 -0.345925301 0.026984930 0.937845886
1341846656.824388 -0.013564058 -0.005024524 -0.151543081 -0.006396945 -0.347764134 0.027032392 0.937170446
1341846656.856226 -0.004087865 0.002652712 -0.134615049 -0.008644341 -0.350326121 0.026215700 0.936220944
1341846656.892050 -0.005151369 -0.004599544 -0.119556375 -0.011321114 -0.348743528 0.026810687 0.936766207
1341846656.924099 -0.005678054 -0.000224910 -0.113637373 -0.011065420 -0.348072857 0.026744576 0.937020540
1341846656.956112 0.004612025 0.000462248 -0.124262564 -0.011933583 -0.343051285 0.024414530 0.938923478
1341846656.992122 0.001484606 -0.000815092 -0.113147244 -0.013761161 -0.336537808 0.025702454 0.941218495
1341846657.024108 -0.000616312 -0.000590037 -0.105305746 -0.014150769 -0.333924145 0.027382517 0.942095876
1341846657.056121 0.007355269 -0.003350695 -0.097544104 -0.015109354 -0.329518378 0.028840730 0.943587601
1341846657.092006 -0.007850505 -0.003659855 -0.088720381 -0.011413856 -0.316601813 0.031279135 0.947973967
1341846657.124027 0.002428822 -0.000080475 -0.089843281 -0.004363837 -0.307279289 0.034821082 0.950972080
1341846657.155973 0.012202805 0.002226399 -0.083217815 -0.000315581 -0.298393160 0.036096934 0.953760147
1341846657.192094 0.000340294 0.003086051 -0.085189067 0.001436221 -0.281589478 0.035143264 0.958890140
1341846657.224195 -0.003164891 0.000827884 -0.090164758 0.004486839 -0.269756705 0.030761655 0.962426603
1341846657.292164 0.005641753 -0.001746080 -0.083652191 0.005870545 -0.250503927 0.027115012 0.967717946
1341846657.354367 0.008490199 -0.003849140 -0.085364819 0.005250711 -0.232978359 0.022697765 0.972202837
1341846657.386193 0.030990228 -0.007993300 -0.075619161 0.004313419 -0.225531816 0.023638869 0.973939419
1341846657.418105 0.027549217 -0.014489193 -0.073082872 0.006271245 -0.214135841 0.023484806 0.976501405
1341846657.454277 0.038665678 -0.012258462 -0.077041775 0.007911550 -0.205075815 0.024009969 0.978419542
1341846657.486117 0.052661784 -0.012513744 -0.068115041 0.008629307 -0.193697691 0.020938070 0.980799854
1341846657.522092 0.029899163 -0.020074004 -0.062155887 0.010998645 -0.177295357 0.019965408 0.983893692
1341846657.554062 0.047590509 -0.011199163 -0.048368394 0.014899458 -0.172418028 0.022323357 0.984658182
1341846657.586078 0.065873280 -0.010454862 -0.060992096 0.014301219 -0.160961047 0.017331617 0.986704946
1341846657.622205 0.046477053 -0.016114051 -0.038966507 0.014061995 -0.146566197 0.016939241 0.988955855
1341846657.654161 0.044098310 -0.016045278 -0.033326738 0.016008561 -0.139540136 0.017444003 0.989933312
1341846657.686517 0.068780355 -0.018706756 -0.047359888 0.015968772 -0.130666748 0.014369709 0.991193593
1341846657.722061 0.048320495 -0.023554379 -0.031207986 0.016848842 -0.114284150 0.011654946 0.993236840
1341846657.754104 0.018598445 -0.021984912 -0.051684648 0.017483452 -0.101463802 0.009091994 0.994643986
1341846657.790066 0.078772493 -0.014894139 -0.054927733 0.014077412 -0.096158013 0.007705260 0.995236695
1341846657.822089 0.058461726 -0.029479703 -0.012744468 0.012165356 -0.076523297 0.003170415 0.996988535
1341846657.853972 0.035414506 -0.030165019 -0.024607208 0.015912225 -0.064336240 0.004756531 0.997790039
1341846657.889993 0.073478483 -0.020735055 -0.037577726 0.015572225 -0.055615686 0.006768397 0.998307884
1341846657.922046 0.055999931 -0.032861892 -0.000566598 0.015056892 -0.038929906 0.004436097 0.999118626
1341846657.954192 0.033405367 -0.022296172 -0.021665240 0.017200621 -0.027508140 0.007642362 0.999444306
1341846657.990141 0.035060193 -0.027121365 -0.021893311 0.013001603 -0.016196134 0.006891406 0.999760509
1341846658.022419 0.029338822 -0.035689622 -0.003903042 0.013975026 -0.007714039 0.007300047 0.999845922
1341846658.090215 0.030646745 -0.028550260 -0.006219345 0.015840290 0.006981814 0.007444014 0.999822438
1341846658.122355 0.020521998 -0.028287657 -0.003220848 0.014605376 0.015337042 0.008706319 0.999737799
1341846658.158136 0.018448805 -0.025209252 -0.001314959 0.013180529 0.019351488 0.008311005 0.999691248
1341846658.190098 0.025251722 -0.028047761 -0.001782365 0.011089229 0.024336772 0.006670129 0.999620020
1341846658.226027 0.013041774 -0.039141867 0.013775490 0.010722178 0.031663910 0.006493187 0.999419928
1341846658.258133 0.012722576 -0.028490949 0.009667223 0.014090192 0.033702597 0.005558092 0.999317050
1341846658.290020 0.016689738 -0.026682038 0.016004348 0.013213818 0.037416901 0.001456411 0.999211252
1341846658.326239 0.002074587 -0.030265464 0.016232563 0.013021630 0.042914934 -0.002105231 0.998991609
1341846658.358248 -0.009255708 -0.015108927 0.011529102 0.012200633 0.044419836 -0.006339689 0.998918295
1341846658.390215 -0.000448766 -0.026003128 0.014838282 0.004554314 0.042718165 -0.009421350 0.999032319
1341846658.426300 -0.002164565 -0.032739539 0.019966360 0.002058152 0.046636328 -0.010041746 0.998859286
1341846658.458168 -0.023698099 -0.039193168 0.020187261 0.002871586 0.047178302 -0.008941624 0.998842299
1341846658.494176 -0.022205045 -0.022126496 0.018363411 0.002841165 0.041934840 -0.006102109 0.999097645
1341846658.526214 -0.019310357 -0.009003219 0.012151164 -0.006423662 0.040135100 -0.008836488 0.999134541
1341846658.558129 -0.030491514 0.001570180 0.015697954 -0.013927954 0.038964167 -0.008471145 0.999107659
1341846658.594206 -0.021729691 0.024311872 0.014539880 -0.033566806 0.033076767 -0.007378083 0.998861730
1341846658.626105 -0.044417080 0.046497799 0.021179168 -0.048875421 0.031577583 -0.004198343 0.998296738
1341846658.658181 -0.027636545 -0.027186032 0.011602255 -0.065249667 0.024158062 -0.008026138 0.997544229
1341846658.694141 -0.024385231 0.015802307 -0.003862838 -0.068630792 0.022131953 -0.007580379 0.997367799
1341846658.726153 -0.028418325 -0.006163429 0.013933963 -0.089411333 0.019805867 -0.003075033 0.995793104
1341846658.762100 -0.027435377 -0.024610452 0.026818547 -0.094329245 0.013123449 -0.003934185 0.995446801
1341846658.794185 -0.009250578 -0.028191090 0.000624049 -0.098498188 0.009547289 -0.000756682 0.995091140
1341846658.826155 -0.011587056 -0.016911147 -0.000030143 -0.107979305 0.012368998 -0.000584326 0.994076014
1341846658.862197 -0.033000749 -0.035829719 0.006488723 -0.117824726 0.012422269 -0.000519629 0.992956579
1341846658.894170 0.008537241 -0.028777823 -0.002508094 -0.118384726 0.006070155 0.001573277 0.992947996
1341846658.962404 -0.034839664 -0.041072737 0.013734893 -0.135800362 0.019974317 0.003267431 0.990529418
1341846658.994217 -0.019762106 -0.022711029 0.009664297 -0.134280518 0.014064969 0.006240807 0.990823865
1341846659.030070 -0.012702006 -0.059373561 0.009949571 -0.138421774 0.014864858 0.002585021 0.990258396
1341846659.062007 -0.035894550 -0.060651295 0.009276671 -0.134397075 0.017926093 0.002503871 0.990762234
1341846659.094100 -0.012737578 -0.053868718 0.003106206 -0.131675273 0.012882884 0.002569574 0.991205812
1341846659.130368 -0.010150206 -0.056369081 0.000288343 -0.133856490 0.015530528 -0.000119744 0.990878999
1341846659.162537 -0.030990027 -0.066530630 0.007431577 -0.132522881 0.019965362 0.001031176 0.990978241
1341846659.198696 -0.008916598 -0.057303566 0.002828583 -0.128185466 0.014382501 0.000929614 0.991645455
1341846659.231286 0.003767715 -0.044858024 -0.002495046 -0.127258107 0.017167106 -0.000292655 0.991721034
1341846659.263549 -0.031741567 -0.062511034 0.001983710 -0.130742148 0.024588861 0.001908908 0.991109610
1341846659.298797 -0.017411118 -0.054333847 0.000506872 -0.129260510 0.020353248 0.002598635 0.991398335
1341846659.331074 -0.004138979 -0.059325177 0.001208528 -0.131734818 0.020090915 0.002431481 0.991078377
1341846659.362420 -0.012678521 -0.064900741 0.004936442 -0.132870883 0.023759728 0.004181676 0.990839720
1341846659.398303 -0.018120082 -0.063991793 0.002979419 -0.130107343 0.024081143 0.006339439 0.991187155
1341846659.430262 0.004042136 -0.062159929 -0.002458120 -0.129627481 0.019929873 0.005982056 0.991344392
1341846659.466583 -0.007305073 -0.056983121 0.001320384 -0.129574537 0.024755748 0.005218162 0.991246819
1341846659.498531 -0.019735649 -0.070677839 0.002770673 -0.130533770 0.026343338 0.007600661 0.991064668
1341846659.530267 -0.005850860 -0.059967149 0.000642620 -0.126336843 0.022519691 0.006502181 0.991710424
1341846659.566571 0.003498643 -0.051889539 -0.003076392 -0.124146484 0.023850676 0.005440023 0.991962314
1341846659.598122 -0.019796720 -0.065984450 0.002301783 -0.125124827 0.029778393 0.007031890 0.991669059
1341846659.630209 -0.017677978 -0.060144864 0.001017286 -0.121401459 0.026542971 0.008074562 0.992215693
1341846659.666409 -0.004991740 -0.046913747 -0.003944644 -0.119195715 0.024405280 0.005551836 0.992555261
1341846659.698237 -0.022665184 -0.067390203 0.000485018 -0.123849414 0.028048318 0.005286023 0.991890430
1341846659.734169 -0.023854431 -0.050580833 -0.004737336 -0.119676396 0.022185912 0.004897778 0.992552936
1341846659.766421 -0.007842557 -0.057213038 -0.002810359 -0.121328667 0.017057141 0.001709922 0.992464304
1341846659.798087 -0.025161333 -0.061335173 -0.001462458 -0.121812321 0.020439930 0.000908452 0.992342234
1341846659.834075 -0.033326782 -0.068943590 -0.001150141 -0.121470191 0.018386316 0.002023725 0.992422700
1341846659.866481 -0.031247798 -0.050131332 -0.004562384 -0.117349491 0.014181515 0.002288356 0.992986739
1341846659.898128 -0.029497840 -0.060142938 -0.004738347 -0.118827432 0.012563389 0.002133651 0.992833138
1341846659.934286 -0.035079513 -0.071574919 -0.004532959 -0.117836013 0.011370594 0.003836657 0.992960513
1341846659.966354 -0.033352144 -0.057090130 -0.006522544 -0.113038987 0.006721482 0.004532537 0.993557453
1341846660.002267 -0.030346196 -0.055372167 -0.010740045 -0.111842878 0.004981110 0.001625725 0.993712068
1341846660.034581 -0.031766403 -0.069553316 -0.007401694 -0.112373203 0.004348632 0.001103476 0.993655920
1341846660.066206 -0.045289725 -0.072294548 0.002403869 -0.108561516 0.001128564 0.000251935 0.994089007
1341846660.102245 -0.022543710 -0.064513408 -0.011790432 -0.103934214 -0.004783115 -0.000906499 0.994572222
1341846660.140244 -0.029598814 -0.061667100 -0.016168807 -0.102402203 -0.002950772 -0.001981428 0.994736731
1341846660.202316 -0.033831872 -0.069248661 -0.013207518 -0.099272721 -0.009427261 -0.002558137 0.995012283
1341846660.234105 -0.029052783 -0.067265257 -0.013730717 -0.095532313 -0.009135315 -0.003654115 0.995377660
1341846660.270168 -0.048833635 -0.088817067 -0.014167589 -0.092166826 -0.006403008 -0.003899838 0.995715320
1341846660.302258 -0.051028684 -0.083749220 -0.015687209 -0.076960191 -0.011121013 -0.004206724 0.996963263
1341846660.334349 -0.042516708 -0.070657834 -0.018072795 -0.063647695 -0.012840504 -0.005446329 0.997874916
1341846660.370214 -0.044070881 -0.067353107 -0.021085504 -0.058866620 -0.011748230 -0.006811500 0.998173475
1341846660.401986 -0.047881052 -0.056867193 -0.016528167 -0.057160590 -0.012957275 -0.007340669 0.998253882
1341846660.438062 -0.041401852 -0.067381717 -0.022897953 -0.058874834 -0.015766054 -0.008166553 0.998107433
1341846660.470191 -0.049584016 -0.072250813 -0.021928113 -0.056075633 -0.014211580 -0.008178052 0.998291850
1341846660.502233 -0.051442388 -0.065789968 -0.023311753 -0.053201422 -0.016300358 -0.007614103 0.998421669
1341846660.537985 -0.040932912 -0.058084134 -0.021500684 -0.052271530 -0.018184572 -0.007145675 0.998441696
1341846660.570279 -0.041481674 -0.064854316 -0.013304656 -0.052286785 -0.016103107 -0.005234409 0.998488486
1341846660.602130 -0.050903004 -0.073833682 -0.028805301 -0.049826257 -0.018153185 -0.000808076 0.998592556
1341846660.638256 -0.040033232 -0.055760287 -0.025358830 -0.045798518 -0.021412930 -0.001829876 0.998719454
1341846660.670338 -0.033670053 -0.065499917 -0.026458183 -0.048142079 -0.018299365 -0.001328819 0.998671949
1341846660.706457 -0.045109119 -0.078639977 -0.024041982 -0.044860594 -0.015767207 0.001645329 0.998867452
1341846660.738241 -0.038065817 -0.074315712 -0.025462877 -0.038153246 -0.018377868 0.004795472 0.999091327
1341846660.770121 -0.032139245 -0.068451233 -0.021661958 -0.035042576 -0.014578041 0.004147217 0.999270856
1341846660.806117 -0.035947639 -0.082453266 -0.026425160 -0.032616332 -0.009504260 0.003278615 0.999417365
1341846660.838338 -0.042508606 -0.089358069 -0.023344140 -0.024108468 -0.009054099 0.006022996 0.999650180
1341846660.870203 -0.035276733 -0.080678366 -0.027110936 -0.015424415 -0.009023436 0.005641611 0.999824405
1341846660.906366 -0.019168945 -0.083725117 -0.016952312 -0.011122112 -0.005161966 0.006185497 0.999905705
1341846660.938063 -0.034353312 -0.102823488 -0.032375794 -0.002930122 -0.002972377 0.008855022 0.999952078
1341846660.974147 -0.032620493 -0.091633037 -0.031091616 0.010121894 -0.002656825 0.008018893 0.999913096
1341846661.006234 -0.033798516 -0.076271236 -0.029325351 0.015744694 0.001518083 0.008045088 0.999842525
1341846661.038225 -0.045527950 -0.091587007 -0.030939255 0.016954387 0.003825705 0.008338739 0.999814153
1341846661.074059 -0.034954567 -0.100190386 -0.033022091 0.028494146 -0.001025775 0.008294311 0.999558985
1341846661.106184 -0.037335359 -0.078289375 -0.032405611 0.038526446 0.002169491 0.009007335 0.999214590
1341846661.138209 -0.040951692 -0.066014729 -0.033690594 0.038169365 0.003372445 0.008466462 0.999229670
1341846661.174244 -0.037320577 -0.085463226 -0.033006955 0.036711536 0.003276121 0.007620880 0.999291480
1341846661.206205 -0.038567580 -0.081242830 -0.033113588 0.040713314 0.004212887 0.008368423 0.999126911
1341846661.242184 -0.042348415 -0.072129056 -0.032579839 0.042891350 0.004457769 0.008473000 0.999033809
1341846661.274177 -0.036301285 -0.069837660 -0.038018379 0.041387092 0.004528248 0.007827091 0.999102235
1341846661.308814 -0.036857031 -0.071778551 -0.028199589 0.039702334 0.003926177 0.007703442 0.999174118
1341846661.342489 -0.037475251 -0.071711205 -0.032510489 0.039245002 0.003269105 0.007481801 0.999196231
1341846661.374640 -0.034618679 -0.074385792 -0.029349681 0.037972603 0.003021986 0.006145182 0.999255300
1341846661.410178 -0.045836587 -0.092789181 -0.031487897 0.040009249 0.002726565 0.007942105 0.999163985
1341846661.442211 -0.033700876 -0.076454490 -0.037548807 0.045583744 -0.000269059 0.008704163 0.998922527
1341846661.474354 -0.039074052 -0.070322953 -0.038100660 0.045082431 0.001968050 0.007358278 0.998954177
1341846661.510169 -0.044185143 -0.065325454 -0.036526363 0.043679610 0.000486259 0.006422338 0.999024808
1341846661.542767 -0.024003522 -0.057880219 -0.032633975 0.039179135 -0.003936327 0.005001813 0.999211907
1341846661.574217 -0.034818549 -0.079345949 -0.027143925 0.034327850 -0.001277759 0.003244994 0.999404550
1341846661.610041 -0.044733752 -0.076765813 -0.021323472 0.037762355 -0.003231045 0.003861258 0.999274075
1341846661.642253 -0.033347555 -0.064085625 -0.027619034 0.038052060 -0.005222157 0.002605868 0.999258697
1341846661.678078 -0.038484521 -0.076770142 -0.023251180 0.035367262 -0.004917151 0.003861831 0.999354839
1341846661.710142 -0.038747784 -0.094736300 -0.034279384 0.037070218 -0.007708898 0.004936848 0.999270737
1341846661.742341 -0.042009361 -0.101247974 -0.042074483 0.044122934 -0.008331873 0.002118927 0.998989105
1341846661.778063 -0.039305829 -0.097528711 -0.036819905 0.054234616 -0.007970811 0.001645831 0.998495042
1341846661.810103 -0.038847849 -0.101490736 -0.034297705 0.060225166 -0.007579540 0.000295636 0.998155951
1341846661.842216 -0.036797009 -0.097292617 -0.033880338 0.068940513 -0.008379895 -0.000025542 0.997585535
1341846661.878157 -0.030875318 -0.091099270 -0.040403131 0.073984593 -0.008024476 -0.001613292 0.997225821
1341846661.910222 -0.035131183 -0.090118691 -0.039624818 0.075474903 -0.004970672 -0.002784600 0.997131467
1341846661.946090 -0.042252857 -0.094152048 -0.036757901 0.078164622 -0.003962629 -0.003721881 0.996925712
1341846662.010311 -0.048422169 -0.094383232 -0.029565148 0.093970567 -0.001911685 -0.006615207 0.995551169
1341846662.046195 -0.048751518 -0.095371306 -0.029739773 0.102090143 -0.004282945 -0.005653815 0.994749844
1341846662.078099 -0.048531860 -0.096579045 -0.033564739 0.107943587 -0.004452854 -0.007935170 0.994115412
1341846662.110672 -0.046292134 -0.094607010 -0.033653252 0.114710540 -0.002516285 -0.008564899 0.993358850
1341846662.146166 -0.048332535 -0.095561653 -0.032842115 0.122569151 -0.003895451 -0.006856771 0.992428660
1341846662.178168 -0.045729630 -0.096420027 -0.038177855 0.129431397 -0.004261939 -0.006251599 0.991559505
1341846662.214136 -0.047924433 -0.100732051 -0.030726515 0.142370269 -0.001928370 -0.003736115 0.989804506
1341846662.246167 -0.048126973 -0.092607781 -0.033936050 0.152391568 -0.003846426 -0.000633162 0.988312542
1341846662.278007 -0.046463948 -0.093790032 -0.041615479 0.156779945 -0.003284917 -0.002561290 0.987624764
1341846662.314144 -0.051358998 -0.093711898 -0.037912857 0.162683547 -0.000583935 -0.002961975 0.986673653
1341846662.346164 -0.056532193 -0.093021475 -0.036717411 0.167037770 -0.001869900 -0.002353942 0.985945880
1341846662.378069 -0.055099465 -0.090916075 -0.040790468 0.173178762 -0.001555732 -0.001069884 0.984888613
1341846662.414229 -0.055966847 -0.091439947 -0.037990179 0.180215240 -0.000107910 -0.000284658 0.983627141
1341846662.446102 -0.055432543 -0.091433674 -0.038724177 0.186290085 -0.001623711 0.000601217 0.982493281
1341846662.482229 -0.054707114 -0.091002747 -0.034700397 0.195023939 -0.002360706 0.001445737 0.980794549
1341846662.514117 -0.054575671 -0.090530008 -0.038290333 0.203912884 -0.001361658 0.002555317 0.978984773
1341846662.546261 -0.053302187 -0.091094963 -0.042359509 0.211247146 -0.001584239 0.003479321 0.977425218
1341846662.582101 -0.052861247 -0.090455532 -0.041525353 0.213775814 -0.000342292 0.002287789 0.976880014
1341846662.620264 -0.054831427 -0.091844529 -0.035965644 0.217351019 0.000987291 0.004321349 0.976083457
1341846662.682024 -0.053740639 -0.090383872 -0.033778325 0.225988492 -0.000221247 0.002466651 0.974126816
1341846662.714075 -0.054399118 -0.089563705 -0.036038559 0.227156416 0.000829829 0.003852314 0.973850310
1341846662.750127 -0.056773175 -0.096485250 -0.023894368 0.232126683 -0.000558117 0.005474447 0.972670019
1341846662.782002 -0.056170676 -0.087750927 -0.044021919 0.234632939 -0.000402338 0.004241607 0.972074687
1341846662.814097 -0.053038921 -0.087298438 -0.045887828 0.231326327 -0.001508872 0.004669709 0.972863853
1341846662.850193 -0.056817461 -0.094557486 -0.031869996 0.232935756 -0.002044841 0.005187652 0.972476125
1341846662.882162 -0.055144023 -0.090043016 -0.043926042 0.235031873 -0.002909365 0.006062397 0.971964419
1341846662.918191 -0.056582078 -0.091725364 -0.038829245 0.233774915 -0.004122204 0.005202915 0.972268105
1341846662.956034 -0.057544198 -0.093408220 -0.030707993 0.233883992 -0.003920553 0.005316000 0.972242057
1341846663.018208 -0.055560794 -0.087288074 -0.043413635 0.239439875 -0.007531510 0.005774069 0.970864832
1341846663.049994 -0.054954156 -0.089166597 -0.039325681 0.238168672 -0.007811267 0.004136501 0.971183598
1341846663.118078 -0.054191310 -0.087548375 -0.044181205 0.240968078 -0.007736591 0.002590997 0.970498741
1341846663.150227 -0.052830964 -0.089121640 -0.038812578 0.241937295 -0.006951253 0.001527736 0.970265806
1341846663.186300 -0.054257128 -0.089827463 -0.040984899 0.240807980 -0.006341967 0.001326980 0.970551133
1341846663.218442 -0.055460084 -0.091678768 -0.038923271 0.236441895 -0.006151689 0.001295114 0.971625328
1341846663.250380 -0.055745445 -0.089593314 -0.042261574 0.230687350 -0.005615279 -0.000017899 0.973011732
1341846663.286056 -0.054430582 -0.089827567 -0.044494331 0.225834116 -0.005701771 0.000214802 0.974149048
1341846663.318060 -0.061698228 -0.086259142 -0.055036377 0.216954395 -0.006517955 0.001931508 0.976158023
1341846663.350114 -0.057490245 -0.082769506 -0.053590059 0.206118062 -0.007174388 0.000684294 0.978500545
1341846663.385985 -0.056104988 -0.089447983 -0.048223667 0.197088107 -0.007830549 0.002499460 0.980351269
1341846663.418056 -0.056156598 -0.086661734 -0.048900653 0.192702264 -0.010770817 0.004258809 0.981188893
1341846663.454044 -0.055867221 -0.078163952 -0.044059217 0.185228735 -0.011582496 0.003096550 0.982622266
1341846663.486091 -0.060297169 -0.067821093 -0.036549538 0.179377511 -0.011948667 0.004290689 0.983698368
1341846663.518394 -0.059316508 -0.066712305 -0.032089710 0.171065703 -0.013781066 0.005799856 0.985146165
1341846663.554251 -0.059322946 -0.069651872 -0.029374780 0.165072381 -0.013841018 0.003795221 0.986177027
1341846663.586143 -0.062549286 -0.055094033 -0.030562760 0.158015639 -0.013830750 0.005295756 0.987325490
1341846663.622145 -0.061899137 -0.062210478 -0.028393634 0.150324166 -0.015659885 0.005977769 0.988494635
1341846663.654099 -0.056025613 -0.066593677 -0.032816343 0.144207522 -0.017171511 0.005449457 0.989383459
1341846663.686099 -0.055149734 -0.079326421 -0.040107865 0.133015081 -0.017229863 0.006477098 0.990943074
1341846663.722109 -0.058241948 -0.063585818 -0.033857118 0.126600295 -0.017387073 0.005067487 0.991788447
1341846663.755694 -0.046831217 -0.059815161 -0.037590459 0.121841781 -0.018020187 0.004461963 0.992375910
1341846663.786304 -0.052521341 -0.018130222 -0.023999006 0.115811497 -0.014467307 0.000312218 0.993165791
1341846663.822090 -0.048359443 -0.038417984 -0.035458703 0.092323743 -0.014984699 0.003902062 0.995608628
1341846663.854115 -0.044917602 -0.059386451 -0.032207638 0.083569020 -0.015132983 0.002608433 0.996383667
1341846663.890140 -0.048313823 -0.017842548 -0.039172426 0.080427170 -0.012562802 0.000010785 0.996681273
1341846663.921987 -0.049094982 0.000944042 -0.040324751 0.062816650 -0.010466344 -0.001007564 0.997969687
1341846663.954282 -0.039446510 -0.049419809 -0.038047880 0.039743312 -0.011289086 -0.001949387 0.999144256
1341846663.990370 -0.039867595 -0.041223846 -0.039665706 0.032930490 -0.008424426 -0.003292353 0.999416709
1341846664.022124 -0.041281696 -0.032750852 -0.039758280 0.019393668 -0.005656877 -0.003434277 0.999790013
1341846664.054171 -0.041178916 -0.035798982 -0.039949745 0.004088020 -0.004821291 -0.005913667 0.999962568
1341846664.090250 -0.049771268 -0.041770026 -0.039490055 -0.007711401 -0.001656196 -0.008395270 0.999933600
1341846664.122237 -0.047762360 -0.048198089 -0.036884803 -0.013829583 -0.001607618 -0.006342822 0.999882936
1341846664.158241 -0.049742121 -0.044596318 -0.036341477 -0.018629184 -0.001982761 -0.007472618 0.999796569
1341846664.190141 -0.043154735 -0.023440242 -0.039095908 -0.025733802 -0.002432628 -0.009883459 0.999617040
1341846664.222189 -0.049145956 -0.037630770 -0.038559712 -0.035920911 -0.000347610 -0.009374301 0.999310613
1341846664.258172 -0.046718203 -0.046954520 -0.036517493 -0.041977316 -0.001203524 -0.008101095 0.999085009
1341846664.290022 -0.038778920 -0.032099046 -0.040649578 -0.046502147 -0.000570405 -0.008981532 0.998877645
1341846664.322491 -0.048888434 -0.024638914 -0.031080933 -0.055087909 0.003628680 -0.011249061 0.998411536
1341846664.358302 -0.052445643 -0.029773267 -0.028815396 -0.064132385 0.003659304 -0.009990919 0.997884691
1341846664.390101 -0.049166676 -0.026450824 -0.027396012 -0.070911065 0.003385150 -0.011241773 0.997413576
1341846664.426143 -0.045479428 -0.030680846 -0.033243977 -0.079539046 0.003589615 -0.011523896 0.996758699
1341846664.458304 -0.051449675 -0.027654052 -0.041319117 -0.087942071 0.004950368 -0.010907759 0.996053576
1341846664.490116 -0.037486732 -0.025067860 -0.036454357 -0.097449355 0.004535269 -0.011507585 0.995163620
1341846664.526173 -0.035900455 -0.021840179 -0.034913715 -0.104552425 0.005138317 -0.011830259 0.994435728
1341846664.558129 -0.034843963 -0.018843338 -0.036720626 -0.112240069 0.004749557 -0.010953648 0.993609369
1341846664.590129 -0.026807765 -0.020781342 -0.034305833 -0.119532093 0.005562902 -0.010688893 0.992757201
1341846664.626196 -0.048107207 -0.056563634 -0.028628794 -0.128626853 0.011185830 -0.009238685 0.991586924
1341846664.658276 -0.056199364 -0.051383227 -0.032560904 -0.125477895 0.011655783 -0.007961836 0.991995990
1341846664.694136 -0.035515677 -0.035955902 -0.033796556 -0.121698156 0.008731132 -0.009497094 0.992483318
1341846664.726667 -0.037543379 -0.027485047 -0.037350886 -0.123442382 0.012661475 -0.010798492 0.992212176
1341846664.758141 -0.051650353 -0.039289828 -0.032622632 -0.127219141 0.014595215 -0.009685864 0.991719961
1341846664.794104 -0.038325079 -0.034879342 -0.033343751 -0.127402663 0.010817373 -0.009750214 0.991744161
1341846664.826123 -0.040897455 -0.051843867 -0.030643540 -0.131940410 0.012912648 -0.008850475 0.991133988
1341846664.862093 -0.046979390 -0.044452555 -0.032091524 -0.132898331 0.012528697 -0.007067985 0.991025269
1341846664.894198 -0.038072981 -0.036535047 -0.036918234 -0.131851956 0.010513667 -0.006496205 0.991192341
1341846664.926270 -0.038663305 -0.033479385 -0.038831126 -0.132767394 0.013724717 -0.006745815 0.991029203
1341846664.962375 -0.038939971 -0.034726534 -0.036776319 -0.134898737 0.013975420 -0.006292367 0.990740836
1341846664.997077 -0.048062440 -0.036597647 -0.037113722 -0.136850148 0.015761437 -0.007448695 0.990438342
1341846665.026380 -0.046096824 -0.021530712 -0.039556149 -0.137741402 0.016647553 -0.008693985 0.990290165
1341846665.062417 -0.052828070 -0.044784967 -0.038395688 -0.142538920 0.018013978 -0.007643994 0.989595711
1341846665.094077 -0.040026098 -0.016595254 -0.042357460 -0.140288472 0.014916352 -0.007668505 0.989968598
1341846665.130160 -0.035235733 -0.011948301 -0.043855969 -0.144764721 0.017618028 -0.007828221 0.989278257
1341846665.162114 -0.045935847 -0.040472183 -0.037080787 -0.153149217 0.018893516 -0.006282750 0.988002479
1341846665.194100 -0.029924102 -0.024724651 -0.042605866 -0.153290629 0.014354477 -0.005124822 0.988063574
1341846665.230221 -0.032658122 0.001835387 -0.050568417 -0.153849781 0.017947625 -0.006233977 0.987911582
1341846665.262005 -0.053154174 0.002243040 -0.044008907 -0.163050368 0.022432979 -0.005545778 0.986347079
1341846665.300077 -0.041001409 0.003626959 -0.041134302 -0.170718879 0.020827780 -0.008011233 0.985067070
1341846665.362294 -0.053213943 -0.031634051 -0.032525957 -0.187315509 0.027433107 -0.008040490 0.981883705
1341846665.398079 -0.050457031 -0.015359633 -0.040560476 -0.186808065 0.024264108 -0.007022388 0.982071638
1341846665.430162 -0.040284507 -0.016247319 -0.049131833 -0.196996897 0.024296917 -0.011607133 0.980034292
1341846665.462226 -0.041345652 -0.006178611 -0.046890140 -0.205979750 0.028356010 -0.011264510 0.978080451
1341846665.498226 -0.063373700 -0.026627202 -0.045612104 -0.215007126 0.029996874 -0.010016410 0.976100266
1341846665.530109 -0.056137431 -0.013537792 -0.047298323 -0.213425756 0.028659336 -0.010283715 0.976484656
1341846665.562222 -0.056132644 -0.018196225 -0.047899269 -0.215188652 0.030399764 -0.008641851 0.976060987
1341846665.598196 -0.056287583 -0.006435586 -0.052460048 -0.214578271 0.029249214 -0.008257435 0.976233840
1341846665.630107 -0.052846424 -0.008714999 -0.051515341 -0.218370751 0.029368609 -0.010248593 0.975369990
1341846665.666289 -0.052776672 -0.007105952 -0.056351081 -0.222693831 0.031923220 -0.007963678 0.974333048
1341846665.698060 -0.060924515 -0.017701540 -0.056373172 -0.227469236 0.031741131 -0.008177673 0.973233402
1341846665.730361 -0.047426086 -0.001070749 -0.059634838 -0.226674780 0.028896376 -0.009234587 0.973497927
1341846665.766193 -0.061070818 -0.008086946 -0.065386198 -0.232300878 0.034245335 -0.008226007 0.972006083
1341846665.798338 -0.055956900 -0.009011270 -0.062731788 -0.236448288 0.033608355 -0.009035963 0.971020579
1341846665.834237 -0.052346930 -0.012740189 -0.063526392 -0.240923956 0.033252332 -0.009505806 0.969927609
1341846665.866106 -0.041291259 -0.009635830 -0.070870616 -0.246577546 0.034520864 -0.007991057 0.968475044
1341846665.898073 -0.060289338 -0.009563014 -0.066849597 -0.253993750 0.040403891 -0.009298842 0.966316819
1341846665.934076 -0.042725086 -0.002688156 -0.073639020 -0.256792665 0.035965648 -0.007409576 0.965768635
1341846665.966137 -0.054745592 -0.015342040 -0.067516096 -0.264165074 0.038763255 -0.007332841 0.963670313
1341846665.998149 -0.056120530 -0.013758602 -0.068730518 -0.267994046 0.042304985 -0.006756530 0.962467551
1341846666.034210 -0.057279635 -0.010413185 -0.073616453 -0.266296625 0.041609649 -0.003885666 0.962984741
1341846666.072502 -0.055420339 -0.010041349 -0.073277652 -0.268276274 0.040952258 -0.005006060 0.962458134
1341846666.134147 -0.059454024 -0.015980843 -0.077383094 -0.277029067 0.044080287 -0.003877721 0.959842026
1341846666.166356 -0.048510917 -0.003615357 -0.079628333 -0.276110768 0.041070085 -0.003588295 0.960241258
1341846666.202327 -0.070187904 -0.009448171 -0.080647551 -0.279534966 0.047377352 -0.005167712 0.958951950
1341846666.234319 -0.062636510 -0.005604815 -0.082207397 -0.281267434 0.044604462 -0.004470114 0.958581805
1341846666.266322 -0.071484342 -0.019637294 -0.079125226 -0.289603859 0.043974314 -0.002788592 0.956131816
1341846666.302195 -0.066373512 -0.034992415 -0.075816825 -0.303272992 0.045094777 -0.004301560 0.951826394
1341846666.335080 -0.067795143 -0.038649995 -0.070993893 -0.314842939 0.045419190 -0.005172342 0.948042333
1341846666.370216 -0.062838309 -0.034138598 -0.070610031 -0.320536852 0.041553691 -0.002791384 0.946320057
1341846666.402019 -0.070212558 0.007320534 -0.086413480 -0.318885893 0.043638200 0.000110841 0.946787953
1341846666.434088 -0.066515401 0.003135070 -0.080559567 -0.325172752 0.044430200 0.001472008 0.944609165
1341846666.470060 -0.074580416 0.008364279 -0.084420815 -0.325498015 0.043538097 0.005711331 0.944522560
1341846666.502190 -0.075758062 0.022225495 -0.095391050 -0.328030556 0.044543687 0.007438408 0.943587005
1341846666.534121 -0.079813860 0.004647341 -0.089237809 -0.341945708 0.048248868 0.007970073 0.938446403
1341846666.570131 -0.080135807 -0.003184956 -0.083492488 -0.351457715 0.047872636 0.011253205 0.934911251
1341846666.602180 -0.078801997 0.011495087 -0.086774893 -0.354934454 0.046998687 0.012912073 0.933619797
1341846666.638072 -0.085251682 0.042193331 -0.104009092 -0.355077326 0.049743339 0.012756146 0.933425367
1341846666.670134 -0.092396915 0.022424858 -0.089459836 -0.363021910 0.049302734 0.012718234 0.930388391
1341846666.738266 -0.090297624 0.032825828 -0.099649802 -0.364783883 0.046940934 0.015104561 0.929785490
1341846666.770390 -0.094285645 0.014158409 -0.089470789 -0.371093780 0.045708910 0.016670898 0.927319884
1341846666.802119 -0.099799655 0.040985674 -0.104738444 -0.366276890 0.043369278 0.018012490 0.929320097
1341846666.838108 -0.090704866 0.049327124 -0.110488325 -0.366590887 0.040866610 0.021091538 0.929244936
1341846666.870483 -0.094556339 0.056297231 -0.114530578 -0.367833108 0.041261476 0.021393118 0.928729594
1341846666.906019 -0.097378917 0.048844364 -0.113300130 -0.372116119 0.041030698 0.021666726 0.927025676
1341846666.937989 -0.091889448 0.060630497 -0.121283799 -0.373152733 0.037840165 0.021060225 0.926758647
1341846666.970036 -0.083806142 0.061543986 -0.121546671 -0.376476794 0.036082264 0.019908743 0.925509036
1341846667.006200 -0.095493481 0.059456352 -0.120177463 -0.379368007 0.038094439 0.017769299 0.924290538
1341846667.038153 -0.104441896 0.063818380 -0.130802363 -0.380392015 0.036042925 0.017800981 0.923951268
1341846667.074153 -0.058229901 0.123396933 -0.164741844 -0.374228030 0.026054315 0.015859514 0.926834941
1341846667.106156 -0.100217588 0.067693844 -0.134305656 -0.392510861 0.035682943 0.013349796 0.918957949
1341846667.138108 -0.106324650 0.048234973 -0.121449828 -0.396297187 0.032410488 0.011606454 0.917476654
1341846667.174105 -0.080158688 0.059743322 -0.131835401 -0.391937792 0.027312996 0.010446420 0.919526875
1341846667.206107 -0.097391278 0.043904960 -0.128888652 -0.393133253 0.033273861 0.005252212 0.918864250
1341846667.238075 -0.111160785 0.042548176 -0.127960056 -0.389313102 0.034332529 0.003424878 0.920459032
1341846667.274016 -0.080739871 0.026366320 -0.129107505 -0.384934634 0.027995734 -0.000307252 0.922519088
1341846667.306189 -0.108264603 0.015335519 -0.126897693 -0.377006680 0.035605367 -0.004425427 0.925515294
1341846667.342253 -0.078312442 0.036823794 -0.125676930 -0.361416548 0.026493752 -0.001329480 0.932027042
1341846667.374345 -0.119045705 0.055762276 -0.153615549 -0.346343607 0.032958221 -0.010133736 0.937473834
1341846667.406982 -0.100644544 -0.006842136 -0.127433330 -0.352797091 0.031458035 -0.013311846 0.935076177
1341846667.442109 -0.110208392 -0.035478007 -0.119989201 -0.346938401 0.032699838 -0.011830945 0.937243044
1341846667.474109 -0.121514671 -0.030589290 -0.136319488 -0.331073701 0.032585446 -0.015804287 0.942909658
1341846667.506006 -0.123000242 -0.048373632 -0.123087958 -0.323629737 0.033770185 -0.017379336 0.945421219
1341846667.542298 -0.164561331 -0.081473462 -0.114989743 -0.315355748 0.038358353 -0.021005597 0.947965264
1341846667.574196 -0.131474510 -0.038661033 -0.136170059 -0.291419923 0.030422736 -0.019850772 0.955905259
1341846667.610099 -0.135795623 0.018778391 -0.154991835 -0.270180613 0.032853726 -0.022426311 0.961987615
1341846667.642293 -0.133007184 0.015836067 -0.150720462 -0.263519198 0.031723402 -0.018751083 0.963950038
1341846667.674072 -0.124197632 0.015013374 -0.153404698 -0.260933816 0.029833937 -0.017870957 0.964730084
1341846667.710179 -0.131461099 0.020960197 -0.151532769 -0.259494096 0.034355540 -0.019615343 0.964934051
1341846667.742255 -0.149409905 -0.013403203 -0.138876036 -0.261116505 0.038310479 -0.022246685 0.964290202
1341846667.774114 -0.132538006 0.004404478 -0.151617125 -0.249622732 0.033781491 -0.019683912 0.967553556
1341846667.810099 -0.147623345 -0.004497923 -0.149352670 -0.246959567 0.039746959 -0.022415271 0.967950761
1341846667.842103 -0.147929803 -0.021704130 -0.129508287 -0.246240243 0.041237071 -0.024299594 0.968026221
1341846667.878139 -0.111186065 -0.016711920 -0.139633507 -0.235497534 0.033991188 -0.020671114 0.971060395
1341846667.910558 -0.098239988 -0.012858145 -0.147699788 -0.229205161 0.035266608 -0.021670252 0.972497642
1341846667.942116 -0.133771330 -0.009415429 -0.142452046 -0.224014744 0.044710092 -0.023805551 0.973268569
1341846667.978287 -0.153413132 -0.036581960 -0.128824458 -0.221436813 0.047237076 -0.025282351 0.973701775
1341846668.010215 -0.102037795 -0.041044347 -0.135612950 -0.213906839 0.040900536 -0.023741685 0.975708604
1341846668.046247 -0.152382985 -0.036884468 -0.129202753 -0.204736978 0.053036943 -0.028089972 0.976975322
1341846668.078111 -0.151937708 -0.025873723 -0.128998458 -0.194014534 0.053278279 -0.024996845 0.979231834
1341846668.110130 -0.139512300 -0.021519810 -0.132412493 -0.185252205 0.053532105 -0.026248349 0.980880678
1341846668.146332 -0.145090923 -0.020232208 -0.129499957 -0.177725196 0.057773270 -0.026610734 0.982022345
1341846668.178208 -0.178414747 -0.035717860 -0.119531147 -0.169995695 0.060707029 -0.024545901 0.983266771
1341846668.211262 -0.144388676 -0.017547039 -0.119965456 -0.153617665 0.054684334 -0.024793589 0.986304462
1341846668.246163 -0.183157310 -0.027068539 -0.121390566 -0.142862946 0.062333554 -0.023613725 0.987495363
1341846668.278397 -0.170538306 -0.028680785 -0.119686730 -0.130911633 0.057893392 -0.019963302 0.989500880
1341846668.314248 -0.175775155 -0.035011042 -0.118165389 -0.122371852 0.058918864 -0.021081124 0.990509629
1341846668.346231 -0.139573380 -0.028141715 -0.123491161 -0.114560202 0.054327868 -0.018080516 0.991764843
1341846668.378099 -0.134595871 -0.026006151 -0.122060001 -0.108473621 0.052273769 -0.014620676 0.992616296
1341846668.414247 -0.125237346 -0.018173207 -0.122543022 -0.100497089 0.050848648 -0.015316100 0.993519068
1341846668.445965 -0.168188304 -0.033486772 -0.115140028 -0.096014656 0.058824394 -0.014689737 0.993531585
1341846668.478153 -0.192250431 -0.059840381 -0.109219305 -0.081753224 0.059447750 -0.011703349 0.994809210
1341846668.514213 -0.162406087 -0.063159265 -0.113674514 -0.066215985 0.054420572 -0.012071011 0.996247053
1341846668.546115 -0.185451835 -0.024283566 -0.115343869 -0.053836804 0.058298789 -0.013816268 0.996750712
1341846668.582467 -0.179784104 -0.030509129 -0.122556813 -0.047669660 0.056563202 -0.017238181 0.997111380
1341846668.614140 -0.184194297 -0.052586701 -0.124519169 -0.037047051 0.057783313 -0.016876539 0.997498751
1341846668.646312 -0.174935490 -0.027459446 -0.132557675 -0.019906923 0.054773714 -0.014603015 0.998193502
1341846668.682455 -0.179167181 -0.027891926 -0.126319826 -0.014113246 0.053168453 -0.020433674 0.998276711
1341846668.714133 -0.170900092 -0.047767282 -0.125436246 -0.004727455 0.048465192 -0.019837534 0.998616695
1341846668.746132 -0.177101046 -0.013884984 -0.127155036 0.009640498 0.047796700 -0.020747639 0.998595059
1341846668.782338 -0.177563518 0.010654544 -0.131581545 0.012251108 0.047685031 -0.021370849 0.998558640
1341846668.814140 -0.168766260 0.001464697 -0.123509660 0.009326532 0.046613541 -0.020236053 0.998664498
1341846668.850214 -0.169928074 0.002367325 -0.125895411 0.009498033 0.045559153 -0.018948611 0.998736739
1341846668.882442 -0.173820153 0.010542871 -0.138268158 0.007882928 0.045105763 -0.022877645 0.998689115
1341846668.914289 -0.177922770 -0.000115927 -0.131490141 0.005391532 0.044563636 -0.025162717 0.998675048
1341846668.950088 -0.179746717 0.003849283 -0.126686603 0.007587377 0.041011855 -0.026067629 0.998789728
1341846668.982227 -0.175906852 0.024253584 -0.138213575 0.006496334 0.037421554 -0.031820457 0.998771667
1341846669.014062 -0.171783000 0.018998735 -0.143536940 -0.002677831 0.035524163 -0.037956603 0.998644173
1341846669.050056 -0.180094421 0.016249882 -0.137852311 -0.007202962 0.032980792 -0.041913074 0.998550773
1341846669.082525 -0.178902313 0.028113604 -0.137231708 -0.010603151 0.028685575 -0.048653100 0.998347402
1341846669.118346 -0.178400561 0.032547686 -0.144337445 -0.019526742 0.027605470 -0.059781369 0.997638643
1341846669.150086 -0.179544121 0.018033676 -0.132846326 -0.027365318 0.024499670 -0.065123200 0.997201025
1341846669.182477 -0.166927516 0.024486460 -0.130167782 -0.027890965 0.018519700 -0.072028920 0.996840477
1341846669.218046 -0.166114539 0.034600489 -0.132004127 -0.033732366 0.019163741 -0.082165681 0.995863259
1341846669.250205 -0.170789629 0.027822092 -0.131896853 -0.039216962 0.017744195 -0.085974693 0.995367050
1341846669.286114 -0.156837970 0.019024491 -0.130866066 -0.041362055 0.013282974 -0.090673082 0.994932711
1341846669.318030 -0.152879626 0.023753360 -0.134474844 -0.042764504 0.014199956 -0.096380427 0.994324088
1341846669.350255 -0.167735532 0.022461751 -0.128573254 -0.044417020 0.014034879 -0.101646714 0.993729413
1341846669.418200 -0.159752697 0.034300663 -0.138831854 -0.051631793 0.009265359 -0.120710954 0.991300762
1341846669.450219 -0.164870575 0.023913527 -0.140382156 -0.057597168 0.008141256 -0.131936193 0.989549935
1341846669.486175 -0.155796871 0.032875352 -0.147556558 -0.059701204 0.004042932 -0.142411768 0.987997115
1341846669.518033 -0.145752415 0.036752753 -0.144816801 -0.065690316 0.004468877 -0.155198857 0.985686660
1341846669.554159 -0.156374484 0.032545306 -0.134906337 -0.072166875 0.007268375 -0.164449319 0.983715177
1341846669.586348 -0.153652981 0.039060570 -0.132570654 -0.075589292 0.005872053 -0.174087614 0.981807172
1341846669.617976 -0.138976529 0.038417812 -0.158279225 -0.082944900 0.006234940 -0.182546481 0.979672432
1341846669.654096 -0.160399139 0.029412927 -0.139194056 -0.089158326 0.012829618 -0.191572055 0.977336347
1341846669.686069 -0.163475946 0.028543452 -0.139224127 -0.089461610 0.014025065 -0.197290733 0.976153791
1341846669.718075 -0.141727880 0.036202952 -0.151214123 -0.090457194 0.012600453 -0.203824192 0.974738121
1341846669.754171 -0.140716806 0.044431865 -0.146911740 -0.096243076 0.016543668 -0.213296935 0.972094595
1341846669.786139 -0.151985914 0.038428552 -0.140530482 -0.101932399 0.019698009 -0.220696360 0.969801486
1341846669.822151 -0.148019031 0.029154969 -0.144470453 -0.105655640 0.020001300 -0.229112551 0.967442155
1341846669.854118 -0.142567337 0.035205666 -0.141133025 -0.110166706 0.021081211 -0.237105280 0.964987040
1341846669.886219 -0.142021492 0.035092670 -0.147967905 -0.115682736 0.023171257 -0.245869309 0.962096095
1341846669.922050 -0.148442209 0.031077631 -0.138194725 -0.119109370 0.025386959 -0.254575849 0.959353745
1341846669.954047 -0.138281301 0.037873592 -0.157670349 -0.121783599 0.025713831 -0.261512190 0.957141042
1341846669.986285 -0.134340435 0.034610178 -0.154706955 -0.129433736 0.028273765 -0.270627558 0.953524113
1341846670.022242 -0.125672027 0.039485157 -0.142526001 -0.131513312 0.030325972 -0.278712332 0.950843871
1341846670.054135 -0.133542985 0.036266241 -0.151778191 -0.135117710 0.034270458 -0.286082476 0.948011398
1341846670.090228 -0.118825346 0.039960217 -0.157536685 -0.138875455 0.034990877 -0.296230257 0.944318235
1341846670.121996 -0.131969050 0.023830149 -0.163973808 -0.145797044 0.040933523 -0.308109254 0.939221203
1341846670.154057 -0.132016629 0.026516676 -0.165944949 -0.149226695 0.045955993 -0.316864848 0.935529888
1341846670.190103 -0.129394218 0.038821012 -0.156627193 -0.151393190 0.048836291 -0.326349914 0.931767642
1341846670.222197 -0.148779497 0.027806185 -0.163457468 -0.155542448 0.055270165 -0.339319199 0.926074684
1341846670.258571 -0.139898285 0.040899239 -0.162760973 -0.154328063 0.059845611 -0.346020460 0.923510313
1341846670.290254 -0.131649986 0.043675072 -0.156605348 -0.155192807 0.061194293 -0.351622432 0.921158075
1341846670.358377 -0.157222852 0.036808535 -0.169956669 -0.154821321 0.078019589 -0.370254725 0.912608743
1341846670.390114 -0.146819517 0.027205661 -0.176515311 -0.154027194 0.082527958 -0.376510084 0.909782887
1341846670.422206 -0.139453113 0.030909877 -0.167946875 -0.148975566 0.089084603 -0.385615140 0.906184912
1341846670.464003 -0.168071613 0.026236866 -0.166694075 -0.144908756 0.101905912 -0.396010131 0.900995314
1341846670.526271 -0.154642016 0.025200590 -0.168349087 -0.137450874 0.114417672 -0.408901721 0.894882739
1341846670.566977 -0.165143162 0.026734879 -0.164514422 -0.135990307 0.120203637 -0.414161652 0.891923666
1341846670.596103 -0.156236678 0.024764897 -0.173135087 -0.132654995 0.121583067 -0.418473572 0.890224695
1341846670.628412 -0.172756910 0.032273695 -0.159065083 -0.130101532 0.127664372 -0.426366836 0.885994732
1341846670.664027 -0.174228668 0.035325479 -0.157670036 -0.125241354 0.132210925 -0.432564586 0.883019090
1341846670.696002 -0.185831189 0.032585338 -0.161548495 -0.119483583 0.138812527 -0.438962996 0.879639804
1341846670.728093 -0.184210598 0.033395834 -0.166160285 -0.112947851 0.143175721 -0.444234967 0.877153814
1341846670.764128 -0.160092384 0.032779824 -0.175522402 -0.106579237 0.145974100 -0.449424744 0.874842763
1341846670.796059 -0.189861745 0.033709407 -0.166160166 -0.102853298 0.156843826 -0.456356943 0.869804323
1341846670.832246 -0.178820804 0.028219527 -0.159522340 -0.095334984 0.158229157 -0.456066668 0.870561898
1341846670.863970 -0.185445487 0.027586784 -0.167545259 -0.091150105 0.160862669 -0.453703642 0.871761382
1341846670.896139 -0.178743392 0.029751977 -0.172998637 -0.083450936 0.166333824 -0.453555197 0.871582866
1341846670.932028 -0.164612323 0.030246479 -0.160364658 -0.072092257 0.170494467 -0.450578153 0.873334825
1341846670.964063 -0.168205321 0.025995370 -0.153215200 -0.062264707 0.170481443 -0.444833815 0.877030253
1341846671.000270 -0.174633682 0.022199728 -0.184724122 -0.055763554 0.171508566 -0.445200354 0.877081454
1341846671.032112 -0.176358581 0.021341473 -0.189069405 -0.047298029 0.177828759 -0.449315488 0.874217033
1341846671.064030 -0.173018575 0.019431325 -0.171867639 -0.039578907 0.180709034 -0.452649146 0.872288108
1341846671.101398 -0.175866917 0.008521037 -0.177608669 -0.034287401 0.180362865 -0.458168834 0.869698167
1341846671.132289 -0.184347481 0.012071108 -0.164734036 -0.023657227 0.183625445 -0.465707511 0.865354598
1341846671.168159 -0.172372460 0.003578654 -0.145163104 -0.010918488 0.180323273 -0.468905091 0.864576399
1341846671.200149 -0.172844157 0.001905002 -0.153253868 -0.000602822 0.175253496 -0.472283751 0.863848329
1341846671.232280 -0.180344254 0.000258911 -0.184630096 0.009598608 0.174949735 -0.478392810 0.860488713
1341846671.268147 -0.177617460 -0.001504667 -0.178021297 0.019208951 0.176088214 -0.480895460 0.858698726
1341846671.300337 -0.166591033 -0.001737896 -0.183186978 0.027965652 0.171390548 -0.479929298 0.859948218
1341846671.336125 -0.175670996 -0.012198288 -0.189469159 0.031645838 0.169004008 -0.484633774 0.857651591
1341846671.368236 -0.170317605 -0.015013602 -0.191853702 0.038237497 0.168891251 -0.487967759 0.855512202
1341846671.400327 -0.157048598 -0.009029791 -0.187951863 0.044817977 0.163789660 -0.489266902 0.855442703
1341846671.436064 -0.179681242 -0.018658265 -0.193400666 0.047120605 0.162358209 -0.496067196 0.851667047
1341846671.468197 -0.162195206 -0.013527762 -0.202352956 0.054136794 0.159981117 -0.500244021 0.849253297
1341846671.504294 -0.155556381 -0.001077350 -0.182130471 0.058774512 0.154199362 -0.502890110 0.848451376
1341846671.536197 -0.172961757 -0.021284349 -0.190402508 0.059453227 0.146746323 -0.513126075 0.843583107
1341846671.568120 -0.163139999 -0.018739585 -0.197594732 0.067838989 0.142039448 -0.520207763 0.839408457
1341846671.604188 -0.158151239 -0.018710561 -0.194746554 0.073187955 0.136185080 -0.526091099 0.836256742
1341846671.636057 -0.157202899 -0.020136349 -0.190050080 0.079793416 0.127336159 -0.532200515 0.833175302
1341846671.672157 -0.158168256 -0.025580049 -0.216500252 0.088920310 0.118138507 -0.536084950 0.831113338
1341846671.704027 -0.157986462 -0.022508983 -0.225936025 0.091264300 0.114291556 -0.539076865 0.829460323
1341846671.736479 -0.160658717 -0.023661725 -0.227340281 0.090541974 0.111023001 -0.545504510 0.825772882
1341846671.774745 -0.175274149 -0.029686105 -0.213055804 0.090648830 0.108214296 -0.552407563 0.821534157
1341846671.804605 -0.173346087 -0.027798537 -0.215527445 0.092717715 0.102972887 -0.554187596 0.820777774
1341846671.840252 -0.183402568 -0.017757159 -0.210901842 0.093668945 0.100449719 -0.560732424 0.816526294
1341846671.872106 -0.183450922 -0.026294082 -0.214608938 0.093934953 0.097604766 -0.564566195 0.814195752
1341846671.904035 -0.176599205 -0.023715153 -0.212848738 0.094170660 0.095066190 -0.566426098 0.813176453
1341846671.972239 -0.181537956 -0.023424055 -0.208913192 0.092803605 0.093403764 -0.577999651 0.805344462
1341846672.034218 -0.183106974 -0.019951206 -0.213195980 0.091388755 0.089124933 -0.588555157 0.798315525
1341846672.066227 -0.182411194 -0.022022728 -0.217976391 0.090791635 0.088726267 -0.594083786 0.794322968
1341846672.098024 -0.184750199 -0.020971164 -0.201323718 0.089957736 0.086257100 -0.598370790 0.791466832
1341846672.134061 -0.184632793 -0.020141087 -0.204751134 0.089823060 0.083850473 -0.603147745 0.788107693
1341846672.166000 -0.184014797 -0.022046708 -0.219251677 0.089037843 0.083595194 -0.608453453 0.784135461
1341846672.198405 -0.183675483 -0.022359904 -0.212344781 0.088778399 0.082915075 -0.611671627 0.781729639
1341846672.234130 -0.190254092 -0.020485654 -0.205349162 0.089674719 0.080814481 -0.615581036 0.778773129
1341846672.266403 -0.188497350 -0.023834389 -0.208234966 0.092334762 0.079292573 -0.618067145 0.776646614
1341846672.302710 -0.177048311 -0.019873634 -0.212293997 0.092424460 0.077877074 -0.618275702 0.776613176
1341846672.335022 -0.185087129 -0.020705000 -0.216154188 0.090006031 0.076801941 -0.622112095 0.773935974
1341846672.366487 -0.189232767 -0.025411066 -0.211791009 0.089877829 0.077089116 -0.625235796 0.771400928
1341846672.402478 -0.182773829 -0.024067052 -0.212853134 0.091588110 0.076910578 -0.623522520 0.772603333
1341846672.434330 -0.182161197 -0.024338361 -0.217857361 0.091066986 0.076804347 -0.622994065 0.773101747
1341846672.472323 -0.182051018 -0.025222462 -0.212201491 0.091467053 0.076557979 -0.622316539 0.773624420
1341846672.534812 -0.173967376 -0.020085346 -0.212260187 0.092040852 0.073666230 -0.618786752 0.776662529
1341846672.570153 -0.176166758 -0.021056991 -0.214460671 0.088942900 0.072777666 -0.619133413 0.776830971
1341846672.608881 -0.185713544 -0.021827519 -0.206247151 0.088468857 0.071678050 -0.618627429 0.777390242
1341846672.640836 -0.177485704 -0.020635832 -0.211619228 0.087971352 0.068755515 -0.614143610 0.781256199
1341846672.708152 -0.190750062 -0.024268825 -0.202882215 0.086426705 0.066283628 -0.603367448 0.789990306
1341846672.770288 -0.188094169 -0.021956757 -0.201598868 0.089301020 0.060504377 -0.582516372 0.805629790
1341846672.803280 -0.191661596 -0.021836046 -0.202314407 0.090736479 0.057950262 -0.573028624 0.812432706
1341846672.838034 -0.188357025 -0.021181773 -0.197306111 0.091863461 0.054117274 -0.562927186 0.819600821
1341846672.870092 -0.186931238 -0.021229550 -0.198531002 0.092358649 0.049973309 -0.555546343 0.824827731
1341846672.902275 -0.181067050 -0.017087664 -0.192235678 0.093100242 0.046238251 -0.547175348 0.830538094
1341846672.938315 -0.174811289 -0.014619295 -0.193680033 0.093039766 0.041844454 -0.537760913 0.836902559
1341846672.970326 -0.176428825 -0.012614191 -0.199057221 0.091362529 0.038696669 -0.529540718 0.842461944
1341846673.008221 -0.172995940 -0.011549607 -0.201555729 0.089872248 0.035749387 -0.520616770 0.848294258
1341846673.070235 -0.179962009 -0.010496076 -0.192946434 0.083721869 0.033039264 -0.500880718 0.860823750
1341846673.106189 -0.180055633 -0.011862826 -0.189571202 0.084746167 0.029770369 -0.486843646 0.868858516
1341846673.138104 -0.176906496 -0.012739066 -0.187840849 0.085924767 0.025156552 -0.473229676 0.876377642
1341846673.170298 -0.177294046 -0.012387540 -0.190773681 0.086262427 0.022080047 -0.464297801 0.881191730
1341846673.206489 -0.180058420 -0.014045134 -0.184710160 0.087830804 0.018804746 -0.454288840 0.886314750
1341846673.238153 -0.180840597 -0.014330614 -0.192571089 0.089909509 0.014182797 -0.444767416 0.891009033
1341846673.274220 -0.181439340 -0.020071683 -0.192281038 0.090742871 0.011163802 -0.436949581 0.894827485
1341846673.306107 -0.180007443 -0.018655062 -0.186874107 0.094406225 0.008025128 -0.427343935 0.899110794
1341846673.338187 -0.182076246 -0.018932026 -0.190014452 0.096494369 0.004448297 -0.417237550 0.903649211
1341846673.374098 -0.183416575 -0.019955210 -0.188151583 0.099547096 0.002215237 -0.408129632 0.907477617
1341846673.406266 -0.181060553 -0.018589653 -0.187351316 0.102852479 0.000016497 -0.395404667 0.912730277
1341846673.438267 -0.181124419 -0.017089153 -0.185864478 0.106189124 -0.003992984 -0.382190377 0.917953372
1341846673.474135 -0.179731235 -0.018533979 -0.189602599 0.110146567 -0.007256815 -0.368193954 0.923172951
1341846673.506260 -0.178019285 -0.015352312 -0.185640126 0.113457136 -0.010485716 -0.353478372 0.928477526
1341846673.542168 -0.174541935 -0.009550527 -0.187969536 0.114286363 -0.015548742 -0.341294318 0.932853162
1341846673.574072 -0.179212511 -0.012359019 -0.183850974 0.113147020 -0.019048207 -0.331291050 0.936526120
1341846673.606102 -0.180726364 -0.009387666 -0.177119583 0.112961397 -0.023626721 -0.319831520 0.940419734
1341846673.648026 -0.175906837 -0.004653325 -0.185025990 0.111225724 -0.030321017 -0.307152033 0.944651842
1341846673.710162 -0.183350280 -0.002416670 -0.187564880 0.101913266 -0.039264042 -0.285202235 0.952224612
1341846673.742225 -0.180128664 0.004286667 -0.186674446 0.098506592 -0.046082623 -0.268507779 0.957118809
1341846673.774298 -0.183265328 -0.000638805 -0.187200069 0.094824985 -0.052396726 -0.254030108 0.961109519
1341846673.810154 -0.181730181 0.003432233 -0.188018069 0.093033992 -0.057964064 -0.239111096 0.964785278
1341846673.842305 -0.185952708 0.009422595 -0.187618524 0.090408266 -0.063745476 -0.225610450 0.967916727
1341846673.874285 -0.174409658 0.016955806 -0.185500085 0.087565944 -0.068869673 -0.214518413 0.970345795
1341846673.910253 -0.184791431 0.017479043 -0.180052236 0.081941381 -0.070611790 -0.203562379 0.973068297
1341846673.942284 -0.182502359 0.010323135 -0.186537176 0.078308001 -0.074791014 -0.193048328 0.975195587
1341846673.978434 -0.179048851 0.004576117 -0.183927238 0.077109739 -0.076043367 -0.184338391 0.976878107
1341846674.016486 -0.183445930 0.007794995 -0.176004335 0.078934588 -0.075073384 -0.175010413 0.978521645
1341846674.052060 -0.184970811 0.008519186 -0.181781620 0.078871332 -0.075582482 -0.165583447 0.980126858
1341846674.084057 -0.182467714 0.011982303 -0.178073034 0.079735264 -0.075738378 -0.157112390 0.981438577
1341846674.152235 -0.184029266 0.015260920 -0.182114452 0.072005577 -0.074623108 -0.141648382 0.984470606
1341846674.210322 -0.171474010 0.027931506 -0.187012762 0.067283303 -0.073865846 -0.125147372 0.987094164
1341846674.246217 -0.183652997 0.019464526 -0.174064100 0.061681688 -0.073075451 -0.118653908 0.988320053
1341846674.278035 -0.182438627 0.010533797 -0.182346195 0.061208025 -0.074763484 -0.109371722 0.989293575
1341846674.310117 -0.177424654 0.026863012 -0.181468919 0.062406965 -0.076223679 -0.098911412 0.990207970
1341846674.346212 -0.177764222 0.024919752 -0.177635401 0.059583727 -0.075943291 -0.091643147 0.991102397
1341846674.378058 -0.178264260 0.011996195 -0.186007202 0.058903031 -0.075044215 -0.081814714 0.992071152
1341846674.410162 -0.179020956 0.027734166 -0.180219799 0.060556836 -0.075066939 -0.072765008 0.992674708
1341846674.446125 -0.179003581 0.027475111 -0.185992077 0.057778135 -0.074645817 -0.067306563 0.993256986
1341846674.478198 -0.178034991 0.020483574 -0.185531318 0.057389390 -0.073908433 -0.061483819 0.993712068
1341846674.514124 -0.182988808 0.025736867 -0.198200598 0.057348397 -0.073030561 -0.057573915 0.994013548
1341846674.546062 -0.184483826 0.026786711 -0.179243013 0.056689262 -0.073873237 -0.053510670 0.994216084
1341846674.578094 -0.175964981 0.024301076 -0.184957206 0.056701265 -0.074168429 -0.048281267 0.994461119
1341846674.614179 -0.181526348 0.029105943 -0.194527611 0.055516385 -0.071695030 -0.043705899 0.994920850
1341846674.682209 -0.177725896 0.020282898 -0.183421880 0.056313869 -0.073890001 -0.027425284 0.995297372
1341846674.714186 -0.181606174 0.028197829 -0.189561725 0.058074001 -0.072654814 -0.018889237 0.995485723
1341846674.752271 -0.184889570 0.031476215 -0.172306821 0.058196973 -0.073035643 -0.009697000 0.995582700
1341846674.814222 -0.181979597 0.029440315 -0.178174809 0.057084277 -0.071738042 0.004860801 0.995776772
1341846674.846370 -0.179181367 0.030890692 -0.186167285 0.057483956 -0.071616992 0.013337324 0.995685041
1341846674.882158 -0.178923458 0.033961657 -0.191825703 0.056997318 -0.071374632 0.021096071 0.995596230
1341846674.914224 -0.178047433 0.037006550 -0.193112686 0.055040352 -0.071355008 0.026265794 0.995584786
1341846674.950305 -0.180808797 0.036797538 -0.188803345 0.052186411 -0.071136132 0.031807344 0.995592594
1341846674.982342 -0.180723906 0.044173904 -0.208915740 0.049434952 -0.072502971 0.034972224 0.995528221
1341846675.014137 -0.180335119 0.052585971 -0.212001204 0.041003354 -0.074438080 0.038902231 0.995622575
1341846675.050230 -0.180384561 0.051133465 -0.200075611 0.031757139 -0.075886481 0.041664913 0.995739281
1341846675.088201 -0.180891365 0.057642352 -0.196424365 0.027053673 -0.075612783 0.043379370 0.995825827
1341846675.150188 -0.186824620 0.115535274 -0.183233857 0.008472744 -0.073640652 0.047491375 0.996117353
1341846675.182290 -0.182273716 0.066101663 -0.197234690 -0.011815208 -0.070166707 0.046690561 0.996371925
1341846675.218759 -0.189167231 0.063502334 -0.209030196 -0.018510291 -0.067660302 0.046822648 0.996437192
1341846675.251951 -0.179122701 0.056693248 -0.191317424 -0.026413312 -0.069934286 0.051818371 0.995854616
1341846675.282406 -0.161415458 0.058703199 -0.184188709 -0.029305521 -0.070735082 0.055220529 0.995534241
1341846675.318078 -0.205105886 0.062614627 -0.179473221 -0.031322271 -0.062080875 0.052247565 0.996210337
1341846675.350149 -0.190007836 0.068459347 -0.190038711 -0.039011426 -0.061146140 0.054259434 0.995889127
1341846675.382271 -0.160156533 0.063418016 -0.174444616 -0.050313532 -0.063674487 0.056397799 0.995104730
1341846675.450238 -0.132550940 0.052073762 -0.149724334 -0.059432428 -0.059037272 0.066959180 0.994232774
1341846675.486165 -0.108722694 0.051424854 -0.147556305 -0.049908839 -0.061467726 0.077315211 0.993857682
1341846675.518083 -0.091273181 0.055419773 -0.149826005 -0.040822960 -0.063087896 0.086110890 0.993447661
1341846675.550092 -0.067517556 0.050133295 -0.140679598 -0.035608757 -0.066785105 0.094272763 0.992665291
1341846675.586070 -0.059114635 0.051411126 -0.136208281 -0.031978775 -0.067031771 0.097500980 0.992460430
1341846675.618075 -0.037336323 0.049065478 -0.126146361 -0.028038204 -0.067292966 0.100916825 0.992220402
1341846675.650024 -0.048152965 0.050015509 -0.122412331 -0.021708423 -0.065810747 0.103356421 0.992227376
1341846675.686118 -0.029196275 0.049429525 -0.118378796 -0.018550921 -0.070034720 0.103554748 0.991981566
1341846675.718055 -0.018646244 0.047240973 -0.114105925 -0.014368706 -0.068355039 0.101678155 0.992362142
1341846675.754170 -0.008691232 0.048121274 -0.107508004 -0.007490700 -0.068378493 0.099720143 0.992634952
1341846675.786330 0.011569063 0.043828148 -0.111904956 -0.004672090 -0.070271790 0.100133270 0.992478371
1341846675.818106 0.026133155 0.044595160 -0.106910989 -0.000946965 -0.068136007 0.096729524 0.992975354
1341846675.854095 0.051207248 0.045778774 -0.106371686 0.003063967 -0.069658227 0.095782861 0.992957234
1341846675.886163 0.068081677 0.048543949 -0.104497507 0.010236309 -0.073850527 0.097568914 0.992432177
1341846675.922346 0.084872812 0.044177402 -0.111597486 0.018619312 -0.074326739 0.099403977 0.992092609
1341846675.961651 0.061495066 0.032358710 -0.109441496 0.025960391 -0.070120551 0.097384162 0.992434144
1341846676.028080 0.088088676 0.037623305 -0.107403137 0.049034636 -0.076652482 0.096488237 0.991165996
1341846676.122163 0.075923517 0.049694739 -0.151329741 0.056261010 -0.079282738 0.086727634 0.991477311
1341846676.154447 0.093342379 0.040464915 -0.151402876 0.052690756 -0.081368625 0.087578602 0.991429687
1341846676.190230 0.111166663 0.038906664 -0.162912682 0.052655831 -0.085453190 0.088149026 0.991037250
1341846676.222476 0.123077005 0.055394754 -0.169915706 0.050329570 -0.085823998 0.085009202 0.991400301
1341846676.257017 0.124283031 0.054745577 -0.182148218 0.042418353 -0.083124481 0.082897983 0.992178857
1341846676.290401 0.159131527 0.047869518 -0.182075620 0.038891349 -0.087196223 0.084566571 0.991833031
1341846676.322689 0.202768311 0.048209153 -0.184931800 0.036894482 -0.089558326 0.083516106 0.991787851
1341846676.360815 0.227873683 0.055587415 -0.185863823 0.029596169 -0.087216236 0.080611095 0.992481351
1341846676.390851 0.214217559 0.053206865 -0.200126261 0.016322056 -0.082977153 0.078749113 0.993301034
1341846676.424250 0.222022995 0.052789047 -0.204470038 0.018265642 -0.080534391 0.078144781 0.993515968
1341846676.459033 0.236925825 0.066647038 -0.218342423 0.018279165 -0.077799812 0.080417722 0.993552208
1341846676.490669 0.245120972 0.067748010 -0.218681380 0.013550835 -0.074822634 0.080771267 0.993827939
1341846676.532743 0.274207056 0.068995118 -0.221805915 0.012375006 -0.073905244 0.080800667 0.993909478
1341846676.564052 0.269640744 0.081198618 -0.225896597 0.012179445 -0.068543814 0.081606649 0.994230211
1341846676.596566 0.278747946 0.080611795 -0.223800808 0.008157681 -0.067747399 0.080524571 0.994414151
1341846676.632057 0.297772288 0.077431031 -0.220109537 0.006521016 -0.066703796 0.077829748 0.994711339
1341846676.690079 0.307603776 0.077418737 -0.222265989 0.005945067 -0.062969074 0.074204400 0.995235264
1341846676.726102 0.327447325 0.075498171 -0.224379063 0.006123133 -0.061582662 0.071195602 0.995540679
1341846676.758419 0.325337917 0.074184731 -0.222637564 0.008592239 -0.057351824 0.070111521 0.995852053
1341846676.790227 0.324062705 0.077763095 -0.228576913 0.010258120 -0.055423629 0.071253255 0.995864451
1341846676.826179 0.350896209 0.078995042 -0.231685087 0.010694426 -0.055560838 0.069256447 0.995993078
1341846676.858331 0.337487608 0.077958263 -0.232711405 0.012227513 -0.049573291 0.068889253 0.996316850
1341846676.894086 0.346341491 0.088809416 -0.225711271 0.013847868 -0.051786810 0.071933419 0.995967805
1341846676.926062 0.363545686 0.086383618 -0.229290307 0.012782721 -0.053252265 0.069802411 0.996056437
1341846676.958080 0.359082609 0.089732811 -0.225197673 0.013643060 -0.050594889 0.069425784 0.996209860
1341846676.994140 0.359675527 0.082930095 -0.229851231 0.013761075 -0.052094776 0.071193457 0.996006131
1341846677.026242 0.354188234 0.091086321 -0.229135871 0.015528538 -0.051113088 0.072849549 0.995911241
1341846677.094244 0.375449061 0.092873842 -0.227601990 0.013223338 -0.055378873 0.069704361 0.995941520
1341846677.126108 0.390861720 0.079549611 -0.224733934 0.012608639 -0.058959667 0.070424572 0.995693326
1341846677.162066 0.397697717 0.090603933 -0.227891818 0.016242331 -0.059176490 0.070668094 0.995610535
1341846677.194068 0.395773351 0.097841874 -0.230153143 0.016490079 -0.059750207 0.071041003 0.995545685
1341846677.226206 0.417671740 0.078284413 -0.230011791 0.012794903 -0.062219083 0.070288248 0.995502174
1341846677.262033 0.407217920 0.073662058 -0.220857382 0.014864768 -0.057714198 0.072044052 0.995619297
1341846677.294125 0.399785280 0.081824161 -0.230902150 0.017510641 -0.057640526 0.071751125 0.995601714
1341846677.326503 0.426227361 0.085023358 -0.231493160 0.015987461 -0.061108485 0.070572250 0.995504677
1341846677.362194 0.427644253 0.071301848 -0.225886658 0.014471307 -0.058095001 0.070263162 0.995730162
1341846677.394280 0.421084285 0.073348083 -0.225317270 0.016362138 -0.056848727 0.071369126 0.995694160
1341846677.430058 0.435838073 0.076487876 -0.231257245 0.016732628 -0.057576343 0.070364088 0.995717764
1341846677.468326 0.424860716 0.067405172 -0.234058842 0.016504068 -0.052514941 0.070263200 0.996008456
1341846677.530161 0.444678068 0.071734034 -0.226777822 0.021394666 -0.052920811 0.068697251 0.996003211
1341846677.562051 0.447834522 0.071209662 -0.228459254 0.022589877 -0.050276615 0.067392394 0.996202886
1341846677.594105 0.439688265 0.076853387 -0.227589414 0.023901945 -0.048117649 0.066734247 0.996323228
1341846677.630227 0.448700130 0.071510464 -0.229159236 0.023613300 -0.048490897 0.065687045 0.996381581
1341846677.662033 0.445367813 0.074912488 -0.229890287 0.025013916 -0.046639867 0.065546572 0.996445000
1341846677.730320 0.452071637 0.076261580 -0.225888133 0.024477080 -0.047612909 0.065765649 0.996397913
1341846677.763691 0.446533352 0.069927834 -0.226774454 0.025166294 -0.045641407 0.065853700 0.996467173
1341846677.798630 0.441306889 0.080362484 -0.228735566 0.026600119 -0.046648767 0.065766364 0.996389031
1341846677.830104 0.461612403 0.069889165 -0.226756006 0.024531379 -0.048762031 0.064449646 0.996427000
1341846677.862185 0.455463976 0.058146439 -0.225752577 0.025800806 -0.045282323 0.063656859 0.996610045
1341846677.898344 0.445617765 0.062380873 -0.224658370 0.029865259 -0.044265725 0.064386226 0.996495366
1341846677.930181 0.466840446 0.065124944 -0.224320218 0.032168604 -0.047019739 0.063126281 0.996378124
1341846677.966256 0.471565038 0.051612489 -0.226826906 0.033225473 -0.045351814 0.061922573 0.996496320
1341846677.998516 0.461528122 0.044196345 -0.229690120 0.037074756 -0.044421915 0.063433826 0.996307313
1341846678.030368 0.469749868 0.044706810 -0.232523352 0.039904051 -0.047530118 0.064756490 0.995969415
1341846678.066187 0.479805678 0.047738705 -0.230735049 0.042128257 -0.047539461 0.063512281 0.995957494
1341846678.098076 0.464535892 0.040416278 -0.238977909 0.042696692 -0.045589652 0.063511446 0.996024549
1341846678.134082 0.468279511 0.042964987 -0.233308062 0.044936836 -0.049008396 0.064499803 0.995700061
1341846678.166092 0.468419194 0.047525398 -0.230582774 0.046637487 -0.047977269 0.064162783 0.995693862
1341846678.204293 0.456850290 0.040830672 -0.232986823 0.047551796 -0.045982286 0.064356908 0.995732188
1341846678.266209 0.464435697 0.038481474 -0.237354875 0.051094279 -0.049778044 0.064746708 0.995348871
1341846678.298316 0.471060663 0.039787717 -0.243173301 0.051746394 -0.052428260 0.064769410 0.995177627
1341846678.334135 0.480835140 0.036239263 -0.240543187 0.051053569 -0.055656929 0.065096043 0.995016754
1341846678.366593 0.485205233 0.025872603 -0.241478875 0.051270515 -0.055665743 0.064682104 0.995032072
1341846678.402292 0.458645403 0.029094297 -0.245939121 0.053563800 -0.051677495 0.065045193 0.995102763
1341846678.439991 0.485306323 0.033063013 -0.238367125 0.054371055 -0.055987388 0.065071367 0.994824052
