1341846226.817920 0.000000000 0.000000000 0.000000000 0.000000000 0.000000000 0.000000000 1.000000000
1341846226.850323 0.007083006 0.001450629 0.002186738 0.001237600 -0.000991547 -0.002245383 0.999996245
1341846226.881894 0.007216706 0.002720551 -0.000793542 0.001597524 0.000528627 -0.002973724 0.999994159
1341846226.917980 -0.001016175 0.000104936 0.000250472 0.000466892 0.000359573 -0.003165089 0.999994814
1341846226.950000 -0.000133420 -0.002627315 0.005561109 0.001043436 -0.002028623 -0.002906563 0.999993145
1341846226.985981 0.002113163 -0.001650298 0.002017118 0.003008678 -0.002976747 -0.003343221 0.999985456
1341846227.017919 0.002845977 0.003529267 0.001170361 0.003249865 -0.003798684 -0.003463021 0.999981523
1341846227.050040 0.005799960 -0.001479224 0.003686683 0.002491008 -0.004803464 -0.004467355 0.999975383
1341846227.085982 0.006935506 -0.001472477 0.003873318 0.003159395 -0.004713192 -0.004855762 0.999972105
1341846227.118052 0.005307242 -0.000337614 0.004303255 0.003764049 -0.004352444 -0.005222175 0.999969780
1341846227.149935 0.006727672 -0.000083925 0.001843871 0.004352140 -0.004848482 -0.005006450 0.999966264
1341846227.186053 0.003583247 0.005013693 0.000662926 0.004788732 -0.005459401 -0.005894781 0.999956250
1341846227.218443 0.007764992 0.000254816 0.004650948 0.003112972 -0.006476186 -0.007506332 0.999945998
1341846227.253944 0.011083124 -0.003344181 0.008014086 0.003964741 -0.006596975 -0.008983361 0.999930024
1341846227.285981 0.006502430 -0.002867929 0.003304095 0.005204995 -0.006505095 -0.010060768 0.999914706
1341846227.320064 0.008568600 -0.002850496 0.002847815 0.005366205 -0.008527461 -0.011095989 0.999887705
1341846227.353969 0.002142856 -0.000117679 0.003657396 0.006158590 -0.009312022 -0.013532729 0.999846101
1341846227.385846 0.001409021 0.001780717 -0.000560885 0.005644107 -0.011705633 -0.014398878 0.999811888
1341846227.418015 -0.000612804 0.004447075 -0.003390020 0.004533374 -0.014846155 -0.016563920 0.999742270
1341846227.453997 0.002737856 0.003026284 -0.001997954 0.003152804 -0.017903484 -0.020383123 0.999626935
1341846227.485981 0.004671980 0.002431481 -0.001347764 0.002345713 -0.019019173 -0.023267126 0.999545574
1341846227.521976 0.000299085 -0.000641950 0.000480284 0.001902841 -0.020134127 -0.023754695 0.999513209
1341846227.553980 -0.001985689 -0.005650487 0.001802151 0.002985454 -0.022088161 -0.025285000 0.999431789
1341846227.586047 0.006717353 0.000893058 -0.000396509 0.005410530 -0.023688529 -0.028043956 0.999311328
1341846227.622081 0.008427219 0.002049539 -0.000971178 0.004942207 -0.023208721 -0.031184953 0.999231935
1341846227.653945 0.003034027 -0.004221953 0.005025031 0.004042597 -0.022988530 -0.031231986 0.999239624
1341846227.686038 0.004544166 -0.011724776 0.002037222 0.006239736 -0.023972213 -0.031647384 0.999192119
1341846227.721966 0.016010383 -0.006241234 0.003829757 0.009372014 -0.023282671 -0.031998154 0.999172807
1341846227.754130 0.014858012 -0.007522153 0.004606297 0.010178173 -0.020186773 -0.032378152 0.999220014
1341846227.789951 0.016951924 -0.010110050 0.003616597 0.011390535 -0.018461186 -0.030668218 0.999294221
1341846227.821920 0.017749412 -0.007945328 0.001504447 0.012128175 -0.016588613 -0.030180983 0.999333203
1341846227.854275 0.020628089 -0.007004023 0.003019849 0.012641428 -0.015017453 -0.030255698 0.999349415
1341846227.889935 0.020207677 -0.008111441 0.003348158 0.012841246 -0.013305792 -0.029342853 0.999398351
1341846227.921967 0.019690769 -0.007380670 0.004629998 0.012917144 -0.012339229 -0.028243033 0.999441445
1341846227.958123 0.023231491 -0.008882998 0.004232420 0.012797581 -0.011355736 -0.029144319 0.999428749
1341846227.989985 0.025330190 -0.007138743 0.002313653 0.012057296 -0.009429567 -0.030150877 0.999428153
1341846228.021937 0.022486459 -0.016849795 0.008019136 0.011003843 -0.008300590 -0.029672399 0.999464631
1341846228.058222 0.023501921 -0.015033137 0.006914804 0.013788795 -0.008240800 -0.028337171 0.999469340
1341846228.090097 0.028581677 -0.009139569 -0.001357639 0.013908979 -0.007548019 -0.028322298 0.999473572
1341846228.121845 0.026938777 -0.009620965 0.000769906 0.010458722 -0.005277799 -0.027036387 0.999565780
1341846228.157875 0.022032170 -0.009180127 0.000041852 0.008430853 -0.004868106 -0.023313398 0.999680817
1341846228.189872 0.023611628 -0.003915888 -0.001300630 0.006691654 -0.005565631 -0.022283019 0.999713838
1341846228.225994 0.028293682 -0.011645721 0.009827532 0.003881732 -0.006271347 -0.023315463 0.999700963
1341846228.258336 0.025278697 -0.015869340 0.006417109 0.004152223 -0.006591081 -0.023746930 0.999687672
1341846228.289941 0.028454769 -0.014564599 0.006047513 0.005054179 -0.007364361 -0.022640131 0.999703765
1341846228.326018 0.033780210 -0.015762581 0.007733656 0.005414324 -0.007343108 -0.022727391 0.999700069
1341846228.358243 0.030966273 -0.013363778 0.005540152 0.006074287 -0.005088192 -0.023012228 0.999703765
1341846228.389779 0.030296989 -0.014945558 0.004713976 0.005428839 -0.004796944 -0.021531731 0.999741912
1341846228.426073 0.037907556 -0.015750090 0.007323704 0.005727624 -0.004963158 -0.021931242 0.999730766
1341846228.493915 0.029613495 -0.012995260 -0.000788573 0.006356060 -0.001545444 -0.020431021 0.999769866
1341846228.525907 0.030552018 -0.014835689 0.001726728 0.005498872 -0.002606223 -0.019805579 0.999785304
1341846228.558208 0.033694651 -0.012538399 0.003254652 0.006006129 -0.002413603 -0.019334624 0.999792099
1341846228.593899 0.031999752 -0.017726824 0.000942992 0.005587952 -0.001741161 -0.018577605 0.999810278
1341846228.626021 0.030206818 -0.015706288 0.000218671 0.005629452 -0.003117668 -0.017128006 0.999832571
1341846228.658069 0.026780380 -0.015684834 0.000396343 0.004570445 -0.003448017 -0.017561123 0.999829412
1341846228.693942 0.031488117 -0.016746031 0.003018272 0.003477773 -0.003361495 -0.018587623 0.999815524
1341846228.726069 0.030505618 -0.018333659 0.000434583 0.002657903 -0.001842040 -0.018286806 0.999827564
1341846228.762090 0.027430663 -0.024307339 -0.000632612 0.001862389 -0.001387546 -0.015949355 0.999870062
1341846228.794000 0.030856721 -0.022432409 0.002800837 0.003283728 -0.002627225 -0.014471369 0.999886453
1341846228.825934 0.035097014 -0.018589932 -0.000696312 0.004588326 -0.002411014 -0.014046079 0.999887884
1341846228.862015 0.033572953 -0.021370165 -0.001174815 0.004297218 -0.002466284 -0.012172338 0.999913633
1341846228.893856 0.029693380 -0.019828485 -0.003692937 0.004918904 -0.003186596 -0.012402053 0.999905944
1341846228.926548 0.034227718 -0.018291425 -0.002820749 0.005282442 -0.003593147 -0.012925901 0.999896049
1341846228.961940 0.037536692 -0.014981465 -0.001437096 0.005215557 -0.003416007 -0.012612975 0.999900997
1341846228.994040 0.035088927 -0.012863379 -0.003975673 0.004551062 -0.002973391 -0.012064096 0.999912441
1341846229.029897 0.039910208 -0.018338080 0.004579055 0.003988932 -0.003955017 -0.011392003 0.999919355
1341846229.061870 0.040876634 -0.020318253 -0.000333755 0.004928485 -0.003681117 -0.011412541 0.999915957
1341846229.094829 0.044750642 -0.018284187 -0.002061958 0.005117001 -0.003459980 -0.009383603 0.999936938
1341846229.129930 0.042344153 -0.018887905 -0.000537930 0.004476596 -0.002522607 -0.008679231 0.999949157
1341846229.161882 0.040246531 -0.017204935 -0.001784837 0.004265981 -0.001611963 -0.009990027 0.999939680
1341846229.197882 0.039502524 -0.019916782 -0.003370439 0.004128139 -0.001502080 -0.010255563 0.999937773
1341846229.229812 0.040814888 -0.024099544 -0.003138817 0.004764202 -0.002262097 -0.009607396 0.999939919
1341846229.261994 0.041490775 -0.023554875 -0.003791265 0.006000007 -0.002889355 -0.010506847 0.999922633
1341846229.297920 0.037536129 -0.020877199 -0.006087769 0.006512415 -0.002425411 -0.012003342 0.999903798
1341846229.329933 0.039319526 -0.021208525 -0.008427973 0.006340054 -0.003517475 -0.011961170 0.999902189
1341846229.361996 0.040976878 -0.024968699 -0.002903901 0.005924769 -0.004346659 -0.011329135 0.999908805
1341846229.398029 0.041999023 -0.030376771 -0.004701640 0.007596045 -0.004146086 -0.010613388 0.999906242
1341846229.430182 0.037596144 -0.030603806 -0.007434003 0.010146018 -0.003834989 -0.010511261 0.999885917
1341846229.471963 0.038357001 -0.024834035 -0.008218063 0.011721310 -0.004036081 -0.010321455 0.999869883
1341846229.530149 0.036807667 -0.021404102 -0.010957940 0.014105375 -0.002895910 -0.009021766 0.999855638
1341846229.566064 0.040062238 -0.022155399 -0.010190278 0.014290131 -0.003507424 -0.006770127 0.999868810
1341846229.630063 0.037986282 -0.021384222 -0.011103879 0.017649213 -0.000932542 -0.004136296 0.999835253
1341846229.665946 0.038465112 -0.021957850 -0.010981930 0.017065376 -0.000697343 -0.003047961 0.999849498
1341846229.698150 0.040965073 -0.027197465 -0.009159527 0.017123876 -0.000689794 -0.001604218 0.999851823
1341846229.733828 0.040608332 -0.023993423 -0.010566220 0.020902442 0.001147730 -0.002211663 0.999778450
1341846229.765937 0.037915919 -0.025607225 -0.018236980 0.020956321 0.002819076 -0.001309276 0.999775589
1341846229.798002 0.039118484 -0.023573117 -0.015804512 0.019213105 0.002548761 -0.001029328 0.999811590
1341846229.833857 0.037893407 -0.026535774 -0.011041388 0.018917676 0.003133014 -0.002059344 0.999814034
1341846229.865928 0.040629949 -0.027558116 -0.012826445 0.020210378 0.003643076 -0.002271827 0.999786496
1341846229.897926 0.040812362 -0.020878946 -0.014509257 0.020802895 0.003886226 -0.002165880 0.999773681
1341846229.939857 0.037775312 -0.019433735 -0.012827282 0.019126069 0.004450363 -0.002993113 0.999802709
1341846230.002061 0.034511350 -0.016866306 -0.012069183 0.016349647 0.005990020 -0.004254740 0.999839365
1341846230.033858 0.033795442 -0.017622925 -0.012339694 0.013676232 0.005839405 -0.004833463 0.999877751
1341846230.065938 0.037427243 -0.022059033 -0.012165839 0.012928362 0.005952805 -0.004164967 0.999890029
1341846230.103878 0.034815893 -0.021611439 -0.011078647 0.012929486 0.007300567 -0.003528254 0.999883533
1341846230.144719 0.034456171 -0.019081132 -0.012510817 0.012362578 0.007496674 -0.003392054 0.999889731
1341846230.172747 0.035535246 -0.020271594 -0.007574767 0.011875254 0.007602318 -0.002652991 0.999897063
1341846230.208544 0.036468934 -0.020156281 -0.007029835 0.012707978 0.008301084 -0.001451126 0.999883711
1341846230.271971 0.037140936 -0.023396125 -0.006894391 0.011103144 0.008068228 -0.000956307 0.999905348
1341846230.334051 0.038882840 -0.022122709 -0.008102277 0.015588378 0.008386588 0.000332212 0.999843240
1341846230.370031 0.034891170 -0.023127828 -0.009643428 0.017292108 0.010012106 -0.001426070 0.999799371
1341846230.401932 0.034025591 -0.022553761 -0.008532749 0.019370979 0.011169693 -0.001927697 0.999748111
1341846230.437965 0.040079590 -0.026661517 -0.016360763 0.020674551 0.010700280 -0.001919868 0.999727130
1341846230.469920 0.040682323 -0.028398328 -0.018195450 0.021535372 0.011137577 -0.003159268 0.999701083
1341846230.501933 0.039202217 -0.021178180 -0.021423789 0.022368258 0.011309932 -0.003913030 0.999678135
1341846230.537834 0.033730075 -0.022613138 -0.020742305 0.021607470 0.011619942 -0.004433207 0.999689162
1341846230.569803 0.035740249 -0.028142000 -0.016996428 0.022518944 0.010883396 -0.004266180 0.999678075
1341846230.601945 0.037231371 -0.027127743 -0.021440350 0.024475127 0.009991669 -0.003787792 0.999643326
1341846230.637789 0.038559098 -0.029541323 -0.020014036 0.025066337 0.009205364 -0.003998938 0.999635398
1341846230.670057 0.051933564 -0.019134887 -0.021282313 0.025956128 0.006626021 -0.002353354 0.999638379
1341846230.705937 0.045313939 -0.023296732 -0.023643881 0.024316970 0.006888974 -0.004180423 0.999671817
1341846230.737932 0.044921484 -0.031044813 -0.020719118 0.024282854 0.006841370 -0.003894405 0.999674141
1341846230.769960 0.033509165 -0.027021000 -0.020834062 0.025746411 0.008224989 -0.004553448 0.999624312
1341846230.805852 0.043076918 -0.027378587 -0.016220191 0.025886269 0.006485038 -0.003770789 0.999636769
1341846230.837804 0.036853667 -0.028520387 -0.022726171 0.026031639 0.007099662 -0.005274310 0.999621987
1341846230.869829 0.037579536 -0.026431864 -0.019141562 0.027355859 0.007481431 -0.004667974 0.999586880
1341846230.905851 0.039593555 -0.025385618 -0.020206224 0.027992146 0.006580817 -0.004169937 0.999577761
1341846230.937917 0.041984644 -0.027098056 -0.016144389 0.027507767 0.004993427 -0.004543865 0.999598801
1341846230.973933 0.039744381 -0.028602434 -0.016795125 0.028063161 0.004909783 -0.004867571 0.999582231
1341846231.006047 0.035445586 -0.034107842 -0.022272395 0.028261384 0.005749554 -0.003958344 0.999576211
1341846231.037936 0.037675057 -0.031223448 -0.022456601 0.028829157 0.004810316 -0.004162824 0.999564111
1341846231.074310 0.034222752 -0.029846169 -0.019268902 0.029056258 0.004786985 -0.004732879 0.999555111
1341846231.106085 0.041897010 -0.034590945 -0.018891506 0.029556865 0.003182005 -0.003434398 0.999552131
1341846231.138083 0.040759765 -0.037332360 -0.021881849 0.030143512 0.002799283 -0.003061700 0.999536932
1341846231.174011 0.042201530 -0.034849685 -0.019006841 0.030455487 0.002004365 -0.004445576 0.999524236
1341846231.205909 0.046185147 -0.040315155 -0.016661489 0.030621415 0.001571165 -0.004776859 0.999518394
1341846231.241869 0.045436528 -0.034656070 -0.020052329 0.032570668 0.001778552 -0.003887221 0.999460280
1341846231.273832 0.040319286 -0.035087723 -0.023243947 0.032582503 0.002054713 -0.005052818 0.999454200
1341846231.305846 0.043805540 -0.034501594 -0.021702170 0.033963442 0.001317879 -0.004570049 0.999411762
1341846231.341923 0.043695323 -0.029377336 -0.025329189 0.034312114 0.001006410 -0.004118553 0.999402165
1341846231.410022 0.039983086 -0.034892734 -0.023722148 0.031063922 0.001171870 -0.005514452 0.999501526
1341846231.442103 0.038381148 -0.032161266 -0.021305993 0.031431887 0.000995972 -0.004166292 0.999496698
1341846231.484245 0.043685269 -0.026359189 -0.022652566 0.032391340 -0.000806590 -0.003230114 0.999469757
1341846231.516816 0.046920907 -0.028230522 -0.022493025 0.031178467 -0.001317956 -0.004121815 0.999504507
1341846231.547853 0.051345050 -0.027327044 -0.030743688 0.029064419 -0.000643113 -0.005332206 0.999563098
1341846231.583898 0.045389771 -0.025196308 -0.026897306 0.026460104 0.001884629 -0.008072344 0.999615490
1341846231.615993 0.045066692 -0.035750479 -0.020801088 0.023724997 0.003647027 -0.011445141 0.999646366
1341846231.648015 0.034788169 -0.044121575 -0.012698151 0.024326144 0.004975776 -0.013443632 0.999601305
1341846231.683822 0.029818691 -0.051644370 -0.008549544 0.028348528 0.003942527 -0.014355668 0.999487281
1341846231.716153 0.033746701 -0.039505441 -0.009004924 0.036580384 0.002634744 -0.012956936 0.999243200
1341846231.747846 0.038434654 -0.037042491 -0.018395772 0.040471807 0.000318536 -0.013495559 0.999089479
1341846231.783993 0.042676784 -0.030689513 -0.020268761 0.041800339 -0.001116570 -0.013357711 0.999036074
1341846231.817027 0.040732391 -0.033544462 -0.019551702 0.040970888 -0.000826476 -0.013338190 0.999070942
1341846231.852317 0.042281404 -0.028281368 -0.018791081 0.040989459 -0.001472241 -0.012942246 0.999074638
1341846231.909867 0.041027844 -0.029576778 -0.017326815 0.037116844 -0.003518117 -0.011221412 0.999241710
1341846231.945837 0.037867650 -0.034578800 -0.016069289 0.036388483 -0.003723751 -0.010344619 0.999277234
1341846231.978027 0.039626978 -0.030884672 -0.018268116 0.036799036 -0.004272184 -0.011257394 0.999250114
1341846232.009966 0.038034514 -0.033322509 -0.023920096 0.034920070 -0.004639544 -0.010530942 0.999323845
1341846232.045845 0.037358858 -0.040754069 -0.022319801 0.033515405 -0.005957743 -0.009385042 0.999376357
1341846232.077961 0.040979788 -0.032237224 -0.017928809 0.035504494 -0.007524698 -0.009018338 0.999300480
1341846232.109864 0.042207018 -0.033597719 -0.018285790 0.035171125 -0.008148549 -0.009039602 0.999307215
1341846232.145999 0.042282198 -0.033143539 -0.021540524 0.034598883 -0.008047648 -0.009845088 0.999320388
1341846232.178314 0.041544046 -0.031188311 -0.018032178 0.034429453 -0.007638884 -0.010462685 0.999323130
1341846232.215951 0.045012873 -0.034758061 -0.016890511 0.034611672 -0.007800898 -0.009611284 0.999324143
1341846232.252037 0.048202179 -0.033805393 -0.017912842 0.035722472 -0.008276034 -0.008760954 0.999289036
1341846232.283944 0.045715999 -0.032262195 -0.014985297 0.036459502 -0.008014503 -0.006767506 0.999280095
1341846232.319867 0.050530873 -0.033863533 -0.013390497 0.035792816 -0.008250914 -0.005455275 0.999310255
1341846232.351854 0.049733832 -0.034719635 -0.020315023 0.033773061 -0.007813420 -0.006942104 0.999374866
1341846232.383877 0.054513082 -0.029564578 -0.016484849 0.032485604 -0.008518875 -0.008791973 0.999397218
1341846232.419782 0.058124781 -0.038348667 -0.013333703 0.030672841 -0.010000363 -0.009358296 0.999435663
1341846232.451780 0.056466877 -0.038945958 -0.017173350 0.031798512 -0.010368957 -0.009223166 0.999397933
1341846232.484170 0.053942718 -0.039256003 -0.011943772 0.032785747 -0.009329150 -0.010226504 0.999366581
1341846232.519889 0.049903221 -0.041293781 -0.009405830 0.033369362 -0.008991468 -0.009006234 0.999362051
1341846232.551877 0.054251913 -0.039596643 -0.012924528 0.034050506 -0.009772468 -0.009045729 0.999331415
1341846232.583846 0.053230185 -0.041477583 -0.013323497 0.034990482 -0.009263983 -0.009238797 0.999301970
1341846232.619798 0.051222257 -0.035874348 -0.013117010 0.037922245 -0.008446529 -0.009129236 0.999203324
1341846232.651799 0.053602587 -0.035445787 -0.013815503 0.039146483 -0.008453975 -0.008759613 0.999159336
1341846232.688092 0.055984583 -0.040375918 -0.010233568 0.040010665 -0.008425388 -0.008389590 0.999128520
1341846232.719804 0.054189280 -0.040836982 -0.013005168 0.042053588 -0.007431975 -0.009266903 0.999044716
1341846232.751767 0.056770608 -0.039486051 -0.009503833 0.044115987 -0.006703794 -0.010907296 0.998944402
1341846232.787894 0.056115925 -0.035383068 -0.010254521 0.046595797 -0.005859835 -0.011618224 0.998829067
1341846232.819886 0.052800540 -0.035240341 -0.009930789 0.048418336 -0.004173462 -0.012391238 0.998741567
1341846232.855850 0.054012373 -0.037371438 -0.012228110 0.050266899 -0.003802807 -0.013356666 0.998639286
1341846232.887989 0.054586548 -0.034414455 -0.011387153 0.051820748 -0.003128646 -0.013542726 0.998559654
1341846232.919822 0.056036506 -0.033721533 -0.009512495 0.052620888 -0.002767454 -0.014383957 0.998507082
1341846232.955993 0.054661300 -0.036384091 -0.012431272 0.053129703 -0.002383530 -0.014022380 0.998486340
1341846232.987965 0.059094004 -0.033272751 -0.018878542 0.053074367 -0.002143150 -0.014002673 0.998490095
1341846233.023868 0.058290116 -0.032913812 -0.015337679 0.051867995 -0.000340599 -0.014092362 0.998554468
1341846233.055880 0.052754279 -0.033808604 -0.015870398 0.050622534 0.002017287 -0.015175726 0.998600543
1341846233.087872 0.053750649 -0.034583446 -0.011999793 0.049824968 0.001912467 -0.015823361 0.998630822
1341846233.124060 0.055465877 -0.040617552 -0.011387788 0.049740091 0.000901671 -0.016377900 0.998627543
1341846233.155902 0.053203840 -0.039423198 -0.010700533 0.052376151 -0.000039334 -0.017227100 0.998478830
1341846233.218177 0.057489004 -0.038600005 -0.014869427 0.055993568 -0.001426311 -0.019009382 0.998249114
1341846233.249926 0.058084358 -0.038496055 -0.015477136 0.054564338 -0.001437243 -0.019919632 0.998310506
1341846233.286015 0.057340797 -0.039912123 -0.014546241 0.053568825 -0.000931008 -0.022016402 0.998320997
1341846233.317870 0.060265362 -0.039487544 -0.012082735 0.054541036 -0.000122929 -0.021391187 0.998282373
1341846233.349815 0.048400730 -0.042555071 -0.003586921 0.054810036 0.001768172 -0.020916229 0.998276114
1341846233.385857 0.057020660 -0.039793823 -0.010350165 0.055434782 -0.000189898 -0.019580310 0.998270273
1341846233.417990 0.058388282 -0.039764952 -0.011351509 0.055258356 -0.000837514 -0.018773548 0.998295248
1341846233.453822 0.059608556 -0.040890161 -0.012627322 0.055786822 -0.001793254 -0.017604318 0.998285890
1341846233.485912 0.061209150 -0.039424095 -0.010428384 0.057401635 -0.002873130 -0.019089272 0.998164475
1341846233.517954 0.059339896 -0.039524179 -0.013060930 0.056873962 -0.003472490 -0.020365331 0.998167574
1341846233.553882 0.060141698 -0.038432147 -0.011191341 0.057139695 -0.004610365 -0.020599637 0.998143017
1341846233.585968 0.059898760 -0.039962705 -0.010319325 0.058315679 -0.005482780 -0.020333730 0.998076022
1341846233.621898 0.059051778 -0.040788915 -0.012680497 0.059078399 -0.005026147 -0.019819124 0.998043895
1341846233.654396 0.062087350 -0.037694093 -0.013171792 0.059358977 -0.004522691 -0.020273080 0.998020530
1341846233.685848 0.055982325 -0.039115507 -0.014243038 0.058244314 -0.002657643 -0.021169662 0.998074353
1341846233.721879 0.059969082 -0.036985621 -0.013928686 0.057889190 -0.002827060 -0.020597542 0.998106480
1341846233.753961 0.059446950 -0.037859883 -0.013541086 0.057325546 -0.002406446 -0.020420106 0.998143733
1341846233.822009 0.058034498 -0.039306868 -0.014041129 0.055690847 -0.001006844 -0.019129176 0.998264253
1341846233.853971 0.059617750 -0.037683580 -0.010925503 0.054949842 -0.001247280 -0.019353697 0.998300731
1341846233.889920 0.057650745 -0.038021035 -0.012790101 0.054045808 -0.001160598 -0.019563202 0.998346150
1341846233.922045 0.057946749 -0.040310320 -0.011051729 0.052860439 -0.001945864 -0.019377340 0.998411953
1341846233.953967 0.057058208 -0.039346997 -0.011506677 0.052551862 -0.002619289 -0.019205991 0.998430014
1341846233.989945 0.058532599 -0.038450569 -0.013378354 0.052450225 -0.003868912 -0.019819763 0.998419344
1341846234.021936 0.061792932 -0.037455715 -0.011374158 0.051650494 -0.005000075 -0.019709723 0.998458207
1341846234.053904 0.060291961 -0.037922360 -0.010567984 0.051154058 -0.004546673 -0.020144021 0.998477221
1341846234.089899 0.059683144 -0.037981439 -0.011304297 0.051045272 -0.003786936 -0.020718638 0.998474240
1341846234.158063 0.059058417 -0.041007437 -0.008422246 0.050130229 -0.003657040 -0.020134032 0.998533010
1341846234.189961 0.061629415 -0.037818443 -0.010500658 0.051620219 -0.003672413 -0.019614287 0.998467386
1341846234.222130 0.058976330 -0.038389027 -0.010638942 0.051138919 -0.002727126 -0.019681510 0.998493850
1341846234.257875 0.061070528 -0.039004561 -0.012166977 0.049659364 -0.002664421 -0.019392066 0.998574317
1341846234.289820 0.061918292 -0.039567295 -0.010026317 0.049316369 -0.001961677 -0.019338466 0.998593986
1341846234.321998 0.060431957 -0.038347956 -0.008344089 0.050617877 -0.000820581 -0.020206250 0.998513341
1341846234.357904 0.059716728 -0.038450465 -0.007663553 0.051026378 -0.000861625 -0.021589607 0.998463511
1341846234.389919 0.058300793 -0.040097874 -0.007560747 0.051179916 -0.001515489 -0.020121586 0.998485565
1341846234.425915 0.057068851 -0.041132126 -0.007447412 0.052233558 -0.002034533 -0.018973414 0.998452604
1341846234.457800 0.058928810 -0.039362893 -0.009253552 0.052003652 -0.002527794 -0.018739151 0.998467863
1341846234.490016 0.058826163 -0.041551258 -0.009071727 0.048660506 -0.003080062 -0.018938545 0.998631060
1341846234.525867 0.062048443 -0.039934311 -0.006548309 0.048216820 -0.003437658 -0.018492457 0.998659790
1341846234.557961 0.069940567 -0.038892195 -0.006405450 0.047850858 -0.004719971 -0.017052824 0.998697758
1341846234.593900 0.068089813 -0.039446194 -0.006270495 0.046123926 -0.005249648 -0.015665650 0.998799086
1341846234.658173 0.069395810 -0.039013091 -0.002671659 0.045429163 -0.007543546 -0.013648788 0.998845816
1341846234.694104 0.068962984 -0.040383909 -0.001440539 0.044833090 -0.008683821 -0.013156966 0.998870134
1341846234.725911 0.072204679 -0.042129833 0.000366465 0.044857170 -0.010618149 -0.011910493 0.998865962
1341846234.758643 0.069137268 -0.039939567 -0.003063949 0.046258070 -0.010889147 -0.011660622 0.998802125
1341846234.793907 0.070903562 -0.039338239 -0.004356457 0.045526449 -0.011130332 -0.012130767 0.998827457
1341846234.826106 0.069045484 -0.040710714 -0.004352357 0.044433542 -0.010648062 -0.012410627 0.998878479
1341846234.862270 0.069071196 -0.041359495 -0.000771977 0.044575255 -0.010975852 -0.012272548 0.998870313
1341846234.893971 0.071405701 -0.040827733 0.000393794 0.045875184 -0.012035757 -0.011639400 0.998806894
1341846234.926031 0.067732617 -0.040107373 -0.001880702 0.046520993 -0.011387853 -0.012693384 0.998771727
1341846234.961979 0.067688547 -0.041513503 -0.001811001 0.046798803 -0.011413925 -0.013635453 0.998746037
1341846234.994016 0.070159957 -0.040371843 -0.002814635 0.047583733 -0.012444615 -0.013763404 0.998694897
1341846235.026311 0.070617609 -0.035758972 -0.003044541 0.046822395 -0.013298208 -0.014412004 0.998710692
1341846235.061915 0.070339270 -0.037007757 -0.000816648 0.045171961 -0.013017471 -0.014946165 0.998782575
1341846235.094075 0.070907891 -0.037339319 0.000494851 0.044397552 -0.012925166 -0.014946200 0.998818517
1341846235.130068 0.070014179 -0.042336099 0.000462568 0.044191372 -0.013312335 -0.014316209 0.998831809
1341846235.162449 0.070093654 -0.043842006 0.000124412 0.044986323 -0.014606859 -0.013598791 0.998788238
1341846235.193917 0.072373927 -0.042595882 -0.001015986 0.045887500 -0.015526280 -0.012913244 0.998742461
1341846235.229939 0.071269237 -0.038648903 0.000216686 0.047555044 -0.014743183 -0.013957137 0.998662293
1341846235.261811 0.072694421 -0.039488118 0.000795053 0.047626223 -0.015248324 -0.014508625 0.998643458
1341846235.294134 0.071928009 -0.039986175 0.001334770 0.048496407 -0.015429904 -0.014955948 0.998592198
1341846235.329890 0.072219439 -0.038503971 -0.000891584 0.048639450 -0.015429413 -0.016037619 0.998568416
1341846235.361974 0.070251048 -0.035055157 -0.003714715 0.047464736 -0.014355252 -0.018838985 0.998592079
1341846235.398097 0.071462236 -0.037150275 0.000168146 0.044790633 -0.014395046 -0.019920187 0.998694003
1341846235.462163 0.073471971 -0.040079810 0.001281004 0.044677798 -0.014967336 -0.020338450 0.998682261
1341846235.498142 0.070297137 -0.036037136 0.002128236 0.044427015 -0.014392387 -0.021999627 0.998666704
1341846235.529989 0.071620628 -0.038176607 0.002586771 0.043207243 -0.014883317 -0.023044698 0.998689413
1341846235.561921 0.074359342 -0.040275604 0.003172523 0.044045880 -0.015692797 -0.022908155 0.998643517
1341846235.597951 0.071601503 -0.036009714 0.001628554 0.045095794 -0.015415540 -0.023588074 0.998585165
1341846235.630160 0.070422433 -0.037875574 0.001809704 0.043696579 -0.015799534 -0.023861323 0.998634875
1341846235.667679 0.071006268 -0.043578636 0.002480503 0.043606363 -0.016377524 -0.023249704 0.998643935
1341846235.705783 0.073311560 -0.040459596 0.002569124 0.045529637 -0.016903853 -0.023551835 0.998542249
1341846235.730392 0.070554748 -0.040399238 0.001135986 0.045732263 -0.016427668 -0.025173983 0.998501360
1341846235.766032 0.068678863 -0.043831505 0.003224186 0.046621121 -0.016274903 -0.025645789 0.998450756
1341846235.797942 0.070212305 -0.042166620 0.001602561 0.047803022 -0.017053291 -0.025417844 0.998387694
1341846235.833964 0.069576822 -0.041737176 0.000500460 0.048388742 -0.016712338 -0.025342422 0.998367190
1341846235.866037 0.067850113 -0.040146258 0.000382972 0.048771948 -0.016428640 -0.024678463 0.998369873
1341846235.898007 0.072094038 -0.043088406 -0.000599244 0.048552729 -0.016850123 -0.023037488 0.998412728
1341846235.934106 0.072141036 -0.044890765 -0.001033057 0.050208267 -0.016152063 -0.021740662 0.998371482
1341846235.965921 0.073073409 -0.041519426 -0.001681146 0.051874138 -0.015293274 -0.021473972 0.998305619
1341846235.997897 0.071488835 -0.041095518 -0.004392579 0.051353890 -0.014251280 -0.021745062 0.998342037
1341846236.034072 0.073803648 -0.044243198 -0.000903031 0.051394463 -0.013526644 -0.021708176 0.998350859
1341846236.065823 0.070127755 -0.045156471 -0.003451616 0.052661601 -0.012528099 -0.021466445 0.998303056
1341846236.101989 0.071624264 -0.037239753 -0.004680988 0.052881368 -0.012937604 -0.022094391 0.998272538
1341846236.134258 0.073328950 -0.042126611 -0.004090153 0.051420048 -0.013265354 -0.021147870 0.998365045
1341846236.166269 0.073140681 -0.042994797 -0.005423766 0.052041449 -0.013234881 -0.020906176 0.998338342
1341846236.202022 0.070430368 -0.035085652 -0.004853509 0.052450906 -0.012361179 -0.021530043 0.998314857
1341846236.233893 0.069584161 -0.037450943 -0.007488604 0.050056182 -0.012033233 -0.021653226 0.998439133
1341846236.265924 0.071411856 -0.039231535 -0.006540043 0.049840659 -0.012004270 -0.020624775 0.998472035
1341846236.302018 0.073710978 -0.041411877 -0.003066160 0.050081622 -0.012333072 -0.020235566 0.998463929
1341846236.333756 0.071216725 -0.039581999 -0.005606477 0.050221413 -0.011750534 -0.020918516 0.998449862
1341846236.369949 0.060934290 -0.039499123 -0.011082660 0.049955629 -0.009806834 -0.022020619 0.998460472
1341846236.401964 0.064965710 -0.039964821 -0.011162601 0.049645025 -0.009582743 -0.021429457 0.998490989
1341846236.433828 0.071748227 -0.041482028 -0.005372188 0.049695585 -0.010252754 -0.021275086 0.998485148
1341846236.469948 0.072050832 -0.044836339 -0.006958401 0.050035603 -0.009981042 -0.021970052 0.998455822
1341846236.501946 0.075001247 -0.040002804 -0.008161996 0.051150996 -0.009660225 -0.020958655 0.998424232
1341846236.534764 0.061729081 -0.039489128 -0.012431592 0.050304130 -0.007257418 -0.021517634 0.998475730
1341846236.569956 0.065308422 -0.045286234 -0.008722240 0.049267363 -0.007029001 -0.019214643 0.998575985
1341846236.601901 0.067794740 -0.043026842 -0.009759802 0.050424565 -0.007133727 -0.017870320 0.998542488
1341846236.637896 0.066804595 -0.037550129 -0.015061410 0.050023962 -0.006175403 -0.019010730 0.998547971
1341846236.669818 0.064088255 -0.040771302 -0.015399346 0.047508735 -0.004957622 -0.020232987 0.998653591
1341846236.702100 0.067530625 -0.048811052 -0.008304859 0.046551272 -0.003949455 -0.020677887 0.998694062
1341846236.738521 0.063927434 -0.053788375 -0.010914858 0.050732594 -0.003104025 -0.020022223 0.998506665
1341846236.769905 0.062927336 -0.054462600 -0.012629485 0.059915449 -0.004184694 -0.015290762 0.998077571
1341846236.805999 0.062159553 -0.043893017 -0.014702342 0.063369744 -0.004964880 -0.015562346 0.997856379
1341846236.844067 0.067168683 -0.044467725 -0.014179028 0.062984437 -0.005530926 -0.016343147 0.997865319
1341846236.876573 0.067057908 -0.040215638 -0.017402176 0.062317315 -0.005116473 -0.018161884 0.997877955
1341846236.911899 0.064319178 -0.041872308 -0.016350117 0.059067745 -0.004968791 -0.020302119 0.998035133
1341846236.944484 0.067277864 -0.053231642 -0.012393841 0.057774793 -0.005546426 -0.018393561 0.998144746
1341846236.975811 0.066532113 -0.050377555 -0.015696671 0.059939135 -0.005465642 -0.017597042 0.998031914
1341846237.011848 0.070410460 -0.043605216 -0.011420203 0.060221430 -0.005461795 -0.017830554 0.998010814
1341846237.043850 0.067159064 -0.045483407 -0.012503671 0.059408844 -0.003747928 -0.019026745 0.998045325
1341846237.075882 0.066870898 -0.051976472 -0.012460167 0.059322689 -0.003997092 -0.016582221 0.998093069
1341846237.111887 0.066035226 -0.055753257 -0.013578078 0.061515141 -0.004932766 -0.015292567 0.997976780
1341846237.143863 0.069311149 -0.047115747 -0.014800032 0.064841211 -0.005707340 -0.014982601 0.997766733
1341846237.175838 0.061204799 -0.038815752 -0.013989108 0.065065682 -0.004892844 -0.014911764 0.997757554
1341846237.211847 0.065673560 -0.042793844 -0.012160960 0.062449887 -0.005230982 -0.014460870 0.997929633
1341846237.243895 0.062715463 -0.052665446 -0.012642887 0.062161565 -0.003637372 -0.014114682 0.997959614
1341846237.280228 0.065417059 -0.045926929 -0.016644068 0.064265974 -0.004055968 -0.013086408 0.997838736
1341846237.312079 0.066309735 -0.046225712 -0.014657362 0.063595042 -0.004980871 -0.012365195 0.997886717
1341846237.343828 0.070004992 -0.047979504 -0.013955374 0.063839398 -0.005523465 -0.011014656 0.997884095
1341846237.379983 0.071261153 -0.044013038 -0.013970684 0.064028561 -0.005363402 -0.010560161 0.997877777
1341846237.411962 0.067469150 -0.041198112 -0.014860251 0.062671326 -0.004820458 -0.011024106 0.997961640
1341846237.443790 0.066988871 -0.044002071 -0.014142726 0.060643341 -0.004872237 -0.012820646 0.998065233
1341846237.479911 0.065357618 -0.042733122 -0.016687851 0.059711240 -0.003572886 -0.015272141 0.998092413
1341846237.511862 0.061634991 -0.041233160 -0.015981181 0.058314104 -0.003438418 -0.015745342 0.998168170
1341846237.547914 0.058550529 -0.040332720 -0.016856398 0.056977484 -0.004700938 -0.015303144 0.998247087
1341846237.579956 0.059942245 -0.039724097 -0.011284057 0.056251127 -0.005697948 -0.014259115 0.998298526
1341846237.611852 0.060991272 -0.038770869 -0.011164553 0.055779848 -0.006329820 -0.014113278 0.998323262
1341846237.647976 0.061562199 -0.039434962 -0.012250323 0.055183243 -0.006795409 -0.013719568 0.998358846
1341846237.680417 0.060716297 -0.040233266 -0.013356583 0.054700464 -0.007322539 -0.013091473 0.998390138
1341846237.711902 0.059583303 -0.043574989 -0.012017330 0.054795086 -0.007967816 -0.011786630 0.998396277
1341846237.747860 0.060736209 -0.042150073 -0.010146411 0.056511965 -0.008538977 -0.012230680 0.998290479
1341846237.779848 0.058480810 -0.037464846 -0.010713403 0.057628512 -0.008658014 -0.012635759 0.998220623
1341846237.815934 0.054317925 -0.036397267 -0.012537478 0.056598671 -0.009050161 -0.011838449 0.998285770
1341846237.847966 0.054466043 -0.037229963 -0.011471964 0.055159818 -0.010257925 -0.010952594 0.998364747
1341846237.879781 0.057747684 -0.037234642 -0.014094703 0.054580361 -0.010941273 -0.011226714 0.998386323
1341846237.916026 0.056151301 -0.037459973 -0.017012257 0.053368542 -0.011193551 -0.011956141 0.998440564
1341846237.978064 0.057875250 -0.038705777 -0.015001053 0.052418094 -0.011440525 -0.012064570 0.998486817
1341846238.010069 0.058273502 -0.036040418 -0.014869733 0.051920954 -0.011445253 -0.012396080 0.998508632
1341846238.045995 0.058236696 -0.036437884 -0.015315494 0.050478831 -0.011441207 -0.012045514 0.998586953
1341846238.077963 0.056438845 -0.036730301 -0.012758609 0.049375962 -0.011442910 -0.012111204 0.998641253
1341846238.109791 0.059497468 -0.039260115 -0.011073083 0.049036250 -0.011701155 -0.011816473 0.998658538
1341846238.145837 0.062168643 -0.042351026 -0.012388235 0.050009437 -0.011753731 -0.012221346 0.998604774
1341846238.177943 0.057152830 -0.037020888 -0.014429165 0.051325679 -0.010362847 -0.013083741 0.998542488
1341846238.209943 0.057988055 -0.035620816 -0.014203178 0.049499061 -0.010384935 -0.014516351 0.998614669
1341846238.246227 0.057220910 -0.039459463 -0.012733489 0.048714988 -0.010029162 -0.014469733 0.998657525
1341846238.278227 0.058448054 -0.038434979 -0.012136786 0.049511909 -0.010095871 -0.014412823 0.998618484
1341846238.345918 0.063734494 -0.039264802 -0.012719463 0.049160540 -0.009863797 -0.016353395 0.998608291
1341846238.377978 0.058153253 -0.041536469 -0.010717180 0.049826119 -0.009471427 -0.016208667 0.998581469
1341846238.413879 0.054916214 -0.041110791 -0.010212538 0.051100530 -0.009726298 -0.015905857 0.998519480
1341846238.445979 0.058414210 -0.037488185 -0.012760146 0.051606525 -0.010251104 -0.017110484 0.998468280
1341846238.478188 0.058309421 -0.040250223 -0.011451626 0.050759874 -0.009925607 -0.017908225 0.998501003
1341846238.515328 0.055938989 -0.040738847 -0.009938465 0.051231381 -0.009707154 -0.018329632 0.998471379
1341846238.545906 0.057019051 -0.042512827 -0.010809436 0.052122720 -0.010440973 -0.018224109 0.998419821
1341846238.587827 0.058620445 -0.042065289 -0.011534249 0.052913550 -0.010525779 -0.018526753 0.998371720
1341846238.645944 0.056902763 -0.034724772 -0.011542859 0.052181996 -0.009384930 -0.018850204 0.998415530
1341846238.681933 0.058204327 -0.040222067 -0.011548101 0.050853722 -0.009807467 -0.018363064 0.998489082
1341846238.713917 0.060766559 -0.040956050 -0.010384780 0.051473036 -0.010157617 -0.017097056 0.998476326
1341846238.745925 0.056803305 -0.039127264 -0.009618957 0.052469689 -0.009888276 -0.016462801 0.998437822
1341846238.781932 0.059226267 -0.039123874 -0.010869139 0.051363479 -0.010537352 -0.016800493 0.998483062
1341846238.813869 0.063670620 -0.040198084 -0.012102065 0.050199948 -0.010786909 -0.017146597 0.998533726
1341846238.849931 0.063963160 -0.039763566 -0.010992502 0.049345955 -0.010245985 -0.017510973 0.998575687
1341846238.881927 0.064120546 -0.041303009 -0.009219481 0.049515363 -0.011302304 -0.016833823 0.998567522
1341846238.914000 0.064736202 -0.047434751 -0.007598864 0.051262226 -0.013271209 -0.013780359 0.998502016
1341846238.949903 0.068738475 -0.051396929 -0.009742001 0.054300405 -0.015205855 -0.011914478 0.998337805
1341846239.017941 0.065879077 -0.039997660 -0.011746580 0.058196239 -0.014590860 -0.016430937 0.998063326
1341846239.050041 0.063431360 -0.043849982 -0.012421412 0.057774320 -0.013730532 -0.017877428 0.998075187
1341846239.081902 0.064707637 -0.044097636 -0.011166276 0.058174502 -0.014019767 -0.018936479 0.998028398
1341846239.117866 0.064342186 -0.043587778 -0.010984602 0.059058879 -0.013724791 -0.020370211 0.997952282
1341846239.149976 0.064734250 -0.042206377 -0.011151776 0.059564259 -0.013041010 -0.020735294 0.997923911
1341846239.181897 0.061282072 -0.038797289 -0.011593123 0.059266135 -0.012480687 -0.020900834 0.997945368
1341846239.217929 0.060686938 -0.038530886 -0.011656811 0.057412237 -0.012706032 -0.021055637 0.998047650
1341846239.250009 0.063943498 -0.038178630 -0.011405125 0.056287166 -0.012576202 -0.020671275 0.998121381
1341846239.285917 0.063637875 -0.037380140 -0.010868160 0.055468999 -0.011678656 -0.021107920 0.998169005
1341846239.318442 0.063767754 -0.037334327 -0.012049818 0.054281987 -0.011224514 -0.020976249 0.998242199
1341846239.349930 0.063460119 -0.039389048 -0.010543553 0.052548788 -0.010738099 -0.020347124 0.998353302
1341846239.386011 0.061120369 -0.039116956 -0.010860542 0.052615631 -0.009898092 -0.019503402 0.998375297
1341846239.417983 0.062466592 -0.039242603 -0.012180759 0.052750323 -0.010102161 -0.019080965 0.998374343
1341846239.450112 0.061824799 -0.035892863 -0.011873248 0.052369114 -0.010108998 -0.019178251 0.998392463
1341846239.485973 0.063196659 -0.036390785 -0.011839494 0.051332280 -0.010026777 -0.018564623 0.998458743
1341846239.517913 0.065439329 -0.036615148 -0.009347306 0.050139904 -0.009967609 -0.017683174 0.998535872
1341846239.553979 0.062075395 -0.036670644 -0.009436145 0.049240295 -0.009403496 -0.017620603 0.998587251
1341846239.585911 0.064039499 -0.038434230 -0.008766068 0.047856051 -0.009687760 -0.016694576 0.998667717
1341846239.617967 0.063413210 -0.040597908 -0.007543727 0.047825444 -0.009412813 -0.016176131 0.998680353
1341846239.653941 0.062199131 -0.039592728 -0.008255888 0.048948765 -0.009346229 -0.015399867 0.998638809
1341846239.685852 0.062422384 -0.035779525 -0.010256085 0.049597736 -0.009653509 -0.015083802 0.998608708
1341846239.717923 0.062873200 -0.037264202 -0.009425908 0.049076211 -0.010337230 -0.014278593 0.998639464
1341846239.753857 0.065685153 -0.039386664 -0.006429148 0.048816163 -0.010748372 -0.013989801 0.998651981
1341846239.785918 0.063107438 -0.035442036 -0.009023115 0.048695926 -0.010457391 -0.013890045 0.998662353
1341846239.821950 0.061967667 -0.038222626 -0.005319253 0.047950558 -0.010862560 -0.013893819 0.998694003
1341846239.854023 0.063721552 -0.040686529 -0.005909547 0.048979364 -0.011382306 -0.013026554 0.998650014
1341846239.891801 0.063745312 -0.035938989 -0.006363290 0.049335632 -0.011546483 -0.013901996 0.998618782
1341846239.953963 0.063052155 -0.038944412 -0.004912965 0.048401337 -0.011224804 -0.014372665 0.998661458
1341846239.985997 0.062219717 -0.038004786 -0.007617107 0.048956133 -0.011515531 -0.014749572 0.998625636
1341846240.022055 0.063784435 -0.040556666 -0.010025656 0.048541229 -0.012212521 -0.016375205 0.998612225
1341846240.053998 0.063875839 -0.040278926 -0.007675039 0.049269415 -0.011991890 -0.016791446 0.998572350
1341846240.089841 0.063958317 -0.040456560 -0.008267125 0.050548315 -0.012046376 -0.016948096 0.998505175
1341846240.121795 0.064164095 -0.040784590 -0.008094728 0.050993718 -0.012515726 -0.017616909 0.998465121
1341846240.159862 0.065085448 -0.041153986 -0.006450305 0.052726138 -0.012355361 -0.018257543 0.998365641
1341846240.195884 0.065965690 -0.040778346 -0.008650126 0.053473495 -0.011977939 -0.018159686 0.998332262
1341846240.227927 0.063249722 -0.039543211 -0.010036677 0.053716008 -0.011822499 -0.018118747 0.998321891
1341846240.290031 0.066704616 -0.042282935 -0.007269537 0.054679334 -0.012858315 -0.017245902 0.998272181
1341846240.322206 0.067141190 -0.041663136 -0.010914454 0.054320157 -0.013300837 -0.016596822 0.998297036
1341846240.357948 0.065430753 -0.039423935 -0.010568915 0.053736135 -0.013521635 -0.016422700 0.998328507
1341846240.422212 0.063080080 -0.040851209 -0.009099379 0.055995867 -0.013191047 -0.017205240 0.998195589
1341846240.458143 0.063644521 -0.040866017 -0.007916885 0.056092948 -0.013642748 -0.018248219 0.998165548
1341846240.490243 0.063893035 -0.041647863 -0.008456592 0.055838767 -0.014710077 -0.017895885 0.998171031
1341846240.525976 0.067037262 -0.042505942 -0.001355012 0.056315154 -0.015694363 -0.018353751 0.998120964
1341846240.557894 0.064943582 -0.041218687 -0.006301913 0.057646543 -0.015434426 -0.019912345 0.998019099
1341846240.590418 0.062643580 -0.040370148 -0.009340205 0.058005217 -0.015273201 -0.020557178 0.997987747
1341846240.626172 0.063176461 -0.040403754 -0.010272199 0.058183122 -0.016019553 -0.020360779 0.997969747
1341846240.657964 0.064692721 -0.041174464 -0.009281971 0.058547240 -0.016758081 -0.020819822 0.997926831
1341846240.689825 0.064308874 -0.041565362 -0.009295490 0.059556127 -0.016729997 -0.021143379 0.997860789
1341846240.725903 0.062665164 -0.041265011 -0.009936506 0.059398416 -0.016776484 -0.021148315 0.997869313
1341846240.757973 0.064028405 -0.041884691 -0.007935792 0.059447285 -0.017406361 -0.021024540 0.997858226
1341846240.794024 0.066252194 -0.042341579 -0.008208856 0.060760740 -0.018166114 -0.020662824 0.997773111
1341846240.826068 0.063041225 -0.039700218 -0.010577969 0.061755873 -0.017543083 -0.021242023 0.997711003
1341846240.858147 0.063046865 -0.038899593 -0.011087366 0.061210573 -0.017258102 -0.021400649 0.997746170
1341846240.894038 0.065844394 -0.040463403 -0.009152971 0.059779242 -0.017707266 -0.020913471 0.997835457
1341846240.925975 0.064667240 -0.040255856 -0.010343650 0.059592906 -0.017445438 -0.020818345 0.997853100
1341846240.958080 0.063417912 -0.039745849 -0.012326270 0.059297767 -0.017294982 -0.020406561 0.997881889
1341846240.994099 0.062847003 -0.040837780 -0.010337836 0.058770902 -0.017280102 -0.021143252 0.997897983
1341846241.026041 0.065804563 -0.042736519 -0.007019704 0.059566669 -0.017897528 -0.020579604 0.997851670
1341846241.062449 0.064834431 -0.042158082 -0.012309661 0.060225736 -0.017476020 -0.021585651 0.997798324
1341846241.094372 0.063824616 -0.039365191 -0.014980205 0.059422828 -0.017238291 -0.022284724 0.997835279
1341846241.126068 0.066333331 -0.040042132 -0.012312441 0.058998082 -0.017690688 -0.022195548 0.997854531
1341846241.167863 0.062495787 -0.039473865 -0.010183431 0.060319792 -0.017084727 -0.022577215 0.997777462
1341846241.230127 0.062811144 -0.040307302 -0.011206198 0.059694055 -0.017047927 -0.023880487 0.997785389
1341846241.261868 0.062424432 -0.039476279 -0.010057820 0.060346775 -0.016930750 -0.023889847 0.997747898
1341846241.295211 0.063522741 -0.037621461 -0.014024124 0.060716119 -0.017290182 -0.024793746 0.997697294
1341846241.329804 0.063451104 -0.039442956 -0.011839573 0.059699163 -0.017085800 -0.025972385 0.997732162
1341846241.362000 0.062991850 -0.039503720 -0.013090605 0.059408836 -0.016614418 -0.026467990 0.997744441
1341846241.394012 0.063465849 -0.039444719 -0.011861886 0.059465162 -0.016741363 -0.026296116 0.997743547
1341846241.430126 0.063535698 -0.038978726 -0.012217023 0.059842885 -0.016941734 -0.026367065 0.997715652
1341846241.462018 0.063541092 -0.039442018 -0.011998864 0.059680901 -0.016862018 -0.026692204 0.997718096
1341846241.497907 0.064141333 -0.039436035 -0.013149563 0.059635278 -0.016729124 -0.026724799 0.997722208
1341846241.529930 0.063947760 -0.039422840 -0.012712399 0.059442136 -0.016808867 -0.027173808 0.997720242
1341846241.562493 0.063266657 -0.039409157 -0.011889470 0.059016284 -0.017014049 -0.027303081 0.997738481
1341846241.598412 0.063608460 -0.039437786 -0.012114390 0.059313353 -0.017006526 -0.027046897 0.997727990
1341846241.629998 0.064267091 -0.039510295 -0.013118379 0.059432343 -0.016953556 -0.026770916 0.997729242
1341846241.662234 0.064208962 -0.039420500 -0.012805357 0.059569880 -0.017015280 -0.026657796 0.997723043
1341846241.698098 0.064134635 -0.039432883 -0.013001135 0.059889011 -0.016749691 -0.027315417 0.997690678
1341846241.729805 0.064380750 -0.039421096 -0.013412258 0.059676349 -0.016805785 -0.027203137 0.997705519
1341846241.765805 0.064450748 -0.039384879 -0.013707133 0.059669923 -0.016809281 -0.027516080 0.997697294
1341846241.797970 0.064007573 -0.039416701 -0.012825424 0.060262363 -0.016613102 -0.027698131 0.997659862
1341846241.830240 0.063801758 -0.039432000 -0.012455484 0.060570154 -0.016540261 -0.027841540 0.997638464
1341846241.865867 0.063816242 -0.039433304 -0.012470400 0.060343992 -0.016660344 -0.027869003 0.997649431
1341846241.898156 0.063800544 -0.039432090 -0.012443901 0.060487852 -0.016598262 -0.027642531 0.997648001
1341846241.929917 0.064200938 -0.039416146 -0.013148946 0.061131168 -0.016585836 -0.027958615 0.997600198
1341846241.965882 0.064865343 -0.039400201 -0.014292047 0.060854897 -0.016500240 -0.028750554 0.997596025
1341846241.998017 0.064633973 -0.039408598 -0.013887092 0.060461238 -0.016655346 -0.028223034 0.997632444
1341846242.034019 0.064906403 -0.039392047 -0.014379742 0.060859542 -0.016686592 -0.027762739 0.997620583
1341846242.066365 0.064190790 -0.039421257 -0.013126648 0.061350554 -0.016334319 -0.027988898 0.997590065
1341846242.097916 0.063647851 -0.039435871 -0.012196176 0.062653802 -0.016047094 -0.027942872 0.997515023
1341846242.133980 0.064040676 -0.039424848 -0.012867570 0.063326299 -0.016400350 -0.026348688 0.997510195
1341846242.165895 0.064335071 -0.039416492 -0.013372475 0.064019993 -0.015995380 -0.027690291 0.997436166
1341846242.197924 0.063932307 -0.039416030 -0.012699354 0.064320050 -0.015998321 -0.028053215 0.997406662
1341846242.234487 0.063699178 -0.039436068 -0.012274546 0.065457389 -0.015928319 -0.027502000 0.997349143
1341846242.269588 0.064223170 -0.039415520 -0.013193982 0.066407606 -0.015824899 -0.027772624 0.997280419
1341846242.301972 0.064658806 -0.039401367 -0.013939620 0.065767176 -0.015803013 -0.028238015 0.997310162
1341846242.333996 0.063487783 -0.039443351 -0.011903541 0.066156313 -0.015276484 -0.028186470 0.997294128
1341846242.366000 0.064128414 -0.039414410 -0.013038616 0.067056172 -0.015274638 -0.027856011 0.997243285
1341846242.401903 0.064662702 -0.039405793 -0.013949430 0.066889897 -0.015607129 -0.028326469 0.997236073
1341846242.433933 0.063859597 -0.039390381 -0.012649703 0.067092247 -0.015412070 -0.028469460 0.997221470
1341846242.469883 0.063491151 -0.037994605 -0.014396865 0.068476707 -0.014895993 -0.028010286 0.997148156
1341846242.501972 0.063966565 -0.039296180 -0.015619243 0.068414204 -0.015014424 -0.028633220 0.997132957
1341846242.534063 0.064064294 -0.039318200 -0.015931062 0.067692481 -0.015240719 -0.029441549 0.997155249
1341846242.569931 0.063790172 -0.038614813 -0.014407513 0.067732774 -0.014670956 -0.029316312 0.997164786
1341846242.602000 0.063981786 -0.038713574 -0.015165965 0.067804493 -0.014591757 -0.028912684 0.997172892
1341846242.634077 0.064295486 -0.038523305 -0.017167412 0.066803820 -0.014880675 -0.028966175 0.997234523
1341846242.670215 0.063489825 -0.039676741 -0.015531208 0.066115648 -0.014547372 -0.029041080 0.997283161
1341846242.701929 0.063926689 -0.039372545 -0.016553296 0.066013247 -0.014561764 -0.028814182 0.997296274
1341846242.737996 0.063713163 -0.038359750 -0.015853535 0.065841444 -0.014906606 -0.029205535 0.997291207
1341846242.769937 0.063953355 -0.037773751 -0.015896672 0.066568345 -0.015249846 -0.029321551 0.997234344
1341846242.808080 0.064213492 -0.037761115 -0.016705159 0.066894084 -0.015112243 -0.029968554 0.997195423
1341846242.869936 0.063516565 -0.037934784 -0.017167851 0.065429382 -0.015265498 -0.030630037 0.997270167
1341846242.902131 0.063386768 -0.038241617 -0.016651809 0.065389261 -0.015077296 -0.030742105 0.997272193
1341846242.938061 0.063937210 -0.037646249 -0.017596381 0.065923475 -0.015471153 -0.031215139 0.997216284
1341846242.969969 0.063922979 -0.037578791 -0.015773259 0.066881254 -0.016054936 -0.031102493 0.997146785
1341846243.005810 0.064545617 -0.037603900 -0.017467594 0.067326009 -0.016530680 -0.030996336 0.997112453
1341846243.038095 0.064064346 -0.037795458 -0.017358141 0.067064427 -0.016959876 -0.030418303 0.997140646
1341846243.070041 0.063500203 -0.037899517 -0.020752257 0.065794021 -0.017295834 -0.030701613 0.997210801
1341846243.106059 0.063404053 -0.037116881 -0.017935922 0.065208197 -0.017184226 -0.031779591 0.997217417
1341846243.137899 0.063223802 -0.037868969 -0.017775616 0.065351389 -0.016703762 -0.031404305 0.997228146
1341846243.169985 0.063830793 -0.038069546 -0.018441666 0.065499544 -0.017177619 -0.031032784 0.997222006
1341846243.206007 0.063851528 -0.038037144 -0.019370869 0.065110706 -0.017027704 -0.031568825 0.997233212
1341846243.237999 0.063298166 -0.036600884 -0.020037007 0.064565554 -0.016373090 -0.032317393 0.997255623
1341846243.274026 0.063283697 -0.036408640 -0.018880699 0.064380936 -0.015928026 -0.032866750 0.997256815
1341846243.305879 0.063832328 -0.037472446 -0.017318098 0.065023907 -0.016037958 -0.033250440 0.997200608
1341846243.338022 0.063990191 -0.037162613 -0.018270060 0.065982834 -0.015964372 -0.033266481 0.997138262
1341846243.374348 0.064116910 -0.037091944 -0.019092897 0.066856511 -0.016165243 -0.032816015 0.997091770
1341846243.405837 0.064124875 -0.037687536 -0.018040128 0.067138322 -0.016762864 -0.032625940 0.997069240
1341846243.442193 0.063746415 -0.037762057 -0.019488638 0.067207754 -0.016818596 -0.032570783 0.997065425
1341846243.473902 0.063938670 -0.037992328 -0.017638443 0.067555368 -0.016651409 -0.032938171 0.997032642
1341846243.505839 0.063691735 -0.037258159 -0.020525767 0.067515112 -0.017179227 -0.032262154 0.997048497
1341846243.542001 0.063419349 -0.037104465 -0.020910418 0.067191385 -0.017331282 -0.032691684 0.997053742
1341846243.574058 0.062945619 -0.037393387 -0.020756492 0.067057997 -0.016588299 -0.032436438 0.997083724
1341846243.605841 0.063518509 -0.036612555 -0.020376554 0.067695111 -0.016343134 -0.032187235 0.997052789
1341846243.642015 0.063477032 -0.037496194 -0.019586690 0.068241663 -0.016114730 -0.032289740 0.997015953
1341846243.673926 0.063451722 -0.036151387 -0.019683428 0.068227932 -0.016080523 -0.032593157 0.997007549
1341846243.710095 0.063454233 -0.036849055 -0.018186783 0.068406768 -0.015721327 -0.032612424 0.997000396
1341846243.741951 0.064165667 -0.036668573 -0.020006806 0.068471923 -0.016273515 -0.032793798 0.996981084
1341846243.774067 0.063887239 -0.036683079 -0.020895338 0.067645133 -0.016469693 -0.033210248 0.997020602
1341846243.809881 0.063330092 -0.037673838 -0.019303463 0.067246407 -0.015873980 -0.033283040 0.997054756
1341846243.841971 0.063780487 -0.035943944 -0.019050563 0.068145253 -0.016210077 -0.032298818 0.997020662
1341846243.874062 0.064279132 -0.036247861 -0.019124217 0.068645097 -0.016769249 -0.032004576 0.996986628
1341846243.910022 0.063320681 -0.035888586 -0.018835200 0.069442376 -0.016340856 -0.032752082 0.996914268
1341846243.978045 0.063560136 -0.037350632 -0.021838536 0.068634674 -0.015214575 -0.033646159 0.996958256
1341846244.009892 0.063911714 -0.038021922 -0.018205455 0.067968488 -0.015004679 -0.033082101 0.997025907
1341846244.042105 0.064056903 -0.038686968 -0.015243690 0.068951420 -0.014582629 -0.032056369 0.996998191
1341846244.077884 0.063282698 -0.035074335 -0.021054879 0.070126340 -0.014670774 -0.031253297 0.996940494
1341846244.115904 0.063425824 -0.036356810 -0.022630671 0.069084458 -0.014758655 -0.031395402 0.997007430
1341846244.151850 0.063517183 -0.035776135 -0.020828966 0.068794325 -0.014635899 -0.030680874 0.997051537
1341846244.184334 0.064069107 -0.037921797 -0.014918512 0.069588609 -0.014217624 -0.030527690 0.997007191
1341846244.215953 0.062487081 -0.035734858 -0.023872415 0.069594920 -0.014219048 -0.030208489 0.997016490
1341846244.251877 0.063245110 -0.035349969 -0.020629648 0.069001898 -0.014357983 -0.030500043 0.997046828
1341846244.283880 0.062712736 -0.037718810 -0.018618662 0.069548152 -0.014376997 -0.029865962 0.997027755
1341846244.316068 0.063083425 -0.035255667 -0.022987813 0.070451185 -0.014703427 -0.030361075 0.996944666
1341846244.351999 0.063008718 -0.034907386 -0.023933321 0.070347503 -0.015151565 -0.030533606 0.996940017
1341846244.384040 0.061754454 -0.036488406 -0.021469602 0.070421033 -0.015446989 -0.029532185 0.996960461
1341846244.419869 0.062473647 -0.034862217 -0.023293268 0.070892893 -0.015593080 -0.029629782 0.996921837
1341846244.451888 0.062204663 -0.035670809 -0.023075862 0.070034847 -0.014826309 -0.030302253 0.996973932
1341846244.483871 0.062937669 -0.036056481 -0.021078954 0.069051102 -0.014259850 -0.030504603 0.997044683
1341846244.519923 0.062762715 -0.035940219 -0.019753166 0.069201767 -0.013565966 -0.029906705 0.997061968
1341846244.551942 0.063346796 -0.035152651 -0.022088807 0.070248790 -0.012976834 -0.029330775 0.997013748
1341846244.583892 0.062750801 -0.035412107 -0.021855673 0.070529900 -0.012157396 -0.027914535 0.997044861
1341846244.619870 0.063230537 -0.036032952 -0.021405337 0.070367344 -0.012182619 -0.026072156 0.997105956
1341846244.651850 0.063540287 -0.035807181 -0.019041130 0.071039192 -0.012112515 -0.024803378 0.997091532
1341846244.683815 0.063379258 -0.036362778 -0.020098697 0.071761720 -0.011820257 -0.023808664 0.997067511
1341846244.719873 0.063457124 -0.036336392 -0.020979283 0.071479239 -0.011191310 -0.024156081 0.997086704
1341846244.751827 0.063329421 -0.036810551 -0.020004429 0.071097910 -0.010594591 -0.024336509 0.997116089
1341846244.788300 0.062340796 -0.036793478 -0.017376913 0.072039597 -0.009918329 -0.024507441 0.997051299
1341846244.820099 0.062732853 -0.035906583 -0.017158661 0.073050946 -0.009203183 -0.025047434 0.996971130
1341846244.851973 0.062448625 -0.038353283 -0.015705217 0.074553281 -0.008339901 -0.024604572 0.996878564
1341846244.887873 0.061401580 -0.037186954 -0.015004329 0.076432236 -0.006726121 -0.024959445 0.996739626
1341846244.920072 0.062693000 -0.037030041 -0.016619783 0.076584026 -0.005656860 -0.025327433 0.996725321
1341846244.952621 0.062856644 -0.037627030 -0.015424559 0.077139147 -0.004896324 -0.024655441 0.996703386
1341846244.987985 0.062889814 -0.037853509 -0.014869684 0.077718802 -0.004501431 -0.023172930 0.996695817
1341846245.020060 0.062447965 -0.036845088 -0.018412208 0.076872937 -0.004156518 -0.022590457 0.996776283
1341846245.051869 0.061867345 -0.036316201 -0.017273102 0.075482227 -0.003108945 -0.023466969 0.996866107
1341846245.088236 0.061887152 -0.037842199 -0.014135011 0.074298769 -0.002448807 -0.023629237 0.996953011
1341846245.119935 0.063051194 -0.038075905 -0.014940755 0.073894970 -0.002322941 -0.023665728 0.996982455
1341846245.151835 0.061673470 -0.038778163 -0.011927619 0.074115418 -0.001787767 -0.024201805 0.996954381
1341846245.187889 0.063123919 -0.037249018 -0.013222873 0.075169861 -0.002037325 -0.024276903 0.996873081
1341846245.219842 0.063229471 -0.037832350 -0.014183801 0.074917205 -0.002110145 -0.024117220 0.996895850
1341846245.256030 0.061941270 -0.036040418 -0.015918275 0.074494049 -0.001807190 -0.024365589 0.996922135
1341846245.287962 0.061848171 -0.036343955 -0.015847445 0.074238271 -0.001561493 -0.024954969 0.996927023
1341846245.319885 0.062951773 -0.037756637 -0.016254608 0.073966622 -0.001676811 -0.025828129 0.996924818
1341846245.355859 0.062622979 -0.037113477 -0.016406313 0.073817983 -0.002123998 -0.026275398 0.996923268
1341846245.387919 0.063497134 -0.036209065 -0.015833529 0.074022934 -0.002508606 -0.026849618 0.996891856
1341846245.423977 0.061777972 -0.036733989 -0.015127180 0.074311860 -0.002073015 -0.027021267 0.996866763
1341846245.455822 0.062347062 -0.034463763 -0.017355161 0.075211845 -0.001899515 -0.027534211 0.996785581
1341846245.487804 0.062663592 -0.036999118 -0.015271753 0.075246997 -0.002132936 -0.027368030 0.996787012
1341846245.523916 0.062567264 -0.036088526 -0.016387746 0.075353220 -0.002243472 -0.027379502 0.996778429
1341846245.555797 0.063316740 -0.037712432 -0.015846498 0.074970163 -0.002101308 -0.027754469 0.996797264
1341846245.591988 0.063305624 -0.036806893 -0.013287606 0.076011650 -0.002382801 -0.027182247 0.996733487
1341846245.623837 0.062973604 -0.036982767 -0.015775610 0.077068403 -0.002516878 -0.026299534 0.996675730
1341846245.655890 0.062971391 -0.036518201 -0.015913766 0.077313155 -0.002299389 -0.026256742 0.996658385
1341846245.692060 0.062937327 -0.038317509 -0.015280720 0.076376691 -0.001546385 -0.027279563 0.996704638
1341846245.724517 0.063385844 -0.038585462 -0.012376944 0.076818049 -0.001504070 -0.026833843 0.996682823
1341846245.760068 0.062766746 -0.036214024 -0.013270727 0.078308523 -0.001370831 -0.025946725 0.996590495
1341846245.791914 0.062954411 -0.036559362 -0.015551556 0.078201011 -0.001104226 -0.026389314 0.996587694
1341846245.824142 0.063428350 -0.038631000 -0.012895160 0.077736557 -0.000332250 -0.026331699 0.996626139
1341846245.860005 0.062494136 -0.039521933 -0.013687657 0.076987088 0.000049699 -0.025541635 0.996704876
1341846245.891878 0.062544473 -0.038958214 -0.013269702 0.076185279 0.000245736 -0.025979543 0.996755123
1341846245.927903 0.063171156 -0.038367644 -0.012674976 0.076819018 0.000943748 -0.026273387 0.996698380
1341846245.986182 0.064042896 -0.038862869 -0.013409158 0.077382840 0.000563823 -0.025644831 0.996671438
1341846246.022057 0.063406274 -0.037440907 -0.013673199 0.078271367 0.000490065 -0.025843719 0.996596932
1341846246.053871 0.063525386 -0.037807085 -0.011921322 0.079553127 0.000248310 -0.025872536 0.996494770
1341846246.085916 0.063896015 -0.038492583 -0.013194056 0.080714993 -0.000750187 -0.024844777 0.996427238
1341846246.121806 0.063535020 -0.036156006 -0.015021084 0.081763230 -0.001997295 -0.024952428 0.996337354
1341846246.153949 0.063562281 -0.035738438 -0.013539596 0.082712755 -0.002183498 -0.026519723 0.996218145
1341846246.222002 0.064087287 -0.035846654 -0.016740600 0.082628891 -0.002176374 -0.029250965 0.996148646
1341846246.253984 0.063598134 -0.036534045 -0.014487050 0.082639672 -0.002172100 -0.030642293 0.996105909
1341846246.289808 0.063028365 -0.034179799 -0.014876097 0.084274963 -0.001489755 -0.031488411 0.995943785
1341846246.322001 0.063278392 -0.034708783 -0.017390748 0.083379984 -0.000534024 -0.032526415 0.995986700
1341846246.353946 0.063059792 -0.036713514 -0.018399701 0.081285559 0.000509616 -0.034043755 0.996109188
1341846246.389885 0.063284069 -0.038187623 -0.015943058 0.080104917 0.001210066 -0.033862751 0.996210337
1341846246.421855 0.064277478 -0.037942298 -0.015804874 0.080548353 0.001525148 -0.032111637 0.996232152
1341846246.457915 0.062467672 -0.037084628 -0.018240077 0.079872251 0.001771078 -0.029689662 0.996361256
1341846246.489829 0.062570252 -0.037736721 -0.015565908 0.078698784 0.002732111 -0.028254997 0.996494234
1341846246.521912 0.063111365 -0.038960304 -0.015795631 0.077314325 0.004443539 -0.027926549 0.996605694
1341846246.558038 0.063799776 -0.038162701 -0.013848403 0.076913625 0.005836056 -0.028942123 0.996600509
1341846246.589826 0.062188957 -0.038650226 -0.013748839 0.077492394 0.006698860 -0.027072886 0.996602774
1341846246.622033 0.062716223 -0.038809463 -0.015542755 0.077623226 0.006371790 -0.025005862 0.996648729
1341846246.658046 0.063215613 -0.038905647 -0.016307298 0.076931961 0.005730754 -0.024062881 0.996729434
1341846246.689939 0.063814864 -0.039185323 -0.014869947 0.076515205 0.004792751 -0.024464462 0.996756732
1341846246.725903 0.063597865 -0.038907856 -0.016124254 0.076285966 0.004772696 -0.025389874 0.996751249
1341846246.757894 0.063072614 -0.038258158 -0.014343177 0.075851113 0.004803181 -0.026231878 0.996762455
1341846246.789989 0.062901340 -0.038047098 -0.015403869 0.075048976 0.004948421 -0.026925445 0.996803999
1341846246.826059 0.063321605 -0.038212523 -0.013605712 0.075321868 0.004454631 -0.027023012 0.996783078
1341846246.857869 0.063328519 -0.039123297 -0.011729447 0.076328062 0.004120621 -0.026611041 0.996719062
1341846246.893944 0.063520513 -0.039075349 -0.015090114 0.076045230 0.003494931 -0.026219873 0.996753454
1341846246.925896 0.063745715 -0.038490657 -0.014522020 0.075607143 0.002676366 -0.025883075 0.996798098
1341846246.958090 0.063989788 -0.038005408 -0.014143981 0.075745396 0.002749966 -0.026053350 0.996782959
1341846246.993936 0.063376889 -0.038715787 -0.014796617 0.075249173 0.002584808 -0.026445672 0.996810675
1341846247.026204 0.063145958 -0.038471192 -0.014659894 0.075456679 0.002509365 -0.028379666 0.996741951
1341846247.057936 0.063971207 -0.038807940 -0.012229769 0.076543331 0.002194177 -0.028828284 0.996647000
1341846247.093899 0.063143544 -0.039709270 -0.012742475 0.077035621 0.001909169 -0.028261973 0.996625841
1341846247.126028 0.062650844 -0.038279168 -0.015929323 0.076906197 0.001419653 -0.027989822 0.996644378
1341846247.162093 0.063412599 -0.038219452 -0.010418950 0.078186594 0.001040048 -0.027231514 0.996566176
1341846247.194072 0.063242555 -0.039624587 -0.009211244 0.080888666 0.002236548 -0.025443178 0.996395826
1341846247.225977 0.063336097 -0.039995257 -0.011455084 0.081912987 0.002347254 -0.023495819 0.996359706
1341846247.261953 0.063359901 -0.039559405 -0.007265802 0.085110448 0.002828972 -0.024259523 0.996072114
1341846247.293957 0.063136160 -0.040084988 -0.008512869 0.089667335 0.004033276 -0.023925209 0.995676219
1341846247.325987 0.063678466 -0.039156910 -0.014527095 0.090268716 0.003178230 -0.023510659 0.995634794
1341846247.361940 0.063921593 -0.039602753 -0.015523417 0.087915063 0.002085357 -0.023390034 0.995851099
1341846247.430187 0.063559301 -0.039177552 -0.015176723 0.083872713 0.001369027 -0.023806514 0.996191084
1341846247.462223 0.063693851 -0.039637342 -0.009811356 0.083358951 0.000518156 -0.025082344 0.996203721
1341846247.493952 0.063404419 -0.039749950 -0.009691878 0.083611287 0.000231770 -0.025499316 0.996172130
1341846247.530027 0.064412229 -0.040664949 -0.006390029 0.084410690 0.000417359 -0.025630377 0.996101260
1341846247.562209 0.064998507 -0.041229386 -0.003110882 0.086916909 0.000636482 -0.024382073 0.995916963
1341846247.594166 0.063713267 -0.042238839 -0.006811892 0.087955803 0.000430856 -0.023072336 0.995857060
1341846247.630035 0.063409790 -0.041393623 -0.011554319 0.086415902 -0.000640865 -0.022683961 0.996000648
1341846247.662701 0.062944323 -0.041918434 -0.004185008 0.085763045 -0.000624115 -0.022108834 0.996070027
1341846247.697913 0.063952096 -0.041298401 -0.006398207 0.086380571 -0.000090838 -0.020977743 0.996041298
1341846247.730051 0.064081892 -0.042952832 -0.006534940 0.084719211 -0.001273689 -0.019940557 0.996204495
1341846247.762180 0.066533215 -0.044627137 0.002240103 0.085714713 -0.001867548 -0.018497923 0.996146262
1341846247.798768 0.062531553 -0.042656235 -0.003363070 0.087635890 -0.000854493 -0.016920151 0.996008515
1341846247.830259 0.063081279 -0.043039449 -0.006677170 0.086016089 -0.001185070 -0.016734952 0.996152461
1341846247.865875 0.063471578 -0.042624626 -0.003386753 0.084769242 -0.001013912 -0.017695773 0.996242940
1341846247.898157 0.064648509 -0.043306634 0.001215023 0.087335378 0.000229129 -0.016659319 0.996039629
1341846247.930002 0.063613035 -0.043229099 -0.006712176 0.087774269 -0.001585917 -0.015366378 0.996020615
1341846247.966006 0.065214559 -0.046027090 -0.000136692 0.086581625 -0.003876437 -0.014149065 0.996136725
1341846247.998062 0.065224208 -0.044081546 0.002415279 0.089394554 -0.003297464 -0.014174841 0.995889962
1341846248.030615 0.065694042 -0.043093398 -0.001441266 0.090658076 -0.002970891 -0.015012220 0.995764494
1341846248.065891 0.064229310 -0.043848455 -0.005311404 0.088861659 -0.002681242 -0.015710890 0.995916426
1341846248.098211 0.065127328 -0.042162679 0.002049829 0.088813074 -0.001427898 -0.016913269 0.995903671
1341846248.133929 0.068077721 -0.046318628 0.006584194 0.089830436 0.002081497 -0.019330839 0.995767295
1341846248.166050 0.066101804 -0.047914054 0.001982440 0.088448912 0.004388786 -0.021592058 0.995836973
1341846248.198024 0.065925814 -0.045060113 0.002620648 0.088215865 0.003989616 -0.021469567 0.995862007
1341846248.233930 0.067138396 -0.047249671 0.007324330 0.089887418 0.004316960 -0.021660058 0.995707035
1341846248.265968 0.068067171 -0.047091603 0.004380330 0.089895524 0.004876651 -0.023340320 0.995665729
1341846248.297927 0.065401092 -0.045505106 -0.000406606 0.087859899 0.004740732 -0.025172101 0.995803475
1341846248.333956 0.068136960 -0.047308441 0.007609967 0.088481620 0.004010751 -0.026998892 0.995703757
1341846248.366013 0.066299476 -0.046171088 0.005127975 0.090195611 0.004247951 -0.027346825 0.995539486
1341846248.402093 0.066942215 -0.045753527 0.002105162 0.089704819 0.003127539 -0.026982101 0.995597959
1341846248.433862 0.067998216 -0.045269229 0.006473290 0.090016335 0.002962469 -0.027290285 0.995561898
1341846248.466804 0.066495322 -0.046490755 0.004494872 0.090599559 0.004638955 -0.028766321 0.995460987
1341846248.502139 0.063252635 -0.044375513 -0.006249848 0.088416465 0.004453212 -0.028887954 0.995654643
1341846248.534215 0.066537499 -0.047343723 0.003792916 0.086277172 0.001862515 -0.027767276 0.995882392
1341846248.565971 0.068215430 -0.046858601 0.010196092 0.088592321 0.001809302 -0.027797230 0.995678365
1341846248.602003 0.066733189 -0.047596652 0.004035474 0.086789481 0.003076559 -0.029294902 0.995791078
1341846248.640295 0.068187989 -0.046819922 0.008793272 0.086342677 0.002934943 -0.028089916 0.995865107
1341846248.675831 0.069826141 -0.049573332 0.011412350 0.088773012 0.003374862 -0.027734516 0.995659947
1341846248.708095 0.067149989 -0.047537368 0.006114844 0.090169065 0.004642220 -0.028058218 0.995520353
1341846248.740085 0.066841274 -0.048583090 0.006547546 0.089472122 0.004227130 -0.027857829 0.995590687
1341846248.802167 0.067671977 -0.047326110 0.006748158 0.092392683 0.003718776 -0.028340470 0.995312274
1341846248.833950 0.069081411 -0.047764882 0.008831399 0.092194267 0.003208835 -0.028385255 0.995331228
1341846248.869901 0.068488091 -0.047308858 0.010724389 0.093945414 0.003004633 -0.027603261 0.995190084
1341846248.901932 0.067416750 -0.047391851 0.008401891 0.095183171 0.003601478 -0.028101210 0.995056570
1341846248.938035 0.065526523 -0.044955373 0.001962945 0.094912082 0.003690893 -0.027924746 0.995087087
1341846248.969908 0.066677742 -0.045411650 0.002819474 0.094078273 0.002800341 -0.028040549 0.995165944
1341846249.001964 0.067481302 -0.044454861 0.005595673 0.093947329 0.002938505 -0.028648298 0.995160580
1341846249.037998 0.066818200 -0.047271796 0.002982805 0.093416065 0.002844056 -0.027666301 0.995238602
1341846249.069961 0.066023447 -0.048215140 0.005189951 0.092045076 0.001973222 -0.026330302 0.995404661
1341846249.105888 0.067568779 -0.048287440 0.010250814 0.091996998 0.002598335 -0.026920237 0.995391905
1341846249.138041 0.066654138 -0.047433451 0.006120822 0.092208691 0.003658480 -0.026702443 0.995374858
1341846249.169904 0.068934515 -0.049480468 0.009883898 0.091964260 0.003380339 -0.025146512 0.995438993
1341846249.206013 0.068609640 -0.047148544 0.011863325 0.093984440 0.004152596 -0.024887413 0.995253921
1341846249.237872 0.067315593 -0.049793776 0.006885721 0.092936233 0.005665299 -0.025247784 0.995335817
1341846249.306095 0.069876812 -0.048804399 0.013755721 0.093029782 0.005884560 -0.025112005 0.995329201
1341846249.337853 0.069860406 -0.049387850 0.011176326 0.093719378 0.007299572 -0.025347680 0.995249152
1341846249.373854 0.068862788 -0.049721088 0.009003270 0.091862381 0.007536111 -0.025324641 0.995421052
1341846249.405928 0.070030816 -0.050821226 0.014952132 0.091128431 0.008575422 -0.026492896 0.995449781
1341846249.437945 0.070035450 -0.049102109 0.013666502 0.092583157 0.010308068 -0.027334038 0.995276332
1341846249.474182 0.069248602 -0.049580641 0.008448699 0.091435060 0.010329375 -0.027488293 0.995377958
1341846249.505956 0.069722138 -0.048562542 0.011796287 0.090443268 0.010178804 -0.026993671 0.995483696
1341846249.538288 0.070334397 -0.048570868 0.013394309 0.090475820 0.010470450 -0.027605029 0.995460927
1341846249.574263 0.070632301 -0.051461145 0.013171760 0.089143381 0.010272580 -0.027578644 0.995583951
1341846249.606015 0.070495024 -0.052038245 0.013982153 0.088166192 0.009240517 -0.024771858 0.995754838
1341846249.641995 0.069288231 -0.050221026 0.013041911 0.088712588 0.008186826 -0.022991909 0.995758235
1341846249.674108 0.069209822 -0.049868133 0.010771964 0.087005004 0.007226455 -0.021826005 0.995942533
1341846249.706034 0.068981923 -0.050418559 0.009938856 0.084276453 0.006213866 -0.021429682 0.996192575
1341846249.742012 0.067781404 -0.050974563 0.011122786 0.084343575 0.004971339 -0.019695587 0.996229649
1341846249.773906 0.069057472 -0.051732447 0.009365603 0.084664151 0.002572184 -0.016984511 0.996261418
1341846249.806093 0.067804880 -0.051067486 0.007277288 0.083645612 -0.000296640 -0.014301362 0.996392846
1341846249.842148 0.068081118 -0.051354542 0.010714512 0.082940757 -0.001943350 -0.013361420 0.996463001
1341846249.873923 0.067756914 -0.051253024 0.009175119 0.083124384 -0.004074378 -0.011267282 0.996467113
1341846249.909991 0.066689812 -0.049465537 0.004652978 0.082813710 -0.007625711 -0.009062766 0.996494651
1341846249.942024 0.070325918 -0.051708367 0.009464853 0.081854865 -0.010441185 -0.008177459 0.996555984
1341846249.974199 0.067910120 -0.052664921 0.010472429 0.081867203 -0.011019911 -0.009428358 0.996537685
1341846250.010384 0.066132747 -0.050019376 0.004716110 0.081872664 -0.012397862 -0.009636235 0.996519089
1341846250.042022 0.070100367 -0.051105335 0.009662144 0.082127146 -0.015278100 -0.007600770 0.996475756
1341846250.078047 0.072429784 -0.052370057 0.015910808 0.083175845 -0.014663568 -0.008019168 0.996394753
1341846250.109945 0.064840131 -0.054577604 0.007749526 0.082039960 -0.011845300 -0.009089255 0.996517181
1341846250.141849 0.063496083 -0.059375912 0.008551007 0.079087615 -0.010218768 -0.009046369 0.996774256
1341846250.177803 0.059817351 -0.057360265 0.009898607 0.079816490 -0.006187349 -0.009532879 0.996744752
1341846250.210137 0.061680987 -0.059807017 0.009004637 0.079230875 -0.002812881 -0.010976713 0.996791899
1341846250.241903 0.060413558 -0.062008712 0.009291340 0.078164048 -0.000502514 -0.012942256 0.996856332
1341846250.277878 0.061857864 -0.058214553 0.006624219 0.078218214 0.000435036 -0.015708916 0.996812403
1341846250.309873 0.065522164 -0.056097731 0.006325876 0.078181706 -0.000290268 -0.016085438 0.996809304
1341846250.346142 0.064562380 -0.056168698 0.007300904 0.078259014 -0.000303494 -0.016154574 0.996802092
1341846250.377944 0.062576577 -0.056757532 0.007489692 0.078677155 0.000194806 -0.015521006 0.996779263
1341846250.410038 0.063742608 -0.058776867 0.009112172 0.079070508 -0.000240708 -0.015440657 0.996749401
1341846250.445984 0.061637208 -0.061827149 0.012951897 0.079717696 0.000347078 -0.015418543 0.996698201
1341846250.477872 0.059460070 -0.064578667 0.011193250 0.078456439 0.000234701 -0.015443433 0.996797919
1341846250.509930 0.062807657 -0.061696589 0.013589918 0.079296403 -0.002566340 -0.014190855 0.996746778
1341846250.546119 0.061756268 -0.058614124 0.009407387 0.079900600 -0.003097909 -0.014648392 0.996690333
1341846250.577998 0.058837045 -0.057327453 0.002439076 0.078533947 -0.001905346 -0.015137081 0.996794701
1341846250.613828 0.058273088 -0.060354680 0.008557662 0.077150971 -0.002084579 -0.012678311 0.996936619
1341846250.646114 0.063376315 -0.055619773 0.008597215 0.078588046 -0.002902732 -0.012760179 0.996821284
1341846250.677812 0.061814271 -0.058919322 0.006605455 0.076854542 -0.002211944 -0.010410405 0.996985555
1341846250.713958 0.060403980 -0.061419640 0.008155006 0.074849300 -0.000655263 -0.008907332 0.997154832
1341846250.745904 0.059637468 -0.062029712 0.009044254 0.074192733 -0.000509642 -0.006981434 0.997219324
1341846250.777886 0.061177690 -0.064890884 0.008542781 0.073046558 -0.002947404 -0.003462962 0.997318149
1341846250.814024 0.062204681 -0.065255627 0.009672019 0.071917482 -0.003360424 -0.003736377 0.997397900
1341846250.846025 0.060887948 -0.062820435 0.008443892 0.071076907 -0.002925560 -0.005973816 0.997448683
1341846250.881824 0.064702936 -0.059926633 0.011667436 0.072624080 -0.003891662 -0.005324844 0.997337580
1341846250.913808 0.061057609 -0.061361685 0.010909937 0.074163951 -0.003049217 -0.005068106 0.997228503
1341846250.946118 0.064626671 -0.058566377 0.009993197 0.075309820 -0.003125023 -0.006699125 0.997132778
1341846250.981803 0.065690175 -0.059122574 0.011345346 0.076155290 -0.003433564 -0.007238269 0.997063756
1341846251.014047 0.064726211 -0.059541024 0.010553829 0.076242812 -0.004768491 -0.007696604 0.997048140
1341846251.046033 0.062475674 -0.054145530 0.008050716 0.078096993 -0.005071959 -0.008890409 0.996893227
1341846251.081959 0.065884255 -0.053668588 0.011084314 0.079951115 -0.005043567 -0.010130782 0.996734560
1341846251.114058 0.062175613 -0.059065972 0.013335311 0.080568075 -0.003318445 -0.009259334 0.996700525
1341846251.149920 0.063839912 -0.055346239 0.012354983 0.082621105 -0.003360780 -0.011225547 0.996512115
1341846251.181983 0.063216202 -0.054341301 0.011461710 0.083696947 -0.002094531 -0.012797675 0.996406853
1341846251.214205 0.063075989 -0.057463057 0.010165521 0.083829224 -0.002891338 -0.011592045 0.996408522
1341846251.249978 0.063808776 -0.055995561 0.008132823 0.084413998 -0.005173274 -0.011226208 0.996354103
1341846251.281923 0.061457485 -0.056448765 0.009152573 0.085066639 -0.006073779 -0.010742594 0.996298850
1341846251.318026 0.064369097 -0.057221878 0.004359070 0.083876662 -0.008090189 -0.012163821 0.996369064
1341846251.350003 0.060912870 -0.056828778 0.002661640 0.081932500 -0.009881756 -0.011123290 0.996526778
1341846251.382003 0.064771779 -0.055343922 0.009159232 0.082934104 -0.012634968 -0.011157895 0.996412456
1341846251.417971 0.060273256 -0.053777061 0.001678533 0.082726076 -0.012634542 -0.012159703 0.996418059
1341846251.449878 0.060672335 -0.052932564 -0.002103608 0.079696544 -0.013713039 -0.013650067 0.996631384
1341846251.481872 0.059790060 -0.058529601 0.004975506 0.076735474 -0.015284653 -0.012437068 0.996856749
1341846251.517870 0.058277849 -0.060292866 0.005499256 0.074798293 -0.016522294 -0.012344825 0.996985376
1341846251.549884 0.063948788 -0.060301121 0.007208445 0.073079616 -0.017720874 -0.012267829 0.997093201
1341846251.586071 0.065523423 -0.061778318 0.011176879 0.072541118 -0.017637510 -0.011067788 0.997148037
1341846251.618241 0.063802183 -0.062333710 0.010017393 0.073213570 -0.018253108 -0.008757675 0.997110784
1341846251.649917 0.065381661 -0.061060522 0.011801856 0.074041098 -0.017383326 -0.010091609 0.997052610
1341846251.686034 0.067593858 -0.060537841 0.013675314 0.074500471 -0.015391633 -0.012496604 0.997023880
1341846251.718103 0.065352522 -0.060098883 0.011216757 0.074822947 -0.014435302 -0.012863545 0.997009337
1341846251.749907 0.067889668 -0.062611759 0.014168052 0.074807055 -0.015280431 -0.011689418 0.997012377
