1341846313.592026 0.000000000 0.000000000 0.000000000 0.000000000 0.000000000 0.000000000 1.000000000
1341846313.654184 0.006379036 -0.001805464 0.004375106 -0.000881684 -0.003178296 0.005019867 0.999981940
1341846313.686156 0.014342179 -0.000498248 0.007559287 0.000259678 -0.005511927 0.004364070 0.999975264
1341846313.721918 0.017858801 0.003517152 0.005877633 0.000763816 -0.006165872 0.004647640 0.999969900
1341846313.753994 0.028136950 0.002505170 0.007571261 0.000086355 -0.007453722 0.006399551 0.999951720
1341846313.789969 0.036863446 0.003465630 0.004895102 0.001362578 -0.008297439 0.005186568 0.999951184
1341846313.822075 0.048887894 0.007576569 0.004408404 0.001657761 -0.008334707 0.004433730 0.999954045
1341846313.853928 0.052633591 0.007528196 0.008299441 0.001047659 -0.005954000 0.003219107 0.999976575
1341846313.890011 0.059701812 0.013219140 0.008038998 0.001670456 -0.004179148 0.003740856 0.999982893
1341846313.922055 0.069707215 0.015089002 0.003085286 -0.000436449 -0.004446127 0.004698889 0.999978960
1341846313.957927 0.101227880 0.012209454 0.005724954 -0.003089897 -0.003454352 0.007218209 0.999963164
1341846313.990058 0.086614117 0.015728822 0.005789019 -0.003796892 0.005720136 0.007991966 0.999944448
1341846314.022042 0.091060564 0.022177311 0.004525319 -0.005345474 0.007058132 0.008918558 0.999921024
1341846314.057816 0.105631053 0.021109741 0.011134985 -0.008709416 0.008664731 0.010221659 0.999872267
1341846314.089801 0.114884168 0.015698640 0.016835693 -0.008489400 0.013799553 0.010097754 0.999817729
1341846314.122037 0.117250398 0.026000632 0.011054998 -0.008735354 0.017479541 0.013485216 0.999718130
1341846314.157989 0.121889435 0.020993894 0.014822109 -0.011501855 0.020750936 0.013539519 0.999626815
1341846314.190094 0.129273966 0.023288136 0.020092934 -0.011053989 0.024395162 0.014827041 0.999531329
1341846314.225969 0.133635670 0.029159201 0.014321988 -0.013052988 0.026307536 0.018094130 0.999404907
1341846314.257923 0.137195915 0.021154555 0.024789527 -0.015773114 0.028485542 0.018231675 0.999303460
1341846314.290052 0.138934359 0.019800520 0.017370518 -0.014678049 0.030339690 0.016543448 0.999294937
1341846314.325981 0.151327357 0.028304452 0.017956220 -0.014607777 0.030296938 0.015645565 0.999311745
1341846314.357905 0.157427222 0.025223644 0.029980958 -0.015657825 0.033269580 0.014855704 0.999213338
1341846314.389899 0.155619666 0.026027761 0.031849276 -0.013925914 0.036891215 0.013391568 0.999132514
1341846314.427905 0.169513807 0.027040381 0.025844369 -0.014210691 0.037593450 0.012646683 0.999112010
1341846314.493987 0.183369130 0.017915646 0.021915494 -0.013772494 0.046582758 0.004512229 0.998809278
1341846314.526085 0.185783088 0.023027586 0.016839530 -0.013146627 0.049036071 0.002809045 0.998706520
1341846314.558292 0.201018855 0.020940138 0.016068172 -0.014505681 0.050626397 0.004249916 0.998603284
1341846314.594085 0.213780567 0.019393768 0.025283972 -0.013150618 0.053986736 0.003880838 0.998447537
1341846314.626096 0.208226487 0.021968428 0.016650906 -0.012660833 0.059764933 0.003984614 0.998124242
1341846314.658455 0.213739857 0.022961535 0.015174454 -0.014733897 0.061587591 0.004186259 0.997984171
1341846314.694004 0.231818795 0.019191114 0.024327215 -0.014706053 0.063769780 0.002500552 0.997853160
1341846314.725910 0.237974137 0.015924621 0.030511035 -0.011043691 0.066482358 0.008865231 0.997687101
1341846314.761942 0.232895359 0.012401983 0.023458304 -0.008030817 0.068220049 0.012582594 0.997558653
1341846314.794030 0.245096773 0.010406107 0.020041812 -0.005042352 0.069312654 0.012353868 0.997505724
1341846314.826092 0.247250170 0.015516179 0.014953755 -0.002255918 0.074088581 0.011635649 0.997181237
1341846314.862145 0.256824166 0.022530202 0.021958068 -0.001425881 0.077024035 0.013394910 0.996938169
1341846314.894072 0.273206532 0.020434197 0.017407820 -0.002426948 0.079581656 0.016697926 0.996685505
1341846314.925969 0.274742335 0.023413671 0.017247137 -0.002078475 0.082550429 0.020293113 0.996378064
1341846314.961937 0.270839095 0.036298484 0.015208915 -0.003451884 0.084131829 0.023745494 0.996165693
1341846314.994564 0.281027615 0.030798631 0.020965315 -0.007829189 0.084256843 0.023774734 0.996129632
1341846315.029900 0.298194826 0.027618477 0.021324415 -0.008320645 0.086416259 0.021274775 0.995997190
1341846315.061965 0.293566048 0.030112438 0.025633134 -0.008531103 0.089736626 0.025137037 0.995611727
1341846315.094388 0.301621377 0.018083727 0.021491930 -0.009533414 0.087859631 0.025791135 0.995753288
1341846315.129851 0.302115172 0.022638056 0.013354015 -0.007011025 0.088657804 0.023170574 0.995767951
1341846315.161941 0.309563726 0.046861831 0.008643627 -0.007419167 0.087863430 0.028842043 0.995687246
1341846315.197984 0.306565255 0.047424171 0.012005311 -0.013829265 0.086597025 0.023662077 0.995866358
1341846315.230076 0.318941504 0.036471780 0.015095785 -0.018629320 0.084612146 0.020385470 0.996031165
1341846315.262069 0.325229347 0.039971184 0.020623352 -0.021295341 0.081339173 0.025335906 0.996136844
1341846315.298000 0.332564920 0.030096607 0.035850085 -0.024151292 0.077517033 0.026621720 0.996342897
1341846315.329931 0.344657958 0.013603961 0.033600997 -0.022124631 0.075211890 0.027747473 0.996535897
1341846315.361981 0.345381021 0.016642220 0.024929557 -0.016929545 0.074863933 0.031032022 0.996567011
1341846315.397962 0.354886562 0.022545004 0.024629917 -0.013273771 0.074218884 0.034455884 0.996558130
1341846315.429923 0.352755636 0.022234626 0.023336969 -0.010400141 0.077245109 0.034822226 0.996349573
1341846315.466047 0.375677973 0.029882003 0.019348685 -0.009105205 0.078112453 0.037361510 0.996202588
1341846315.497883 0.367894411 0.027600911 0.020026479 -0.010270088 0.082653120 0.041632175 0.995655417
1341846315.530008 0.371516258 0.027422482 0.021874897 -0.010226553 0.083837137 0.042738982 0.995509982
1341846315.566108 0.371497452 0.030236807 0.018634804 -0.010919225 0.085478216 0.043171093 0.995344400
1341846315.597986 0.372492671 0.025713490 0.021315090 -0.011301133 0.086883083 0.042232599 0.995258808
1341846315.630109 0.383983403 0.031064302 0.021473706 -0.010734169 0.086603038 0.042590961 0.995274186
1341846315.666042 0.379624188 0.036282104 0.013919935 -0.010996563 0.088966541 0.041070621 0.995126724
1341846315.698114 0.382200927 0.050985679 0.010192007 -0.014198895 0.091898821 0.039032619 0.994901717
1341846315.733985 0.379956573 0.027277173 0.025744721 -0.019702928 0.095283866 0.041256476 0.994399667
1341846315.766041 0.372510254 0.031129520 0.023778819 -0.018902063 0.093526438 0.042577345 0.994526386
1341846315.798188 0.378190219 0.026553860 0.019428171 -0.020464703 0.091991365 0.041187469 0.994697094
1341846315.834140 0.376190662 0.023637399 0.022788823 -0.019672772 0.094409920 0.040136043 0.994529486
1341846315.866751 0.372202933 0.018610511 0.018096782 -0.017889811 0.096191503 0.039499599 0.994417906
1341846315.898492 0.369407296 0.017248789 0.021302693 -0.016813956 0.096891314 0.039016306 0.994387805
1341846315.936901 0.367665380 0.012553090 0.019235939 -0.014584909 0.098448046 0.037017599 0.994346499
1341846315.966572 0.360078543 0.011408395 0.014915265 -0.011137617 0.100327507 0.036805145 0.994211078
1341846316.034204 0.345427305 0.009079207 0.013205118 -0.007625415 0.101201318 0.035494987 0.994203329
1341846316.066113 0.334728181 0.011924025 0.019775860 -0.004880040 0.101715334 0.034450032 0.994204879
1341846316.101867 0.325726718 0.017247586 0.014915846 -0.002869954 0.100907542 0.036445316 0.994223893
1341846316.134066 0.315244496 0.018772993 0.017259698 -0.003412121 0.098334715 0.033296771 0.994590342
1341846316.202049 0.298599929 0.012070250 0.022833962 -0.003592680 0.094077326 0.028504441 0.995150268
1341846316.233979 0.296349019 0.014356704 0.017752316 -0.003043664 0.092718266 0.025979280 0.995348752
1341846316.270052 0.293312013 0.014252813 0.015366063 -0.004259767 0.093514957 0.023159651 0.995339334
1341846316.301915 0.284847319 0.006204561 0.016823646 -0.004609691 0.095056944 0.021264093 0.995234072
1341846316.334208 0.277767152 0.004616210 0.022729997 -0.003269579 0.094402932 0.023554182 0.995250046
1341846316.370006 0.267663777 0.003965574 0.020834956 -0.001177469 0.093780726 0.023170574 0.995322526
1341846316.401994 0.264753222 0.006691920 0.019256435 0.000815505 0.092816465 0.026008958 0.995343149
1341846316.438069 0.259126931 0.001408698 0.022775978 0.002739567 0.092481241 0.027670003 0.995326102
1341846316.470076 0.244401187 -0.001460888 0.022972714 0.007067312 0.092956692 0.029354589 0.995212257
1341846316.502034 0.230681568 0.011392544 0.007398020 0.009965445 0.090652093 0.031432230 0.995336533
1341846316.537975 0.233041257 0.013594964 0.011133485 0.007712390 0.087083265 0.030501729 0.995704114
1341846316.570121 0.222991750 0.003143230 0.014834128 0.006629616 0.087471649 0.026491063 0.995792687
1341846316.601885 0.215813294 0.000637404 0.013782598 0.008450919 0.087086104 0.025481727 0.995839000
1341846316.638009 0.208843812 -0.001696331 0.017509904 0.010590342 0.085624471 0.027255408 0.995898306
1341846316.669925 0.213427141 -0.002124375 0.021781024 0.013156974 0.083643652 0.027554568 0.996027827
1341846316.705941 0.197455034 -0.008403275 0.014229093 0.016904879 0.084979229 0.027447794 0.995861113
1341846316.738062 0.180280671 -0.000199349 0.000990603 0.019674083 0.085417762 0.029685546 0.995708525
1341846316.770433 0.177670732 0.001746010 0.003932018 0.018882919 0.084178925 0.030160990 0.995815039
1341846316.805932 0.175663963 -0.001861107 0.013282027 0.019349366 0.083853558 0.028491419 0.995882690
1341846316.838029 0.165560350 -0.001798443 0.025292464 0.020789482 0.082912512 0.030322043 0.995878458
1341846316.870034 0.157421663 0.001386230 0.023393262 0.021885399 0.079352662 0.031845115 0.996097445
1341846316.906344 0.139433518 -0.004810821 0.012476755 0.022206662 0.077659950 0.029722929 0.996289313
1341846316.937940 0.139823288 -0.004671195 0.015406100 0.021797463 0.075700149 0.028340254 0.996489465
1341846316.973994 0.124843255 -0.003820946 0.015466208 0.021178361 0.074842080 0.027503198 0.996591032
1341846317.005913 0.123460598 -0.007792441 0.013605516 0.019599196 0.071286418 0.028606936 0.996852934
1341846317.037936 0.116418600 -0.009108566 0.015102064 0.020137476 0.068799399 0.027963841 0.997035146
1341846317.073972 0.110477619 -0.012197567 0.020218618 0.021184333 0.067488216 0.028937906 0.997075319
1341846317.106113 0.102799885 -0.014955497 0.016855650 0.023216294 0.065834314 0.032568388 0.997028649
1341846317.137887 0.087114632 -0.013097830 0.012114840 0.026473047 0.060833551 0.035841238 0.997152865
1341846317.173970 0.084975809 -0.011937208 0.007875248 0.027576437 0.053354383 0.037880994 0.997475743
1341846317.205887 0.073923998 -0.013803373 0.021930709 0.027544050 0.050928731 0.039209183 0.997552097
1341846317.248131 0.064280316 -0.016938366 0.022967819 0.028539181 0.048486914 0.040481597 0.997595012
1341846317.306289 0.054026723 -0.015095420 0.022636548 0.030263014 0.042164903 0.044748105 0.997649193
1341846317.348137 0.051017188 -0.018090647 0.026059000 0.031170992 0.043315422 0.045365043 0.997544050
1341846317.410120 0.035198372 -0.010190696 0.025777387 0.033682127 0.042828109 0.051653419 0.997177601
1341846317.442569 0.034751363 -0.020654768 0.025004944 0.035476372 0.042672589 0.054535415 0.996968567
1341846317.474010 0.030166931 -0.020643484 0.022469565 0.041177191 0.042753812 0.058020979 0.996549129
1341846317.509927 0.007134210 -0.012196568 0.021433765 0.044520557 0.042482547 0.059946634 0.996302962
1341846317.542282 0.003556132 -0.009329551 0.019922469 0.044109158 0.039347693 0.061722305 0.996341527
1341846317.573943 -0.000703235 -0.017287042 0.019147811 0.043072153 0.040345252 0.059643496 0.996473610
1341846317.610159 -0.008504838 -0.021093404 0.020758744 0.045509450 0.042359773 0.060527928 0.996228337
1341846317.643553 -0.029353850 -0.017641345 0.021525368 0.047916211 0.043313988 0.062321674 0.995963812
1341846317.677993 -0.034128677 -0.018610589 0.025992176 0.048725251 0.039575551 0.064908862 0.995914876
1341846317.709996 -0.040499114 -0.017228441 0.024805857 0.051618155 0.037248295 0.064153217 0.995907903
1341846317.741834 -0.049754392 -0.009221652 0.025368534 0.052381746 0.036209416 0.064291477 0.995897412
1341846317.777923 -0.055100799 -0.009345273 0.035431415 0.050563600 0.034773879 0.063492723 0.996093750
1341846317.810021 -0.061699729 -0.012219143 0.040950615 0.050046761 0.033203375 0.061666396 0.996288121
1341846317.841886 -0.070944309 -0.006129009 0.030470803 0.049898788 0.032227896 0.059994169 0.996429682
1341846317.878017 -0.080057815 -0.008769448 0.033066995 0.047198094 0.032247879 0.055934343 0.996796727
1341846317.909910 -0.080566570 -0.014165240 0.033330850 0.045891434 0.032872953 0.052616052 0.997017980
1341846317.946031 -0.096397072 -0.017041208 0.036156211 0.046904273 0.034564059 0.053881787 0.996846020
1341846317.978041 -0.105597384 -0.019887485 0.037011877 0.048922475 0.033494979 0.053890854 0.996785045
1341846318.009897 -0.107389674 -0.015840147 0.031958550 0.051594190 0.033330265 0.051951282 0.996758878
1341846318.045949 -0.118995309 -0.011754034 0.033465579 0.051998604 0.034733001 0.051167831 0.996730506
1341846318.078074 -0.133327857 -0.015584632 0.034264147 0.051003434 0.033773612 0.049749888 0.996886611
1341846318.109894 -0.143793985 -0.015359577 0.031718519 0.050692365 0.030026568 0.047348924 0.997139275
1341846318.145957 -0.141531423 -0.016301332 0.036925107 0.049688209 0.027075779 0.044578031 0.997402012
1341846318.178001 -0.155441836 -0.018791681 0.034282099 0.048982728 0.028078943 0.041865580 0.997526705
1341846318.214074 -0.182858422 -0.025427561 0.014321869 0.049252655 0.027298298 0.039695974 0.997623801
1341846318.245970 -0.185323089 -0.031060653 0.019591320 0.052102529 0.021363992 0.041311752 0.997558117
1341846318.278018 -0.188869506 -0.027300846 0.024535537 0.056466896 0.016123682 0.041546948 0.997409344
1341846318.313937 -0.200264379 -0.028204249 0.025576741 0.057824027 0.010488559 0.041531704 0.997407377
1341846318.345989 -0.198800415 -0.025410151 0.033069447 0.059850145 0.000534347 0.041383568 0.997349024
1341846318.382046 -0.205442443 -0.028047927 0.038696602 0.061537538 -0.005924925 0.039856702 0.997291088
1341846318.414072 -0.218601197 -0.030910786 0.043195345 0.062969945 -0.011585839 0.040842786 0.997112036
1341846318.446035 -0.229273722 -0.030586367 0.042749014 0.065296672 -0.017618859 0.040866591 0.996873081
1341846318.482196 -0.235716105 -0.028233569 0.036060810 0.066483155 -0.019815050 0.039681353 0.996801257
1341846318.514144 -0.242272452 -0.029938411 0.039958522 0.066457205 -0.021289853 0.041129358 0.996713877
1341846318.546259 -0.246260747 -0.032326672 0.043724164 0.067986988 -0.022674944 0.040495716 0.996606052
1341846318.582042 -0.253617078 -0.026491966 0.045008089 0.069847770 -0.022493299 0.040546671 0.996479452
1341846318.614115 -0.268616140 -0.027140198 0.035609409 0.069333583 -0.022113048 0.039759826 0.996555567
1341846318.650038 -0.277364194 -0.029432284 0.029721916 0.068677299 -0.022785310 0.037245225 0.996683002
1341846318.682350 -0.284256756 -0.033479229 0.028881850 0.067840479 -0.023343656 0.035711166 0.996783555
1341846318.714063 -0.296424270 -0.029190600 0.034898587 0.067937315 -0.023903942 0.034115374 0.996819556
1341846318.749905 -0.304044217 -0.035931844 0.028192736 0.068332672 -0.023816191 0.036335893 0.996716201
1341846318.782036 -0.316290915 -0.033200946 0.020947097 0.070158221 -0.024482517 0.037533432 0.996528804
1341846318.814121 -0.330452800 -0.034514565 0.021579839 0.070102975 -0.029480385 0.035755664 0.996462762
1341846318.850072 -0.335621238 -0.038737148 0.022358691 0.070096031 -0.035400741 0.033927329 0.996334434
1341846318.883516 -0.354354620 -0.043617979 0.006466843 0.073045313 -0.042212382 0.031913295 0.995923698
1341846318.918047 -0.357975364 -0.036716871 0.012269769 0.076581299 -0.055661224 0.031004559 0.995025516
1341846318.950044 -0.372070998 -0.042162687 0.022156931 0.078121118 -0.063571706 0.028534235 0.994505644
1341846318.982028 -0.377328217 -0.042902578 0.022882834 0.079447210 -0.067566171 0.026246499 0.994200230
1341846319.018123 -0.391520619 -0.038640469 0.012204267 0.079402544 -0.072224759 0.025102286 0.993905783
1341846319.050745 -0.391236693 -0.046343520 0.024821199 0.080423318 -0.079570681 0.024241757 0.993283927
1341846319.081905 -0.391060024 -0.039341025 0.020688489 0.086787730 -0.079699315 0.021900833 0.992792130
1341846319.117976 -0.412532359 -0.037413917 0.007685862 0.088805199 -0.078063123 0.027173158 0.992613435
1341846319.150093 -0.416232020 -0.041856922 0.010127559 0.090304501 -0.083058700 0.035188485 0.991820574
1341846319.186069 -0.410018086 -0.029245261 0.006445982 0.092546351 -0.084874935 0.035152689 0.991461396
1341846319.218149 -0.411379218 -0.007319932 0.016279001 0.090605825 -0.080184467 0.033529863 0.992087066
1341846319.250034 -0.432490021 -0.016155992 0.009470735 0.083966903 -0.072796255 0.032205395 0.993283987
1341846319.286594 -0.436017752 -0.022739900 0.021956269 0.081817120 -0.070460439 0.036278028 0.993491411
1341846319.318034 -0.437572628 -0.022297785 0.020641364 0.082627088 -0.070140414 0.039911080 0.993307710
1341846319.350268 -0.455790937 -0.027767586 0.017181396 0.083127216 -0.068849660 0.045763765 0.993103862
1341846319.386163 -0.470262140 -0.030396134 0.003555372 0.084455267 -0.072807610 0.053985871 0.992296278
1341846319.418386 -0.473532408 -0.027332336 0.001474574 0.086070828 -0.078160100 0.053669050 0.991767347
1341846319.453961 -0.472994745 -0.025718775 0.001343988 0.086470030 -0.080426529 0.050435051 0.991721153
1341846319.486271 -0.489816517 -0.025052382 0.000376344 0.085623711 -0.080122270 0.049298368 0.991876364
1341846319.554083 -0.503052533 -0.026667511 0.009082876 0.080400914 -0.086549088 0.048295967 0.991822779
1341846319.586296 -0.518227816 -0.025838571 0.008844502 0.081039079 -0.085510030 0.044212595 0.992051423
1341846319.622031 -0.535984993 -0.027373161 -0.008913144 0.079198569 -0.088354141 0.040750191 0.992099047
1341846319.653962 -0.538565159 -0.034279875 0.003501140 0.078152128 -0.093770124 0.040445741 0.991697311
1341846319.686352 -0.546571970 -0.035335541 0.001227014 0.079871066 -0.097441941 0.042243563 0.991131246
1341846319.721992 -0.552159011 -0.030145125 -0.003617123 0.080850862 -0.101539254 0.042888053 0.990612745
1341846319.754063 -0.557660341 -0.015661420 -0.000324592 0.078457102 -0.103869759 0.042761266 0.990569055
1341846319.786397 -0.561307013 -0.017454272 0.009637713 0.074086733 -0.103998706 0.046543907 0.990721524
1341846319.822008 -0.570223570 -0.018796958 0.002590276 0.070654325 -0.104279660 0.050570831 0.990745306
1341846319.853917 -0.569745004 -0.021399707 0.005029991 0.065142289 -0.105858512 0.055615008 0.990685344
1341846319.889942 -0.577936590 -0.030587127 0.009698190 0.061739329 -0.106099978 0.059887961 0.990628302
1341846319.922039 -0.588118494 -0.039394990 -0.001400612 0.060958639 -0.109883919 0.061245624 0.990181029
1341846319.953946 -0.584569335 -0.039326467 0.014186516 0.061771013 -0.116720527 0.057623927 0.989565611
1341846319.990054 -0.582573652 -0.035982322 0.012054235 0.064770326 -0.119854331 0.050311584 0.989398003
1341846320.028122 -0.586046338 -0.037212670 0.004210457 0.066631995 -0.123236418 0.049368180 0.988906324
1341846320.090047 -0.569778562 -0.025608042 0.016500607 0.072786689 -0.131672621 0.049690235 0.987367868
1341846320.122011 -0.563076735 -0.023713324 0.019178137 0.073599100 -0.129434451 0.050493021 0.987562835
1341846320.157952 -0.554204285 -0.029661637 0.016927898 0.073267110 -0.127021134 0.051394209 0.987854362
1341846320.190003 -0.537366927 -0.030734390 0.027225778 0.076351218 -0.124590591 0.049991187 0.988002300
1341846320.221941 -0.533546388 -0.034116067 0.021805897 0.079991236 -0.120884880 0.051149767 0.988115370
1341846320.258015 -0.523589671 -0.039345093 0.024870612 0.083622366 -0.120316520 0.053924698 0.987736464
1341846320.289887 -0.515661657 -0.042966120 0.019173034 0.088881932 -0.120770544 0.054094370 0.987212360
1341846320.321954 -0.503532767 -0.039419211 0.016052037 0.098705649 -0.122015953 0.053409744 0.986162603
1341846320.357890 -0.485952556 -0.033835873 0.024894632 0.103648044 -0.122578099 0.055038806 0.985496044
1341846320.390064 -0.477261126 -0.029702310 0.032357067 0.105647691 -0.118822716 0.054707129 0.985762060
1341846320.426544 -0.437195152 -0.029550448 0.047624409 0.108296342 -0.113419414 0.051319707 0.986293137
1341846320.458122 -0.440375090 -0.035093829 0.052082077 0.108725868 -0.105658770 0.049614549 0.987194657
1341846320.490186 -0.418477237 -0.036762930 0.043175131 0.112413697 -0.098655671 0.049085092 0.987532735
1341846320.525911 -0.417531639 -0.034906864 0.019842885 0.116051309 -0.089690037 0.046012040 0.988114715
1341846320.558091 -0.408252895 -0.037260182 0.026968621 0.116728343 -0.086343944 0.042605303 0.988485694
1341846320.594093 -0.391024917 -0.036930829 0.033832237 0.118090555 -0.081684031 0.039591547 0.988845170
1341846320.631955 -0.379527539 -0.034829967 0.020494528 0.120824091 -0.073703572 0.037921969 0.989207387
1341846320.664916 -0.370385766 -0.035312142 0.025386807 0.120411880 -0.071687758 0.036630929 0.989454389
1341846320.699927 -0.347535193 -0.039572604 0.030231461 0.120203197 -0.069132924 0.035920698 0.989687622
1341846320.731822 -0.340635598 -0.034407221 0.032825425 0.122774713 -0.062084369 0.034705944 0.989882529
1341846320.763877 -0.340924084 -0.003808567 0.030166890 0.121834315 -0.060894705 0.034987088 0.990062654
1341846320.799999 -0.327946812 -0.032164816 0.032781616 0.113097049 -0.062805690 0.029953970 0.991144419
1341846320.831871 -0.280655622 -0.034808688 0.023110002 0.115410149 -0.052307498 0.026493333 0.991585851
1341846320.863887 -0.314570516 -0.020213183 0.026248841 0.114221208 -0.042693980 0.026529672 0.992182910
1341846320.900014 -0.307452828 -0.031529155 0.030011188 0.106509864 -0.047731820 0.032013420 0.992649198
1341846320.931889 -0.273163110 -0.042886592 0.025847714 0.107234932 -0.048688196 0.030927971 0.992559135
1341846320.967866 -0.279066145 -0.014067638 0.034560721 0.108417138 -0.042467166 0.026864596 0.992834628
1341846321.000017 -0.278530478 -0.020388437 0.033483114 0.101780765 -0.041931782 0.025178609 0.993603766
1341846321.031860 -0.253384739 -0.029708762 0.034613296 0.099380486 -0.042211864 0.023635812 0.993872762
1341846321.068047 -0.250120223 -0.024649192 0.023612991 0.099796906 -0.038190499 0.021174144 0.994049191
1341846321.099840 -0.246749610 -0.024244990 0.026122440 0.097497486 -0.036773238 0.021619733 0.994321167
1341846321.131821 -0.221143991 -0.034119271 0.038419235 0.097532243 -0.036383126 0.023819597 0.994281828
1341846321.167887 -0.214198053 -0.030141445 0.034820244 0.100310281 -0.032267805 0.024260504 0.994136810
1341846321.200042 -0.210030735 -0.025063453 0.039346915 0.100894898 -0.029608840 0.023675069 0.994174540
1341846321.231950 -0.199623793 -0.028543521 0.042301994 0.100279860 -0.028863566 0.022288145 0.994290709
1341846321.267939 -0.184525013 -0.028243430 0.026236540 0.100476377 -0.027141826 0.017757365 0.994410634
1341846321.299948 -0.178546548 -0.030522943 0.032915480 0.099125497 -0.022405608 0.011784630 0.994752884
1341846321.331858 -0.176514938 -0.035196036 0.030439263 0.099071003 -0.019147722 0.007556621 0.994867444
1341846321.367913 -0.153174415 -0.042593289 0.030901326 0.100110471 -0.017798491 0.003991330 0.994809151
1341846321.399897 -0.148287654 -0.037159011 0.035423338 0.102367774 -0.012574575 0.003068930 0.994662404
1341846321.435994 -0.145471990 -0.041222092 0.040342335 0.103694983 -0.008868231 0.002657157 0.994566083
1341846321.467946 -0.133447245 -0.040426321 0.037742000 0.105489165 -0.006722436 0.003367412 0.994392037
1341846321.499882 -0.124066517 -0.040848080 0.033651616 0.106766246 -0.003491697 0.003611924 0.994271457
1341846321.536109 -0.096510917 -0.033595316 0.016360417 0.106700815 0.000459096 0.001381749 0.994290113
1341846321.568960 -0.108904094 -0.025157116 0.038347576 0.104109079 0.008515259 -0.002083961 0.994527221
1341846321.603938 -0.105392821 -0.030890383 0.034947019 0.100452870 0.010998289 -0.001906578 0.994879186
1341846321.637163 -0.059205048 -0.030122904 0.007408388 0.097629398 0.013175670 -0.001508864 0.995134473
1341846321.668306 -0.083659209 -0.026319165 0.039043538 0.093535267 0.024718795 0.000441858 0.995308936
1341846321.704411 -0.096098378 -0.028393574 0.048885964 0.090316661 0.026697975 0.008271003 0.995520771
1341846321.736861 -0.084457114 -0.026217414 0.049771100 0.089383595 0.023924820 0.016514879 0.995572925
1341846321.771881 -0.068209961 -0.010636406 0.049224891 0.087760739 0.023278205 0.021317853 0.995641351
1341846321.804114 -0.060865480 -0.015895009 0.051361792 0.083058573 0.025498806 0.024117315 0.995926440
1341846321.836152 -0.061817467 -0.009232677 0.053106245 0.080469459 0.028272880 0.024108848 0.996064305
1341846321.871882 -0.058275003 0.000888144 0.056682914 0.075967275 0.029447488 0.022495763 0.996421456
1341846321.904074 -0.050905559 -0.000775535 0.056070000 0.069476232 0.030566191 0.018935524 0.996935427
1341846321.939847 -0.045725834 -0.005523865 0.062808886 0.065155104 0.033449061 0.016212652 0.997182608
1341846322.004094 -0.051975146 -0.013369337 0.065422133 0.057783794 0.031632822 0.015760040 0.997703373
1341846322.066178 -0.036623023 -0.021737415 0.063503094 0.052615065 0.036334328 0.012303716 0.997877777
1341846322.107979 -0.039482214 -0.037070397 0.065789349 0.049832013 0.038480069 0.011213951 0.997953057
1341846322.166164 -0.041700151 -0.059103467 0.064808160 0.052689496 0.038523246 0.010770646 0.997809470
1341846322.202932 -0.037667472 -0.063444741 0.062425300 0.054020587 0.035916455 0.011189956 0.997830927
1341846322.234093 -0.037615802 -0.066578701 0.061316125 0.052913599 0.034461457 0.009323411 0.997960746
1341846322.265941 -0.036223102 -0.072649516 0.059828982 0.050656464 0.031141715 0.010426724 0.998176038
1341846322.301996 -0.027544985 -0.086006373 0.063030317 0.048765697 0.029057054 0.010835630 0.998328686
1341846322.333949 -0.035623919 -0.103102729 0.054346830 0.047283523 0.027525915 0.010970641 0.998441875
1341846322.369871 -0.024546798 -0.114625067 0.059693404 0.048304122 0.021404017 0.007402373 0.998575866
1341846322.402292 -0.013919498 -0.130757049 0.052863061 0.049906239 0.022664523 0.001605446 0.998495400
1341846322.433955 -0.026645824 -0.156689316 0.060569145 0.054247573 0.025190195 -0.002781219 0.998205841
1341846322.470030 -0.022326820 -0.163013771 0.061628588 0.062597282 0.020184385 0.001499244 0.997833610
1341846322.502433 -0.010698583 -0.179163173 0.057333969 0.068197154 0.016318753 0.004798081 0.997526824
1341846322.534002 -0.007897668 -0.189770103 0.061988149 0.077180013 0.016303137 0.005838762 0.996866763
1341846322.570196 -0.007894934 -0.201902851 0.064289540 0.086564228 0.016032767 0.007854024 0.996086299
1341846322.601920 -0.014931434 -0.207711816 0.058107164 0.092042305 0.013384350 0.011116074 0.995603085
1341846322.638119 -0.001563343 -0.219574228 0.066954099 0.097420871 0.009590831 0.010670192 0.995139837
1341846322.669947 0.010121820 -0.228675812 0.065787852 0.101826698 0.011967620 0.009710453 0.994682729
1341846322.702026 -0.001980845 -0.241336346 0.066171974 0.104535587 0.014333031 0.011922416 0.994346380
1341846322.738006 -0.002365337 -0.236235708 0.066587538 0.106539503 0.011911264 0.013096675 0.994150877
1341846322.770087 0.008692922 -0.258746743 0.073709279 0.105746940 0.011946655 0.013096379 0.994235039
1341846322.806047 -0.000742360 -0.267926395 0.074865580 0.109616943 0.012293532 0.014997050 0.993784726
1341846322.838063 -0.005217938 -0.273332715 0.069474757 0.111449473 0.008135118 0.017044149 0.993590653
1341846322.870081 0.000319240 -0.287110358 0.079467967 0.113435403 0.002908957 0.018120062 0.993375897
1341846322.906018 0.014175184 -0.292564571 0.081422329 0.118291497 0.000627710 0.018291747 0.992810249
1341846322.938349 0.010929240 -0.278580248 0.085054874 0.119846486 0.001900112 0.018946819 0.992609799
1341846322.970069 0.013259952 -0.282128096 0.082119584 0.114899389 0.001335287 0.021228628 0.993149340
1341846323.011820 0.017769264 -0.298561275 0.085257664 0.112000950 0.001488194 0.021555254 0.993473172
1341846323.073951 0.014506514 -0.295173168 0.087646864 0.109883577 0.001525673 0.025657628 0.993612051
1341846323.105962 0.016022654 -0.318519652 0.086794347 0.105894633 0.001625606 0.025507215 0.994048834
1341846323.138158 0.017789165 -0.322508574 0.087321065 0.106359921 0.001513278 0.021919640 0.994084895
1341846323.174092 0.014044834 -0.325826466 0.085767567 0.104279354 0.001452238 0.020759482 0.994330347
1341846323.206059 0.024541810 -0.328683406 0.086046338 0.101621933 0.000126284 0.018745033 0.994646490
1341846323.238053 0.026787376 -0.328427106 0.087003373 0.099364810 0.003203566 0.016397640 0.994910836
1341846323.273997 0.008479200 -0.332108229 0.089801207 0.095123976 0.004202362 0.017859051 0.995296359
1341846323.305946 0.019125676 -0.340654135 0.091014102 0.089885868 -0.000302370 0.018659921 0.995777190
1341846323.342027 0.041150872 -0.359555960 0.098679498 0.087342873 0.000451380 0.016975505 0.996033549
1341846323.374048 0.019721387 -0.363893360 0.099141471 0.088062830 0.005015226 0.018094493 0.995937943
1341846323.405987 0.006819232 -0.375272751 0.088811785 0.087965459 0.001422243 0.023295157 0.995850027
1341846323.441956 0.022500591 -0.385626495 0.098336518 0.088936828 -0.003423715 0.025328236 0.995709300
1341846323.473878 0.023623252 -0.398551434 0.097714707 0.092815943 -0.001998502 0.023607008 0.995401382
1341846323.506129 0.019025385 -0.388663054 0.092473097 0.095959984 -0.001843554 0.021151388 0.995158732
1341846323.541972 0.029404391 -0.390109599 0.091715068 0.094366431 -0.002431752 0.019242276 0.995348573
1341846323.573913 0.054970257 -0.409621060 0.086696915 0.092973016 0.000098134 0.014768161 0.995559096
1341846323.609927 0.034773320 -0.408021331 0.093462512 0.093767181 0.007637771 0.010374126 0.995510876
1341846323.642014 0.020609159 -0.416824728 0.095194988 0.092656530 0.010094041 0.010796802 0.995588422
1341846323.674081 0.019544013 -0.429083407 0.094590716 0.092552833 0.008412911 0.013094937 0.995586157
1341846323.710069 0.019753838 -0.449928552 0.093687505 0.093474567 0.006844769 0.017489998 0.995444477
1341846323.742111 0.021057624 -0.460043669 0.090671986 0.097987339 0.005010997 0.017876603 0.995014489
1341846323.774928 0.022719534 -0.456796318 0.084125608 0.101570673 0.002682350 0.015205332 0.994708538
1341846323.810012 0.025118122 -0.460259438 0.084488615 0.103010520 0.001338937 0.011780195 0.994609654
1341846323.842207 0.028726678 -0.465645373 0.084467568 0.104337536 0.001246746 0.007092720 0.994515896
1341846323.878019 0.019892449 -0.478394508 0.075341366 0.104785576 0.001022866 0.002397625 0.994491458
1341846323.909826 0.023995642 -0.489752769 0.081245139 0.107982032 -0.001060598 -0.001328241 0.994151413
1341846323.942459 0.019005641 -0.489428431 0.074461795 0.112037063 -0.000575910 -0.001996926 0.993701875
1341846323.978055 0.012739075 -0.493008792 0.073442146 0.114412367 -0.003224440 -0.000333537 0.993428051
1341846324.015934 0.023111738 -0.494918108 0.074640095 0.118007980 -0.005955711 -0.000117252 0.992994785
1341846324.047722 0.025940133 -0.485758722 0.075062618 0.121857181 -0.004635405 -0.000856074 0.992536426
1341846324.083904 0.022165768 -0.467391491 0.077805609 0.123084061 -0.002833559 -0.002157976 0.992389858
1341846324.115968 0.028235767 -0.472797900 0.068388663 0.119826630 -0.001469264 -0.003537624 0.992787421
1341846324.151967 0.037295230 -0.465898663 0.064058132 0.119605474 0.000729391 -0.007036724 0.992796302
1341846324.183941 0.029311191 -0.454419434 0.071610451 0.116887867 0.005413802 -0.010665962 0.993073106
1341846324.219984 0.021858998 -0.450301856 0.073972918 0.112856649 0.007626639 -0.010480470 0.993526757
1341846324.251968 0.016730120 -0.450701505 0.080339812 0.112094171 0.007928941 -0.010831307 0.993606925
1341846324.284052 0.014462948 -0.436961591 0.080275625 0.112918988 0.007246403 -0.011624594 0.993509769
1341846324.319880 0.008885695 -0.421964705 0.081458941 0.111580320 0.003921634 -0.011971211 0.993675530
1341846324.351917 0.013047602 -0.407059282 0.084468976 0.108537771 0.000458485 -0.013470689 0.994000912
1341846324.388001 0.022754135 -0.398561239 0.076617777 0.104214497 0.000163706 -0.017240403 0.994405329
1341846324.419908 0.019375516 -0.385012537 0.081246302 0.099594392 0.002410332 -0.019529477 0.994833529
1341846324.452027 0.015261346 -0.382773250 0.088698946 0.095022358 0.002773243 -0.020019004 0.995269954
1341846324.487928 0.013231504 -0.379947603 0.088863298 0.093277797 0.002509624 -0.017959490 0.995474935
1341846324.519985 0.001526336 -0.367787749 0.092379473 0.092247859 0.000920760 -0.013529588 0.995643735
1341846324.556001 0.000958672 -0.348664194 0.088662267 0.090940513 -0.004036714 -0.009499235 0.995802820
1341846324.587888 0.002710077 -0.336055011 0.094441399 0.087579131 -0.007330148 -0.006968260 0.996106207
1341846324.620086 0.003690950 -0.330480009 0.093465447 0.085357167 -0.009940374 -0.009408006 0.996256411
1341846324.655955 0.008758572 -0.317548543 0.097501829 0.084269725 -0.011224611 -0.010658958 0.996322751
1341846324.688082 0.003136632 -0.316307068 0.101645082 0.083423004 -0.010601541 -0.010018298 0.996407449
1341846324.755922 -0.013559809 -0.278721690 0.098357007 0.085239522 -0.013271751 -0.006094557 0.996253490
1341846324.814016 0.008614229 -0.238732442 0.095197476 0.080980301 -0.020176286 -0.008486405 0.996475339
1341846324.849979 -0.003715731 -0.235147819 0.103216268 0.074858986 -0.016226789 -0.011278321 0.996998310
1341846324.881924 -0.014815848 -0.232918873 0.108298987 0.071707860 -0.016884224 -0.011750823 0.997213542
1341846324.913902 -0.006740844 -0.222725883 0.106872573 0.070690282 -0.018796295 -0.008178357 0.997287691
1341846324.949999 -0.010819241 -0.228032798 0.110712484 0.070649572 -0.018761862 -0.004904407 0.997312725
1341846324.981922 -0.018409315 -0.220423326 0.111379623 0.075316615 -0.021082727 -0.001379792 0.996935785
1341846325.018013 -0.017577551 -0.206210464 0.103202783 0.079699248 -0.026018668 0.000645795 0.996479154
1341846325.050079 -0.023198877 -0.192812279 0.099752888 0.081607528 -0.030671766 -0.000319991 0.996192455
1341846325.081901 -0.021015754 -0.175351650 0.095118403 0.081091292 -0.036177415 -0.002813996 0.996045887
1341846325.118531 -0.007732449 -0.155641422 0.103224747 0.077485912 -0.038665228 -0.004337839 0.996233940
1341846325.149933 -0.010337503 -0.156757176 0.105763502 0.071532220 -0.036058497 -0.006228325 0.996766806
1341846325.181925 -0.016041953 -0.153567523 0.108291268 0.068096682 -0.034639802 -0.004296388 0.997067928
1341846325.218055 -0.014324017 -0.147680834 0.108585283 0.065151699 -0.034804575 0.000591081 0.997268021
1341846325.249811 -0.018166512 -0.139128864 0.109927759 0.063211665 -0.034605991 0.004234429 0.997390985
1341846325.285925 -0.014277613 -0.129980519 0.112155937 0.060736153 -0.035409927 0.007333882 0.997498631
1341846325.317988 -0.000042925 -0.134114772 0.115127131 0.057919711 -0.034046948 0.010373276 0.997686565
1341846325.349844 -0.006013323 -0.137730688 0.119479924 0.060536217 -0.028628366 0.012182485 0.997681022
1341846325.387302 -0.007364557 -0.122235462 0.117126651 0.065848261 -0.025757642 0.014373972 0.997393608
1341846325.417931 0.005716068 -0.115670696 0.131877154 0.068363227 -0.021621054 0.017928421 0.997265041
1341846325.450747 0.014792321 -0.121061236 0.130742848 0.073243693 -0.013693882 0.019308284 0.997033119
1341846325.485954 -0.008395718 -0.097980745 0.141168654 0.082560845 -0.005549631 0.020969277 0.996349990
1341846325.517875 -0.009560118 -0.093596503 0.127410784 0.085641392 -0.002925681 0.023316834 0.996048868
1341846325.553859 -0.008430785 -0.086951807 0.127716362 0.088680409 0.000546513 0.023117671 0.995791674
1341846325.585855 -0.017026696 -0.067896850 0.131819874 0.091487274 0.004050164 0.021032592 0.995575845
1341846325.617990 -0.016847691 -0.047399968 0.127206832 0.089123107 0.005480437 0.020252813 0.995799601
1341846325.653982 -0.018624127 -0.064507596 0.135534734 0.085216753 0.007328793 0.017296802 0.996185303
1341846325.685819 -0.021386914 -0.061204765 0.135958388 0.090607628 0.009058530 0.018316066 0.995676994
1341846325.717857 -0.025012242 -0.046554372 0.142285079 0.095469803 0.010019259 0.025548609 0.995053947
1341846325.754083 -0.028385565 -0.047017865 0.141128808 0.098225385 0.010401124 0.029293569 0.994678557
1341846325.786087 -0.022340000 -0.039614134 0.141085878 0.104808658 0.010453939 0.030800169 0.993960381
1341846325.821856 -0.025307681 -0.019998372 0.142958596 0.109178960 0.012300543 0.032333203 0.993419945
1341846325.853827 -0.033706788 -0.014370190 0.144158199 0.109830499 0.013392804 0.035681993 0.993219376
1341846325.885958 -0.044081151 -0.001437038 0.144121066 0.110447146 0.011272707 0.041347712 0.992957532
1341846325.921984 -0.037671283 0.003459692 0.151199177 0.109446459 0.006760994 0.045880839 0.992910206
1341846325.953899 -0.029509291 0.008970302 0.152398854 0.112666488 0.006858971 0.047324747 0.992481530
1341846325.985823 -0.031793512 0.020832855 0.157307699 0.115542233 0.009739033 0.051723868 0.991907179
1341846326.021991 -0.035934664 0.022409115 0.158832222 0.118164510 0.010205109 0.057514828 0.991274476
1341846326.054055 -0.034015764 0.035122942 0.159553707 0.123419039 0.009294682 0.061006594 0.990434051
1341846326.089984 -0.026584022 0.053728763 0.154640004 0.126254246 0.010531016 0.060268391 0.990109444
1341846326.121822 -0.028545070 0.064125508 0.159517393 0.125926986 0.014769682 0.057867706 0.990240157
1341846326.154079 -0.033506956 0.064316750 0.167315394 0.126010269 0.017488299 0.056812804 0.990246415
1341846326.190178 -0.038075015 0.077869162 0.170883581 0.128997460 0.017217960 0.058826502 0.989748776
1341846326.222162 -0.040706228 0.093072183 0.165782481 0.128430486 0.015449457 0.064726479 0.989483416
1341846326.259181 -0.040686291 0.102369435 0.167108268 0.125100359 0.012832133 0.068540111 0.989690602
1341846326.322766 -0.037090704 0.129267216 0.178268924 0.118309014 0.012368006 0.067491032 0.990603328
1341846326.359773 -0.036139142 0.132633090 0.180759460 0.114131182 0.013793550 0.065631181 0.991199434
1341846326.392109 -0.033270013 0.124836124 0.185402319 0.111871853 0.015516833 0.066910386 0.991346002
1341846326.423985 -0.036383711 0.133958310 0.189868510 0.116477773 0.016297136 0.072369926 0.990419030
1341846326.459869 -0.039756745 0.151367813 0.191638976 0.119009577 0.013740972 0.075951651 0.989888489
1341846326.526163 -0.031929191 0.184552208 0.194438696 0.119580418 0.015385277 0.074407145 0.989912808
1341846326.560211 -0.034353960 0.187729269 0.194752410 0.114042401 0.019265208 0.074992783 0.990454078
1341846326.591828 -0.036423739 0.190488279 0.200698271 0.110535078 0.021484656 0.076603144 0.990682781
1341846326.627027 -0.034835018 0.204067633 0.202895552 0.110679805 0.022920255 0.075505026 0.990718722
1341846326.658442 -0.032997772 0.219799668 0.202858403 0.108653672 0.026669478 0.074196540 0.990948021
1341846326.694856 -0.037993260 0.230761901 0.206015810 0.105077051 0.030304845 0.075118251 0.991159737
1341846326.726206 -0.037247479 0.247861490 0.216941267 0.099894740 0.031156637 0.072927505 0.991832554
1341846326.762753 -0.028038260 0.257234007 0.216288432 0.093426883 0.032903865 0.070164695 0.992605448
1341846326.826821 -0.036572479 0.297728896 0.222478032 0.080116779 0.039335661 0.065689988 0.993840456
1341846326.858887 -0.039242700 0.297964007 0.225469291 0.071388178 0.041035134 0.064458385 0.994517446
1341846326.895360 -0.044040784 0.290449858 0.229595333 0.067933403 0.040914442 0.065785922 0.994677484
1341846326.926897 -0.047382213 0.297664464 0.230915278 0.069976427 0.037375204 0.067352168 0.994570315
1341846326.958888 -0.035717398 0.315213352 0.227673650 0.072864071 0.034033094 0.071460627 0.994196117
1341846326.994594 -0.036871631 0.325947493 0.226464957 0.073636502 0.034964688 0.072785638 0.994010746
1341846327.026301 -0.037112053 0.342377990 0.223750785 0.072102144 0.036360051 0.071612813 0.994158387
1341846327.063945 -0.035216499 0.344766617 0.225599468 0.068275414 0.038571052 0.068868443 0.994539022
1341846327.094662 -0.038535967 0.356168628 0.234366193 0.068182662 0.041427635 0.066253617 0.994608104
1341846327.128901 -0.039634440 0.367371649 0.235588714 0.067705460 0.041142873 0.065672606 0.994691074
1341846327.161940 -0.039160579 0.376971483 0.236616060 0.066618368 0.039863154 0.064967960 0.994862854
1341846327.193867 -0.028605809 0.379857242 0.243418977 0.065494239 0.040520947 0.063306004 0.995018005
1341846327.229885 -0.025238987 0.396993846 0.239616394 0.066735283 0.043414462 0.061894674 0.994902313
1341846327.262014 -0.022059165 0.409140199 0.248022303 0.066065401 0.047903322 0.058151126 0.994966865
1341846327.294023 -0.029351939 0.415079057 0.244476676 0.069549173 0.061378807 0.053013369 0.994276166
1341846327.330015 -0.030160524 0.435930282 0.223910630 0.071799889 0.071052253 0.048532601 0.993700624
1341846327.361939 -0.022653146 0.453493267 0.255316943 0.069729738 0.075722188 0.043699116 0.993727446
1341846327.393887 -0.020699037 0.463116586 0.255263656 0.068605110 0.077562362 0.037823588 0.993904829
1341846327.429966 -0.038817760 0.495539904 0.253266692 0.067970455 0.078669675 0.035477199 0.993947923
1341846327.461965 -0.045828000 0.500062525 0.270634592 0.058636431 0.075304106 0.034458328 0.994838536
1341846327.497931 -0.034529731 0.500911295 0.267812461 0.053359393 0.072725296 0.032899547 0.995380044
1341846327.530068 -0.033546429 0.518151581 0.276217490 0.053396862 0.072825246 0.037699968 0.995200455
1341846327.561895 -0.039963234 0.531091511 0.285488307 0.052720442 0.071004987 0.043343671 0.995138288
1341846327.598010 -0.044932291 0.533084810 0.286730230 0.053376388 0.068221837 0.048504710 0.995059788
1341846327.629945 -0.047456957 0.551189661 0.286355317 0.053941913 0.063106813 0.047314309 0.995424092
1341846327.662003 -0.044490814 0.552535474 0.288020015 0.053674541 0.059892140 0.043022521 0.995831847
1341846327.697919 -0.042990789 0.573938191 0.288165271 0.057027362 0.058645692 0.044262044 0.995665312
1341846327.730075 -0.045232773 0.596365869 0.290452242 0.053820532 0.058015183 0.044342987 0.995877147
1341846327.766017 -0.044626415 0.597427487 0.292794555 0.048022389 0.057294395 0.045854028 0.996146858
1341846327.797917 -0.045147032 0.624671936 0.295297891 0.045175292 0.056636218 0.049026698 0.996166587
1341846327.830054 -0.045461923 0.629628301 0.296594948 0.037861947 0.056240335 0.048516840 0.996518731
1341846327.865944 -0.045863867 0.627085149 0.293880671 0.032598503 0.057737987 0.048366699 0.996626496
1341846327.898010 -0.047375258 0.645833015 0.301412195 0.030979639 0.058841471 0.049686041 0.996548653
1341846327.929991 -0.047206353 0.657877266 0.302867264 0.027192252 0.056926981 0.048048031 0.996850669
1341846327.966065 -0.046186879 0.674017131 0.301006675 0.023685779 0.057071134 0.045595974 0.997047126
1341846327.998073 -0.045734350 0.678993046 0.300591439 0.016135525 0.058148902 0.042471450 0.997273564
1341846328.034045 -0.045991790 0.683949888 0.300550431 0.010263146 0.058911581 0.041059226 0.997365654
1341846328.065993 -0.049533110 0.677088141 0.301059872 0.003738204 0.060203683 0.040976625 0.997337699
1341846328.098045 -0.051045615 0.666549981 0.308518946 0.001877330 0.061040610 0.041553274 0.997268200
1341846328.133967 -0.053003322 0.668617368 0.304977864 0.005392760 0.059741613 0.046776127 0.997102737
1341846328.166023 -0.050172504 0.663676023 0.303411394 0.004829495 0.056343623 0.046536848 0.997314572
1341846328.198018 -0.052689407 0.646331608 0.302645087 0.003389794 0.054250374 0.043443117 0.997576118
1341846328.234044 -0.052491732 0.632179499 0.295291722 0.005652789 0.052775756 0.042507544 0.997685254
1341846328.265899 -0.049811613 0.627089024 0.292163491 0.007751073 0.050606661 0.043160602 0.997755468
1341846328.302051 -0.047436602 0.600284338 0.291099757 0.009388563 0.049719691 0.043998055 0.997749448
1341846328.333917 -0.047271930 0.586411595 0.285334498 0.012502723 0.049655970 0.046666596 0.997597218
1341846328.366008 -0.050356664 0.560325801 0.285272509 0.016247904 0.050258812 0.041594308 0.997737408
1341846328.402010 -0.050216269 0.535656393 0.283574253 0.028418524 0.051942036 0.044216372 0.997265935
1341846328.433920 -0.048003681 0.518415093 0.281349361 0.031933837 0.049803488 0.045510478 0.997210443
1341846328.470003 -0.042760745 0.495198935 0.277037054 0.030255863 0.048272651 0.038364477 0.997638464
1341846328.502194 -0.036094088 0.467255116 0.264838278 0.031443328 0.050110303 0.029767659 0.997804701
1341846328.534033 -0.034969635 0.449312449 0.261680901 0.032716498 0.052941181 0.027550885 0.997681201
1341846328.570125 -0.037988037 0.433066130 0.278801978 0.035184640 0.053315911 0.029876202 0.997510314
1341846328.602804 -0.045009643 0.403625607 0.265878737 0.040429700 0.048103198 0.035278007 0.997400165
1341846328.672663 -0.039456613 0.361662567 0.260671020 0.048304908 0.035834797 0.031407937 0.997695386
1341846328.702975 -0.027966715 0.348038167 0.262256980 0.051465180 0.031044077 0.030679179 0.997720599
1341846328.770129 -0.017118383 0.315803587 0.239376023 0.059165921 0.027531393 0.026152540 0.997525692
1341846328.802331 -0.021917511 0.298337221 0.251727402 0.060135748 0.025200374 0.025421798 0.997548163
1341846328.838051 -0.012733323 0.283192486 0.235138446 0.063647911 0.022600083 0.022861872 0.997454524
1341846328.869939 -0.014104207 0.285623789 0.232355878 0.064431988 0.021658955 0.021247817 0.997460723
1341846328.904486 -0.011874239 0.266808659 0.236380309 0.059508756 0.018095158 0.022418963 0.997811973
1341846328.939814 -0.006710819 0.239791721 0.238439858 0.062035341 0.014861681 0.022228610 0.997715712
1341846328.970217 -0.004400081 0.234165937 0.226877511 0.065932497 0.013121237 0.025279937 0.997417510
1341846329.006232 -0.001503444 0.220027477 0.223633572 0.066451490 0.010704299 0.029362839 0.997300088
1341846329.038243 0.002182106 0.201011032 0.220908165 0.069633797 0.009555184 0.029288439 0.997096837
1341846329.106125 0.001995790 0.199364290 0.211537644 0.073192567 0.009618921 0.028412594 0.996866643
1341846329.138340 0.006876925 0.182078019 0.212215617 0.074416563 0.008472135 0.026237745 0.996846020
1341846329.169991 0.002324494 0.180061072 0.198681042 0.076610595 0.007960272 0.025550477 0.996701896
1341846329.208656 0.006224576 0.171286792 0.199495763 0.076859191 0.006524120 0.025054632 0.996705770
1341846329.238169 0.009913832 0.171053708 0.194024369 0.076639317 0.005297636 0.025100283 0.996728837
1341846329.273827 0.010871285 0.154666707 0.192609802 0.074280038 0.004294685 0.025768379 0.996895194
1341846329.306052 0.009104555 0.152056754 0.186481833 0.074977860 0.002135412 0.024669224 0.996877730
1341846329.338104 0.012826371 0.153520644 0.184787944 0.072020717 0.000167181 0.022926455 0.997139573
1341846329.373907 0.014180897 0.127128899 0.182987139 0.067294993 -0.000671828 0.021281397 0.997505903
1341846329.405985 0.015316370 0.117600322 0.181095600 0.068631664 -0.002190640 0.018495809 0.997468174
1341846329.442057 0.013741015 0.116193533 0.177706867 0.068431981 -0.002356804 0.014737565 0.997544169
1341846329.473950 0.012796388 0.101494998 0.174571112 0.066888623 -0.003445770 0.008881377 0.997714996
1341846329.506147 0.013086502 0.096014336 0.170319557 0.067166850 -0.005414039 0.006143680 0.997708142
1341846329.542121 0.010776070 0.081972122 0.165305778 0.064888217 -0.008352538 0.006169736 0.997838497
1341846329.574086 0.017764155 0.066653624 0.167688206 0.067334905 -0.011182507 0.004943708 0.997655511
1341846329.606387 0.015865680 0.065213278 0.160853252 0.069802418 -0.011290005 0.003307205 0.997491479
1341846329.641955 0.009973890 0.061323240 0.159890443 0.069818817 -0.011984062 0.003513755 0.997481525
1341846329.681570 0.009823011 0.050395448 0.163118199 0.068671912 -0.014848917 0.003621178 0.997522235
1341846329.748113 0.019172257 0.045530632 0.156447932 0.071150430 -0.015834916 0.001673305 0.997338474
1341846329.810175 0.019058242 0.017029624 0.155510128 0.068388678 -0.012792141 0.006453093 0.997555852
1341846329.842255 0.013134133 0.010366345 0.154346451 0.070158392 -0.011973207 0.009450878 0.997419238
1341846329.874044 0.014482375 0.001323076 0.153882921 0.071619801 -0.012219783 0.012797308 0.997275054
1341846329.910073 0.013737634 0.008354412 0.156359479 0.072266936 -0.012462136 0.014996151 0.997194707
1341846329.942009 0.012526726 0.006772798 0.156139642 0.067665659 -0.012821539 0.020514669 0.997414708
1341846329.978087 0.010592812 -0.019744672 0.148286715 0.064935729 -0.013152785 0.021317983 0.997574985
1341846330.016305 0.015662940 -0.011195074 0.143255621 0.067363240 -0.012475180 0.019198112 0.997465789
1341846330.048192 0.010598447 -0.004395206 0.143800989 0.064015307 -0.010693006 0.020810163 0.997674644
1341846330.080418 0.014075155 -0.028067136 0.144402415 0.058666557 -0.011325897 0.022947829 0.997949600
1341846330.115886 0.010991242 -0.042628091 0.139589056 0.061172526 -0.009180534 0.023343720 0.997811973
1341846330.147839 0.009302503 -0.028782723 0.138791293 0.064270057 -0.009317412 0.025545938 0.997561991
1341846330.181257 0.007495400 -0.013585273 0.136952266 0.060235552 -0.009586393 0.028088519 0.997742832
1341846330.215852 0.010324776 -0.031877436 0.140432641 0.053066697 -0.009020112 0.028117390 0.998154283
1341846330.247833 0.002694139 -0.036789030 0.138457730 0.051232886 -0.007959642 0.026799075 0.998295367
1341846330.283913 -0.000076254 -0.022139786 0.133226529 0.048340436 -0.008459350 0.027149217 0.998426020
1341846330.316011 0.001958201 -0.039522275 0.138364345 0.041215613 -0.009504143 0.026817542 0.998745084
1341846330.347868 0.000522018 -0.049784351 0.137173072 0.038581315 -0.011213655 0.026242197 0.998847842
1341846330.383835 0.004384161 -0.049231697 0.136790007 0.037123177 -0.011846148 0.026364608 0.998892605
1341846330.415934 0.003016723 -0.065618239 0.138506755 0.035918370 -0.010893585 0.024480088 0.998995483
1341846330.452561 -0.001775963 -0.066605054 0.136351690 0.038873747 -0.011126461 0.023508651 0.998905599
1341846330.483903 -0.006199906 -0.060470857 0.131186604 0.039303143 -0.012682052 0.025786936 0.998814046
1341846330.515970 -0.004812745 -0.071120724 0.131587237 0.037285179 -0.015167887 0.029626744 0.998750210
1341846330.552099 -0.002131237 -0.074450456 0.128926277 0.038598914 -0.016649425 0.031907171 0.998606443
1341846330.583876 -0.007702757 -0.063187338 0.126099110 0.038749505 -0.016522845 0.032166004 0.998594403
1341846330.619992 -0.016456399 -0.053789310 0.124193504 0.034792487 -0.016964665 0.030995045 0.998769760
1341846330.652136 -0.010683239 -0.062738411 0.126296520 0.027893757 -0.019239748 0.029872002 0.998979211
1341846330.683796 -0.014355700 -0.067034364 0.121386595 0.023027610 -0.018580899 0.028759707 0.999148309
1341846330.719991 -0.018783698 -0.082459211 0.112356931 0.019788895 -0.020681076 0.030224543 0.999133229
1341846330.752103 -0.020899266 -0.086319275 0.112209074 0.021569801 -0.024789494 0.034698255 0.998857439
1341846330.787952 -0.028755598 -0.079854026 0.109173819 0.022908114 -0.029045789 0.037675247 0.998605132
1341846330.819823 -0.023319229 -0.078731135 0.113603882 0.022722470 -0.034036193 0.038538326 0.998418748
1341846330.852208 -0.025679708 -0.069927536 0.105269209 0.022808544 -0.035221685 0.038569562 0.998374462
1341846330.914111 -0.031212708 -0.060489103 0.100059830 0.013807368 -0.038263615 0.038050532 0.998447537
1341846330.949903 -0.034517422 -0.072535597 0.098459415 0.010154836 -0.039199162 0.038772445 0.998427272
1341846330.981986 -0.042356748 -0.071877003 0.089089833 0.011108718 -0.043163076 0.039852839 0.998211026
1341846331.014111 -0.038860574 -0.062685996 0.095060736 0.011356496 -0.047626913 0.039777573 0.998008251
1341846331.082139 -0.039681375 -0.068453580 0.087143824 0.012726561 -0.050526809 0.036569603 0.997971833
1341846331.114334 -0.043770805 -0.065094225 0.085484385 0.012651467 -0.052446064 0.036041737 0.997892976
1341846331.149989 -0.040374558 -0.073055804 0.087725170 0.012635197 -0.053596273 0.035106543 0.997865379
1341846331.181954 -0.042897888 -0.072238848 0.079079531 0.015952427 -0.053729277 0.033849221 0.997854173
1341846331.218151 -0.052657891 -0.059193257 0.074466646 0.016233707 -0.056215618 0.034393791 0.997694016
1341846331.249914 -0.039673999 -0.068771437 0.084622450 0.013697070 -0.059001304 0.033281367 0.997608960
1341846331.318141 -0.033380859 -0.068137944 0.081528455 0.024019938 -0.049507473 0.029182954 0.998058319
1341846331.349926 -0.028285960 -0.062301777 0.080561578 0.023544569 -0.047247339 0.028367536 0.998202682
1341846331.382003 0.012367326 -0.083955772 0.097569190 0.025136245 -0.044181634 0.029865462 0.998260558
1341846331.418008 0.003514019 -0.080174983 0.087464795 0.032031424 -0.033407085 0.028808013 0.998512924
1341846331.450327 -0.020256275 -0.064161733 0.099795185 0.034862645 -0.026282655 0.027731601 0.998661518
1341846331.486219 -0.028889336 -0.058564000 0.106794767 0.035143383 -0.023645375 0.028587859 0.998693466
1341846331.518344 -0.019423947 -0.060613092 0.107549965 0.033771969 -0.023490397 0.027286341 0.998780787
1341846331.550202 -0.015099388 -0.067799017 0.117360435 0.035692658 -0.018705828 0.025686622 0.998857498
1341846331.586139 -0.024067495 -0.053051889 0.122640401 0.038811140 -0.016892055 0.026208548 0.998759985
1341846331.617931 -0.017362095 -0.050269611 0.131674096 0.037944097 -0.017452905 0.026631761 0.998772442
1341846331.654027 -0.010829492 -0.057710432 0.142493531 0.038031414 -0.014972233 0.026944906 0.998800993
1341846331.686123 -0.016511962 -0.047942001 0.143292800 0.040843856 -0.011832941 0.028653348 0.998684525
1341846331.717954 -0.020984687 -0.038223218 0.147342294 0.038412843 -0.012644659 0.028939852 0.998762786
1341846331.754076 -0.006323290 -0.051667247 0.157725438 0.035238840 -0.013165132 0.028219573 0.998893678
1341846331.785920 -0.007281257 -0.054237537 0.170388803 0.037928469 -0.010035533 0.026926167 0.998867214
1341846331.818053 -0.009009568 -0.041114148 0.178280234 0.039015878 -0.008406392 0.027210392 0.998832643
1341846331.853849 -0.011570740 -0.048743546 0.190015003 0.037327498 -0.007770025 0.026219703 0.998928845
1341846331.885987 -0.001326436 -0.049547032 0.201874390 0.040279016 -0.005921760 0.024074119 0.998880863
1341846331.922014 -0.003973380 -0.043471213 0.211009130 0.042261329 -0.002540851 0.023206072 0.998833835
1341846331.954037 0.003168635 -0.042420484 0.221388578 0.042198151 -0.000370390 0.024254283 0.998814762
1341846331.986135 0.011688427 -0.053868905 0.237021983 0.043954793 0.004738633 0.025281496 0.998702347
1341846332.022364 -0.005450652 -0.055551872 0.252303064 0.051010709 0.011120700 0.024721442 0.998330176
1341846332.054175 -0.008720549 -0.051380455 0.259910882 0.057100188 0.011190589 0.027003389 0.997940481
1341846332.086502 -0.004153064 -0.048571344 0.273916036 0.060005046 0.010826810 0.028495265 0.997732520
1341846332.122051 -0.005559152 -0.043928996 0.282925665 0.061908327 0.011966033 0.027587246 0.997628748
1341846332.153983 -0.011821948 -0.028830085 0.296961427 0.061037980 0.011789639 0.025342220 0.997744024
1341846332.190165 -0.013538992 -0.027562264 0.313890159 0.054653633 0.010360526 0.022836730 0.998190463
1341846332.254145 -0.012791911 -0.046177458 0.346921533 0.053864606 0.010545827 0.020847527 0.998274922
1341846332.289948 -0.016089413 -0.040884126 0.355083138 0.056115150 0.010587262 0.023041291 0.998102248
1341846332.322172 -0.011876860 -0.042923979 0.365937203 0.056639615 0.009607643 0.025074759 0.998033524
1341846332.354003 -0.005304314 -0.050121244 0.368178636 0.058591716 0.011342903 0.022317819 0.997968078
1341846332.390180 -0.008254962 -0.032881081 0.383844405 0.061435152 0.016097905 0.019004041 0.997800291
1341846332.422055 -0.011332859 -0.031201154 0.394571275 0.059506021 0.018441243 0.015558518 0.997936368
1341846332.458114 -0.008121166 -0.036218900 0.401794076 0.058411136 0.020671265 0.011442425 0.998013020
1341846332.489993 -0.017694686 -0.030554904 0.413060516 0.059726838 0.023234220 0.013600564 0.997851670
1341846332.522130 -0.022762481 -0.025886456 0.431066096 0.059350349 0.019638080 0.019097837 0.997861326
1341846332.558114 -0.018979508 -0.029900838 0.437351555 0.059202254 0.013850729 0.026217608 0.997805536
1341846332.589874 -0.011263603 -0.018144853 0.439763039 0.059714019 0.010594095 0.030206485 0.997702181
1341846332.621889 -0.007140787 -0.012564167 0.448875725 0.055570547 0.010240992 0.032802563 0.997863233
1341846332.658202 -0.002350991 -0.018739460 0.460129559 0.051243823 0.010608613 0.031532351 0.998131871
1341846332.690001 -0.002872135 -0.015728874 0.469618440 0.049438328 0.011697529 0.032793205 0.998170137
1341846332.726000 -0.004484584 -0.020591896 0.480453759 0.048040200 0.010826706 0.036719520 0.998111486
1341846332.758386 0.000250279 -0.019236568 0.485629916 0.048670091 0.007934152 0.038249623 0.998050690
1341846332.789937 0.010157036 -0.008327749 0.496401459 0.048909843 0.008021181 0.036739979 0.998095036
1341846332.825925 0.008556114 -0.010468978 0.508354545 0.046425734 0.011031959 0.034877598 0.998251736
1341846332.857898 0.014800747 -0.011981774 0.518300354 0.047012102 0.011504612 0.034999479 0.998214662
1341846332.894069 0.012587177 0.002832618 0.529914200 0.048239607 0.011907854 0.034727927 0.998160899
1341846332.926029 0.019216754 0.005838647 0.538268209 0.044614464 0.012097703 0.032757800 0.998393774
1341846332.958015 0.023132036 0.007327914 0.547475576 0.041715264 0.014047098 0.029820861 0.998585641
1341846332.994073 0.025855524 0.010827586 0.553731084 0.038882390 0.014997083 0.029165654 0.998705506
1341846333.026545 0.031513568 0.009986885 0.560028613 0.036077186 0.015787011 0.026925329 0.998861492
1341846333.057998 0.040237226 0.010840178 0.568538845 0.035090521 0.017263589 0.028052624 0.998841166
1341846333.094024 0.040594891 0.011237703 0.575384974 0.035461593 0.018978043 0.031529844 0.998693228
1341846333.126095 0.044789340 0.014634654 0.580231369 0.036055509 0.020547215 0.033496421 0.998576939
1341846333.161973 0.048757188 0.022637144 0.584418297 0.035569988 0.023026986 0.034201257 0.998516321
1341846333.195660 0.050538067 0.020778310 0.592773974 0.032637272 0.025008786 0.036731713 0.998478889
1341846333.226331 0.050470605 0.023066707 0.595817208 0.031426590 0.025820890 0.035802145 0.998530865
1341846333.262056 0.052844800 0.032165881 0.603987217 0.029355047 0.026037738 0.034193147 0.998644650
1341846333.294147 0.053727932 0.029760400 0.610250831 0.025537046 0.026036190 0.033353683 0.998778045
1341846333.326100 0.058858067 0.031424582 0.611486912 0.024010727 0.024101973 0.031530064 0.998923659
1341846333.362100 0.057483561 0.036974493 0.611005962 0.021164775 0.024105100 0.029434012 0.999051869
1341846333.394119 0.057295509 0.030072963 0.617036283 0.017198008 0.022988440 0.029991603 0.999137759
1341846333.429974 0.062076382 0.034755647 0.620988548 0.016901165 0.020668581 0.029752083 0.999200642
1341846333.462115 0.063461520 0.030717224 0.618963838 0.016393108 0.020802166 0.028395455 0.999245822
1341846333.494040 0.068996847 0.032390133 0.621663034 0.017294753 0.020982156 0.027346654 0.999256134
1341846333.529953 0.058167130 0.028415984 0.617947757 0.017587809 0.024445415 0.026318327 0.999199867
1341846333.562063 0.072273605 0.034678232 0.625576556 0.019069852 0.024115158 0.028360885 0.999124825
1341846333.594090 0.063062780 0.039810665 0.626703382 0.018307887 0.024648326 0.029391134 0.999096334
1341846333.629994 0.063066348 0.042000264 0.626884878 0.014800548 0.022005184 0.028780272 0.999233902
1341846333.662127 0.063316308 0.040477261 0.624069154 0.011709067 0.021023611 0.027621079 0.999328792
1341846333.697964 0.067496888 0.034364335 0.623421311 0.009336037 0.020460773 0.028831130 0.999331236
1341846333.730092 0.069019459 0.033762179 0.620521605 0.011818705 0.020371918 0.029408896 0.999289930
1341846333.762089 0.068603396 0.034825847 0.616694212 0.013712318 0.021116097 0.031051235 0.999200642
1341846333.798006 0.064316951 0.032586575 0.613420963 0.014981038 0.022309931 0.030393625 0.999176681
1341846333.830055 0.062642574 0.031862326 0.606829524 0.017452488 0.023636013 0.028780786 0.999153852
1341846333.866045 0.058521792 0.035660125 0.602710187 0.018948497 0.025405895 0.027490973 0.999119461
1341846333.897987 0.057224773 0.028775122 0.599349916 0.019839281 0.025439687 0.025887158 0.999144137
1341846333.930099 0.058562312 0.025848156 0.594382644 0.022666968 0.025994135 0.024483383 0.999105155
1341846333.965889 0.055315174 0.027557135 0.589298844 0.025171340 0.027189113 0.024248548 0.999019086
1341846333.997985 0.055598449 0.021909580 0.582839191 0.027185978 0.027963260 0.024253540 0.998944819
1341846334.030076 0.051613990 0.024811383 0.577406824 0.030726204 0.029537339 0.025232738 0.998772621
1341846334.066000 0.043461036 0.021261375 0.571131051 0.032299705 0.030030074 0.026469849 0.998676240
1341846334.097932 0.042001251 0.021910764 0.563130617 0.034294128 0.030135531 0.026116727 0.998615861
1341846334.133884 0.039819300 0.020762417 0.557823956 0.035569813 0.031185236 0.026646039 0.998525023
1341846334.166115 0.032627985 0.021644529 0.549424648 0.035946988 0.030515663 0.027409509 0.998511553
1341846334.198072 0.031904750 0.019808039 0.541824341 0.036318168 0.028815145 0.026624894 0.998569846
1341846334.234097 0.034922805 0.021917403 0.535486996 0.036798511 0.028566075 0.025636878 0.998585284
1341846334.266045 0.028967552 0.018362708 0.529204786 0.036563467 0.030676698 0.026179561 0.998517215
1341846334.297946 0.021217193 0.016303953 0.518107355 0.037425708 0.029763721 0.027726112 0.998471200
1341846334.334036 0.021649806 0.019284066 0.514499307 0.038327228 0.027902681 0.027665181 0.998492420
1341846334.365871 0.022317445 0.022093359 0.503800809 0.037972782 0.027611457 0.026781827 0.998538136
1341846334.401845 0.017752949 0.018557981 0.497683793 0.036372893 0.028869297 0.025224488 0.998602688
1341846334.433864 0.008602785 0.014980983 0.493444026 0.036230266 0.028499255 0.025852168 0.998602450
1341846334.466105 0.010116313 0.021030799 0.482815921 0.037443761 0.026648143 0.026424583 0.998593807
1341846334.502142 0.002626950 0.019622099 0.476815134 0.036095407 0.025837727 0.026923887 0.998651385
1341846334.540153 0.004127217 0.017370317 0.466501981 0.035393950 0.024229402 0.026129220 0.998737931
1341846334.602351 -0.007986132 0.025735514 0.454337150 0.031549722 0.021041060 0.018743213 0.999104917
1341846334.670161 -0.011601087 0.021550266 0.439167708 0.026068769 0.018205557 0.012420611 0.999417186
1341846334.702085 -0.019593511 0.016018342 0.428121328 0.024425853 0.016625036 0.012611154 0.999483824
1341846334.734751 -0.021373492 0.017174302 0.423227221 0.024866352 0.014014808 0.013910394 0.999495745
1341846334.770889 -0.026572967 0.014758727 0.415279657 0.024775712 0.012666904 0.016547132 0.999475837
1341846334.802194 -0.027331926 0.014543124 0.403476536 0.023997789 0.009740813 0.017745093 0.999507070
1341846334.833908 -0.028151553 0.019618295 0.394581884 0.024394440 0.008189661 0.015767055 0.999544561
1341846334.869874 -0.028246326 0.018953856 0.385868073 0.022456493 0.007509497 0.016420340 0.999584794
1341846334.902006 -0.039153155 0.016622469 0.374884278 0.020708911 0.006715129 0.016626008 0.999624789
1341846334.938010 -0.041201204 0.014116989 0.364966720 0.020000998 0.003666992 0.015722750 0.999669611
1341846334.970032 -0.035684802 0.014720208 0.353537023 0.020200660 0.002189131 0.014926956 0.999682128
1341846335.002203 -0.042859353 0.008561761 0.347998708 0.021236060 0.003125193 0.016329890 0.999636292
1341846335.037880 -0.049971718 0.011507219 0.334831059 0.024045357 0.000316705 0.018767556 0.999534667
1341846335.069990 -0.046774838 0.016837044 0.325519055 0.024790255 -0.002919140 0.018311255 0.999520719
1341846335.106038 -0.043794110 0.012673222 0.314193726 0.024721978 -0.002035000 0.016546344 0.999555349
1341846335.138045 -0.052548718 0.012862813 0.308027118 0.026709512 -0.000381222 0.015758835 0.999518991
1341846335.169900 -0.056926932 0.014274333 0.291287243 0.026846757 -0.002950364 0.015753727 0.999511123
1341846335.206091 -0.055359878 0.014802176 0.283903688 0.026114529 -0.005023423 0.013814814 0.999550879
1341846335.239365 -0.051291771 0.009921394 0.273674190 0.025633421 -0.004505586 0.011213137 0.999598384
1341846335.269948 -0.055592492 0.007933849 0.263067961 0.027015267 -0.002789663 0.010057868 0.999580562
1341846335.305972 -0.060418241 0.006777712 0.251392961 0.028767262 -0.004279727 0.011441365 0.999511540
1341846335.338012 -0.057439271 0.007429880 0.244156331 0.030450592 -0.005929010 0.012927858 0.999435127
1341846335.374005 -0.051547609 -0.003300158 0.228230208 0.033803616 -0.004482361 0.013067436 0.999333024
1341846335.406025 -0.055750150 -0.004345933 0.218375742 0.040432628 -0.001745783 0.015610080 0.999058783
1341846335.438079 -0.059199210 0.005692042 0.206643060 0.046454519 -0.000667034 0.018239355 0.998753667
1341846335.473998 -0.057806265 0.011780927 0.201525360 0.049012672 0.000678755 0.019318201 0.998611152
1341846335.507038 -0.057261523 0.015798930 0.188608810 0.050222758 0.003135200 0.017515855 0.998579562
1341846335.538040 -0.063040815 0.019264145 0.180386961 0.049596332 0.005909605 0.015195537 0.998636305
1341846335.574119 -0.070017919 0.022544259 0.173558176 0.047330737 0.005919330 0.016098443 0.998732030
1341846335.605970 -0.071591876 0.016100366 0.165333658 0.045377068 0.005367605 0.015155695 0.998840570
1341846335.641978 -0.070080683 0.018376639 0.157197893 0.046805143 0.006368640 0.012461647 0.998806000
1341846335.673993 -0.075033702 0.020231280 0.144145444 0.046432510 0.007371021 0.012312047 0.998818398
1341846335.706178 -0.075376324 0.018175408 0.132961988 0.045785226 0.005713250 0.013222566 0.998847485
1341846335.741982 -0.072535299 0.017082341 0.121656962 0.046305750 0.005341500 0.012361006 0.998836517
1341846335.773960 -0.075761698 0.021920208 0.107756600 0.046581767 0.006095198 0.011888949 0.998825133
1341846335.806271 -0.078631952 0.026591152 0.098475195 0.044748355 0.005555482 0.012081828 0.998909831
1341846335.842031 -0.075640567 0.021570198 0.086862884 0.042342745 0.006085914 0.012315863 0.999008715
1341846335.873966 -0.076232597 0.021369319 0.078691334 0.043319963 0.007415728 0.012097240 0.998960495
1341846335.910005 -0.085105613 0.025570955 0.067814246 0.043168366 0.007955929 0.013654804 0.998942792
1341846335.941936 -0.088573985 0.027573256 0.056989763 0.042237405 0.006153478 0.014519583 0.998983145
1341846335.974198 -0.085076220 0.024285577 0.046413008 0.041842595 0.004916339 0.012029830 0.999039710
1341846336.010032 -0.091010779 0.026620513 0.039501727 0.041721482 0.005161671 0.011168845 0.999053538
1341846336.042129 -0.096707858 0.025855683 0.024906890 0.040704563 0.004073765 0.011349791 0.999098480
1341846336.078076 -0.099046469 0.024171222 0.018406361 0.040618360 0.002397115 0.010420227 0.999117553
1341846336.110739 -0.096799016 0.026106548 0.011880552 0.041348156 0.001786154 0.009284316 0.999100029
1341846336.142002 -0.104385741 0.027649010 0.001162207 0.041242465 0.002150183 0.010148150 0.999095321
1341846336.183953 -0.109416559 0.029988730 -0.010093853 0.040988412 -0.000211551 0.010847463 0.999100685
1341846336.241891 -0.106217727 0.029533893 -0.020064648 0.038961563 -0.001499297 0.010647570 0.999182820
1341846336.277946 -0.115390942 0.023377558 -0.030337023 0.038968649 -0.000567199 0.012530816 0.999161661
1341846336.309977 -0.119141176 0.022434160 -0.041622013 0.041597974 -0.002915453 0.015294322 0.999013126
1341846336.346143 -0.119509950 0.029453812 -0.046429779 0.043972075 -0.004381606 0.016077602 0.998893738
1341846336.377975 -0.116953254 0.027816709 -0.059365857 0.044548199 -0.004320923 0.015584924 0.998876274
1341846336.410032 -0.120964751 0.031143259 -0.067556649 0.045677781 -0.003585528 0.015752502 0.998825610
1341846336.446041 -0.124348260 0.035257071 -0.078140110 0.045388091 -0.003941583 0.015638629 0.998839200
1341846336.477990 -0.124601044 0.033872876 -0.082373664 0.044211604 -0.004018536 0.015262944 0.998897493
1341846336.510056 -0.124673314 0.032407112 -0.087361187 0.044481829 -0.003574818 0.015997782 0.998875678
1341846336.546024 -0.127349511 0.032972082 -0.094656698 0.045507502 -0.003352125 0.017826878 0.998799324
1341846336.578003 -0.131052628 0.039947364 -0.102527097 0.045598008 -0.003598827 0.019459309 0.998763859
1341846336.614020 -0.127040535 0.039799295 -0.104993023 0.044801392 -0.003280543 0.018613396 0.998817086
1341846336.645982 -0.133501038 0.042929403 -0.114055410 0.043932281 -0.001630561 0.017765095 0.998875201
1341846336.678036 -0.139211163 0.040432047 -0.118697032 0.042079724 -0.003363983 0.018524488 0.998936892
1341846336.714024 -0.141282141 0.032717105 -0.116342224 0.043141913 -0.005463348 0.018383199 0.998884916
1341846336.746016 -0.144851416 0.028792899 -0.128001332 0.046610959 -0.007268365 0.020283576 0.998680711
1341846336.778014 -0.149985716 0.036317095 -0.140794277 0.049708199 -0.010994311 0.023380602 0.998429537
1341846336.820006 -0.149853006 0.041132256 -0.142335564 0.050508283 -0.014939082 0.025839796 0.998277545
1341846336.882056 -0.155894414 0.040102005 -0.151471555 0.053162076 -0.016882500 0.024324972 0.998146832
1341846336.914273 -0.156999514 0.034341320 -0.158421144 0.055127673 -0.021331886 0.026679408 0.997894824
1341846336.945998 -0.146513537 0.030515848 -0.171581656 0.061051533 -0.028716061 0.029647384 0.997280836
1341846336.981980 -0.156585827 0.052473016 -0.185721725 0.065367095 -0.031622764 0.026897255 0.996997297
1341846337.014238 -0.162493691 0.057168856 -0.178037092 0.062873870 -0.034146570 0.024382243 0.997139096
1341846337.046017 -0.154036641 0.049457818 -0.179526716 0.059955228 -0.035961971 0.020427844 0.997343898
1341846337.082104 -0.160332099 0.052226260 -0.184753060 0.059447270 -0.035999935 0.017217569 0.997433484
1341846337.114317 -0.165440276 0.050673846 -0.186756238 0.057585604 -0.038088985 0.016827064 0.997471809
1341846337.150037 -0.162918210 0.050710030 -0.187219277 0.055996161 -0.040022094 0.015310119 0.997511029
1341846337.181873 -0.158079982 0.049245868 -0.184680969 0.055524491 -0.040202841 0.012196659 0.997573078
1341846337.214073 -0.162993073 0.059264749 -0.195483238 0.053736612 -0.038355473 0.010198888 0.997766078
1341846337.250087 -0.171791434 0.046372689 -0.197570845 0.050221886 -0.039571460 0.011817194 0.997883856
1341846337.282028 -0.170129895 0.047189612 -0.200688526 0.051484551 -0.043838609 0.015214864 0.997595131
1341846337.317920 -0.162181482 0.050563212 -0.200848326 0.051364858 -0.045687970 0.015402298 0.997515440
1341846337.350018 -0.164977327 0.056817591 -0.209989756 0.050094396 -0.044847038 0.014988390 0.997624516
1341846337.382159 -0.161192298 0.050994791 -0.203625351 0.047059312 -0.044864960 0.013427587 0.997793674
1341846337.417941 -0.166083932 0.043891445 -0.206967518 0.047525033 -0.043995604 0.013806216 0.997805178
1341846337.450137 -0.167807564 0.048940048 -0.219252244 0.048160318 -0.045713060 0.014946148 0.997681081
1341846337.482096 -0.166601762 0.047563009 -0.213623956 0.046716757 -0.045979563 0.015487262 0.997729182
1341846337.518008 -0.166838974 0.045012198 -0.211288929 0.047692999 -0.046386510 0.015374603 0.997665882
1341846337.549978 -0.167542621 0.054055028 -0.225588486 0.048362978 -0.047130197 0.013733324 0.997622728
1341846337.585971 -0.168817401 0.051071640 -0.218640059 0.045481768 -0.047408395 0.012703368 0.997758746
1341846337.617903 -0.163828030 0.035692506 -0.211938322 0.045790721 -0.048426475 0.013473970 0.997685611
1341846337.650141 -0.166456699 0.050941356 -0.221383125 0.049223356 -0.048348110 0.012615808 0.997537136
1341846337.686352 -0.163961738 0.053776272 -0.218969107 0.047434557 -0.048380706 0.013072970 0.997616351
1341846337.718002 -0.161096781 0.048836254 -0.212377563 0.045363408 -0.048016261 0.013036337 0.997730732
1341846337.749920 -0.156995207 0.054694928 -0.211768836 0.045491550 -0.046359386 0.012414037 0.997811258
1341846337.786157 -0.154550567 0.059237175 -0.209391385 0.042394511 -0.043687712 0.012908013 0.998061836
1341846337.817945 -0.154261917 0.054111235 -0.198525414 0.039920785 -0.041637331 0.014000292 0.998236775
1341846337.854071 -0.152542397 0.058063433 -0.202133387 0.038817484 -0.038372539 0.013330830 0.998420298
1341846337.885951 -0.156073332 0.064052023 -0.195567787 0.035973988 -0.035737455 0.011616163 0.998645961
1341846337.918223 -0.154246315 0.064920060 -0.189746767 0.031847835 -0.034562357 0.009157792 0.998852968
1341846337.954120 -0.152765751 0.062116113 -0.182422206 0.029352510 -0.033168726 0.008773727 0.998980105
1341846337.985994 -0.150308669 0.068992570 -0.177539006 0.027042314 -0.032497734 0.008973992 0.999065578
1341846338.018107 -0.149150774 0.063112162 -0.168763056 0.023226630 -0.030767323 0.009916055 0.999207497
1341846338.054055 -0.143334657 0.069159321 -0.159641713 0.021259211 -0.029863600 0.009244137 0.999285161
1341846338.085986 -0.140297920 0.068050116 -0.152378231 0.017725902 -0.026837356 0.009071751 0.999441504
1341846338.121875 -0.142661244 0.061748620 -0.144951999 0.015392510 -0.024302932 0.010766677 0.999528170
1341846338.154089 -0.146650255 0.064201936 -0.138447925 0.014776590 -0.023358867 0.013890759 0.999521434
1341846338.186029 -0.142422736 0.063972689 -0.131398901 0.013570312 -0.024017140 0.016370064 0.999485373
1341846338.222071 -0.134247452 0.069168240 -0.122904770 0.012542143 -0.023392735 0.015711252 0.999524236
1341846338.254107 -0.135479257 0.064858161 -0.111104093 0.010490669 -0.021375500 0.016516352 0.999580026
1341846338.290130 -0.134306252 0.062338330 -0.101271942 0.010814306 -0.021462170 0.018101914 0.999547243
1341846338.321952 -0.131029189 0.066569142 -0.092779428 0.011061784 -0.020786356 0.020115923 0.999520361
1341846338.354022 -0.131130412 0.064740129 -0.084879987 0.010358511 -0.020011293 0.020095451 0.999544084
1341846338.389969 -0.130749270 0.074300699 -0.074867234 0.010562223 -0.019074474 0.020636391 0.999549270
1341846338.422377 -0.128747880 0.072176151 -0.059822574 0.008544562 -0.018881354 0.020902568 0.999566674
1341846338.454010 -0.127370819 0.074086532 -0.055799592 0.007631628 -0.019335266 0.020065421 0.999582529
1341846338.489894 -0.124806739 0.070648603 -0.042635851 0.005614794 -0.020001931 0.020737616 0.999569058
1341846338.522066 -0.120805688 0.070800744 -0.030501440 0.006561683 -0.019929122 0.020526130 0.999569178
1341846338.558058 -0.122587606 0.078538187 -0.027370393 0.006276299 -0.019786408 0.019416671 0.999596000
1341846338.589842 -0.117863230 0.073528431 -0.016505847 0.003707177 -0.020286042 0.019118959 0.999604523
1341846338.622019 -0.114329413 0.070012964 0.000700087 0.004402778 -0.019339753 0.020443749 0.999594212
1341846338.657984 -0.117075026 0.076200850 0.001778298 0.005016135 -0.019232253 0.022094265 0.999558330
1341846338.690198 -0.110958137 0.082329795 0.015528413 0.003378090 -0.020400252 0.021958925 0.999544978
1341846338.722454 -0.106413439 0.074767604 0.031782720 0.002160008 -0.019517127 0.022290807 0.999558687
1341846338.757945 -0.113204494 0.079949535 0.030604694 0.002554177 -0.018956892 0.023699224 0.999536157
1341846338.790039 -0.110692248 0.081003472 0.040981911 0.000605222 -0.021152537 0.024164727 0.999484003
1341846338.826048 -0.096972406 0.080154128 0.064762741 0.001050680 -0.021312181 0.022807050 0.999512136
1341846338.858027 -0.103633367 0.085984215 0.063523255 0.001317584 -0.018980689 0.021638764 0.999584794
1341846338.889902 -0.102125578 0.085904680 0.073237851 -0.001350342 -0.019983515 0.021178283 0.999575078
1341846338.925948 -0.093117647 0.081985995 0.089564413 -0.002183711 -0.020102836 0.019921454 0.999597013
1341846338.958108 -0.092083409 0.081907660 0.098358691 -0.002155209 -0.018075634 0.019135267 0.999651194
1341846338.990057 -0.090800181 0.080524839 0.109683327 -0.001811169 -0.018007506 0.020142112 0.999633312
1341846339.025928 -0.084481455 0.076642931 0.126257896 -0.000222484 -0.017660936 0.021018157 0.999623060
1341846339.057939 -0.085264795 0.084294796 0.131750032 0.003231958 -0.014919556 0.020218855 0.999679029
1341846339.093927 -0.089488290 0.090554178 0.132871151 0.002170707 -0.014975388 0.021644851 0.999651194
1341846339.126562 -0.083749481 0.094561026 0.145347014 -0.000638584 -0.016283104 0.020292649 0.999661267
1341846339.157969 -0.075354978 0.095097624 0.163013607 -0.002927742 -0.014272725 0.018021522 0.999731421
1341846339.194113 -0.080503836 0.095886432 0.166215479 -0.005112592 -0.012542175 0.019474588 0.999718606
1341846339.228165 -0.078469969 0.103562146 0.180433139 -0.007880215 -0.014685149 0.021064194 0.999639213
1341846339.257998 -0.065095291 0.098745033 0.195839018 -0.011073386 -0.015301532 0.022719506 0.999563456
1341846339.294132 -0.068287447 0.101816930 0.201172799 -0.010855979 -0.012287332 0.023228502 0.999595702
1341846339.326577 -0.073766820 0.111543268 0.198647082 -0.014058080 -0.013551882 0.025999837 0.999471188
1341846339.362269 -0.059394356 0.106603548 0.222891629 -0.018803608 -0.017165070 0.024622081 0.999372542
1341846339.394725 -0.053596016 0.108881555 0.231512204 -0.019338477 -0.015407885 0.023518987 0.999417543
1341846339.462186 -0.052826513 0.107546724 0.250540227 -0.022883639 -0.015833491 0.022960065 0.999348998
1341846339.496743 -0.039808229 0.105119884 0.260135263 -0.020567847 -0.013463711 0.021928886 0.999457240
1341846339.562052 -0.044219617 0.100963801 0.273706198 -0.019799437 -0.009415066 0.023829700 0.999475598
1341846339.595122 -0.032784931 0.104090706 0.284698725 -0.017442759 -0.009796538 0.023285458 0.999528706
1341846339.632085 -0.031063661 0.108695015 0.291891634 -0.015660333 -0.006034923 0.021123746 0.999635994
1341846339.664568 -0.028181814 0.107808299 0.303242594 -0.015508631 -0.003331526 0.019064564 0.999692440
1341846339.698896 -0.030112682 0.105867937 0.309343785 -0.015876196 -0.001871265 0.017881213 0.999712288
1341846339.731977 -0.023470553 0.105338328 0.318900943 -0.015600740 -0.002095673 0.016164171 0.999745429
1341846339.762241 -0.020702552 0.104158230 0.329816908 -0.015275635 -0.000808158 0.016016712 0.999754727
1341846339.797873 -0.018911680 0.101355955 0.336622447 -0.015684118 -0.000499364 0.017660540 0.999720871
1341846339.830245 -0.015814772 0.101936594 0.341580510 -0.015791843 -0.001075617 0.017616274 0.999719501
1341846339.862015 -0.013013780 0.101720601 0.347296476 -0.016239533 -0.000921725 0.017464701 0.999715149
1341846339.897797 -0.008140505 0.102247834 0.356250256 -0.017220287 -0.000051322 0.016832719 0.999710023
1341846339.929916 -0.006018191 0.094547220 0.364103377 -0.018409086 0.000989250 0.018732365 0.999654531
1341846339.961960 -0.004806058 0.094280526 0.372044027 -0.016860818 0.000393589 0.019763112 0.999662399
1341846339.997845 0.002440849 0.097004779 0.375206500 -0.015178269 0.001078300 0.019254604 0.999698818
1341846340.029925 0.004516096 0.096344799 0.383821696 -0.014329830 0.003526516 0.020105222 0.999688923
1341846340.066044 0.006234588 0.094440021 0.388973236 -0.012518341 0.004821409 0.021635244 0.999675930
1341846340.098009 0.007582818 0.096467681 0.394107670 -0.011516781 0.005300044 0.022778194 0.999660134
1341846340.130102 0.011150478 0.095355608 0.399407953 -0.012304237 0.004907698 0.021905808 0.999672294
1341846340.166041 0.017498875 0.092994139 0.409276694 -0.011439754 0.006783316 0.019709280 0.999717295
1341846340.197867 0.014531478 0.094319053 0.415165871 -0.010317686 0.009727331 0.019714292 0.999705076
1341846340.229904 0.016385453 0.097597323 0.422816992 -0.011179225 0.009301094 0.019969845 0.999694765
1341846340.265859 0.021093763 0.092976458 0.428658873 -0.012232257 0.010329420 0.018914893 0.999692917
1341846340.298061 0.024073724 0.094559759 0.436082512 -0.010004252 0.012476422 0.019414334 0.999683619
1341846340.334063 0.019569483 0.099087901 0.439150959 -0.010665090 0.012312233 0.021391584 0.999638438
1341846340.366064 0.026069321 0.092956327 0.447298944 -0.012860875 0.009829935 0.020566633 0.999657393
1341846340.397995 0.030543586 0.092905179 0.452625275 -0.010896799 0.010217383 0.019737771 0.999693573
1341846340.433895 0.028135233 0.094336681 0.457250148 -0.010129378 0.010377279 0.021183344 0.999670446
1341846340.465959 0.028309129 0.092481390 0.463274837 -0.009701374 0.008214422 0.022694031 0.999661624
1341846340.501858 0.034993693 0.092595503 0.457592905 -0.008921728 0.004061685 0.023239486 0.999681890
1341846340.534329 0.040466163 0.093926199 0.460783750 -0.008277341 0.002313345 0.022596665 0.999707699
1341846340.566041 0.043554250 0.090979524 0.463706464 -0.007312500 0.001401999 0.023584971 0.999694109
1341846340.601909 0.048955556 0.091734633 0.460679889 -0.004626530 0.000536644 0.023932926 0.999702692
1341846340.634005 0.052258030 0.094690844 0.454860300 -0.003690300 -0.000187752 0.022692677 0.999735653
1341846340.666028 0.056483667 0.092760779 0.451263905 -0.004173544 -0.000006025 0.020387506 0.999783456
1341846340.701946 0.060993262 0.089761771 0.450519532 -0.002562822 0.001035828 0.018536443 0.999824345
1341846340.733954 0.061991468 0.093411796 0.448680073 -0.001196148 0.002756631 0.016865604 0.999853253
1341846340.770081 0.061494369 0.094745085 0.447915584 -0.001832521 0.003244322 0.014529090 0.999887526
1341846340.801980 0.065495320 0.093641952 0.444188386 -0.001728014 0.003899004 0.009079289 0.999949694
1341846340.833999 0.065889135 0.096991889 0.440873235 -0.001573355 0.006365399 0.005057451 0.999965727
1341846340.870013 0.063993700 0.096316546 0.443727016 -0.003177909 0.006453553 0.003369251 0.999968469
1341846340.901955 0.065984972 0.091959476 0.442646682 -0.002515833 0.006153018 0.002720262 0.999974191
1341846340.933918 0.065222412 0.091677628 0.441665053 -0.000695473 0.005505923 0.005929302 0.999967039
1341846340.970122 0.063723139 0.093759127 0.439754754 0.000688755 0.002644034 0.011091984 0.999934733
1341846341.001922 0.063314669 0.089557305 0.435866743 0.001655507 -0.001083056 0.015885182 0.999871850
1341846341.037923 0.067238100 0.093208976 0.432319641 0.003382941 -0.004031520 0.018598065 0.999813199
1341846341.070300 0.065848291 0.092584230 0.428547680 0.003729605 -0.004486501 0.018375328 0.999814153
1341846341.102028 0.063150831 0.092110321 0.428996027 0.003682053 -0.005662196 0.018613176 0.999803960
1341846341.137982 0.065317929 0.089799725 0.423213691 0.003466986 -0.007831140 0.018775465 0.999787033
1341846341.170048 0.067199178 0.090044864 0.421058774 0.004084990 -0.008350627 0.019569648 0.999765277
1341846341.202110 0.066268042 0.086966552 0.419924915 0.005210611 -0.008609336 0.021585295 0.999716341
1341846341.237996 0.068115585 0.087107062 0.414061368 0.006895256 -0.008701877 0.022685938 0.999680996
1341846341.269883 0.066616975 0.087767787 0.413914919 0.008078936 -0.007938418 0.022683984 0.999678493
1341846341.306107 0.065165892 0.088625237 0.412800938 0.008800217 -0.008443153 0.021959830 0.999684453
1341846341.338109 0.070044644 0.089663669 0.411129028 0.009875384 -0.008584739 0.020097485 0.999712408
1341846341.370120 0.066380054 0.088998899 0.409899563 0.010353772 -0.006841251 0.017033089 0.999777913
1341846341.406074 0.061490051 0.088666774 0.407899886 0.010362517 -0.005844717 0.016277222 0.999796748
1341846341.438113 0.059001572 0.082265005 0.406612754 0.010871173 -0.007499795 0.016543655 0.999775946
1341846341.470024 0.065315068 0.082780659 0.401742697 0.013736667 -0.008299491 0.015039768 0.999758065
1341846341.506077 0.061589833 0.089505002 0.403016835 0.014069269 -0.007336052 0.014696251 0.999766111
1341846341.538156 0.057849042 0.085751303 0.399907023 0.012786382 -0.008639499 0.014929764 0.999769449
1341846341.574016 0.060224079 0.084498785 0.397329688 0.013756863 -0.011025195 0.015287282 0.999727726
1341846341.612466 0.059554338 0.088649414 0.394372672 0.014687862 -0.011542283 0.015729796 0.999701738
1341846341.643972 0.057461839 0.089456454 0.392665505 0.013750430 -0.012872503 0.014886616 0.999711752
1341846341.679982 0.055523310 0.086407565 0.395371795 0.013286552 -0.014017677 0.015034587 0.999700427
1341846341.712332 0.052467927 0.089148253 0.394278169 0.014430837 -0.015947251 0.017907703 0.999608338
1341846341.744185 0.055822052 0.086777896 0.390296221 0.014411923 -0.018303132 0.020219911 0.999524117
1341846341.780061 0.056786247 0.089034982 0.386048883 0.015124969 -0.018931393 0.021344524 0.999478459
1341846341.842595 0.058702476 0.082188040 0.382393658 0.016790859 -0.019766277 0.026260218 0.999318659
1341846341.906227 0.060759529 0.078903221 0.379608214 0.019974774 -0.020724889 0.031404678 0.999092221
1341846341.942069 0.062746458 0.073617108 0.378012210 0.022770010 -0.020988550 0.033678148 0.998952866
1341846341.974775 0.062241271 0.077293709 0.374215215 0.026497649 -0.021052845 0.035246577 0.998805463
1341846342.010161 0.058208060 0.077343971 0.371600449 0.027151488 -0.021997418 0.037321020 0.998692155
1341846342.042024 0.064454406 0.071986176 0.371042371 0.028528877 -0.023229135 0.036816459 0.998644590
1341846342.080032 0.067799121 0.075738877 0.368444949 0.030957943 -0.021252133 0.037208863 0.998601735
1341846342.112265 0.060792349 0.071582034 0.365334660 0.030854721 -0.019743143 0.038948420 0.998569548
1341846342.147954 0.065031633 0.065695994 0.365112156 0.032583352 -0.021475803 0.041356012 0.998382092
1341846342.179852 0.067188457 0.068382695 0.363696307 0.035847913 -0.021013048 0.042557951 0.998229504
1341846342.211848 0.066027038 0.070253968 0.360747069 0.036654402 -0.020170020 0.042000875 0.998241246
1341846342.247920 0.068068646 0.066675343 0.360321462 0.037308902 -0.020313794 0.041052975 0.998253524
1341846342.279870 0.067758299 0.068266429 0.362102181 0.039225187 -0.019719191 0.041163892 0.998187423
1341846342.316068 0.067346022 0.067016333 0.356088132 0.040169686 -0.019416681 0.042519182 0.998098969
1341846342.347894 0.069660619 0.069794253 0.358192980 0.040791888 -0.019654909 0.042636000 0.998064101
1341846342.379953 0.070923172 0.069457039 0.360802114 0.040956020 -0.019254636 0.042369600 0.998076499
1341846342.416195 0.067832708 0.070949361 0.358244151 0.041809507 -0.018618956 0.043273199 0.998014390
