1341846313.592026 0.000000000 0.000000000 0.000000000 0.000000000 0.000000000 0.000000000 1.000000000
1341846313.654184 0.007808120 -0.003404250 0.000285926 -0.001197316 -0.003241058 0.005012850 0.999981463
1341846313.686156 0.009797552 -0.004820286 0.007959740 -0.000201002 -0.005031378 0.004890687 0.999975324
1341846313.721918 0.014611728 0.006449467 0.008037332 0.001017171 -0.006011464 0.003879640 0.999973893
1341846313.753994 0.016737375 0.006782366 0.011757180 0.000632270 -0.006166313 0.004652670 0.999969959
1341846313.789969 0.035961345 -0.000617892 0.010365217 0.000589959 -0.008275762 0.005976329 0.999947727
1341846313.822075 0.040181123 0.003815947 0.003796855 0.000912566 -0.006899275 0.004646608 0.999964952
1341846313.853928 0.050668728 0.004924595 0.005543704 0.000734072 -0.005416304 0.002468560 0.999981999
1341846313.890011 0.051428240 0.005834665 0.006287338 0.000656999 -0.002921549 0.002948329 0.999991179
1341846313.922055 0.069145493 0.014133896 0.008010359 -0.000497280 -0.004446235 0.005193770 0.999976516
1341846313.957927 0.094386332 0.014172411 0.013827460 -0.002677018 -0.002770442 0.005638323 0.999976695
1341846313.990058 0.086912408 0.010706321 0.025425423 -0.004402184 0.006036424 0.006221153 0.999952734
1341846314.022042 0.087873936 0.020530790 0.002549855 -0.005528139 0.007408076 0.009180850 0.999915123
1341846314.057816 0.100009724 0.020563856 0.010568746 -0.008745912 0.009066635 0.011011173 0.999859989
1341846314.089801 0.110310905 0.017118370 0.019459452 -0.008125492 0.014110971 0.010415614 0.999813139
1341846314.122037 0.111204840 0.026313443 0.011472667 -0.008581429 0.018002398 0.013826005 0.999705493
1341846314.157989 0.124539360 0.017744621 0.013112268 -0.011961777 0.020110594 0.015021451 0.999613345
1341846314.190094 0.122408859 0.019567277 0.015615424 -0.011573623 0.025031557 0.015187298 0.999504268
1341846314.225969 0.134076506 0.028224407 0.009612383 -0.013386050 0.025933536 0.020009771 0.999373734
1341846314.257923 0.133926764 0.017161751 0.015301410 -0.016407575 0.028815435 0.019625539 0.999257386
1341846314.290052 0.137332231 0.019379985 0.015616820 -0.014748938 0.030234719 0.017915409 0.999273419
1341846314.325981 0.145787790 0.023238596 0.007382136 -0.015467815 0.031090163 0.017089922 0.999250770
1341846314.357905 0.158376753 0.016532218 0.016368698 -0.016777784 0.033079728 0.015173971 0.999196708
1341846314.389899 0.154515862 0.016562453 0.016967878 -0.015399208 0.036951639 0.014100268 0.999098897
1341846314.427905 0.176403731 0.024574809 0.011821276 -0.014692386 0.036140334 0.014434856 0.999134421
1341846314.493987 0.182723463 0.018251933 0.016555062 -0.013856023 0.046422295 0.005274396 0.998811901
1341846314.526085 0.190485358 0.020178819 0.009917269 -0.013633140 0.048192959 0.003577250 0.998738587
1341846314.558292 0.197340786 0.022957936 0.017107345 -0.014417573 0.050751641 0.004414818 0.998597443
1341846314.594085 0.211678490 0.008949984 0.003368616 -0.014683902 0.054035638 0.003767311 0.998423934
1341846314.626096 0.211137459 0.024120297 0.010988332 -0.012560009 0.058734074 0.005721606 0.998178244
1341846314.658455 0.215472326 0.025918322 0.011103982 -0.014516713 0.060773671 0.005959201 0.998028219
1341846314.694004 0.228265047 0.011382394 0.026899934 -0.015802478 0.063977592 0.003117709 0.997821331
1341846314.725910 0.231058449 0.003530462 0.033699069 -0.012683182 0.066912070 0.009251158 0.997635424
1341846314.761942 0.226866409 0.001889690 0.024856204 -0.009522251 0.068314984 0.013625929 0.997525275
1341846314.794030 0.237160802 0.009139600 0.022195764 -0.005209944 0.070089549 0.012052095 0.997454286
1341846314.826092 0.251227707 0.014969138 0.021138534 -0.002707744 0.073003516 0.014464126 0.997223139
1341846314.862145 0.267082930 0.017410172 0.012499724 -0.002589265 0.075516939 0.016626382 0.997002542
1341846314.894072 0.270750225 0.014337267 0.017128851 -0.003327581 0.079577073 0.018689424 0.996647954
1341846314.925969 0.269262195 0.016051929 0.012896445 -0.003149636 0.082914941 0.022015683 0.996308446
1341846314.961937 0.271553367 0.033641223 0.005448405 -0.004057735 0.083320394 0.025406508 0.996190608
1341846314.994564 0.274579078 0.031218506 0.015991092 -0.007619095 0.084579825 0.023733383 0.996104896
1341846315.029900 0.291833878 0.026775971 0.024736285 -0.008193588 0.086508773 0.020822870 0.995999753
1341846315.061965 0.286001265 0.026529605 0.016655639 -0.008988676 0.090137891 0.024638405 0.995583892
1341846315.094388 0.287215590 0.023547379 0.024000790 -0.008943144 0.089661010 0.024364624 0.995634139
1341846315.129851 0.300028771 0.019450771 0.017529719 -0.007533522 0.088691600 0.023978462 0.995741963
1341846315.161941 0.288744777 0.038464624 -0.001845255 -0.007710145 0.090167880 0.024814047 0.995587528
1341846315.197984 0.294343293 0.033107761 0.005278461 -0.015232782 0.087879278 0.022737136 0.995755136
1341846315.230076 0.302509099 0.028147424 0.014905959 -0.019356789 0.086259887 0.019694317 0.995889902
1341846315.262069 0.316102624 0.029724780 0.023516025 -0.022328176 0.082538158 0.023596060 0.996058285
1341846315.298000 0.329501450 0.024280809 0.031068064 -0.024793450 0.077680096 0.025973532 0.996331513
1341846315.329931 0.341872454 0.000042634 0.029657602 -0.024106929 0.075198688 0.027179122 0.996506512
1341846315.361981 0.340271443 0.012289343 0.031005260 -0.017449858 0.075264074 0.031161025 0.996523857
1341846315.397962 0.351399034 0.021908427 0.032577254 -0.013337307 0.074610159 0.034453493 0.996528149
1341846315.429923 0.351734340 0.029801970 0.032364670 -0.009808670 0.077070206 0.034978196 0.996363640
1341846315.466047 0.367300242 0.032354996 0.027295373 -0.008825060 0.079013057 0.036901340 0.996151268
1341846315.497883 0.363681376 0.029284855 0.028973147 -0.010014639 0.082833543 0.041460104 0.995650232
1341846315.530008 0.366966039 0.028367253 0.027738724 -0.010121958 0.084120400 0.042426962 0.995500505
1341846315.566108 0.371908396 0.029883105 0.023640733 -0.011069230 0.085105412 0.043834034 0.995345712
1341846315.597986 0.370827377 0.028677465 0.026744694 -0.011228959 0.086815745 0.043126930 0.995227098
1341846315.630109 0.369688720 0.027718581 0.023891665 -0.011172063 0.088227578 0.041305449 0.995180845
1341846315.666042 0.378684908 0.032235935 0.007974565 -0.011792124 0.088874750 0.041570321 0.995105088
1341846315.698114 0.394271463 0.038952705 0.009689584 -0.016343763 0.090723231 0.040769909 0.994907022
1341846315.733985 0.381400406 0.021401919 0.025183216 -0.021017730 0.095265821 0.041877996 0.994348466
1341846315.766041 0.379512787 0.021312475 0.022757322 -0.020825079 0.092769757 0.043929413 0.994499981
1341846315.798188 0.381862909 0.023322066 0.024164937 -0.021553477 0.092031583 0.041930988 0.994639337
1341846315.834140 0.380671233 0.014432672 0.030183755 -0.021484047 0.094193630 0.040473260 0.994498789
1341846315.866751 0.377920657 0.013180381 0.028783657 -0.019196516 0.095919117 0.039724011 0.994410872
1341846315.898492 0.372491002 0.012020184 0.029048674 -0.018002616 0.096984401 0.039369859 0.994343936
1341846315.936901 0.370233268 0.004556338 0.028496951 -0.016100839 0.098542161 0.038487546 0.994257987
1341846315.966572 0.358887851 0.005155681 0.031560801 -0.012516857 0.100910008 0.037162069 0.994122446
1341846316.034204 0.337593526 0.010382565 0.020414822 -0.007942724 0.101781271 0.034502845 0.994176567
1341846316.066113 0.333133042 0.012578280 0.023838446 -0.005318641 0.101775661 0.034862936 0.994182050
1341846316.101867 0.321982563 0.014804399 0.018306531 -0.003776273 0.101229914 0.036152516 0.994198799
1341846316.134066 0.308786064 0.017072378 0.027531561 -0.003887244 0.099145368 0.031934895 0.994552791
1341846316.202049 0.299444079 0.008781448 0.023231167 -0.004339172 0.094023868 0.028524872 0.995151758
1341846316.233979 0.294531912 0.011076111 0.010679599 -0.003385598 0.092974216 0.026384348 0.995313108
1341846316.270052 0.279345363 0.009334786 0.013085067 -0.005007686 0.095404670 0.022120684 0.995180130
1341846316.301915 0.283638716 0.003355730 0.023584709 -0.005090830 0.095227934 0.021423398 0.995211899
1341846316.334208 0.274181634 0.003179523 0.022472985 -0.003515625 0.094852947 0.023577591 0.995205820
1341846316.370006 0.267588109 0.001495157 0.018610597 -0.001738418 0.093662925 0.023707571 0.995320141
1341846316.401994 0.265265673 -0.000609935 0.018619940 -0.000078455 0.092788130 0.026241830 0.995340049
1341846316.438069 0.258558571 0.000077953 0.027407188 0.002071970 0.092497960 0.027499760 0.995330870
1341846316.470076 0.247067213 -0.005242027 0.019800186 0.006378772 0.092337430 0.030323112 0.995245516
1341846316.502034 0.242211491 0.010653150 0.033474781 0.010038326 0.090087377 0.031386428 0.995388567
1341846316.537975 0.223915130 0.011264810 0.002985194 0.007416429 0.087879695 0.030253101 0.995643973
1341846316.570121 0.216753647 0.000390836 0.010331925 0.006161414 0.088116065 0.026623653 0.995735288
1341846316.601885 0.214571163 -0.001897137 0.014150329 0.008188034 0.086911008 0.026366623 0.995833457
1341846316.638009 0.204210415 -0.005877183 0.014260489 0.009897427 0.086097404 0.027213451 0.995865822
1341846316.669925 0.195196301 -0.004631844 0.019244097 0.012846731 0.085809268 0.026296347 0.995881677
1341846316.705941 0.190269351 -0.015382498 0.015320573 0.015811041 0.085691527 0.027540339 0.995815456
1341846316.738062 0.174737811 -0.006437297 0.003075151 0.018767973 0.086261488 0.029705118 0.995652735
1341846316.770433 0.175163686 -0.002260869 -0.003026139 0.018270643 0.084357321 0.031707324 0.995763361
1341846316.805932 0.164897859 -0.011680962 0.009404417 0.018108586 0.084999271 0.029510550 0.995779276
1341846316.838029 0.150251433 -0.006348681 0.011985568 0.019946523 0.084301926 0.030673029 0.995768309
1341846316.870034 0.146598965 -0.007548757 0.016331051 0.020297939 0.080496870 0.032687858 0.996011913
1341846316.906344 0.126029968 -0.008289705 0.018803500 0.021660656 0.079119764 0.029326608 0.996198177
1341846316.937940 0.132827386 -0.005522734 0.006932667 0.021842845 0.076165713 0.029167216 0.996429086
1341846316.973994 0.119871333 -0.004359002 0.009495052 0.021181084 0.075106278 0.029061673 0.996526897
1341846317.005913 0.115175173 -0.009631457 0.012648636 0.019363120 0.071990445 0.030174285 0.996760726
1341846317.037936 0.106890753 -0.009777383 0.019786257 0.020305602 0.070024148 0.028713437 0.996925235
1341846317.073972 0.104965180 -0.011412150 0.017509498 0.021261794 0.067819797 0.030136330 0.997015655
1341846317.106113 0.096035637 -0.016301097 0.013273297 0.022985302 0.066418976 0.032573905 0.996995032
1341846317.137887 0.088348866 -0.014210703 0.011142159 0.026250044 0.060386404 0.036646541 0.997156680
1341846317.173970 0.067735665 -0.014578251 0.008003782 0.027403850 0.054640822 0.038910199 0.997371256
1341846317.205887 0.072663963 -0.011247730 0.009448137 0.027639795 0.050842255 0.040084727 0.997519076
1341846317.248131 0.060469307 -0.011971215 0.007206050 0.028971964 0.048769563 0.041692752 0.997518837
1341846317.306289 0.048470601 -0.010893230 0.008582970 0.030580791 0.042589329 0.045308143 0.997596204
1341846317.348137 0.040274564 -0.015736014 0.004408475 0.031070402 0.044220977 0.045077015 0.997520506
1341846317.410120 0.030695444 -0.013702619 0.018296184 0.033351533 0.043159030 0.052088138 0.997151852
1341846317.442569 0.034001172 -0.018018778 0.017287448 0.035842896 0.042542450 0.055707112 0.996896267
1341846317.474010 0.020246344 -0.018425604 0.020295419 0.041346166 0.043858297 0.057857096 0.996503592
1341846317.509927 0.009903056 -0.010564425 0.007801159 0.044920005 0.041722156 0.061832413 0.996201873
1341846317.542282 0.001966701 -0.007780936 0.017205188 0.044211339 0.039371405 0.062112182 0.996311843
1341846317.573943 0.001251751 -0.016012639 0.012940239 0.043315794 0.039690446 0.060621269 0.996430337
1341846317.610159 -0.008251566 -0.018228728 0.021311132 0.045756206 0.042227183 0.061565503 0.996159077
1341846317.643553 -0.020104490 -0.013027568 0.021190602 0.048803482 0.041756000 0.064787798 0.995829940
1341846317.677993 -0.033192940 -0.018432159 0.025860153 0.048958920 0.039293256 0.065767750 0.995858252
1341846317.709996 -0.036844768 -0.017602386 0.030307565 0.051719252 0.036564834 0.065490574 0.995840907
1341846317.741834 -0.037319455 -0.007823258 0.033535212 0.052804466 0.034895159 0.066180587 0.995798230
1341846317.777923 -0.049751140 -0.011182688 0.035544883 0.050434493 0.034335863 0.064438172 0.996054828
1341846317.810021 -0.068470478 -0.016425639 0.026766639 0.049683474 0.033684801 0.061942175 0.996273100
1341846317.841886 -0.072684273 -0.006354338 0.030276667 0.049913362 0.032549024 0.060404986 0.996393740
1341846317.878017 -0.081718303 -0.007297483 0.030292958 0.047525287 0.032516774 0.056437634 0.996744096
1341846317.909910 -0.084029391 -0.011590585 0.031355750 0.046284668 0.033380400 0.052869637 0.996969521
1341846317.946031 -0.097599305 -0.015151150 0.033369858 0.047480259 0.034787029 0.054941088 0.996753216
1341846317.978041 -0.106113620 -0.017632561 0.036397766 0.049316853 0.033635620 0.054730773 0.996715128
1341846318.009897 -0.111532070 -0.014226121 0.036834572 0.051947184 0.034065183 0.052710176 0.996675849
1341846318.045949 -0.122777164 -0.011096660 0.032951444 0.052366339 0.035294484 0.050793603 0.996710598
1341846318.078074 -0.132862642 -0.015556653 0.030669890 0.050998081 0.033959232 0.049740158 0.996881068
1341846318.109894 -0.145639285 -0.015461285 0.029953875 0.050692808 0.030346550 0.047710091 0.997112334
1341846318.145957 -0.147573009 -0.012102230 0.032715224 0.050430074 0.027869390 0.045100965 0.997319400
1341846318.178001 -0.155833572 -0.017495103 0.030761130 0.049286261 0.028318848 0.041841008 0.997505963
1341846318.214074 -0.164138630 -0.018252596 0.029092815 0.049763128 0.026149204 0.040521447 0.997596025
1341846318.245970 -0.175687432 -0.026885806 0.030331917 0.051995471 0.021193290 0.042396553 0.997521877
1341846318.278018 -0.189708576 -0.025679987 0.015259752 0.055993844 0.017214799 0.041886076 0.997403562
1341846318.313937 -0.185460940 -0.021865368 0.021688385 0.058274690 0.009249547 0.042116169 0.997368872
1341846318.345989 -0.188200176 -0.021246530 0.029084714 0.059819587 0.000190636 0.041217986 0.997357845
1341846318.382046 -0.200751781 -0.026607109 0.020598691 0.061358061 -0.006364790 0.041037604 0.997251511
1341846318.414072 -0.215471968 -0.024802234 0.024882130 0.062926941 -0.012050644 0.039501768 0.997163296
1341846318.446035 -0.235634938 -0.025247235 0.031438950 0.065622583 -0.017447826 0.041444939 0.996830761
1341846318.482196 -0.236184910 -0.025814606 0.030500058 0.066658348 -0.020039488 0.040900979 0.996735752
1341846318.514144 -0.242665961 -0.025401060 0.034526721 0.067009047 -0.021048965 0.041666821 0.996659756
1341846318.546259 -0.250446528 -0.032593533 0.037599228 0.067603312 -0.021668665 0.039771248 0.996683717
1341846318.582042 -0.259430707 -0.025149573 0.031243168 0.069982812 -0.021800127 0.040648822 0.996481240
1341846318.614115 -0.278971583 -0.028249497 0.030404814 0.069146454 -0.020690290 0.039435055 0.996612012
1341846318.650038 -0.286300212 -0.027447674 0.031943202 0.068787932 -0.021236151 0.036018658 0.996754706
1341846318.682350 -0.297043711 -0.027327560 0.030141465 0.068562515 -0.021380113 0.033891592 0.996841669
1341846318.714063 -0.311744273 -0.030996330 0.020070935 0.067681126 -0.021899376 0.033141866 0.996915877
1341846318.749905 -0.310673594 -0.035474654 0.031474553 0.068274021 -0.022680102 0.035238273 0.996786058
1341846318.782036 -0.329424232 -0.035115290 0.021688102 0.070088200 -0.022558298 0.037239961 0.996590137
1341846318.814121 -0.341418326 -0.035788178 0.029284740 0.070110470 -0.027199639 0.036391795 0.996504068
1341846318.850072 -0.351190239 -0.036823384 0.016228467 0.070366569 -0.033409148 0.033333600 0.996404171
1341846318.883516 -0.361586064 -0.041129999 0.036107548 0.073030099 -0.039952762 0.031283945 0.996038020
1341846318.918047 -0.388874769 -0.035700545 0.052392267 0.076792337 -0.048525374 0.031370711 0.995371342
1341846318.950044 -0.376798779 -0.044602536 0.020964589 0.077864446 -0.062499620 0.028863059 0.994584262
1341846318.982028 -0.382561058 -0.034199752 0.015573073 0.080301516 -0.066765524 0.025330994 0.994209409
1341846319.018123 -0.392824143 -0.037163053 0.006221749 0.079272926 -0.071917318 0.025764124 0.993921459
1341846319.050745 -0.391667008 -0.045371205 0.014626533 0.080088459 -0.079385869 0.024902849 0.993309379
1341846319.081905 -0.386120260 -0.037857432 0.013953574 0.086411439 -0.080366917 0.022860602 0.992749572
1341846319.117976 -0.412384272 -0.031769171 0.005921319 0.089097291 -0.078186527 0.027361162 0.992572427
1341846319.150093 -0.420254409 -0.041162461 -0.000070371 0.090116456 -0.082586162 0.035099950 0.991880298
1341846319.186069 -0.402462125 -0.020244252 0.005192906 0.093027823 -0.085400864 0.035507191 0.991358578
1341846319.218149 -0.384758055 -0.012138206 0.016823046 0.090350330 -0.082284771 0.034600288 0.991901636
1341846319.250034 -0.426077962 -0.015367282 -0.002829269 0.084141128 -0.073320031 0.032983825 0.993205190
1341846319.286594 -0.440880120 -0.025897302 0.010844145 0.081553802 -0.070238180 0.036936719 0.993504524
1341846319.318034 -0.448202461 -0.033939496 0.008092210 0.082039408 -0.069159061 0.039756179 0.993431389
1341846319.350268 -0.483462512 -0.034155346 0.026708037 0.083057195 -0.067802146 0.045587488 0.993189871
1341846319.386163 -0.505891144 -0.046913825 0.018354781 0.084066391 -0.071172349 0.053266261 0.992486775
1341846319.418386 -0.478283077 -0.035862327 -0.006236903 0.085331596 -0.078054249 0.055027265 0.991765141
1341846319.453961 -0.481016278 -0.028549599 0.003055498 0.086251356 -0.080293998 0.051603179 0.991690814
1341846319.486271 -0.494136810 -0.027243109 -0.011902623 0.085156724 -0.079959095 0.050808121 0.991853476
1341846319.554083 -0.510977447 -0.028343061 0.005686335 0.080224268 -0.086185291 0.049361613 0.991816342
1341846319.586296 -0.510438502 -0.034490414 -0.030566182 0.079584494 -0.085221261 0.045664355 0.992128193
1341846319.622031 -0.541598797 -0.035639983 -0.034710608 0.078289129 -0.087425865 0.042775836 0.992168188
1341846319.653962 -0.541274905 -0.041609839 -0.019648150 0.077167131 -0.093318686 0.042487592 0.991731644
1341846319.686352 -0.547888577 -0.044423856 -0.023546040 0.078668490 -0.097119376 0.044439733 0.991163015
1341846319.721992 -0.553329825 -0.038684700 -0.043839172 0.079462022 -0.100577891 0.044816140 0.990737796
1341846319.754063 -0.561897397 -0.027111214 -0.040736094 0.077258609 -0.102875963 0.044194348 0.990704060
1341846319.786397 -0.561034739 -0.027687373 -0.028954066 0.073129460 -0.103428230 0.046981629 0.990831673
1341846319.822008 -0.573693514 -0.029129893 -0.024301797 0.069722585 -0.103770010 0.051891875 0.990796506
1341846319.853917 -0.581269085 -0.030106124 -0.027897798 0.064729445 -0.104400612 0.055670183 0.990863979
1341846319.889942 -0.584219277 -0.039875627 -0.014472179 0.061020363 -0.105413146 0.060836576 0.990688384
1341846319.922039 -0.595551670 -0.044071279 -0.015223630 0.060611133 -0.109220870 0.062497340 0.990197539
1341846319.953946 -0.593589962 -0.049470853 -0.003455535 0.060718659 -0.116031155 0.058834568 0.989640594
1341846319.990054 -0.593846500 -0.046521872 -0.006112084 0.063692786 -0.118836462 0.051205575 0.989544928
1341846320.028122 -0.591746688 -0.048500691 -0.011357293 0.065697670 -0.123006642 0.050550297 0.988937795
1341846320.090047 -0.579180837 -0.035883971 0.002479255 0.071832336 -0.130955055 0.051250298 0.987453461
1341846320.122011 -0.564800739 -0.033803426 0.005559891 0.072625518 -0.129713833 0.052121550 0.987513661
1341846320.157952 -0.557503760 -0.034760326 0.010107175 0.072927892 -0.127348423 0.052642755 0.987771571
1341846320.190003 -0.547436535 -0.037483577 0.019655988 0.075782098 -0.124330692 0.050860837 0.988034487
1341846320.221941 -0.544071615 -0.042723648 0.004751727 0.079115011 -0.120177433 0.051953599 0.988230228
1341846320.258015 -0.531550348 -0.044696264 0.004099876 0.083090790 -0.119757757 0.055094201 0.987784684
1341846320.289887 -0.521792233 -0.060252655 -0.000896312 0.087160297 -0.120413288 0.055023160 0.987358153
1341846320.321954 -0.505437195 -0.051509090 0.003886007 0.096973933 -0.122292519 0.054967735 0.986214578
1341846320.357890 -0.491032273 -0.038610820 0.010058686 0.103056483 -0.122375742 0.056141671 0.985521019
1341846320.390064 -0.477637321 -0.036362357 0.016622372 0.104667604 -0.118926235 0.056651063 0.985744357
1341846320.426544 -0.457362711 -0.033815704 0.062298588 0.108429790 -0.112210393 0.051913608 0.986385703
1341846320.458122 -0.444981903 -0.037235435 0.037783191 0.108820327 -0.104826540 0.049053151 0.987300992
1341846320.490186 -0.444855899 -0.051824529 0.020958982 0.111026250 -0.097056091 0.049007252 0.987851977
1341846320.525911 -0.415724337 -0.043370672 0.007245004 0.115168512 -0.089745082 0.046618685 0.988184571
1341846320.558091 -0.410866976 -0.032513071 0.016270429 0.116988145 -0.086191423 0.043374240 0.988434851
1341846320.594093 -0.384395808 -0.036925822 0.040276356 0.117558770 -0.082669251 0.039941747 0.988812625
1341846320.631955 -0.387071848 -0.031263124 0.023083586 0.120997094 -0.073601350 0.038782477 0.989160478
1341846320.664916 -0.376186848 -0.028640561 0.017241769 0.120905682 -0.071360894 0.037388835 0.989389420
1341846320.699927 -0.352486342 -0.030120116 0.022096135 0.120810367 -0.069060400 0.035738036 0.989625335
1341846320.731822 -0.344990969 -0.024366131 0.025162861 0.123382621 -0.062263545 0.034426149 0.989805400
1341846320.763877 -0.352661401 -0.014955705 0.006331526 0.120781399 -0.059989955 0.036269844 0.990200758
1341846320.799999 -0.327275336 -0.025924478 0.020121418 0.113188751 -0.062466923 0.030859280 0.991127610
1341846320.831871 -0.270915926 -0.041185699 0.005207390 0.113771744 -0.054385781 0.027519867 0.991635442
1341846320.863887 -0.322956234 -0.015676655 0.023885287 0.114709228 -0.041707810 0.026701503 0.992163956
1341846320.900014 -0.306174487 -0.027977983 0.032771975 0.106782593 -0.047736462 0.032727644 0.992596447
1341846320.931889 -0.271419466 -0.038462631 0.036234118 0.107641071 -0.048953321 0.031703409 0.992477655
1341846320.967866 -0.277294725 -0.008240699 0.040123612 0.108856909 -0.042258687 0.027265549 0.992784500
1341846321.000017 -0.278720230 -0.017352508 0.024461430 0.101880215 -0.041771863 0.026003016 0.993579090
1341846321.031860 -0.256229073 -0.028787632 0.022828128 0.099355243 -0.041939437 0.024473041 0.993866563
1341846321.068047 -0.234397605 -0.024140116 0.038583979 0.100154668 -0.039167259 0.021946156 0.993958414
1341846321.099840 -0.258099914 -0.026556496 0.005785963 0.097382568 -0.035806004 0.022090573 0.994357407
1341846321.131821 -0.239074722 -0.043277234 0.007996460 0.096723884 -0.034767050 0.023676986 0.994422019
1341846321.167887 -0.230742171 -0.035739362 0.012619518 0.099885106 -0.030874977 0.024001485 0.994230151
1341846321.200042 -0.234330833 -0.032832909 0.002089994 0.100154504 -0.027667824 0.023645796 0.994306028
1341846321.231950 -0.217165604 -0.043089673 -0.004974720 0.098795027 -0.027151955 0.022615472 0.994480193
1341846321.267939 -0.192550868 -0.032165281 -0.005524085 0.099862330 -0.026116040 0.017494248 0.994504631
1341846321.299948 -0.176897094 -0.029318092 0.022900373 0.099116944 -0.022598803 0.012363658 0.994742334
1341846321.331858 -0.181388870 -0.043129325 0.011162199 0.098357990 -0.018909311 0.008650622 0.994933784
1341846321.367913 -0.157212108 -0.045999780 0.010848684 0.099633001 -0.017412173 0.004528712 0.994861603
1341846321.399897 -0.142509103 -0.036889102 0.034908682 0.102278940 -0.012746671 0.003582938 0.994667649
1341846321.435994 -0.144158140 -0.039659567 0.040535495 0.103758909 -0.008445971 0.002875444 0.994562447
1341846321.467946 -0.123170413 -0.033737198 0.056301571 0.106134407 -0.006977496 0.003755525 0.994320214
1341846321.499882 -0.119250894 -0.041109383 0.031624418 0.106517442 -0.004108940 0.004518594 0.994292080
1341846321.536109 -0.097243525 -0.035004091 0.007534655 0.106125407 0.000300754 0.001888038 0.994350910
1341846321.568960 -0.108531155 -0.026597360 0.023656379 0.103606872 0.008391721 -0.001782921 0.994581342
1341846321.603938 -0.099909939 -0.031800024 0.022985483 0.100029066 0.010357582 -0.001365216 0.994929671
1341846321.637163 -0.059203073 -0.022045661 0.013836564 0.098041065 0.012723362 -0.001272236 0.995100200
1341846321.668306 -0.079945773 -0.024665169 0.032390069 0.093298905 0.024051821 0.001535672 0.995346427
1341846321.704411 -0.095525131 -0.026242085 0.041023321 0.090289623 0.026719220 0.007865042 0.995525956
1341846321.736861 -0.082224220 -0.025764003 0.047690962 0.089185067 0.023840295 0.016486403 0.995593190
1341846321.771881 -0.068149693 -0.012329374 0.045651618 0.087447472 0.023332924 0.021450693 0.995664775
1341846321.804114 -0.058022119 -0.014392100 0.052053079 0.083200060 0.025322899 0.024702938 0.995904744
1341846321.836152 -0.060132496 -0.004430422 0.059811033 0.080902137 0.028149955 0.025175596 0.996006310
1341846321.871882 -0.057544950 0.002365916 0.061249349 0.076071113 0.029295968 0.022934536 0.996408045
1341846321.904074 -0.049474336 0.003737935 0.059239570 0.069795661 0.030492714 0.019761017 0.996899307
1341846321.939847 -0.043843221 -0.009007001 0.058506329 0.064592898 0.033227675 0.016234644 0.997226238
1341846322.004094 -0.051605031 -0.009187708 0.070822343 0.058062833 0.031834815 0.016316522 0.997671783
1341846322.066178 -0.029707022 -0.020522619 0.056386918 0.052677736 0.035482533 0.013004906 0.997896254
1341846322.107979 -0.033124339 -0.038508549 0.047625475 0.049213808 0.037479065 0.011792533 0.998015165
1341846322.166164 -0.028400593 -0.059703343 0.045163300 0.052084733 0.036720067 0.012393882 0.997890353
1341846322.202932 -0.031344779 -0.057745818 0.069242947 0.054356933 0.035048388 0.013129628 0.997819901
1341846322.234093 -0.029997740 -0.062893450 0.066805765 0.053006139 0.033625506 0.010782763 0.997969687
1341846322.265941 -0.035142254 -0.073400415 0.066371426 0.050296962 0.031148285 0.011685745 0.998180032
1341846322.301996 -0.026013104 -0.087082952 0.067144141 0.048497681 0.029012902 0.012327261 0.998325765
1341846322.333949 -0.035915039 -0.099176593 0.061285306 0.047620542 0.027599014 0.011662586 0.998416007
1341846322.369871 -0.022055285 -0.117198899 0.068438843 0.047871195 0.021384574 0.009244489 0.998581767
1341846322.402292 -0.010389574 -0.129219249 0.061531216 0.049633522 0.021966891 0.002121327 0.998523653
1341846322.433955 -0.025519710 -0.156894967 0.070625611 0.054254405 0.024605155 -0.000936018 0.998223484
1341846322.470030 -0.024765952 -0.159660801 0.072491944 0.063531905 0.020099366 0.002443919 0.997774422
1341846322.502433 -0.011980348 -0.175764710 0.068666205 0.067959428 0.016508723 0.005621606 0.997535646
1341846322.534002 -0.010775219 -0.184094578 0.076334760 0.077852815 0.016484864 0.005206518 0.996814966
1341846322.570196 -0.002350369 -0.199377432 0.070473708 0.086070038 0.015258120 0.009883304 0.996123195
1341846322.601920 -0.008754849 -0.207321480 0.065151334 0.092424519 0.012377366 0.014262873 0.995540619
1341846322.638119 -0.002870049 -0.216335565 0.079877004 0.098041825 0.009488425 0.010194277 0.995084822
1341846322.669947 0.005273507 -0.223450556 0.070831433 0.102534898 0.012475810 0.009550540 0.994605303
1341846322.702026 -0.003837158 -0.240187585 0.070558362 0.104652315 0.014447303 0.011971353 0.994331837
1341846322.738006 -0.002345018 -0.232942805 0.069802418 0.107053183 0.011734918 0.012881983 0.994100571
1341846322.770087 0.008804929 -0.260733068 0.074740812 0.105945960 0.012026349 0.013054349 0.994213462
1341846322.806047 -0.001151994 -0.266380697 0.068573356 0.109867908 0.012227473 0.015069437 0.993756771
1341846322.838063 -0.007177894 -0.271576524 0.066722766 0.112060010 0.008112145 0.016217483 0.993535995
1341846322.870081 -0.006068222 -0.288042277 0.066544227 0.113219813 0.003436659 0.017297763 0.993413389
1341846322.906018 0.011859180 -0.291140556 0.076400392 0.118489243 0.000678124 0.017132934 0.992807269
1341846322.938349 0.005266556 -0.273804545 0.078085229 0.120172620 0.002151999 0.017782575 0.992591381
1341846322.970069 0.010461584 -0.283241034 0.074336275 0.114825718 0.001577717 0.020197336 0.993179023
1341846323.011820 0.012123086 -0.298174530 0.083761856 0.112254657 0.001798778 0.020224702 0.993471980
1341846323.073951 0.009248395 -0.298039377 0.086883143 0.109560333 0.001828125 0.025046488 0.993662894
1341846323.105962 0.008705647 -0.320533246 0.086150363 0.105929457 0.002066297 0.024093807 0.994079590
1341846323.138158 0.011137427 -0.319174439 0.090802424 0.106833287 0.001732309 0.021448044 0.994044125
1341846323.174092 0.006580702 -0.318022192 0.090037659 0.105252638 0.001720012 0.019757586 0.994247794
1341846323.206059 0.019666011 -0.321731091 0.091542698 0.102414057 0.000360046 0.018084690 0.994577408
1341846323.238053 0.021823222 -0.326280683 0.094768584 0.099698849 0.003311827 0.016172661 0.994880736
1341846323.273997 0.004053714 -0.330269337 0.089796796 0.095556326 0.004511024 0.016551213 0.995276213
1341846323.305946 0.013442396 -0.337656409 0.096208155 0.090280242 -0.000199749 0.018192837 0.995750189
1341846323.342027 0.036399186 -0.352104455 0.104526773 0.088178970 0.000388001 0.016595997 0.995966256
1341846323.374048 0.013629260 -0.364625841 0.103986427 0.087768488 0.005224643 0.018208282 0.995960772
1341846323.405987 0.003504281 -0.375812709 0.093661748 0.087864265 0.001291841 0.023105694 0.995863616
1341846323.441956 0.018289782 -0.384429693 0.102704190 0.088946655 -0.003516055 0.025326807 0.995708168
1341846323.473878 0.020460146 -0.396664172 0.100386865 0.092781611 -0.001978233 0.023384739 0.995409846
1341846323.506129 0.014382555 -0.390085757 0.097962603 0.095571868 -0.001842326 0.021338763 0.995192111
1341846323.541972 0.025267985 -0.389351845 0.096873596 0.094343081 -0.002606969 0.019337565 0.995348513
1341846323.573913 0.034101576 -0.408472031 0.076093040 0.093465753 0.001515584 0.012694133 0.995540380
1341846323.609927 0.031839579 -0.409594983 0.089550503 0.093695186 0.007617224 0.009745008 0.995524108
1341846323.642014 0.022943197 -0.420228839 0.084315091 0.092341207 0.009454763 0.010775600 0.995624244
1341846323.674081 0.015718395 -0.428250521 0.086270772 0.092541844 0.008281183 0.012661139 0.995593905
1341846323.710069 0.019455701 -0.451540798 0.088777073 0.093045548 0.006772085 0.017319662 0.995488167
1341846323.742111 0.019909767 -0.459753096 0.087095477 0.098186277 0.004695609 0.017576993 0.995001733
1341846323.774928 0.022073790 -0.453005791 0.091772191 0.101697430 0.002326734 0.015395259 0.994693518
1341846323.810012 0.021536129 -0.460278541 0.076092876 0.103043176 0.001323150 0.010821071 0.994617164
1341846323.842207 0.027215583 -0.466291010 0.078023650 0.104399242 0.001194249 0.006670292 0.994512379
1341846323.878019 0.017591996 -0.480405867 0.078807056 0.104558371 0.000879703 0.002212360 0.994515896
1341846323.909826 0.021475885 -0.489739299 0.076454505 0.107981212 -0.001039451 -0.001909854 0.994150579
1341846323.942459 0.022802321 -0.491673291 0.070773602 0.111528546 -0.001163378 -0.002071913 0.993758380
1341846323.978055 0.014091698 -0.495316774 0.069839887 0.113924526 -0.003529301 -0.000885564 0.993482769
1341846324.015934 0.021160088 -0.496427059 0.072452523 0.117551289 -0.006090603 -0.001120111 0.993047535
1341846324.047722 0.023050826 -0.486998647 0.070998453 0.121585384 -0.004564677 -0.002626635 0.992567003
1341846324.083904 0.024873925 -0.476748019 0.070867278 0.121571697 -0.003245326 -0.002063131 0.992575228
1341846324.115968 0.027605826 -0.475607604 0.067890763 0.119271196 -0.001802256 -0.003790912 0.992852867
1341846324.151967 0.032469556 -0.468193948 0.069515198 0.118983932 0.000760296 -0.007871069 0.992864668
1341846324.183941 0.024204431 -0.456310838 0.073287278 0.116624340 0.005545339 -0.012227016 0.993085384
1341846324.219984 0.021303345 -0.448372722 0.074719965 0.112840667 0.007343131 -0.010383330 0.993531704
1341846324.251968 0.016627247 -0.449791789 0.076762766 0.112089977 0.007709146 -0.011301054 0.993603945
1341846324.284052 0.013453850 -0.437263131 0.079000548 0.112755172 0.007102733 -0.011917527 0.993525982
1341846324.319880 0.007116452 -0.425609380 0.074641876 0.111436032 0.004013776 -0.013023222 0.993678153
1341846324.351917 0.008376901 -0.406082988 0.077122666 0.108747490 0.000612910 -0.014576150 0.993962348
1341846324.388001 0.021628145 -0.396519959 0.074888542 0.104386568 0.000042271 -0.018165475 0.994370878
1341846324.419908 0.013911536 -0.383220434 0.078958675 0.099827930 0.002824139 -0.021068247 0.994777620
1341846324.452027 0.010336287 -0.380853146 0.091963068 0.095159590 0.002941699 -0.020310130 0.995250463
1341846324.487928 0.009544059 -0.376742661 0.089396842 0.093613811 0.002505932 -0.018295312 0.995437264
1341846324.519985 -0.003475324 -0.366214752 0.090229459 0.092396393 0.001140159 -0.014180178 0.995620668
1341846324.556001 -0.001497781 -0.343370795 0.093626387 0.091351055 -0.004209166 -0.009545770 0.995764077
1341846324.587888 0.001822637 -0.334387481 0.094966784 0.087716855 -0.007464671 -0.007627330 0.996088266
1341846324.620086 0.000009643 -0.326698601 0.094111919 0.085469462 -0.009774731 -0.010218173 0.996240437
1341846324.655955 0.005839215 -0.318182856 0.097036749 0.084428072 -0.011088895 -0.011595502 0.996300399
1341846324.688082 0.002607643 -0.316380084 0.099800736 0.083568826 -0.010682804 -0.010395492 0.996390522
1341846324.755922 -0.014974315 -0.276388526 0.100356668 0.085738219 -0.013040017 -0.007292812 0.996205628
1341846324.814016 0.008580687 -0.241891101 0.094396606 0.081167117 -0.020122606 -0.009751076 0.996449649
1341846324.849979 -0.005856562 -0.232847527 0.108613461 0.075280145 -0.015944023 -0.012603914 0.996955276
1341846324.881924 -0.015092874 -0.233337700 0.107473835 0.071948647 -0.016932847 -0.012493907 0.997186303
1341846324.913902 -0.008568025 -0.218647495 0.114137717 0.071441524 -0.018786427 -0.009109144 0.997226238
1341846324.949999 -0.009428049 -0.223390013 0.115987919 0.071172155 -0.018890837 -0.005553007 0.997269690
1341846324.981922 -0.020646980 -0.220192313 0.117011815 0.075375691 -0.020902185 -0.002074814 0.996933937
1341846325.018013 -0.019857800 -0.206209973 0.110805973 0.079971090 -0.026270917 0.000579138 0.996450782
1341846325.050079 -0.023671646 -0.190576315 0.103514001 0.082045674 -0.031021809 -0.001137811 0.996145010
1341846325.081901 -0.024287423 -0.171377808 0.106989384 0.081876934 -0.035961345 -0.004037799 0.995985270
1341846325.118531 -0.011354350 -0.152551636 0.108488999 0.078082122 -0.038333263 -0.005635675 0.996193767
1341846325.149933 -0.013645850 -0.157067835 0.110345468 0.071898177 -0.035964668 -0.007268433 0.996736884
1341846325.181925 -0.019273534 -0.153655037 0.108534835 0.068491228 -0.034511261 -0.004809656 0.997043014
1341846325.218055 -0.017082788 -0.144503221 0.115152031 0.065937616 -0.034490921 -0.000497878 0.997227371
1341846325.249811 -0.019333640 -0.136432230 0.112857774 0.063911617 -0.034410726 0.002906139 0.997357905
1341846325.285925 -0.017066590 -0.127621323 0.114560589 0.061246276 -0.035192266 0.005566310 0.997486591
1341846325.317988 -0.003320163 -0.129823104 0.122317880 0.058825385 -0.033879247 0.008227830 0.997659326
1341846325.349844 -0.011158241 -0.131542206 0.128676549 0.061719447 -0.028322183 0.010312306 0.997638345
1341846325.387302 -0.010038678 -0.120396905 0.128481880 0.066528931 -0.025684355 0.012936633 0.997370005
1341846325.417931 -0.000208024 -0.114385866 0.130589291 0.069086544 -0.021115070 0.016506409 0.997250617
1341846325.450747 0.003928663 -0.118305869 0.134521559 0.073696628 -0.013226039 0.018052084 0.997029603
1341846325.485954 -0.010230772 -0.096784621 0.140430287 0.083393082 -0.005547473 0.019887095 0.996302843
1341846325.517875 -0.007963015 -0.091316052 0.139225513 0.086213365 -0.003270886 0.022765724 0.996011198
1341846325.553859 -0.008465086 -0.085549176 0.140067443 0.089232758 0.000364034 0.022324510 0.995760500
1341846325.585855 -0.012286454 -0.065532669 0.138931155 0.092090636 0.003485513 0.020560626 0.995532215
1341846325.617990 -0.013713146 -0.045462824 0.142109543 0.089767821 0.005104124 0.019107729 0.995766342
1341846325.653982 -0.017468866 -0.062794223 0.149990574 0.085757703 0.007222976 0.016566906 0.996152103
1341846325.685819 -0.017685222 -0.060434513 0.152169317 0.091344774 0.008529372 0.017877979 0.995622277
1341846325.717857 -0.025017785 -0.044675287 0.153874591 0.096178263 0.010018437 0.024940707 0.995001197
1341846325.754083 -0.027616434 -0.043689556 0.144513771 0.098284706 0.010241541 0.030330481 0.994643331
1341846325.786087 -0.025790283 -0.036738493 0.148735493 0.105691306 0.010626960 0.029997168 0.993889630
1341846325.821856 -0.027301731 -0.017516188 0.145125836 0.109842516 0.012308845 0.031855140 0.993362129
1341846325.853827 -0.037520878 -0.011303324 0.147644058 0.110547744 0.013633859 0.034958094 0.993162274
1341846325.885958 -0.043922715 -0.001472361 0.148340106 0.110971130 0.011147325 0.040450156 0.992937565
1341846325.921984 -0.038335357 0.004538197 0.151566491 0.110103950 0.006738027 0.045033410 0.992876530
1341846325.953899 -0.027240012 0.007712718 0.157142743 0.113123663 0.006672938 0.046628643 0.992463768
1341846325.985823 -0.034887236 0.020108283 0.157947913 0.115978323 0.010132843 0.050615810 0.991909444
1341846326.021991 -0.034881756 0.021752596 0.164634809 0.118394703 0.009984748 0.056924578 0.991283298
1341846326.054055 -0.030675592 0.035443250 0.164936826 0.123630233 0.008876225 0.060245406 0.990458071
1341846326.089984 -0.022789039 0.055332657 0.165678158 0.126888439 0.010316633 0.059397683 0.990083158
1341846326.121822 -0.027655650 0.066077426 0.170560047 0.126663372 0.014779286 0.057323568 0.990177691
1341846326.154079 -0.031506095 0.063614540 0.175905004 0.126345605 0.017309098 0.056265302 0.990238011
1341846326.190178 -0.036716510 0.076250434 0.175782681 0.129204199 0.017128002 0.058428332 0.989746928
1341846326.222162 -0.040856104 0.096044078 0.178554609 0.129264787 0.015486095 0.064529613 0.989387035
1341846326.259181 -0.044965237 0.112670273 0.173949271 0.126164064 0.013205960 0.067449525 0.989625573
1341846326.322766 -0.036831755 0.130876705 0.185742736 0.119078532 0.012348340 0.066852219 0.990554690
1341846326.359773 -0.032196615 0.136330843 0.186862916 0.114871398 0.013469505 0.065375455 0.991135240
1341846326.392109 -0.032871831 0.131208777 0.195143357 0.113161668 0.015555325 0.065914579 0.991265714
1341846326.423985 -0.043300141 0.139693707 0.192802638 0.117271721 0.017203532 0.069690935 0.990502179
1341846326.459869 -0.045208469 0.151840180 0.191091403 0.119559571 0.014412837 0.073936813 0.989965200
1341846326.526163 -0.032712817 0.187427059 0.194505453 0.120497525 0.015153416 0.073542349 0.989869833
1341846326.560211 -0.037117470 0.189749479 0.204678461 0.114679918 0.019502237 0.073531270 0.990485370
1341846326.591828 -0.039590340 0.199543789 0.206039667 0.112277165 0.021810314 0.074521013 0.990638554
1341846326.627027 -0.035913903 0.212454125 0.208929330 0.112243906 0.023053033 0.073796310 0.990668416
1341846326.658442 -0.031634718 0.232851833 0.207395822 0.110438511 0.026357405 0.072820909 0.990861177
1341846326.694856 -0.041485243 0.241005659 0.216150001 0.106931180 0.030621633 0.073151730 0.991098821
1341846326.726206 -0.043373458 0.260022074 0.217771202 0.101714529 0.031791274 0.070709623 0.991788089
1341846326.762753 -0.033953883 0.270546436 0.215689510 0.095534198 0.033658877 0.068350725 0.992506146
1341846326.826821 -0.037141774 0.304453999 0.229459837 0.081769153 0.039368372 0.065019771 0.993748605
1341846326.858887 -0.038624119 0.300239146 0.230225369 0.071966618 0.040689975 0.063745894 0.994535923
1341846326.895360 -0.049225956 0.303230226 0.242517963 0.070350669 0.041725062 0.062652208 0.994678080
1341846326.926897 -0.048809323 0.306033880 0.240783796 0.071649626 0.037652258 0.066228054 0.994516194
1341846326.958888 -0.043141842 0.320171207 0.238156378 0.074414141 0.035356488 0.068855979 0.994218946
1341846326.994594 -0.036757048 0.334832489 0.236290798 0.075384907 0.034949336 0.071595997 0.993966639
1341846327.026301 -0.037383310 0.349416941 0.245987400 0.073776245 0.036093321 0.071025968 0.994087338
1341846327.063945 -0.035581350 0.353742808 0.233739406 0.070322096 0.038422931 0.068150856 0.994451582
1341846327.094662 -0.036173217 0.361384094 0.250038385 0.069676973 0.040759794 0.065816365 0.994561195
1341846327.128901 -0.034340873 0.371588349 0.248556644 0.068820916 0.040279727 0.065841891 0.994638681
1341846327.161940 -0.033227749 0.386047453 0.249646977 0.068352953 0.039039522 0.065385051 0.994750500
1341846327.193867 -0.028139241 0.389614463 0.258771956 0.066696070 0.040318105 0.063862786 0.994910896
1341846327.229885 -0.030147906 0.404369444 0.251532733 0.068000577 0.043741480 0.061435092 0.994830787
1341846327.262014 -0.004465127 0.414357245 0.279555619 0.067421600 0.046032388 0.060906805 0.994799316
1341846327.294023 -0.029747432 0.424569041 0.262217134 0.070416830 0.061975505 0.051237136 0.994271219
1341846327.330015 -0.045149699 0.449367583 0.227401674 0.072792381 0.072359100 0.049144290 0.993504047
1341846327.361939 -0.042579979 0.460455447 0.219117329 0.069782920 0.075528331 0.044916190 0.993684232
1341846327.393887 -0.040817305 0.471352965 0.229324266 0.068836376 0.077888884 0.038884211 0.993822336
1341846327.429966 -0.038960621 0.494276375 0.246174932 0.068342745 0.078232348 0.037607703 0.993878543
1341846327.461965 -0.044459734 0.505137563 0.262725532 0.060137089 0.074725650 0.036669955 0.994713485
1341846327.497931 -0.049883727 0.482698917 0.261093229 0.050736565 0.074878946 0.031181414 0.995412827
1341846327.530068 -0.035605427 0.517360926 0.263226807 0.053532097 0.072374210 0.037615951 0.995229304
1341846327.561895 -0.031680465 0.541705847 0.279394209 0.054371722 0.069382384 0.045606870 0.995062709
1341846327.598010 -0.039000429 0.538780689 0.284474671 0.054435100 0.067161463 0.048242196 0.995087385
1341846327.629945 -0.078231879 0.544610500 0.278707713 0.052874707 0.068298884 0.045048784 0.995243788
1341846327.662003 -0.034264877 0.558697402 0.309296906 0.054269623 0.059522945 0.042883102 0.995827734
1341846327.697919 -0.031423848 0.594023466 0.292977035 0.059152283 0.057125997 0.045581929 0.995570123
1341846327.730075 -0.066971593 0.596678376 0.279146850 0.052967686 0.061087362 0.044403646 0.995736480
1341846327.766017 -0.129861534 0.598095298 0.298351645 0.047246765 0.072262056 0.043726206 0.995305955
1341846327.797917 -0.185197785 0.616132379 0.300688237 0.043095421 0.080731727 0.042652763 0.994889915
1341846327.830054 -0.169868112 0.632368088 0.301647186 0.040117074 0.077159129 0.045020357 0.995193541
1341846327.865944 -0.167300418 0.627931833 0.300496161 0.034353174 0.078173794 0.044626787 0.995347738
1341846327.898010 -0.170253500 0.654185474 0.308600456 0.035739049 0.080049112 0.044533335 0.995154083
1341846327.929991 -0.181089103 0.664411843 0.311194360 0.031794295 0.080424041 0.041871548 0.995373249
1341846327.966065 -0.187023610 0.680852771 0.314059436 0.029593658 0.081975721 0.037558075 0.995486617
1341846327.998073 -0.163796037 0.678015530 0.311081529 0.020956233 0.079434395 0.034559842 0.996020377
1341846328.034045 -0.183928266 0.678780138 0.312041312 0.014589209 0.083787419 0.031826079 0.995868444
1341846328.065993 -0.210594624 0.673382223 0.314160407 0.008180029 0.088453941 0.033344705 0.995488405
1341846328.098045 -0.228705391 0.665034652 0.318224609 0.006196284 0.091637500 0.035657719 0.995134473
1341846328.133967 -0.259567082 0.658793986 0.322423220 0.008592426 0.095617950 0.039279979 0.994605720
1341846328.166023 -0.281172931 0.654574394 0.325230092 0.007685998 0.095632307 0.040802542 0.994550407
1341846328.198018 -0.310628921 0.638442159 0.319849789 0.006162582 0.097194389 0.040718649 0.994413018
1341846328.234044 -0.201616526 0.634555757 0.305666983 0.008172780 0.077927656 0.039883818 0.996127367
1341846328.265899 -0.194996580 0.624105334 0.303174645 0.009650256 0.074741647 0.041247725 0.996302783
1341846328.302051 -0.189995214 0.618142426 0.316044658 0.014174073 0.073763795 0.046754882 0.996078312
1341846328.333917 -0.165042967 0.617104411 0.308507890 0.018743724 0.068846315 0.051303409 0.996130943
1341846328.366008 -0.131197453 0.575574100 0.295134366 0.018459197 0.062655747 0.048986584 0.996661365
1341846328.402010 -0.136724249 0.547262013 0.294673562 0.027254356 0.065320380 0.053875014 0.996036112
1341846328.433920 -0.143875465 0.622524142 0.297100186 0.049111329 0.063688256 0.055961516 0.995188534
1341846328.470003 -0.176225424 0.583960891 0.293946147 0.046069261 0.069956861 0.045021020 0.995468140
1341846328.502194 -0.081957176 0.467087954 0.260831028 0.031059347 0.057199731 0.030715602 0.997406662
1341846328.534033 -0.091514081 0.459903598 0.262929410 0.034345068 0.061892245 0.028053138 0.997097194
1341846328.570125 -0.099824406 0.433013439 0.253559828 0.033416133 0.064014085 0.030619673 0.996919274
1341846328.602804 -0.226736099 0.411714017 0.262871206 0.041871004 0.080299385 0.031710345 0.995386004
1341846328.672663 -0.213478267 0.398509979 0.274282038 0.055923235 0.065566488 0.027071020 0.995912015
1341846328.702975 -0.148739606 0.372118950 0.257570624 0.055747431 0.051702350 0.028483862 0.996698439
1341846328.770129 -0.006615730 0.307647347 0.249477163 0.057043653 0.025154429 0.026520127 0.997702360
1341846328.802331 0.036932349 0.298333526 0.259530127 0.059088308 0.014392575 0.027983021 0.997756660
1341846328.838051 -0.020882811 0.289900094 0.244468451 0.065243594 0.023413898 0.021499299 0.997362971
1341846328.869939 -0.018101837 0.292546511 0.238596857 0.066006534 0.021917507 0.020881884 0.997359872
1341846328.904486 -0.019209865 0.270690978 0.238682583 0.060774278 0.019024532 0.021085551 0.997747481
1341846328.939814 -0.014314715 0.235197365 0.237945169 0.061262660 0.016315052 0.021250799 0.997762024
1341846328.970217 -0.013424188 0.241543770 0.237634048 0.066765167 0.014203751 0.024263630 0.997372508
1341846329.006232 -0.009263655 0.228756651 0.237290651 0.067479506 0.011368483 0.029259469 0.997226715
1341846329.038243 -0.004404519 0.210475191 0.233823061 0.070796289 0.010672141 0.028630197 0.997022748
1341846329.106125 -0.001740344 0.204681337 0.228482023 0.074033044 0.010005143 0.028541178 0.996797025
1341846329.138340 0.004198233 0.185138792 0.211729944 0.075076871 0.008677420 0.025824884 0.996805549
1341846329.169991 0.000960568 0.184660256 0.205673948 0.077515505 0.008237633 0.023999678 0.996668220
1341846329.208656 0.003187451 0.175114006 0.199866265 0.077792391 0.007295034 0.022304794 0.996693373
1341846329.238169 0.006240760 0.173810512 0.198532328 0.077492535 0.005813608 0.022752808 0.996716321
1341846329.273827 0.006189926 0.159738183 0.198823631 0.075326130 0.004900392 0.023714991 0.996864855
1341846329.306052 0.002305772 0.153954938 0.190193683 0.075679965 0.002914441 0.022463286 0.996874869
1341846329.338104 0.011150108 0.156490609 0.193766281 0.072667018 0.000412421 0.021272741 0.997129261
1341846329.373907 0.010172727 0.131508291 0.191150233 0.068226144 -0.000241317 0.019586826 0.997477591
1341846329.405985 0.012129457 0.119972073 0.181250960 0.069101408 -0.001740205 0.016675334 0.997468710
1341846329.442057 0.012729534 0.121246114 0.183130622 0.069306210 -0.002307034 0.013264004 0.997504592
1341846329.473950 0.011410668 0.102412745 0.181742340 0.067385755 -0.003389592 0.007476908 0.997693241
1341846329.506147 0.008919629 0.098561458 0.174946159 0.067823231 -0.004961730 0.004470766 0.997675002
1341846329.542121 0.005229079 0.087275878 0.172987819 0.065844625 -0.007596255 0.003767221 0.997793853
1341846329.574086 0.015027401 0.066932365 0.171996474 0.067446642 -0.010907694 0.003266572 0.997657895
1341846329.606387 0.013412759 0.067583039 0.164757624 0.070409335 -0.010987323 0.001511697 0.997456551
1341846329.641955 0.008378352 0.067458339 0.162401885 0.070761137 -0.011904583 0.001630766 0.997420907
1341846329.681570 0.005614124 0.048061527 0.161694467 0.069105551 -0.014602787 0.002107095 0.997500241
1341846329.748113 0.015178753 0.045708060 0.158966973 0.071435630 -0.015402665 -0.000093204 0.997326255
1341846329.810175 0.011415260 0.019101664 0.158176437 0.068786971 -0.011819201 0.004522238 0.997551084
1341846329.842255 0.017588865 0.010631640 0.153997689 0.070077926 -0.012316193 0.009731328 0.997417986
1341846329.874044 0.015813923 0.002772259 0.151508525 0.071711868 -0.012170534 0.012913973 0.997267485
1341846329.910073 0.014087254 0.007162273 0.147725791 0.072219238 -0.012522388 0.014939173 0.997198284
1341846329.942009 0.006868625 0.009481752 0.158042595 0.068449728 -0.012298313 0.018488368 0.997407436
1341846329.978087 0.015986260 -0.020487234 0.149070188 0.064693563 -0.013621123 0.022180846 0.997565627
1341846330.016305 0.020801231 -0.012333627 0.143761486 0.067157015 -0.013018265 0.020285971 0.997451186
1341846330.048192 0.012995400 -0.005219242 0.145129889 0.063779861 -0.011102405 0.021633130 0.997667730
1341846330.080418 0.015310002 -0.027383514 0.143528610 0.058658890 -0.011389122 0.023547791 0.997935295
1341846330.115886 0.019309992 -0.041062184 0.145915553 0.061132748 -0.010266468 0.024732929 0.997770309
1341846330.147839 0.009991565 -0.026295543 0.138646990 0.064252049 -0.009250348 0.026052898 0.997550666
1341846330.181257 0.010605280 -0.015152937 0.136361420 0.059889745 -0.010089555 0.029173903 0.997727573
1341846330.215852 0.014318471 -0.029672176 0.143022746 0.053192496 -0.009471344 0.028674740 0.998127520
1341846330.247833 0.010174291 -0.036456775 0.138159186 0.051006969 -0.008820537 0.028040141 0.998265624
1341846330.283913 0.006836704 -0.023145847 0.130260453 0.048257831 -0.008977113 0.028574644 0.998385727
1341846330.316011 0.004328299 -0.039819513 0.133991092 0.040937450 -0.009655858 0.027556803 0.998734891
1341846330.347868 0.003053237 -0.048310962 0.134535238 0.038454995 -0.011256103 0.026548883 0.998844147
1341846330.383835 0.008115286 -0.050627809 0.134154126 0.036741879 -0.012174181 0.027001334 0.998885751
1341846330.415934 0.005979346 -0.065276779 0.140192896 0.035678700 -0.011096295 0.025473196 0.998976946
1341846330.452561 0.002832602 -0.067429319 0.134144604 0.038457230 -0.011476903 0.024017274 0.998905659
1341846330.483903 -0.002971274 -0.060815841 0.132871732 0.039009385 -0.012911360 0.026149733 0.998813152
1341846330.515970 -0.002262306 -0.071203239 0.132594734 0.036974259 -0.015260110 0.030014442 0.998748779
1341846330.552099 -0.000038470 -0.073461875 0.131733969 0.038523447 -0.016725276 0.032303188 0.998595357
1341846330.583876 -0.005456928 -0.062918372 0.124804370 0.038610928 -0.016531473 0.032292176 0.998595595
1341846330.619992 -0.014165975 -0.053356465 0.118614845 0.034941997 -0.017147865 0.031454414 0.998746991
1341846330.652136 -0.005547036 -0.062952526 0.121124893 0.027687795 -0.019738231 0.030694388 0.998950243
1341846330.683796 -0.010356117 -0.067484699 0.119946063 0.022881532 -0.019163221 0.029785151 0.999110579
1341846330.719991 -0.015880162 -0.084369659 0.112018712 0.019523859 -0.021061786 0.030890815 0.999110043
1341846330.752103 -0.018579679 -0.087523073 0.110564634 0.021271473 -0.025181646 0.034758758 0.998851955
1341846330.787952 -0.024368003 -0.082339630 0.101065755 0.022658145 -0.029458636 0.038742539 0.998557866
1341846330.819823 -0.019353220 -0.082427122 0.101218849 0.022258772 -0.034391519 0.039714776 0.998370886
1341846330.852208 -0.024539474 -0.072222553 0.096992485 0.022592040 -0.035401952 0.039852440 0.998322606
1341846330.914111 -0.028908398 -0.059547223 0.093093380 0.014091573 -0.038673148 0.039918214 0.998354793
1341846330.949903 -0.033368539 -0.073341280 0.091037184 0.010203913 -0.039410617 0.039282877 0.998398483
1341846330.981986 -0.038994581 -0.072696917 0.085954309 0.011195460 -0.043670930 0.039986726 0.998182595
1341846331.014111 -0.036094368 -0.065503225 0.085778646 0.011166145 -0.048016638 0.040325120 0.997969747
1341846331.082139 -0.038773939 -0.068883352 0.079559982 0.012801139 -0.050741024 0.037251107 0.997934759
1341846331.114334 -0.040780824 -0.067641601 0.074010029 0.012451126 -0.052733000 0.036981825 0.997845948
1341846331.149989 -0.039207600 -0.074508578 0.077938884 0.012520746 -0.053825159 0.035952687 0.997824371
1341846331.181954 -0.041111924 -0.074908786 0.071408831 0.015685661 -0.053995516 0.035036903 0.997803032
1341846331.218151 -0.048452366 -0.060463589 0.067189373 0.016173484 -0.056747418 0.036241885 0.997599423
1341846331.249914 -0.035821214 -0.072503060 0.073189817 0.013121461 -0.059467405 0.034981146 0.997530818
1341846331.318141 -0.030351572 -0.067956991 0.074123032 0.024087738 -0.049891118 0.030437643 0.998000085
1341846331.349926 -0.026712624 -0.066056445 0.071888566 0.022984719 -0.047612313 0.029827859 0.998155832
1341846331.382003 -0.009573735 -0.084144741 0.056053553 0.024733892 -0.042516235 0.028093947 0.998394370
1341846331.418008 -0.011534944 -0.076389261 0.077363126 0.032108441 -0.031515550 0.028124720 0.998591423
1341846331.450327 -0.017272497 -0.065362766 0.093107067 0.034619365 -0.026524818 0.028038459 0.998654962
1341846331.486219 -0.027705837 -0.060001705 0.094642878 0.034859933 -0.023654042 0.029136889 0.998687267
1341846331.518344 -0.014049243 -0.062996566 0.096266590 0.033422071 -0.023920827 0.028361762 0.998752415
1341846331.550202 -0.010304659 -0.069260821 0.104560092 0.035502594 -0.019232197 0.026937831 0.998821318
1341846331.586139 -0.021496985 -0.057249032 0.110833570 0.038271427 -0.017134024 0.027025333 0.998754919
1341846331.617931 -0.011799816 -0.054045599 0.117158122 0.037516765 -0.017850241 0.027810879 0.998749435
1341846331.654027 -0.003832750 -0.061607942 0.123600654 0.037573956 -0.015850268 0.027984340 0.998776197
1341846331.686123 -0.014201520 -0.047737010 0.131821752 0.040672623 -0.012174654 0.029420435 0.998665094
1341846331.717954 -0.021188419 -0.039799221 0.143559650 0.038112637 -0.012728290 0.029626129 0.998753071
1341846331.754076 -0.004946230 -0.052722886 0.155309916 0.035038039 -0.013385257 0.028825847 0.998880506
1341846331.785920 -0.009842867 -0.051592514 0.164781973 0.037999049 -0.009825827 0.026936645 0.998866320
1341846331.818053 -0.012411729 -0.038258281 0.174067199 0.039173916 -0.008127204 0.027294418 0.998826444
1341846331.853849 -0.006759856 -0.050861236 0.185539544 0.037011094 -0.008264535 0.027219698 0.998909891
1341846331.885987 -0.002141093 -0.050547022 0.195675835 0.039859820 -0.005910333 0.024836862 0.998879075
1341846331.922014 -0.004408387 -0.040744431 0.208912909 0.042476147 -0.002497057 0.023395572 0.998820364
1341846331.954037 0.000425513 -0.041015949 0.217467546 0.042258270 -0.000071441 0.024076357 0.998816550
1341846331.986135 0.007149678 -0.051622130 0.237213582 0.044030499 0.005148611 0.025687272 0.998686612
1341846332.022364 -0.004073953 -0.049348310 0.251029044 0.051575374 0.010974825 0.025340797 0.998287201
1341846332.054175 -0.006142574 -0.046310060 0.263528228 0.057618003 0.011131715 0.026826989 0.997916102
1341846332.086502 -0.003921526 -0.043484516 0.275774658 0.060484067 0.011108018 0.028333027 0.997705162
1341846332.122051 -0.004214766 -0.039156981 0.280874908 0.062467560 0.012196854 0.027641395 0.997589588
1341846332.153983 -0.009557601 -0.026430650 0.298810095 0.061219513 0.011528919 0.026532838 0.997704983
1341846332.190165 -0.009009564 -0.028832000 0.311990678 0.054393563 0.009728020 0.024726912 0.998165965
1341846332.254145 -0.012137634 -0.042330939 0.337339729 0.054058496 0.010635004 0.021034066 0.998259544
1341846332.289948 -0.014041621 -0.035974752 0.348642439 0.056465212 0.010422051 0.022899384 0.998087525
1341846332.322172 -0.015923653 -0.038504202 0.364190012 0.056953810 0.010103578 0.025092609 0.998010337
1341846332.354003 -0.008414774 -0.043781422 0.366947263 0.059102532 0.011553063 0.022369228 0.997934401
1341846332.390180 -0.005644507 -0.030875262 0.379245281 0.061426204 0.015660333 0.019841651 0.997791529
1341846332.422055 -0.012813807 -0.027868781 0.391885400 0.059643194 0.018682353 0.016088003 0.997915268
1341846332.458114 -0.007175883 -0.032722175 0.401441336 0.058708377 0.020533342 0.012319718 0.997987926
1341846332.489993 -0.015907573 -0.025217626 0.417795181 0.060120247 0.023117507 0.013832150 0.997827530
1341846332.522130 -0.023151780 -0.022777734 0.427673072 0.059381168 0.019487638 0.020394681 0.997836709
1341846332.558114 -0.019743592 -0.026909728 0.435242116 0.059401229 0.014043167 0.026659161 0.997779310
1341846332.589874 -0.009638073 -0.015841685 0.437685817 0.059721466 0.010446073 0.031361595 0.997667611
1341846332.621889 -0.007491703 -0.008399539 0.445530385 0.056090973 0.010188589 0.033262011 0.997819424
1341846332.658202 -0.003120864 -0.014582131 0.457309216 0.051635526 0.010584809 0.031200297 0.998122394
1341846332.690001 -0.000923691 -0.010760300 0.463601887 0.049886134 0.011313995 0.032743543 0.998153925
1341846332.726000 -0.004763437 -0.018441487 0.477586806 0.048448022 0.010669572 0.036725264 0.998093307
1341846332.758386 -0.003448539 -0.017282916 0.481027424 0.049076416 0.008403206 0.037302673 0.998062849
1341846332.789937 0.009903839 -0.008276179 0.492450237 0.048960209 0.008100349 0.036615022 0.998096526
1341846332.825925 0.010565038 -0.009431221 0.505293071 0.046563994 0.010767022 0.035061076 0.998241782
1341846332.857898 0.013514411 -0.011836533 0.515172303 0.047148652 0.011817127 0.034997799 0.998204648
1341846332.894069 0.015662905 0.000839293 0.525745809 0.047975224 0.011535846 0.035879705 0.998137236
1341846332.926029 0.020533063 0.004648034 0.531031787 0.044493198 0.011702154 0.034060847 0.998360336
1341846332.958015 0.025614360 0.008067504 0.539915860 0.041930407 0.013579472 0.031115049 0.998543561
1341846332.994073 0.026908670 0.008689191 0.548473597 0.038711447 0.014764412 0.029631319 0.998701870
1341846333.026545 0.031164335 0.009394839 0.554613411 0.036125384 0.015784169 0.027183328 0.998852789
1341846333.057998 0.038950600 0.013090137 0.563849092 0.035573151 0.017284943 0.027114015 0.998849630
1341846333.094024 0.037279509 0.012291178 0.574919879 0.035910614 0.019618217 0.030298134 0.998702943
1341846333.126095 0.040563732 0.015907772 0.578233778 0.036389645 0.021304749 0.032267977 0.998589396
1341846333.161973 0.044253442 0.022590432 0.581734657 0.035659820 0.023993909 0.033808768 0.998503685
1341846333.195660 0.043854468 0.024329361 0.592122793 0.033339370 0.026137307 0.035375975 0.998475790
1341846333.226331 0.046311796 0.024283636 0.595301926 0.031711772 0.026655888 0.034939390 0.998530447
1341846333.262056 0.047448151 0.032730553 0.601770997 0.029228572 0.027086234 0.033530038 0.998642981
1341846333.294147 0.049428068 0.027489198 0.607819736 0.025235964 0.026720149 0.032674164 0.998790085
1341846333.326100 0.053861253 0.030143866 0.612933874 0.023940619 0.025101582 0.031232089 0.998910069
1341846333.362100 0.059627719 0.038673155 0.612124264 0.021360435 0.023512432 0.030921699 0.999016881
1341846333.394119 0.055740494 0.033260010 0.623211563 0.017433941 0.023529630 0.029741226 0.999128580
1341846333.429974 0.058465637 0.036723666 0.627832890 0.017193699 0.021352343 0.029468834 0.999189675
1341846333.462115 0.061680205 0.031724781 0.626441419 0.016258346 0.021522364 0.028497990 0.999229848
1341846333.494040 0.066659398 0.033918459 0.628976107 0.017480623 0.021687103 0.027388748 0.999236703
1341846333.529953 0.068634361 0.034422807 0.627161324 0.018462736 0.022916131 0.027024657 0.999201536
1341846333.562063 0.065530464 0.036904383 0.631088138 0.019462094 0.025570836 0.028456585 0.999078393
1341846333.594090 0.056773968 0.043098465 0.632558346 0.018625000 0.025944436 0.029498365 0.999054492
1341846333.629994 0.055785492 0.044366144 0.632413685 0.015210846 0.023508035 0.028947733 0.999188662
1341846333.662127 0.054724067 0.045409970 0.630690575 0.012377370 0.022685546 0.027784575 0.999279857
1341846333.697964 0.058388196 0.036919057 0.627925873 0.009591362 0.022203503 0.028575396 0.999298990
1341846333.730092 0.059110165 0.033711247 0.626542509 0.011731386 0.022427822 0.029657084 0.999239624
1341846333.762089 0.063555285 0.039105967 0.622519732 0.014214491 0.022339977 0.030809620 0.999174476
1341846333.798006 0.058553688 0.035775457 0.620049059 0.015306739 0.023522936 0.030255133 0.999148130
1341846333.830055 0.060814954 0.036069810 0.614005089 0.017959163 0.024363587 0.028430313 0.999137402
1341846333.866045 0.058017537 0.036690630 0.609348595 0.019145668 0.025904866 0.027097968 0.999113679
1341846333.897987 0.054926910 0.031928323 0.606506288 0.020354390 0.026187774 0.026179280 0.999106884
1341846333.930099 0.054803230 0.028796699 0.599804938 0.023025181 0.027073916 0.024550963 0.999066591
1341846333.965889 0.052786060 0.030167894 0.594777644 0.025533892 0.027853150 0.024590820 0.998983264
1341846333.997985 0.054853074 0.023627829 0.586400568 0.027602408 0.028546449 0.024422063 0.998912811
1341846334.030076 0.049010120 0.027445458 0.581821263 0.031142568 0.030266749 0.025591949 0.998728752
1341846334.066000 0.045106232 0.026444521 0.573974013 0.032798000 0.030186547 0.027007153 0.998640895
1341846334.097932 0.046294913 0.026658271 0.567454398 0.034800746 0.029743871 0.026564028 0.998598337
1341846334.133884 0.040179566 0.024068505 0.560790181 0.035826810 0.031447362 0.026918827 0.998500288
1341846334.166115 0.035405464 0.024782561 0.556041062 0.036240608 0.030384608 0.027437788 0.998504162
1341846334.198072 0.033891708 0.024224911 0.544670224 0.036760196 0.028797876 0.026540399 0.998556435
1341846334.234097 0.033086486 0.025980666 0.538459063 0.037259802 0.029195951 0.025404915 0.998555899
1341846334.266045 0.028235473 0.023316186 0.533198476 0.037128210 0.030972570 0.026022639 0.998491347
1341846334.297946 0.023029247 0.023424882 0.526189923 0.038438972 0.029636534 0.027292836 0.998448431
1341846334.334036 0.022021450 0.025332261 0.517331541 0.038944896 0.027998900 0.027829694 0.998461246
1341846334.365871 0.018643050 0.025548413 0.509888709 0.038347952 0.028217245 0.026755191 0.998507559
1341846334.401845 0.016831325 0.025994319 0.502826512 0.037240814 0.029084725 0.025376065 0.998560607
1341846334.433864 0.006999375 0.015153889 0.492740482 0.036226429 0.029276766 0.025445150 0.998590529
1341846334.466105 0.001534143 0.019121762 0.488121212 0.037440237 0.028102877 0.025857354 0.998568892
1341846334.502142 -0.004304282 0.021332163 0.487321556 0.036485091 0.026830385 0.026911033 0.998611391
1341846334.540153 -0.001099002 0.016839191 0.471468270 0.035521388 0.025280684 0.025537571 0.998722672
1341846334.602351 -0.009391475 0.028919617 0.454279542 0.032009531 0.021557868 0.019362729 0.999067426
1341846334.670161 -0.011312805 0.025199043 0.441232771 0.026778474 0.018339168 0.012532953 0.999394596
1341846334.702085 -0.021793108 0.020976201 0.431101888 0.025318136 0.017083772 0.012969410 0.999449313
1341846334.734751 -0.026451837 0.018655837 0.423234195 0.025132949 0.015049500 0.013977247 0.999473095
1341846334.770889 -0.028814100 0.016852045 0.410350919 0.024941409 0.013396624 0.017056271 0.999453604
1341846334.802194 -0.033204585 0.018195854 0.400799274 0.024677454 0.010876608 0.017489700 0.999483287
1341846334.833908 -0.031999655 0.020318918 0.387425452 0.024397131 0.009133590 0.016461231 0.999525070
1341846334.869874 -0.037910677 0.020640291 0.378575146 0.022821095 0.009250366 0.015746484 0.999572754
1341846334.902006 -0.042198099 0.017652590 0.372627318 0.020929882 0.007481041 0.017011203 0.999608219
1341846334.938010 -0.045098141 0.018515613 0.366096765 0.020702610 0.004376118 0.016119616 0.999646127
1341846334.970032 -0.036357913 0.012546008 0.354887009 0.019532332 0.002372490 0.015808251 0.999681413
1341846335.002203 -0.046845160 0.012453918 0.347088754 0.021754319 0.003898158 0.016490601 0.999619722
1341846335.037880 -0.050680455 0.011660781 0.334300369 0.023900932 0.000656558 0.018582676 0.999541402
1341846335.069990 -0.047324602 0.016418064 0.322770238 0.024510046 -0.002576286 0.018650264 0.999522269
1341846335.106038 -0.047234457 0.011177138 0.311155677 0.024226611 -0.001635729 0.017240189 0.999556482
1341846335.138045 -0.051704340 0.010739444 0.307016492 0.026257608 -0.000261815 0.015967770 0.999527633
1341846335.169900 -0.058716655 0.015442096 0.291113794 0.026678760 -0.002393087 0.015938316 0.999514163
1341846335.206091 -0.055304047 0.013478519 0.279530019 0.025542213 -0.004742020 0.013970044 0.999564826
1341846335.239365 -0.050870538 0.006942577 0.272065312 0.025123056 -0.004282023 0.011464310 0.999609470
1341846335.269948 -0.056195308 0.006494219 0.262446344 0.026800226 -0.002586333 0.009951034 0.999587953
1341846335.305972 -0.061889753 0.005982704 0.252205044 0.028638858 -0.003983621 0.011035413 0.999520957
1341846335.338012 -0.059658870 0.004890180 0.247081950 0.030078480 -0.005670450 0.012694368 0.999450862
1341846335.374005 -0.051095795 -0.008640546 0.231239423 0.033417378 -0.004535157 0.013864212 0.999335051
1341846335.406025 -0.056303769 -0.000321392 0.225323364 0.041070204 -0.001694071 0.015001803 0.999042213
1341846335.438079 -0.062076822 0.005305219 0.211831033 0.046335652 -0.000488516 0.018577443 0.998753071
1341846335.473998 -0.058080684 0.009657688 0.203702524 0.048784986 0.000590442 0.019749962 0.998613834
1341846335.507038 -0.058958977 0.013642175 0.188208908 0.049817093 0.003217428 0.018282630 0.998585820
1341846335.538040 -0.066462755 0.023802089 0.182399407 0.049860429 0.005938835 0.016030217 0.998609900
1341846335.574119 -0.070098661 0.021888547 0.172734275 0.047132984 0.005932082 0.016328361 0.998737574
1341846335.605970 -0.073211275 0.019853000 0.161028951 0.045523826 0.005490831 0.015572491 0.998826802
1341846335.641978 -0.070565633 0.021813814 0.149774805 0.046770342 0.006455621 0.013235747 0.998797119
1341846335.673993 -0.076195039 0.025629066 0.143994927 0.046925865 0.007543006 0.012221707 0.998795152
1341846335.706178 -0.078729115 0.024236515 0.130056500 0.046193488 0.006170731 0.013502606 0.998822212
1341846335.741982 -0.073680513 0.018298000 0.115730613 0.046115030 0.005362346 0.013037579 0.998836696
1341846335.773960 -0.079390213 0.023246996 0.105339170 0.046452243 0.006293415 0.012853121 0.998817980
1341846335.806271 -0.080500588 0.027925871 0.093954042 0.044756178 0.005558726 0.012609899 0.998902917
1341846335.842031 -0.076539643 0.021125890 0.084717162 0.042055570 0.005972439 0.013538791 0.999005675
1341846335.873966 -0.078009985 0.021270033 0.076301873 0.043193042 0.007559682 0.012441556 0.998960674
1341846335.910005 -0.087105088 0.028771659 0.067315698 0.043371599 0.008027554 0.014119776 0.998926938
1341846335.941936 -0.088825256 0.026356153 0.052840889 0.042083107 0.006151392 0.014885749 0.998984277
1341846335.974198 -0.087910630 0.026825456 0.042315349 0.041977458 0.005242065 0.012565847 0.999025762
1341846336.010032 -0.093389265 0.027905382 0.034406632 0.041819915 0.005324450 0.011266467 0.999047458
1341846336.042129 -0.100309432 0.027984293 0.022592396 0.040935818 0.004284007 0.011285742 0.999088824
1341846336.078076 -0.100970462 0.024458935 0.016506195 0.040635958 0.002242698 0.010722759 0.999113917
1341846336.110739 -0.100710489 0.028888870 0.011036102 0.041616041 0.002094207 0.009505452 0.999086261
1341846336.142002 -0.107710734 0.027097944 -0.001834150 0.041179247 0.002381924 0.010612836 0.999092579
1341846336.183953 -0.109793119 0.027997982 -0.021702230 0.040771089 -0.000134725 0.011324984 0.999104321
1341846336.241891 -0.111006945 0.031499442 -0.023170937 0.039151326 -0.001042336 0.010697495 0.999175489
1341846336.277946 -0.119305581 0.023593977 -0.033801056 0.039023630 -0.000227836 0.012518024 0.999159813
1341846336.309977 -0.123071730 0.024315841 -0.042586192 0.041833688 -0.002600521 0.015304541 0.999003947
1341846336.346143 -0.122930124 0.029490177 -0.054315090 0.043898758 -0.003984240 0.016236899 0.998896122
1341846336.377975 -0.122156456 0.029598564 -0.059131786 0.044776633 -0.003955329 0.015735352 0.998865247
1341846336.410032 -0.125507668 0.033170909 -0.069316782 0.045768853 -0.003162834 0.015891468 0.998820662
1341846336.446041 -0.126497447 0.036674034 -0.087553315 0.045402020 -0.003619406 0.015779836 0.998837590
1341846336.477990 -0.126556337 0.035137232 -0.091911964 0.044353191 -0.003707496 0.015397364 0.998890340
1341846336.510056 -0.130577743 0.032066964 -0.092261501 0.044419572 -0.002959286 0.016014611 0.998880208
1341846336.546024 -0.131852880 0.033259585 -0.098053291 0.045537718 -0.002822829 0.017721996 0.998801410
1341846336.578003 -0.135141924 0.042635847 -0.107337147 0.045931831 -0.003190811 0.019383296 0.998751402
1341846336.614020 -0.129563019 0.040964067 -0.111961439 0.045066282 -0.002965299 0.018741619 0.998803794
1341846336.645982 -0.134457961 0.045993090 -0.124346443 0.044204161 -0.001403679 0.017805032 0.998862863
1341846336.678036 -0.143921539 0.039203338 -0.124397062 0.041866917 -0.002879713 0.018611655 0.998945653
1341846336.714024 -0.142958671 0.032874558 -0.124662124 0.043073066 -0.005240223 0.018492153 0.998887002
1341846336.746016 -0.149062201 0.030603798 -0.130450904 0.046947643 -0.007121107 0.020394521 0.998663723
1341846336.778014 -0.153916866 0.036562748 -0.146480411 0.049744297 -0.010817337 0.023851730 0.998418510
1341846336.820006 -0.151595801 0.040656582 -0.150282547 0.050349068 -0.014772444 0.026062148 0.998282254
1341846336.882056 -0.156388924 0.038455278 -0.161129668 0.053019002 -0.016734650 0.024534410 0.998151779
1341846336.914273 -0.174057961 0.033413470 -0.155763820 0.055341501 -0.020097118 0.025536001 0.997938514
1341846336.945998 -0.140101641 0.036727447 -0.175547525 0.061125550 -0.028940596 0.030692128 0.997238219
1341846336.981980 -0.113590360 0.055775575 -0.212686673 0.065168373 -0.032850284 0.026586078 0.996978998
1341846337.014238 -0.071953565 0.065838724 -0.216721505 0.062229119 -0.037647184 0.025906699 0.997015059
1341846337.046017 -0.036629476 0.068307057 -0.212943017 0.060136855 -0.040155198 0.020016849 0.997181237
1341846337.082104 -0.017438900 0.072208166 -0.224452302 0.059300963 -0.041288689 0.017449636 0.997233212
1341846337.114317 -0.172658697 0.051954724 -0.189978391 0.057659250 -0.037611026 0.017095570 0.997481108
1341846337.150037 -0.166239992 0.053504400 -0.197297424 0.056073498 -0.039773732 0.015880907 0.997507691
1341846337.181873 -0.161922812 0.051901508 -0.187165990 0.055690780 -0.039923351 0.012874763 0.997566462
1341846337.214073 -0.168440849 0.062020149 -0.194841415 0.053862683 -0.037990201 0.010313436 0.997772098
1341846337.250087 -0.199579313 0.050494306 -0.203846931 0.050373901 -0.038079914 0.011872401 0.997933567
1341846337.282028 -0.179410458 0.050260231 -0.202812552 0.051895995 -0.043116797 0.014769521 0.997612000
1341846337.317920 -0.167579740 0.051085904 -0.203365162 0.051382180 -0.045330781 0.015631204 0.997527242
1341846337.350018 -0.176020235 0.055106893 -0.220063925 0.049975585 -0.043897305 0.015078316 0.997671366
1341846337.382159 -0.169562846 0.049329225 -0.211688727 0.046860445 -0.044176739 0.013484152 0.997833014
1341846337.417941 -0.165650129 0.044724368 -0.210646018 0.047470879 -0.044022329 0.014442528 0.997797549
1341846337.450137 -0.161766872 0.049813647 -0.227971762 0.048082560 -0.046060555 0.015664021 0.997657835
1341846337.482096 -0.163973123 0.050438289 -0.221603930 0.046811979 -0.046236929 0.016174817 0.997701943
1341846337.518008 -0.170195699 0.043918207 -0.221407905 0.047506578 -0.046057887 0.015823979 0.997682989
1341846337.549978 -0.169162080 0.052818507 -0.231457293 0.048226189 -0.046993393 0.014221723 0.997628987
1341846337.585971 -0.168371916 0.048609253 -0.230202839 0.045098495 -0.047393661 0.013716824 0.997763395
1341846337.617903 -0.165594399 0.037206687 -0.219399929 0.045882568 -0.048091602 0.013672482 0.997694850
1341846337.650141 -0.164727747 0.050945818 -0.224856243 0.049203303 -0.048509285 0.013131573 0.997523606
1341846337.686352 -0.166109666 0.054287456 -0.227314115 0.047433291 -0.048068095 0.013545723 0.997625232
1341846337.718002 -0.161143079 0.050199598 -0.220987752 0.045303497 -0.047995701 0.013840584 0.997723639
1341846337.749920 -0.159093738 0.053970031 -0.217760906 0.045324292 -0.046125155 0.012897837 0.997823536
1341846337.786157 -0.160561934 0.060488835 -0.213287547 0.042426769 -0.043355070 0.012947693 0.998074472
1341846337.817945 -0.155267403 0.053007796 -0.206168339 0.039751049 -0.041520197 0.014625588 0.998239458
1341846337.854071 -0.156459942 0.060004100 -0.201580405 0.038982220 -0.038128287 0.013735454 0.998417735
1341846337.885951 -0.160591692 0.065768398 -0.200900629 0.036000110 -0.035449862 0.012058495 0.998650074
1341846337.918223 -0.158455521 0.066056967 -0.191179946 0.031913355 -0.034222215 0.009611432 0.998858333
1341846337.954120 -0.156495124 0.061517283 -0.189801559 0.029264044 -0.032910340 0.008983117 0.998989403
1341846337.985994 -0.153599679 0.072670318 -0.180059448 0.027266631 -0.032307327 0.009429376 0.999061465
1341846338.018107 -0.151095048 0.067131281 -0.174487755 0.023524851 -0.030676054 0.010264671 0.999199808
1341846338.054055 -0.147019789 0.072720781 -0.167081699 0.021497158 -0.029505325 0.009657605 0.999286771
1341846338.085986 -0.143086910 0.069992982 -0.158409953 0.017733896 -0.026514456 0.009424429 0.999446690
1341846338.121875 -0.144588426 0.064626306 -0.148775756 0.015609021 -0.024086738 0.011203090 0.999525189
1341846338.154089 -0.149530277 0.064934626 -0.143617466 0.014769729 -0.023097672 0.014162585 0.999523759
1341846338.186029 -0.145276397 0.064622156 -0.135165542 0.013572713 -0.023789112 0.016674528 0.999485791
1341846338.222071 -0.137431443 0.068974420 -0.127922952 0.012479319 -0.023106609 0.016452672 0.999519706
1341846338.254107 -0.139421806 0.066191673 -0.115029857 0.010582062 -0.021030271 0.017000413 0.999578297
1341846338.290130 -0.136223227 0.063562810 -0.104835019 0.010953337 -0.021160578 0.018600237 0.999543011
1341846338.321952 -0.136092424 0.069896609 -0.099451222 0.011341687 -0.020277411 0.020454552 0.999520779
1341846338.354022 -0.134258956 0.066630781 -0.088969789 0.010467898 -0.019642940 0.020515678 0.999541759
1341846338.389969 -0.132277086 0.072934590 -0.082139894 0.010372475 -0.018927116 0.021213731 0.999541938
1341846338.422377 -0.133129895 0.070461966 -0.072066449 0.008372183 -0.018451780 0.021223180 0.999569416
1341846338.454010 -0.133787051 0.073550709 -0.061124515 0.007687162 -0.018670168 0.019897377 0.999598145
1341846338.489894 -0.133020490 0.071802132 -0.049113840 0.005824592 -0.018977216 0.020329788 0.999596238
1341846338.522066 -0.125111029 0.069120280 -0.039289784 0.006419239 -0.019469429 0.020388974 0.999581933
1341846338.558058 -0.126652241 0.078865625 -0.036819983 0.006346355 -0.019239753 0.019094298 0.999612391
1341846338.589842 -0.120524868 0.075610429 -0.021632988 0.004009603 -0.020047046 0.019331632 0.999604106
1341846338.622019 -0.117035605 0.072142452 -0.004401439 0.004625099 -0.019152865 0.020550217 0.999594629
1341846338.657984 -0.122436993 0.078882881 -0.003602942 0.005233701 -0.018646454 0.022154087 0.999566972
1341846338.690198 -0.118131861 0.084523633 0.004823253 0.003717429 -0.019594291 0.021338183 0.999573350
1341846338.722454 -0.108727410 0.073018931 0.025103865 0.002053356 -0.019309130 0.022456855 0.999559224
1341846338.757945 -0.116946563 0.081161439 0.025211666 0.002813010 -0.018483007 0.023623761 0.999546111
1341846338.790039 -0.113497339 0.079259902 0.035600234 0.000445239 -0.020748029 0.024394894 0.999486983
1341846338.826048 -0.101487644 0.075712316 0.053820550 0.000655238 -0.020914506 0.023501355 0.999504805
1341846338.858027 -0.107706077 0.085150823 0.057893209 0.001257813 -0.018467236 0.021602634 0.999595284
1341846338.889902 -0.103236690 0.083004959 0.073058970 -0.001741472 -0.019988494 0.021744991 0.999562204
1341846338.925948 -0.101119429 0.084773585 0.081528574 -0.001764268 -0.018960819 0.019198520 0.999634326
1341846338.958108 -0.099271558 0.083211355 0.094114438 -0.001943117 -0.017133091 0.018580358 0.999678671
1341846338.990057 -0.092969216 0.078027390 0.108578458 -0.002150215 -0.017820833 0.020363173 0.999631464
1341846339.025928 -0.087770969 0.077466235 0.122674726 -0.000233989 -0.017235145 0.020778406 0.999635518
1341846339.057939 -0.086604506 0.083868936 0.128526375 0.003042189 -0.014634004 0.020314790 0.999681890
1341846339.093927 -0.093455009 0.090074159 0.131704584 0.002065397 -0.014440171 0.021480979 0.999662817
1341846339.126562 -0.084816150 0.100079514 0.140715793 -0.000041250 -0.016036738 0.019892074 0.999673486
1341846339.157969 -0.079964913 0.097357653 0.154554009 -0.002692886 -0.013654780 0.018014023 0.999740839
1341846339.194113 -0.084457904 0.098182172 0.160723805 -0.004816421 -0.012060195 0.019135058 0.999732554
1341846339.228165 -0.083014935 0.102224499 0.168927521 -0.007925876 -0.014076109 0.021193936 0.999644876
1341846339.257998 -0.073827744 0.104433469 0.193079695 -0.009965148 -0.014070258 0.021263853 0.999625206
1341846339.294132 -0.074801296 0.104915284 0.194103912 -0.010308243 -0.011324888 0.022524860 0.999628961
1341846339.326577 -0.075988010 0.113986626 0.193229780 -0.013724549 -0.013037281 0.026238365 0.999476492
1341846339.362269 -0.066577181 0.108131453 0.216787294 -0.018610157 -0.016106760 0.024159754 0.999405086
1341846339.394725 -0.061789654 0.109008394 0.221269861 -0.019259563 -0.014276319 0.023054292 0.999446750
1341846339.462186 -0.055531234 0.107953750 0.241674811 -0.023059726 -0.015525096 0.023274386 0.999342561
1341846339.496743 -0.049026713 0.109352045 0.255164623 -0.019820219 -0.011849158 0.020621957 0.999520659
1341846339.562052 -0.047240555 0.103414968 0.272164047 -0.019507863 -0.008939754 0.023526477 0.999492884
1341846339.595122 -0.038512647 0.109250695 0.282519042 -0.016470958 -0.008812540 0.022147464 0.999580204
1341846339.632085 -0.035645641 0.114946917 0.289284319 -0.014540843 -0.005072756 0.019467728 0.999691904
1341846339.664568 -0.033327535 0.113027483 0.302780420 -0.014599560 -0.002487532 0.017500119 0.999737144
1341846339.698896 -0.032225069 0.105614148 0.307468832 -0.015803704 -0.001387099 0.017614266 0.999718964
1341846339.731977 -0.030793836 0.106661372 0.316400677 -0.015346695 -0.000927027 0.015921835 0.999755025
1341846339.762241 -0.025050128 0.104601838 0.326557964 -0.015087713 0.000019815 0.015359540 0.999768198
1341846339.797873 -0.025230998 0.103033230 0.331861824 -0.015272282 0.000707620 0.016862946 0.999740899
1341846339.830245 -0.020410007 0.101204723 0.341292858 -0.015766110 -0.000249599 0.017347913 0.999725163
1341846339.862015 -0.019758046 0.104970381 0.348260105 -0.015669318 0.000185126 0.016699692 0.999737740
1341846339.897797 -0.011827969 0.103457630 0.356918544 -0.016872631 0.000629207 0.016460754 0.999721944
1341846339.929916 -0.009413486 0.092949286 0.362124771 -0.018603820 0.001586277 0.018876823 0.999647439
1341846339.961960 -0.007818627 0.092736892 0.373109192 -0.017037516 0.001109099 0.019352600 0.999666929
1341846339.997845 -0.001919929 0.099974774 0.373781145 -0.014783631 0.001931106 0.018656971 0.999714792
1341846340.029925 0.001875089 0.096571118 0.379672736 -0.014405096 0.004014642 0.020375349 0.999680579
1341846340.066044 0.002682466 0.095382914 0.387136340 -0.012487891 0.005358271 0.021847153 0.999668956
1341846340.098009 0.003408655 0.097462349 0.391934544 -0.011363436 0.006047529 0.022229079 0.999670029
1341846340.130102 0.005861576 0.099746421 0.400584221 -0.011586221 0.006002963 0.020964352 0.999695063
1341846340.166041 0.011198733 0.096149847 0.407267630 -0.011042999 0.007876536 0.019145390 0.999724686
1341846340.197867 0.012775149 0.094963379 0.408893049 -0.010280791 0.010208413 0.019315669 0.999708474
1341846340.229904 0.013029555 0.098396897 0.417453855 -0.011130121 0.010036522 0.019536179 0.999696851
1341846340.265859 0.016314119 0.095478781 0.425851256 -0.011724505 0.011252315 0.018176738 0.999702692
1341846340.298061 0.020750508 0.095727585 0.433947295 -0.009725555 0.013022582 0.018878479 0.999689639
1341846340.334063 0.015950877 0.100478709 0.437339455 -0.010431077 0.012753012 0.021143498 0.999640703
1341846340.366064 0.025088228 0.091789447 0.444147497 -0.013059488 0.009874023 0.020540528 0.999654949
1341846340.397995 0.025840044 0.093351096 0.448277682 -0.010796253 0.011000826 0.019534638 0.999690354
1341846340.433895 0.027290456 0.095156252 0.454833537 -0.010092299 0.010593090 0.020801784 0.999676585
1341846340.465959 0.026110733 0.091729574 0.456123412 -0.009988535 0.008607469 0.022510123 0.999659657
1341846340.501858 0.031775299 0.093916312 0.457171172 -0.008774155 0.004739793 0.022785958 0.999690592
1341846340.534329 0.037860356 0.095488258 0.458613545 -0.008123910 0.002850808 0.022584487 0.999707878
1341846340.566041 0.041774802 0.090974592 0.458529294 -0.007357127 0.001837817 0.023384847 0.999697745
1341846340.601909 0.046522133 0.092209838 0.460785538 -0.004696138 0.000926826 0.024153912 0.999696791
1341846340.634005 0.048796736 0.095992483 0.454434723 -0.003393523 0.000336919 0.022311039 0.999745250
1341846340.666028 0.055562325 0.094051570 0.452213198 -0.003822421 0.000152081 0.020665806 0.999779105
1341846340.701946 0.059712417 0.091521166 0.450744450 -0.002158778 0.001387737 0.018059650 0.999833643
1341846340.733954 0.060295925 0.095631085 0.442385852 -0.000911164 0.003116947 0.016896188 0.999852002
1341846340.770081 0.059984658 0.098486103 0.446028441 -0.001230479 0.003697867 0.014333091 0.999889672
1341846340.801980 0.065604433 0.093956023 0.441532373 -0.001775259 0.004169523 0.008803992 0.999950945
1341846340.833999 0.066172980 0.097991057 0.438739508 -0.001598106 0.006479936 0.004952624 0.999965489
1341846340.870013 0.062803663 0.094995774 0.443213612 -0.003274242 0.006765046 0.003328915 0.999966204
1341846340.901955 0.064234175 0.091711111 0.443777114 -0.002601955 0.006521215 0.002858770 0.999971271
1341846340.933918 0.062304571 0.092063434 0.439929724 -0.000643940 0.006179061 0.005732024 0.999964237
1341846340.970122 0.059864640 0.094843671 0.440095693 0.000862391 0.003349574 0.010895489 0.999934673
1341846341.001922 0.061946586 0.092040919 0.435891807 0.001875528 -0.000852375 0.015638681 0.999875605
1341846341.037923 0.064899541 0.095347397 0.438243598 0.003765649 -0.003641094 0.018276859 0.999819219
1341846341.070300 0.065519907 0.093783669 0.429922491 0.003961958 -0.004450668 0.018583860 0.999809563
1341846341.102028 0.061046246 0.092133105 0.425039828 0.003574078 -0.005351341 0.018891357 0.999800861
1341846341.137982 0.063601688 0.090911545 0.422064632 0.003602130 -0.007616462 0.019053983 0.999782979
1341846341.170048 0.062934302 0.090061039 0.424295068 0.004054867 -0.007742547 0.019617768 0.999769330
1341846341.202110 0.064702533 0.088715799 0.417847395 0.005462992 -0.008242257 0.021410549 0.999721825
1341846341.237996 0.066685215 0.089663789 0.414948523 0.007280157 -0.008311938 0.022129685 0.999694049
1341846341.269883 0.064876281 0.090504639 0.412874222 0.008531478 -0.007510838 0.022477312 0.999682724
1341846341.306107 0.062519409 0.091860324 0.411155373 0.009238204 -0.007925097 0.021254569 0.999700010
1341846341.338109 0.063584261 0.089477211 0.409333706 0.009926809 -0.007526302 0.019404635 0.999734104
1341846341.370120 0.064787492 0.089763321 0.409470409 0.010405727 -0.006506580 0.017139735 0.999777794
1341846341.406074 0.059977420 0.090141542 0.411199331 0.010550071 -0.005617321 0.016213320 0.999797106
1341846341.438113 0.059941571 0.083907649 0.407734543 0.011031962 -0.007501834 0.016835118 0.999769270
1341846341.470024 0.062360916 0.085154146 0.402632356 0.014001630 -0.007876811 0.015051093 0.999757648
1341846341.506077 0.059468072 0.093514025 0.403042585 0.014751139 -0.006807262 0.013939078 0.999770820
1341846341.538156 0.054678530 0.088120580 0.403183579 0.013322043 -0.007974220 0.014014648 0.999781191
1341846341.574016 0.059373818 0.087789983 0.400016189 0.014219699 -0.010830847 0.015156343 0.999725342
1341846341.612466 0.056103501 0.092177995 0.397662461 0.015197686 -0.010924107 0.015454499 0.999705374
1341846341.643972 0.054640722 0.093716592 0.396137565 0.014470633 -0.012238896 0.014350078 0.999717414
1341846341.679982 0.053120188 0.090788126 0.397432625 0.013961604 -0.013586923 0.014791743 0.999700785
1341846341.712332 0.052467152 0.090174019 0.393162638 0.014446889 -0.015921788 0.018432861 0.999598920
1341846341.744185 0.053254679 0.090666316 0.391682237 0.015043541 -0.017792834 0.019843835 0.999531567
1341846341.780061 0.054157887 0.093155660 0.392410755 0.015711568 -0.018586591 0.021476297 0.999473095
1341846341.842595 0.058183156 0.085244425 0.384759963 0.017253302 -0.019657798 0.026163049 0.999315441
1341846341.906227 0.059242882 0.082370162 0.379225403 0.020356705 -0.020402404 0.031234186 0.999096453
1341846341.942069 0.060900010 0.077402413 0.376758963 0.023417624 -0.020529056 0.033278547 0.998960793
1341846341.974775 0.060853004 0.079460829 0.375111312 0.026852906 -0.020659506 0.035117567 0.998808742
1341846342.010161 0.054955292 0.080218993 0.374903500 0.027594492 -0.021345805 0.036871951 0.998710871
1341846342.042024 0.063375078 0.072199434 0.372144222 0.028593488 -0.022768160 0.036627010 0.998660326
1341846342.080032 0.064590551 0.078678638 0.368312657 0.031307269 -0.020658748 0.037058737 0.998608887
1341846342.112265 0.058339700 0.072853148 0.369719088 0.031065190 -0.019339379 0.039137416 0.998563588
1341846342.147954 0.061191007 0.068338603 0.369723529 0.033095889 -0.020806631 0.041118369 0.998389244
1341846342.179852 0.066361919 0.071065791 0.365910083 0.036204718 -0.020691756 0.042565826 0.998223066
1341846342.211848 0.064667523 0.072231740 0.360428214 0.036929391 -0.019939622 0.042195939 0.998227477
1341846342.247920 0.063518994 0.069500118 0.362378657 0.037923429 -0.019486109 0.040378567 0.998274326
1341846342.279870 0.066676132 0.069103450 0.361822128 0.039316822 -0.019476039 0.041189183 0.998187482
1341846342.316068 0.066526145 0.070019744 0.359002084 0.040693719 -0.019259403 0.042283390 0.998090744
1341846342.347894 0.067637354 0.073789805 0.359725386 0.041442644 -0.019400956 0.042245731 0.998058796
1341846342.379953 0.068794072 0.072519951 0.360059619 0.041472111 -0.018838774 0.042418104 0.998061061
1341846342.416195 0.067346260 0.072874874 0.359172493 0.042212054 -0.018482910 0.043301519 0.997998714
