1341846313.592026 0.000000000 0.000000000 0.000000000 0.000000000 0.000000000 0.000000000 1.000000000
1341846313.654184 0.007761444 -0.003157098 0.000209197 -0.001169467 -0.003226919 0.004951511 0.999981821
1341846313.686156 0.018406939 0.001460901 -0.001724403 0.000310287 -0.006183431 0.004951566 0.999968588
1341846313.721918 0.027989144 0.004841529 0.003271978 0.000701228 -0.007855725 0.005631042 0.999953032
1341846313.753994 0.030587992 0.005679222 0.006931605 0.000374808 -0.008067737 0.006220058 0.999948025
1341846313.789969 0.035990749 -0.002423886 0.000967038 0.000281314 -0.008298335 0.005366093 0.999951124
1341846313.822075 0.044042505 0.000544080 -0.006770129 0.000514004 -0.007437743 0.004344718 0.999962747
1341846313.853928 0.064390123 0.006025095 0.002740595 0.000594814 -0.007431029 0.004101501 0.999963760
1341846313.890011 0.067636430 0.006239280 -0.006927976 0.000433589 -0.005182924 0.004646742 0.999975681
1341846313.922055 0.080269828 0.011603869 -0.018455988 -0.001212206 -0.006027445 0.006716982 0.999958515
1341846313.957927 0.105676830 0.005572512 -0.012373981 -0.003769423 -0.004574999 0.006683821 0.999960124
1341846313.990058 0.089925542 0.004566212 -0.004476178 -0.005077594 0.005162960 0.007241902 0.999947548
1341846314.022042 0.103724338 0.026135519 -0.000168278 -0.005049145 0.005204670 0.009445094 0.999929070
1341846314.057816 0.106506906 0.025293481 0.026467431 -0.008404055 0.008084067 0.008619090 0.999894857
1341846314.089801 0.101195708 0.025445797 0.044981919 -0.007983218 0.015866606 0.006004691 0.999824226
1341846314.122037 0.132367715 0.033699397 0.013938464 -0.008136955 0.015189489 0.014587886 0.999745071
1341846314.157989 0.134745732 0.016736455 0.007947379 -0.012129364 0.018633636 0.015020302 0.999639988
1341846314.190094 0.127210543 0.018932356 0.012665591 -0.011513272 0.024368998 0.014620515 0.999529839
1341846314.225969 0.123175509 0.025583530 0.005597566 -0.013313522 0.027713928 0.017573267 0.999372721
1341846314.257923 0.148911163 0.022443892 0.023852244 -0.015838634 0.026664285 0.019555688 0.999327660
1341846314.290052 0.143213823 0.027069591 0.022820283 -0.013713416 0.029390883 0.017294304 0.999324322
1341846314.325981 0.156573758 0.034247886 0.025819831 -0.013956310 0.029434891 0.016774697 0.999328494
1341846314.357905 0.174945444 0.027161812 0.031991459 -0.015630012 0.030736756 0.016280299 0.999272704
1341846314.389899 0.178394407 0.021787705 0.027209576 -0.014971317 0.033685535 0.015880747 0.999194145
1341846314.427905 0.187281311 0.028931502 0.017410986 -0.014288601 0.034839228 0.014986061 0.999178410
1341846314.493987 0.200103730 0.014815455 0.017361104 -0.013978131 0.043774929 0.006358891 0.998923361
1341846314.526085 0.188426033 0.016888982 0.006275350 -0.013707413 0.048400767 0.002393062 0.998731077
1341846314.558292 0.201392069 0.016079942 0.014673224 -0.015134634 0.050088570 0.003703641 0.998623192
1341846314.594085 0.213032901 0.017257279 0.017436976 -0.013300829 0.053865731 0.002380620 0.998456776
1341846314.626096 0.219324723 0.019695714 0.012014076 -0.012949757 0.057442643 0.006002780 0.998246789
1341846314.658455 0.221991792 0.022692017 0.015209638 -0.014560798 0.059643190 0.005613368 0.998097777
1341846314.694004 0.240970224 0.012707043 0.017119972 -0.015306828 0.061759632 0.003455083 0.997967660
1341846314.725910 0.237907842 0.005800935 0.024414247 -0.011915645 0.065902621 0.006791537 0.997731745
1341846314.761942 0.236500591 0.006172028 0.023199089 -0.008505033 0.066805638 0.011022219 0.997668862
1341846314.794030 0.243426844 0.007913495 0.019640293 -0.005224528 0.068971097 0.012494321 0.997526765
1341846314.826092 0.262975633 0.016185749 0.014077306 -0.001962529 0.071215793 0.013143796 0.997372389
1341846314.862145 0.273117751 0.019474896 0.011158586 -0.001790666 0.074207775 0.015189932 0.997125506
1341846314.894072 0.282197684 0.018588675 0.016251024 -0.002241031 0.077509046 0.018080322 0.996825159
1341846314.925969 0.286281139 0.022568395 0.011531241 -0.001938577 0.080405921 0.021004291 0.996538997
1341846314.961937 0.302185506 0.030264189 0.002681211 -0.004555453 0.079055391 0.027546363 0.996479154
1341846314.994564 0.308929652 0.029137760 0.012812603 -0.007980325 0.079535522 0.025950544 0.996462226
1341846315.029900 0.315491319 0.027143469 0.021709803 -0.008101895 0.083176494 0.021218710 0.996275961
1341846315.061965 0.315422863 0.022892153 0.018033013 -0.009373558 0.086184628 0.026281269 0.995888352
1341846315.094388 0.318292946 0.017363632 0.021190900 -0.009660703 0.085277312 0.026607549 0.995955050
1341846315.129851 0.321651429 0.021313574 0.014328673 -0.007208691 0.085769854 0.024596494 0.995985210
1341846315.161941 0.328186691 0.044100787 0.013697758 -0.007867211 0.085518099 0.028909650 0.995886028
1341846315.197984 0.332851350 0.045575716 0.019137423 -0.014050501 0.083002292 0.025666397 0.996119678
1341846315.230076 0.342686802 0.040400561 0.026479900 -0.018304214 0.081433490 0.022107597 0.996265411
1341846315.262069 0.339717388 0.033838313 0.018444773 -0.022310410 0.079507157 0.026322262 0.996236920
1341846315.298000 0.340058029 0.027933039 0.038654409 -0.024473079 0.076702692 0.026036970 0.996413469
1341846315.329931 0.359628290 0.015367647 0.026161663 -0.022160577 0.072577149 0.029525831 0.996679366
1341846315.361981 0.357564718 0.018216414 0.021496840 -0.016896237 0.072919965 0.031669311 0.996691644
1341846315.397962 0.356778234 0.023995562 0.024690803 -0.013149580 0.073754385 0.034365702 0.996597409
1341846315.429923 0.358883947 0.027015585 0.023454357 -0.009986084 0.075817741 0.035347585 0.996444941
1341846315.466047 0.368750125 0.033839136 0.019962359 -0.008182312 0.078699738 0.035760712 0.996223152
1341846315.497883 0.384584427 0.032949794 0.021519788 -0.009531491 0.080124617 0.041517358 0.995874226
1341846315.530008 0.382298440 0.034610666 0.026002813 -0.009155830 0.082149573 0.041712124 0.995704651
1341846315.566108 0.381624192 0.034160323 0.031872489 -0.010200832 0.084029503 0.043015659 0.995482147
1341846315.597986 0.387534738 0.023517143 0.011668466 -0.011692567 0.084539711 0.041384570 0.995491624
1341846315.630109 0.383915246 0.025710313 0.011236444 -0.011132000 0.086306848 0.039249755 0.995432913
1341846315.666042 0.384913474 0.030048184 0.003543518 -0.011656390 0.087635323 0.039127886 0.995315611
1341846315.698114 0.403382570 0.043521270 -0.001064464 -0.015435870 0.088617235 0.038153343 0.995215058
1341846315.733985 0.401099622 0.022884170 0.010919824 -0.020205973 0.091593705 0.040950332 0.994748890
1341846315.766041 0.394220084 0.020888560 -0.000400051 -0.020038601 0.089582324 0.042449992 0.994872570
1341846315.798188 0.398259312 0.020691574 0.005290352 -0.021252897 0.088969827 0.040908273 0.994966924
1341846315.834140 0.395427048 0.015335610 0.014655806 -0.020759903 0.091680020 0.038706601 0.994819403
1341846315.866751 0.380015522 0.016024845 0.012494288 -0.018054977 0.094900928 0.036791243 0.994642735
1341846315.898492 0.376039803 0.016780846 0.010776639 -0.016763533 0.095769316 0.036418200 0.994595885
1341846315.936901 0.372997761 0.008720618 0.015405655 -0.014887816 0.097487070 0.035157297 0.994504213
1341846315.966572 0.371670455 0.008732318 0.013579480 -0.011666575 0.098369516 0.035773762 0.994438291
1341846316.034204 0.355371207 0.006936885 0.012912869 -0.007968877 0.099382482 0.032960370 0.994471312
1341846316.066113 0.343828589 0.009270160 0.018573344 -0.005361132 0.099926665 0.032847673 0.994437993
1341846316.101867 0.342157125 0.015527223 0.020878091 -0.003478835 0.098327443 0.034868434 0.994536996
1341846316.134066 0.332210869 0.018511569 0.015260484 -0.003853302 0.095751815 0.032648806 0.994862199
1341846316.202049 0.326210082 0.001770356 0.016237546 -0.005313272 0.090454407 0.030646030 0.995414793
1341846316.233979 0.311731577 0.000600984 -0.011908758 -0.004724128 0.090504736 0.026363745 0.995535791
1341846316.270052 0.309345335 -0.001866550 -0.010667138 -0.006361295 0.091060609 0.024120463 0.995532870
1341846316.301915 0.295661747 -0.002608185 0.000240881 -0.005781524 0.093496010 0.019942643 0.995403111
1341846316.334208 0.291129231 -0.002806541 0.007598225 -0.004350208 0.092364900 0.023094095 0.995447874
1341846316.370006 0.279519439 -0.004724523 -0.003179479 -0.002252393 0.091915525 0.022292797 0.995514691
1341846316.401994 0.274429023 -0.003405137 0.000345722 -0.000536752 0.091149770 0.024539357 0.995534658
1341846316.438069 0.244066253 -0.004106758 -0.009786919 0.001760486 0.093076341 0.024024082 0.995367527
1341846316.470076 0.245571718 -0.003256992 0.004766516 0.006449016 0.091894224 0.027277701 0.995374203
1341846316.502034 0.247025475 -0.003298283 -0.031547535 0.008195140 0.088005915 0.032891765 0.995543003
1341846316.537975 0.244115114 0.011713222 -0.002484858 0.007376136 0.085389659 0.030248584 0.995861053
1341846316.570121 0.251905560 0.007297198 0.019633673 0.007016702 0.084469333 0.028264988 0.996000409
1341846316.601885 0.241864458 -0.006484167 0.006123818 0.007519798 0.083774269 0.027199505 0.996085107
1341846316.638009 0.219650209 -0.007436123 0.005869336 0.009553712 0.084055506 0.027309690 0.996040940
1341846316.669925 0.207234487 -0.009254345 0.013797119 0.012187221 0.084188059 0.025811661 0.996040940
1341846316.705941 0.202356920 -0.013364725 0.005275939 0.016089737 0.083867110 0.026171925 0.996003211
1341846316.738062 0.184573576 -0.004829307 -0.001511415 0.019040128 0.084560297 0.027719812 0.995850682
1341846316.770433 0.185853601 0.000711106 -0.005218904 0.018772824 0.082734101 0.029965373 0.995944142
1341846316.805932 0.180738285 -0.006680116 0.002383998 0.018573908 0.082790673 0.028697429 0.995980501
1341846316.838029 0.168443769 -0.007081495 0.008130951 0.020027418 0.081941634 0.030154338 0.995979548
1341846316.870034 0.153987825 -0.011630006 0.010274312 0.019907247 0.079368733 0.031348545 0.996153414
1341846316.906344 0.146195412 -0.012005799 -0.003495613 0.021030899 0.076134667 0.030505974 0.996408880
1341846316.937940 0.147391379 -0.003999302 -0.001248684 0.021856036 0.074576937 0.028437357 0.996570051
1341846316.973994 0.139381170 -0.004739664 0.007333133 0.021195367 0.072693996 0.028706715 0.996715724
1341846317.005913 0.131325796 -0.011795021 0.011360241 0.019426223 0.070208929 0.029062169 0.996919632
1341846317.037936 0.124657400 -0.013691774 0.015380099 0.019573908 0.068067431 0.028159676 0.997091115
1341846317.073972 0.114876278 -0.011661054 0.027855273 0.020961381 0.066911265 0.027655771 0.997155309
1341846317.106113 0.102758773 -0.017800607 0.033671748 0.022740217 0.065924957 0.030977670 0.997084320
1341846317.137887 0.089974612 -0.012698638 0.030903704 0.026838629 0.060515288 0.035120651 0.997188091
1341846317.173970 0.092331938 -0.012031043 0.007320338 0.027929049 0.051856779 0.038995348 0.997501969
1341846317.205887 0.081118383 -0.016019996 0.000725942 0.027561726 0.050176904 0.039460089 0.997579813
1341846317.248131 0.081099726 -0.018805444 0.023729794 0.028703686 0.046630535 0.042440854 0.997597337
1341846317.306289 0.060582299 -0.022240452 0.004134823 0.029485131 0.040893901 0.046283863 0.997655332
1341846317.348137 0.053143702 -0.026614456 -0.001422878 0.030136641 0.042070158 0.046232257 0.997589350
1341846317.410120 0.034225244 -0.019583628 -0.015236184 0.032543663 0.042188954 0.052459445 0.997200608
1341846317.442569 0.024137111 -0.027537057 -0.004253737 0.033989485 0.043525886 0.052696258 0.997082412
1341846317.474010 0.014664958 -0.022286298 -0.005312842 0.040715743 0.044284534 0.055796552 0.996628225
1341846317.509927 0.010069164 -0.020036304 -0.003100520 0.043936986 0.041187689 0.062839188 0.996204972
1341846317.542282 0.006762590 -0.020012969 -0.009012409 0.043335270 0.038253959 0.063989811 0.996275067
1341846317.573943 0.000113330 -0.020737296 -0.003586890 0.042562410 0.039728016 0.059388969 0.996535540
1341846317.610159 -0.012058074 -0.027991986 0.001359618 0.044589572 0.041915298 0.062388044 0.996173978
1341846317.643553 -0.014624156 -0.015875900 0.008997194 0.048181057 0.041038327 0.064390235 0.995915830
1341846317.677993 -0.023861939 -0.022053214 0.004616643 0.048742406 0.037808761 0.067417271 0.995816052
1341846317.709996 -0.028736237 -0.018906664 0.007279597 0.051861268 0.035109587 0.067588970 0.995745718
1341846317.741834 -0.035137385 -0.010675794 0.005114188 0.052688744 0.033952408 0.067884795 0.995722234
1341846317.777923 -0.052394584 -0.013970283 0.009302232 0.050554875 0.034269206 0.066093087 0.995942533
1341846317.810021 -0.055660445 -0.013087853 0.019943446 0.050567023 0.032167524 0.064733170 0.996101320
1341846317.841886 -0.074483372 -0.011500630 0.005497201 0.049497467 0.032269333 0.061078157 0.996382535
1341846317.878017 -0.074068047 -0.010566892 0.009845003 0.047385506 0.031382501 0.057921741 0.996702015
1341846317.909910 -0.076558135 -0.015807077 0.013344001 0.045939676 0.032180846 0.054181173 0.996954560
1341846317.946031 -0.088953309 -0.019855801 0.028088387 0.046836194 0.033898879 0.054878302 0.996817768
1341846317.978041 -0.092843100 -0.018815484 0.051029503 0.049276337 0.032469977 0.056004878 0.996685028
1341846318.009897 -0.094845660 -0.015187377 0.042168722 0.051951025 0.032129455 0.054778017 0.996628404
1341846318.045949 -0.128179014 -0.012481684 0.029304944 0.052097313 0.035943691 0.051004544 0.996690750
1341846318.078074 -0.129842207 -0.012590644 0.041289851 0.051384754 0.034016822 0.050171230 0.996837616
1341846318.109894 -0.141675532 -0.010077422 0.043037813 0.051383536 0.030286150 0.046988942 0.997113109
1341846318.145957 -0.139702365 -0.009881574 0.041084401 0.050815303 0.027237466 0.045360059 0.997305572
1341846318.178001 -0.144314528 -0.011595405 0.042923480 0.050086159 0.027207993 0.042904239 0.997451901
1341846318.214074 -0.165201694 -0.024768623 0.037557501 0.049613182 0.026663598 0.041733254 0.997539937
1341846318.245970 -0.173160180 -0.026958769 0.051107258 0.052703556 0.021468669 0.042930964 0.997455955
1341846318.278018 -0.182491362 -0.028215872 0.041173998 0.056276329 0.016334495 0.043146838 0.997348726
1341846318.313937 -0.187494546 -0.027478924 0.049804192 0.058369417 0.009812800 0.044252936 0.997265458
1341846318.345989 -0.195226982 -0.033349462 0.062331781 0.059253737 0.000871340 0.044353481 0.997256756
1341846318.382046 -0.202407390 -0.023724791 0.054160498 0.062465303 -0.005929410 0.041389581 0.997170866
1341846318.414072 -0.209417224 -0.022371758 0.054919340 0.064497046 -0.012610837 0.042687692 0.996924698
1341846318.446035 -0.228568777 -0.034388311 0.061389674 0.064705163 -0.016580751 0.040457319 0.996946096
1341846318.482196 -0.236570895 -0.031339306 0.058484025 0.066365585 -0.018408587 0.041204363 0.996774256
1341846318.514144 -0.241282091 -0.031313770 0.047945455 0.066544019 -0.020774040 0.042675935 0.996653974
1341846318.546259 -0.242133215 -0.027269244 0.066526979 0.068616390 -0.022023696 0.041831214 0.996522367
1341846318.582042 -0.257122129 -0.033617061 0.037983716 0.069346741 -0.022082785 0.042036559 0.996461928
1341846318.614115 -0.267424762 -0.023992460 0.043416098 0.070185244 -0.021864207 0.042100672 0.996405303
1341846318.650038 -0.277558476 -0.024747271 0.039976284 0.069565848 -0.022313084 0.038210556 0.996595562
1341846318.682350 -0.282565862 -0.022283349 0.043806545 0.069291748 -0.023432905 0.037091363 0.996631205
1341846318.714063 -0.297095805 -0.027339831 0.029108645 0.068522044 -0.024131291 0.036543123 0.996688008
1341846318.749905 -0.294840604 -0.029114570 0.042336479 0.069283612 -0.024794612 0.038284529 0.996553719
1341846318.782036 -0.315327853 -0.032387152 0.033430070 0.070626527 -0.024346014 0.040674824 0.996375799
1341846318.814121 -0.335898787 -0.029122323 0.030742697 0.070967019 -0.028026743 0.038246438 0.996351063
1341846318.850072 -0.346729338 -0.033979494 0.028731270 0.070912838 -0.033492684 0.035524726 0.996286929
1341846318.883516 -0.346222043 -0.038069800 0.045282938 0.073985085 -0.041683700 0.034640767 0.995785475
1341846318.918047 -0.341558844 -0.027996387 0.021420639 0.077923603 -0.055457223 0.034217589 0.994827449
1341846318.950044 -0.374727130 -0.047573097 0.037496585 0.078303412 -0.062826172 0.030422447 0.994482756
1341846318.982028 -0.377419859 -0.043005705 0.026775893 0.080132984 -0.066713274 0.027061500 0.994180918
1341846319.018123 -0.393931985 -0.040911734 0.049612563 0.080619372 -0.071779892 0.028242206 0.993755758
1341846319.050745 -0.394580573 -0.049040891 0.053611062 0.080924213 -0.078001618 0.026169838 0.993318737
1341846319.081905 -0.384380847 -0.038427278 0.031202480 0.087078020 -0.079709254 0.023833496 0.992721438
1341846319.117976 -0.406678170 -0.035892494 0.029848807 0.089785747 -0.078067809 0.029632580 0.992454469
1341846319.150093 -0.421893090 -0.040341124 0.032482401 0.091350302 -0.081382483 0.035875816 0.991839170
1341846319.186069 -0.426915944 -0.035189964 -0.004717857 0.092166431 -0.082929030 0.037255008 0.991584659
1341846319.218149 -0.394709110 -0.005032545 0.045599964 0.091834016 -0.080856740 0.036431707 0.991817236
1341846319.250034 -0.419592768 -0.009576948 0.055217251 0.085819505 -0.073453709 0.034663778 0.992994428
1341846319.286594 -0.442839205 -0.017450254 0.065704167 0.083476529 -0.068644196 0.037245288 0.993444741
1341846319.318034 -0.434091926 -0.025803084 0.047986381 0.083232574 -0.069927394 0.041909248 0.993189871
1341846319.350268 -0.462260723 -0.029987529 0.048833419 0.083896816 -0.068341486 0.048229791 0.992957532
1341846319.386163 -0.492758214 -0.033769086 0.058364503 0.085693091 -0.071085148 0.055693448 0.992220640
1341846319.418386 -0.488994956 -0.029384295 0.034793191 0.086843804 -0.076775491 0.056055833 0.991676092
1341846319.453961 -0.492443234 -0.024760069 0.042427376 0.087587468 -0.078880228 0.052599452 0.991634846
1341846319.486271 -0.518149674 -0.023752689 0.060136400 0.087198436 -0.078222476 0.051604763 0.991773486
1341846319.554083 -0.513802171 -0.023771431 0.055942759 0.081653841 -0.086711802 0.053633507 0.991431892
1341846319.586296 -0.538194239 -0.029614436 0.046137907 0.081708886 -0.083495505 0.046171784 0.992078781
1341846319.622031 -0.557983160 -0.029624686 0.016189359 0.080070280 -0.085758261 0.043090500 0.992157996
1341846319.653962 -0.558480024 -0.038665779 0.026963942 0.078726500 -0.091846995 0.042565975 0.991743088
1341846319.686352 -0.560671270 -0.040951729 0.018230528 0.080495685 -0.095676139 0.044856597 0.991137981
1341846319.721992 -0.564844429 -0.034792691 0.008428358 0.081533730 -0.099760897 0.045674879 0.990612864
1341846319.754063 -0.571007848 -0.018628202 0.008840494 0.079883873 -0.102199659 0.044789437 0.990539134
1341846319.786397 -0.575732946 -0.016386369 0.023328714 0.075742133 -0.102327414 0.047716606 0.990714610
1341846319.822008 -0.588577151 -0.012969760 0.028540783 0.072940357 -0.102133013 0.051999521 0.990729332
1341846319.853917 -0.588627994 -0.021373376 0.016108997 0.066848591 -0.103786796 0.057102118 0.990706265
1341846319.889942 -0.595366061 -0.033093780 0.030268930 0.062949374 -0.104319282 0.062369213 0.990588188
1341846319.922039 -0.605047643 -0.038775891 0.032798737 0.062239982 -0.108125918 0.063998252 0.990120769
1341846319.953946 -0.600501359 -0.040221196 0.042077988 0.063075840 -0.115051739 0.060265914 0.989521384
1341846319.990054 -0.598014772 -0.037508775 0.043297529 0.066031784 -0.118504383 0.053109311 0.989331067
1341846320.028122 -0.602228820 -0.040452220 0.042070910 0.067778483 -0.121971175 0.052527118 0.988822520
1341846320.090047 -0.582545936 -0.028172199 0.049598143 0.073858760 -0.130791321 0.052456010 0.987262309
1341846320.122011 -0.575400472 -0.022183102 0.058785930 0.075384162 -0.128653854 0.053884640 0.987350941
1341846320.157952 -0.565233946 -0.028696228 0.054011539 0.074764080 -0.126311585 0.053621877 0.987714708
1341846320.190003 -0.546786368 -0.033008963 0.066793330 0.077270173 -0.124232762 0.052837137 0.987827778
1341846320.221941 -0.542208016 -0.037995320 0.056303129 0.080770209 -0.120514221 0.053712007 0.987961233
1341846320.258015 -0.532095313 -0.044089228 0.059141159 0.084359825 -0.119937681 0.056358702 0.987583935
1341846320.289887 -0.527595997 -0.057481036 0.053476371 0.088584982 -0.119585879 0.057146773 0.987211287
1341846320.321954 -0.511217535 -0.051179592 0.044946887 0.098359846 -0.121366262 0.056400370 0.986110806
1341846320.357890 -0.491563886 -0.036613792 0.059884183 0.104486935 -0.122025974 0.057542425 0.985332966
1341846320.390064 -0.483758509 -0.035690177 0.060207382 0.106050201 -0.118462026 0.057846382 0.985583007
1341846320.426544 -0.462018609 -0.037989229 0.071332172 0.108667441 -0.111432008 0.053798918 0.986346781
1341846320.458122 -0.450182587 -0.042575575 0.076524980 0.109159388 -0.104319870 0.051812962 0.987176299
1341846320.490186 -0.451437205 -0.043473355 0.084394306 0.112568900 -0.096872844 0.051220141 0.987583101
1341846320.525911 -0.413449287 -0.036998346 0.080613568 0.116388641 -0.090418607 0.049408071 0.987844646
1341846320.558091 -0.397026509 -0.031639297 0.056845643 0.117093921 -0.086735070 0.046400957 0.988237321
1341846320.594093 -0.362834156 -0.039509390 0.061578430 0.117889300 -0.083287209 0.042281371 0.988624096
1341846320.631955 -0.364462346 -0.040758584 0.063838750 0.120608509 -0.074797973 0.040688831 0.989041567
1341846320.664916 -0.357901424 -0.039036371 0.055823270 0.120660797 -0.071853466 0.039093398 0.989317834
1341846320.699927 -0.329447597 -0.037082396 0.066982359 0.120995767 -0.069729507 0.037735760 0.989481568
1341846320.731822 -0.314003468 -0.029958632 0.062104635 0.123285018 -0.063161403 0.036013737 0.989704251
1341846320.763877 -0.330053985 -0.006804587 0.045959726 0.122326992 -0.060092393 0.037013959 0.989977300
1341846320.799999 -0.317649305 -0.027387880 0.049162146 0.113845237 -0.062375456 0.032483485 0.991006315
1341846320.831871 -0.310962617 -0.038546775 -0.025127865 0.113963850 -0.050218143 0.025475472 0.991887808
1341846320.863887 -0.307018071 -0.005872143 0.060166687 0.116086110 -0.042388253 0.027947793 0.991940618
1341846320.900014 -0.289940894 -0.024509445 0.054123722 0.107600793 -0.048009075 0.034041073 0.992450714
1341846320.931889 -0.245506644 -0.039630324 0.054468863 0.108025514 -0.049637794 0.032814417 0.992365777
1341846320.967866 -0.299087644 -0.017002009 0.047201987 0.109115787 -0.040837504 0.028850351 0.992770731
1341846321.000017 -0.274474174 -0.017075341 0.045460310 0.102685720 -0.041222423 0.026746426 0.993499398
1341846321.031860 -0.261760145 -0.020405509 0.047933832 0.100271642 -0.041494012 0.025846899 0.993758440
1341846321.068047 -0.236106232 -0.017438266 0.058200024 0.100947835 -0.038577117 0.022809243 0.993881822
1341846321.099840 -0.217276126 -0.013784803 0.081420258 0.099120110 -0.038268991 0.023706602 0.994056702
1341846321.131821 -0.193101540 -0.022377321 0.093933739 0.098983496 -0.037550446 0.025321277 0.994057894
1341846321.167887 -0.212749213 -0.029236114 0.050571650 0.100570060 -0.031719100 0.025989002 0.994084597
1341846321.200042 -0.194997847 -0.019317957 0.070910908 0.101737499 -0.030034086 0.025837593 0.994022071
1341846321.231950 -0.187501997 -0.031254806 0.057144977 0.100478753 -0.029085057 0.024325082 0.994216442
1341846321.267939 -0.165093482 -0.024775229 0.058018919 0.101303540 -0.027737040 0.019661600 0.994274437
1341846321.299948 -0.153076470 -0.024669847 0.072925769 0.100064047 -0.023819683 0.013974509 0.994597673
1341846321.331858 -0.153155074 -0.029381178 0.065913215 0.099938005 -0.020422474 0.010100584 0.994732797
1341846321.367913 -0.135457635 -0.034608562 0.071323588 0.101292007 -0.018608741 0.005824532 0.994665623
1341846321.399897 -0.119111493 -0.029800106 0.077869035 0.103532180 -0.014080454 0.004826459 0.994514704
1341846321.435994 -0.117630087 -0.038582366 0.068741113 0.104360059 -0.010323902 0.004547062 0.994475603
1341846321.467946 -0.104366094 -0.035285410 0.077240504 0.106539711 -0.008306537 0.005195388 0.994260192
1341846321.499882 -0.089578010 -0.033681605 0.085017212 0.108068548 -0.005578385 0.005113352 0.994114637
1341846321.536109 -0.066175222 -0.024735400 0.075246304 0.108229339 -0.001242914 0.002397355 0.994122267
1341846321.568960 -0.085420571 -0.017970890 0.071038269 0.105087325 0.006811333 -0.000441771 0.994439602
1341846321.603938 -0.075166970 -0.022788210 0.078527369 0.101763576 0.008830060 0.000025851 0.994769394
1341846321.637163 0.001542374 0.002398757 0.138497770 0.101651311 0.007577480 -0.002368829 0.994788349
1341846321.668306 -0.048128448 -0.018529480 0.096810207 0.094718300 0.022078881 0.001867239 0.995257497
1341846321.704411 -0.066358685 -0.027010612 0.098903775 0.091046728 0.024748519 0.009144835 0.995496988
1341846321.736861 -0.052884031 -0.023989413 0.097151913 0.090219744 0.021885905 0.016998203 0.995536268
1341846321.771881 -0.037628345 -0.006043263 0.091784365 0.088711157 0.020883663 0.022256097 0.995589733
1341846321.804114 -0.030795911 -0.012681408 0.089883529 0.083910376 0.023157146 0.025050016 0.995889187
1341846321.836152 -0.030176574 0.003577808 0.102104813 0.082572475 0.025844861 0.024709856 0.995943427
1341846321.871882 -0.027501695 0.012836557 0.102392487 0.077965558 0.027051739 0.022165565 0.996342421
1341846321.904074 -0.020439308 0.006888944 0.102380306 0.071224004 0.028200317 0.018631114 0.996887565
1341846321.939847 -0.015044154 0.002139440 0.109570153 0.066935241 0.030911908 0.016520118 0.997141480
1341846322.004094 -0.027001545 -0.005002956 0.100995012 0.058890007 0.029920382 0.016929770 0.997672379
1341846322.066178 -0.007885430 -0.013292247 0.095699027 0.053818222 0.033645652 0.014186401 0.997882903
1341846322.107979 -0.017195119 -0.030895941 0.097164251 0.050476748 0.036824919 0.012344022 0.997969747
1341846322.166164 -0.018667772 -0.045443971 0.095510885 0.054226186 0.036799200 0.011439975 0.997784793
1341846322.202932 -0.020289894 -0.059429325 0.093813695 0.054309417 0.034553632 0.013085564 0.997840285
1341846322.234093 -0.016573332 -0.061296552 0.091893367 0.053481631 0.032592077 0.010722955 0.997979164
1341846322.265941 -0.016817000 -0.062936604 0.096360289 0.051874164 0.029948395 0.010331036 0.998151004
1341846322.301996 -0.011190284 -0.077171125 0.092828035 0.049732905 0.027971150 0.010869597 0.998311579
1341846322.333949 -0.013462063 -0.105577543 0.093919352 0.047716569 0.025993736 0.012494708 0.998444438
1341846322.369871 -0.004062634 -0.118896112 0.092490986 0.048397087 0.020236384 0.009569081 0.998577297
1341846322.402292 0.019423977 -0.135021791 0.093895555 0.049651287 0.019542873 0.003198192 0.998570263
1341846322.433955 0.000050484 -0.161736250 0.094123729 0.053597320 0.023037098 -0.000562884 0.998296738
1341846322.470030 -0.003092547 -0.165170610 0.093546614 0.062721409 0.018868171 0.002647135 0.997849226
1341846322.502433 0.011629230 -0.183947086 0.098726898 0.068597540 0.014985139 0.005981827 0.997513950
1341846322.534002 0.019232458 -0.207964092 0.091490671 0.075248703 0.014116487 0.007565626 0.997036159
1341846322.570196 0.015239835 -0.213695601 0.092002377 0.085458592 0.014262021 0.009913730 0.996190310
1341846322.601920 0.006764084 -0.216100290 0.090411559 0.091705218 0.011940546 0.013455921 0.995623648
1341846322.638119 0.026634717 -0.231732756 0.092334837 0.096406944 0.007382581 0.013226595 0.995226681
1341846322.669947 0.039570905 -0.234247968 0.086654745 0.101442613 0.009616033 0.012532482 0.994715929
1341846322.702026 0.026068233 -0.242361248 0.090868786 0.104548618 0.012290996 0.014970590 0.994331121
1341846322.738006 0.033124134 -0.248918042 0.091169581 0.105468653 0.008983381 0.016570380 0.994243920
1341846322.770087 0.043125883 -0.272423506 0.092383832 0.104325056 0.009265251 0.016571753 0.994361997
1341846322.806047 0.029457383 -0.277037978 0.096555308 0.108594738 0.010229369 0.017919330 0.993871927
1341846322.838063 0.025656121 -0.278401434 0.096312612 0.111011408 0.006275491 0.020609714 0.993585646
1341846322.870081 0.032935712 -0.301598191 0.096861511 0.112011567 0.000336494 0.021218240 0.993480265
1341846322.906018 0.048613604 -0.300747156 0.105727293 0.117337115 -0.002186733 0.021648258 0.992853761
1341846322.938349 0.044078704 -0.284965247 0.104207307 0.118996836 -0.000827172 0.021980386 0.992650986
1341846322.970069 0.046473224 -0.290388256 0.107335478 0.114036746 -0.001377740 0.024290061 0.993178606
1341846323.011820 0.050169151 -0.308152139 0.116500974 0.111142382 -0.001105863 0.024518225 0.993501365
1341846323.073951 0.053096760 -0.305175751 0.115251139 0.108534694 -0.001742467 0.029431401 0.993655384
1341846323.105962 0.055461172 -0.323176473 0.116924956 0.105159171 -0.001542289 0.029595044 0.994013727
1341846323.138158 0.052683901 -0.331108093 0.112282209 0.105537109 -0.001285905 0.025461331 0.994088531
1341846323.174092 0.048412822 -0.330320179 0.112639181 0.103482857 -0.001519300 0.024133459 0.994337261
1341846323.206059 0.056622595 -0.336510658 0.108139567 0.100633413 -0.002526191 0.021668518 0.994684339
1341846323.238053 0.065212660 -0.341415823 0.109433740 0.097531535 -0.000151079 0.019681033 0.995037794
1341846323.273997 0.040261656 -0.338048220 0.112091154 0.094520792 0.001834288 0.020167938 0.995316923
1341846323.305946 0.050990261 -0.350113362 0.118154079 0.088456362 -0.003100117 0.021833176 0.995835960
1341846323.342027 0.070669383 -0.367700756 0.124552660 0.086497955 -0.002044791 0.019566514 0.996057749
1341846323.374048 0.056864593 -0.378325999 0.116853669 0.085981935 0.001781343 0.021726968 0.996058226
1341846323.405987 0.027641613 -0.390068114 0.111296609 0.086250149 -0.000059732 0.026268339 0.995927095
1341846323.441956 0.049852688 -0.397681117 0.120034762 0.087556645 -0.005565064 0.028275542 0.995742619
1341846323.473878 0.055145055 -0.407139331 0.127237618 0.091626622 -0.004519866 0.025927644 0.995445549
1341846323.506129 0.042511746 -0.390212953 0.130273730 0.095472112 -0.003841991 0.021974627 0.995182097
1341846323.541972 0.049119517 -0.392466933 0.139571473 0.094163366 -0.004625329 0.020465806 0.995335639
1341846323.573913 0.070892259 -0.416670322 0.120213509 0.092423908 -0.001632192 0.015196163 0.995602489
1341846323.609927 0.060754724 -0.405468464 0.142660633 0.093991041 0.005572627 0.011155561 0.995494902
1341846323.642014 0.045512654 -0.418825448 0.136232659 0.092349298 0.007504913 0.012233347 0.995623231
1341846323.674081 0.045823239 -0.424938023 0.141501009 0.092767373 0.006264290 0.013751641 0.995573103
1341846323.710069 0.044609819 -0.447300881 0.146118313 0.093588181 0.005208016 0.017670458 0.995440543
1341846323.742111 0.052558251 -0.470204353 0.120542452 0.096221782 0.002436996 0.020490283 0.995145977
1341846323.774928 0.049262442 -0.459020376 0.121374615 0.100480013 0.000367009 0.016322995 0.994805098
1341846323.810012 0.053579722 -0.460055500 0.135336131 0.102737777 -0.000775255 0.012555112 0.994628906
1341846323.842207 0.057443339 -0.475353926 0.110722914 0.102572821 -0.000744441 0.009337145 0.994681358
1341846323.878019 0.052647140 -0.483224213 0.106703207 0.103264809 -0.001276060 0.005225436 0.994639337
1341846323.909826 0.052871961 -0.502165556 0.109094292 0.105964720 -0.002751798 0.000477579 0.994365931
1341846323.942459 0.050926521 -0.500439465 0.103908040 0.109954305 -0.002798651 -0.000269555 0.993932664
1341846323.978055 0.047280714 -0.506562710 0.094001487 0.111871921 -0.005159618 0.001684055 0.993707836
1341846324.015934 0.051413056 -0.517207623 0.098400854 0.114940815 -0.007911610 0.002024896 0.993338764
1341846324.047722 0.056585126 -0.507207692 0.092944473 0.118635587 -0.006816910 0.001349067 0.992913544
1341846324.083904 0.051195182 -0.490310669 0.103345886 0.119571015 -0.004987609 0.000657599 0.992812872
1341846324.115968 0.061212119 -0.482456505 0.096602030 0.117912285 -0.003755899 -0.001154962 0.993016243
1341846324.151967 0.063942052 -0.476939321 0.101084791 0.117539339 -0.001075137 -0.005754881 0.993050933
1341846324.183941 0.059286799 -0.460402966 0.102052674 0.115717232 0.003256836 -0.009129542 0.993234873
1341846324.219984 0.050134987 -0.458538651 0.109745972 0.111346051 0.005415288 -0.008577259 0.993729889
1341846324.251968 0.046839382 -0.460698873 0.108485468 0.110400595 0.005737422 -0.008406657 0.993835032
1341846324.284052 0.044609811 -0.442728788 0.109435827 0.111525379 0.005125213 -0.008923331 0.993708253
1341846324.319880 0.033665065 -0.425496310 0.107655831 0.111118302 0.002646806 -0.010227432 0.993751049
1341846324.351917 0.036683843 -0.404509693 0.117849350 0.108457685 -0.001078898 -0.010692319 0.994042933
1341846324.388001 0.056186482 -0.405830443 0.110160299 0.103314437 -0.002587845 -0.014814042 0.994535029
1341846324.419908 0.047424901 -0.394109279 0.109102055 0.098627679 0.000265437 -0.016851487 0.994981647
1341846324.452027 0.046964534 -0.374673277 0.126959890 0.096999735 -0.000183639 -0.018495563 0.995112479
1341846324.487928 0.048946846 -0.377366990 0.117689215 0.094791785 -0.000736014 -0.016346473 0.995362580
1341846324.519985 0.032718975 -0.362168372 0.120550960 0.094011635 -0.001743757 -0.012413638 0.995492160
1341846324.556001 0.026624771 -0.352720380 0.124212906 0.090536192 -0.006284654 -0.007075248 0.995848179
1341846324.587888 0.033261135 -0.344993681 0.122007668 0.086770542 -0.009746267 -0.005266085 0.996166706
1341846324.620086 0.037737723 -0.337332428 0.120404780 0.084997468 -0.012403368 -0.007609578 0.996274889
1341846324.655955 0.029018119 -0.317673057 0.137714073 0.084803045 -0.012924377 -0.009858838 0.996265113
1341846324.688082 0.035562053 -0.323662311 0.129849777 0.082638957 -0.013358987 -0.007345979 0.996462941
1341846324.755922 0.015773926 -0.284688562 0.125435233 0.084891923 -0.015444694 -0.004233046 0.996261418
1341846324.814016 0.038922161 -0.248124763 0.120979719 0.080279410 -0.022535676 -0.006492018 0.996496439
1341846324.849979 0.026883312 -0.239991277 0.132308692 0.074661806 -0.018776907 -0.008934862 0.996992111
1341846324.881924 0.016203783 -0.232851759 0.138306051 0.072188996 -0.019593118 -0.009552816 0.997152686
1341846324.913902 0.021288235 -0.224739447 0.139733225 0.070959404 -0.021234604 -0.006210698 0.997233808
1341846324.949999 0.020799939 -0.230416521 0.142719924 0.070663884 -0.021381352 -0.003116613 0.997266114
1341846324.981922 0.009597255 -0.222757712 0.143007338 0.075188518 -0.023175415 0.000626823 0.996899784
1341846325.018013 0.007231090 -0.209350318 0.139417619 0.079779401 -0.027990371 0.002586119 0.996416092
1341846325.050079 0.001001803 -0.188994125 0.136525705 0.082794704 -0.032684870 0.000930441 0.996030033
1341846325.081901 0.007341278 -0.173600778 0.132065386 0.081737764 -0.038451962 -0.001082759 0.995911241
1341846325.118531 0.021449860 -0.158749387 0.128354609 0.077659965 -0.040951949 -0.001999042 0.996136487
1341846325.149933 0.016164180 -0.158712998 0.134870559 0.071578644 -0.038241781 -0.004522535 0.996691346
1341846325.181925 0.011886364 -0.154563412 0.139928669 0.068411574 -0.037125960 -0.001756623 0.996964574
1341846325.218055 0.011268925 -0.147312447 0.141618297 0.065433584 -0.036899440 0.002532456 0.997171223
1341846325.249811 0.007213049 -0.137588158 0.144258365 0.063868746 -0.036652111 0.005929847 0.997267365
1341846325.285925 0.009738582 -0.126569808 0.146674246 0.061377611 -0.037429105 0.008708523 0.997374535
1341846325.317988 0.024167424 -0.131768376 0.150762379 0.058566470 -0.036070388 0.011615499 0.997564018
1341846325.349844 0.019282095 -0.134549230 0.156661049 0.061143793 -0.030910233 0.013929504 0.997552991
1341846325.387302 0.016969139 -0.118901864 0.156299010 0.066569738 -0.027907865 0.016145669 0.997260690
1341846325.417931 0.031043310 -0.117408700 0.154324368 0.068770297 -0.024082571 0.019470781 0.997151732
1341846325.450747 0.038368054 -0.125535652 0.160130277 0.072509602 -0.016548956 0.022653723 0.996973097
1341846325.485954 0.020319041 -0.101160072 0.165219367 0.082663104 -0.008297505 0.023224233 0.996272326
1341846325.517875 0.015557841 -0.093799897 0.158353373 0.086050145 -0.005451615 0.025746703 0.995943129
1341846325.553859 0.019226484 -0.084782019 0.163802445 0.089204021 -0.002002992 0.025687886 0.995680034
1341846325.585855 0.011813844 -0.066649161 0.156896144 0.092230380 0.001395348 0.023425967 0.995461106
1341846325.617990 0.012215408 -0.045711368 0.161524504 0.089863837 0.003118793 0.022091845 0.995704114
1341846325.653982 0.005715903 -0.062463384 0.167451695 0.086097918 0.005217506 0.018994778 0.996091962
1341846325.685819 0.006454945 -0.058088753 0.167325854 0.091680452 0.006479485 0.020627165 0.995553732
1341846325.717857 -0.001616497 -0.043043606 0.170568705 0.096516922 0.008058876 0.027241828 0.994925857
1341846325.754083 -0.005985163 -0.045085069 0.169571921 0.098961852 0.008368325 0.031297021 0.994563699
1341846325.786087 0.004373184 -0.036331315 0.173509538 0.105445981 0.008060544 0.033772901 0.993818700
1341846325.821856 0.001065445 -0.015112970 0.174053431 0.109957971 0.010204596 0.034367498 0.993289471
1341846325.853827 -0.015506478 -0.002430405 0.177902594 0.111326829 0.012090304 0.035954982 0.993059635
1341846325.885958 -0.017665619 0.004880894 0.176608264 0.111304872 0.009003930 0.043351822 0.992799520
1341846325.921984 -0.014909253 0.009911411 0.185528427 0.110478185 0.004910751 0.047844544 0.992714167
1341846325.953899 -0.002015712 0.012861222 0.185810298 0.113253340 0.004482891 0.049447894 0.992324829
1341846325.985823 -0.006161609 0.026587736 0.188627258 0.116335042 0.007604928 0.053471513 0.991740525
1341846326.021991 -0.011266043 0.027687315 0.187128559 0.118835054 0.008027866 0.059343040 0.991106629
1341846326.054055 -0.006200383 0.041423749 0.192590415 0.124171063 0.006805967 0.062991053 0.990236044
1341846326.089984 -0.002088436 0.060197808 0.186907262 0.127286240 0.008617533 0.061935060 0.989892960
1341846326.121822 -0.003141599 0.070420429 0.193430334 0.126823828 0.012692607 0.059924942 0.990032196
1341846326.154079 -0.009770042 0.072878912 0.201148927 0.127470464 0.015483315 0.058145609 0.990015507
1341846326.190178 -0.012360864 0.086132437 0.206724539 0.130125210 0.014981383 0.060826432 0.989516675
1341846326.222162 -0.020817934 0.112087399 0.209102482 0.130643964 0.014046504 0.065452330 0.989166737
1341846326.259181 -0.017952027 0.114674218 0.200987682 0.126652747 0.011141052 0.070183247 0.989398479
1341846326.322766 -0.015701389 0.146748170 0.216069505 0.120745279 0.010724107 0.067499578 0.990327954
1341846326.359773 -0.015697919 0.148650348 0.218675137 0.116189830 0.012335754 0.066132456 0.990946114
1341846326.392109 -0.010973661 0.141314954 0.224129066 0.114170752 0.013837219 0.066616997 0.991128564
1341846326.423985 -0.017499374 0.148561552 0.226629645 0.118505135 0.015123961 0.071990103 0.990224838
1341846326.459869 -0.021959152 0.166683465 0.229514241 0.121261612 0.012670094 0.075462312 0.989666879
1341846326.526163 -0.011229393 0.204785258 0.228322864 0.122384250 0.013914114 0.074546352 0.989581406
1341846326.560211 -0.012558102 0.208941787 0.242764682 0.116932206 0.017614286 0.075499393 0.990109324
1341846326.591828 -0.019736160 0.215174690 0.248997509 0.114013329 0.020362202 0.076377101 0.990329683
1341846326.627027 -0.011717822 0.229490489 0.250754207 0.113942720 0.021188175 0.075982876 0.990350783
1341846326.658442 -0.010626162 0.248812467 0.258920968 0.112201318 0.024745308 0.074912719 0.990548611
1341846326.694856 -0.015967313 0.259289205 0.247437209 0.108715273 0.028842285 0.074057959 0.990890801
1341846326.726206 -0.019708285 0.273622334 0.242842436 0.103205070 0.030391641 0.071333133 0.991633356
1341846326.762753 -0.010387902 0.287967652 0.250604123 0.097538210 0.031967055 0.069110975 0.992314517
1341846326.826821 -0.019428488 0.316715181 0.256341636 0.082674198 0.038582325 0.064060643 0.993766904
1341846326.858887 -0.021047382 0.316053629 0.268621147 0.074426606 0.040297735 0.061564475 0.994508207
1341846326.895360 -0.027409561 0.318838447 0.265652418 0.072098203 0.040042974 0.064746559 0.994487941
1341846326.926897 -0.032777436 0.324072093 0.272461593 0.074014895 0.037116222 0.065057583 0.994440377
1341846326.958888 -0.020204246 0.341309786 0.268477708 0.076530732 0.033087749 0.070221044 0.994040847
1341846326.994594 -0.015584847 0.354556233 0.264438599 0.077217184 0.033020876 0.073418207 0.993758976
1341846327.026301 -0.027800247 0.355353326 0.240613729 0.074816465 0.035167471 0.071554199 0.994004905
1341846327.063945 -0.027446423 0.358885109 0.243145466 0.071297430 0.037793409 0.068292804 0.994396508
1341846327.094662 -0.015076706 0.381923109 0.281388432 0.072272725 0.039443865 0.065978900 0.994418204
1341846327.128901 -0.016198896 0.391222060 0.282363355 0.071474999 0.039296389 0.065849893 0.994490266
1341846327.161940 -0.031484760 0.393357486 0.248104662 0.069378152 0.038852289 0.063827172 0.994788051
1341846327.193867 -0.050679352 0.396419168 0.227989644 0.067327812 0.043356225 0.057916906 0.995104432
1341846327.229885 -0.027654203 0.413646787 0.253481835 0.069591865 0.043852087 0.058872424 0.994870842
1341846327.262014 0.010893229 0.432421893 0.275074214 0.070455723 0.043955915 0.061479859 0.994647741
1341846327.294023 -0.020114038 0.438197017 0.263444990 0.073521562 0.060006741 0.052190140 0.994117677
1341846327.330015 -0.049091160 0.455311239 0.245331079 0.076218903 0.073771738 0.050163489 0.993092120
1341846327.361939 -0.059995435 0.473113418 0.219874457 0.072735578 0.079620235 0.046130456 0.993097246
1341846327.393887 -0.106269412 0.461792856 0.220270842 0.067041956 0.089960381 0.036994711 0.992997408
1341846327.429966 -0.166899532 0.465697497 0.232450232 0.063945636 0.100265883 0.037186883 0.992207050
1341846327.461965 -0.195283622 0.460744917 0.227777943 0.052903101 0.099842779 0.034908757 0.992982388
1341846327.497931 -0.237710327 0.449464798 0.243261695 0.045453440 0.107193284 0.031297509 0.992705405
1341846327.530068 -0.278501630 0.453834027 0.244096652 0.042970125 0.114301875 0.032774743 0.991975009
1341846327.561895 -0.314722389 0.476882607 0.261129886 0.045412995 0.117833875 0.037291836 0.991293192
1341846327.598010 -0.318892747 0.479947805 0.258972406 0.046545893 0.114777729 0.041420344 0.991435289
1341846327.629945 -0.328673035 0.489273965 0.250974894 0.045552038 0.110746525 0.039868724 0.992003381
1341846327.662003 -0.316990167 0.508099258 0.263192296 0.049492415 0.106502324 0.036592700 0.992405534
1341846327.697919 -0.351347685 0.517098427 0.256805569 0.050842252 0.111357674 0.037122618 0.991784453
1341846327.730075 -0.301425606 0.552655220 0.263708800 0.047874853 0.102041468 0.040676020 0.992794514
1341846327.766017 -0.304023772 0.552550077 0.269195616 0.042314459 0.102383502 0.041344337 0.992984295
1341846327.797917 -0.282913744 0.590467155 0.263189435 0.041110322 0.097909428 0.045631450 0.993298233
1341846327.830054 -0.285786986 0.595399559 0.267011791 0.033858329 0.098054692 0.046236604 0.993529618
1341846327.865944 -0.279516399 0.605803967 0.272261918 0.030476274 0.098416686 0.046367209 0.993597209
1341846327.898010 -0.291657984 0.601525247 0.274439931 0.024603831 0.101272672 0.047502775 0.993419349
1341846327.929991 -0.280096829 0.619971931 0.275447667 0.022006558 0.097409233 0.047265977 0.993877828
1341846327.966065 -0.282542557 0.630828321 0.274167687 0.017747074 0.098300636 0.044184573 0.994017005
1341846327.998073 -0.294533759 0.637281239 0.276565403 0.011419654 0.101244211 0.039101593 0.994027317
1341846328.034045 -0.306004316 0.647504330 0.279940456 0.006879019 0.104180217 0.037768140 0.993817270
1341846328.065993 -0.296081960 0.633706748 0.276437908 -0.001069363 0.102931567 0.040313512 0.993870616
1341846328.098045 -0.295283556 0.620642900 0.277772307 -0.002692697 0.103262261 0.042691719 0.993733883
1341846328.133967 -0.310128152 0.612530529 0.281946212 -0.000856044 0.104268253 0.045575302 0.993504047
1341846328.166023 -0.303727388 0.615101874 0.274786264 -0.000682780 0.099888526 0.046539206 0.993909419
1341846328.198018 -0.294869721 0.600005865 0.269833565 -0.001606639 0.095587485 0.044848058 0.994408906
1341846328.234044 -0.295557022 0.586391032 0.266561091 0.001037287 0.094486922 0.044227384 0.994542658
1341846328.265899 -0.302962691 0.589158893 0.268639684 0.005528507 0.093505479 0.045357425 0.994569719
1341846328.302051 -0.293528289 0.581023037 0.260594487 0.010511377 0.092595860 0.045192018 0.994622111
1341846328.333917 -0.293058097 0.543679774 0.256871790 0.008211915 0.092134394 0.044598650 0.994713426
1341846328.366008 -0.247171447 0.473767221 0.238893151 0.001767831 0.083129302 0.043709535 0.995578170
1341846328.402010 -0.295131356 0.450111210 0.251068532 0.013345391 0.093738481 0.042582769 0.994596243
1341846328.433920 -0.307041377 0.470495850 0.250477493 0.025952248 0.094020225 0.042126957 0.994340003
1341846328.470003 -0.336730421 0.452408582 0.272714317 0.025616275 0.098366186 0.037277628 0.994121850
1341846328.502194 -0.384167850 0.449234366 0.273762971 0.031130094 0.109538063 0.028008979 0.993100107
1341846328.534033 -0.427437901 0.432243824 0.282900155 0.032588143 0.119917721 0.024932440 0.991935551
1341846328.570125 -0.475663453 0.407023966 0.291125119 0.034608118 0.129083291 0.025996991 0.990688622
1341846328.602804 -0.495316416 0.378738880 0.303731441 0.039414953 0.127049521 0.027638571 0.990727484
1341846328.672663 -0.479397476 0.378922105 0.305895358 0.055473842 0.112219691 0.026523603 0.991779149
1341846328.702975 -0.507510066 0.359520406 0.318187952 0.057405569 0.114850990 0.023880083 0.991435111
1341846328.770129 -0.471488744 0.323530287 0.296179116 0.064136498 0.105624855 0.021013120 0.992113054
1341846328.802331 -0.460950941 0.323120087 0.299575627 0.067774303 0.100934468 0.021704875 0.992344558
1341846328.838051 -0.436070472 0.309469700 0.286444783 0.071058318 0.095151715 0.019220142 0.992737353
1341846328.869939 -0.441810578 0.305758834 0.281772614 0.070467874 0.095116615 0.017274292 0.992818534
1341846328.904486 -0.448108822 0.294699252 0.280666411 0.066830128 0.093567990 0.018842876 0.993188679
1341846328.939814 -0.468494236 0.277496874 0.274880946 0.070742369 0.093886256 0.017315445 0.992915452
1341846328.970217 -0.452789485 0.270349801 0.270836711 0.074433573 0.090272397 0.022618013 0.992874086
1341846329.006232 -0.444026858 0.254981399 0.279277861 0.075037226 0.086407572 0.027141040 0.993059158
1341846329.038243 -0.463381499 0.219817460 0.283385694 0.075479887 0.089434102 0.024458874 0.992827356
1341846329.106125 -0.447237074 0.216328442 0.267154485 0.078218594 0.086293675 0.023581797 0.992914438
1341846329.138340 -0.439308971 0.190223157 0.260648191 0.077585071 0.084351040 0.020456810 0.993200362
1341846329.169991 -0.435352176 0.204247773 0.262145579 0.082605675 0.082414202 0.020626791 0.992954552
1341846329.208656 -0.442244977 0.183082148 0.259546936 0.080422826 0.083203338 0.020255705 0.993075550
1341846329.238169 -0.440878421 0.178373739 0.253313065 0.079707973 0.082262754 0.020562038 0.993205249
1341846329.273827 -0.423554957 0.173723966 0.246832982 0.079300046 0.078022107 0.022474265 0.993538618
1341846329.306052 -0.431243896 0.169094414 0.241570681 0.079360411 0.076720215 0.019754747 0.993692935
1341846329.338104 -0.436182886 0.181721553 0.239782184 0.077848151 0.076547556 0.016875919 0.993878961
1341846329.373907 -0.431897461 0.175738424 0.234409913 0.076853260 0.074908122 0.015389002 0.994105399
1341846329.405985 -0.426694781 0.158147797 0.248651609 0.077393562 0.072639219 0.012528323 0.994272053
1341846329.442057 -0.424222827 0.150283620 0.246230364 0.075376637 0.071775891 0.007984093 0.994536519
1341846329.473950 -0.420043498 0.157197654 0.213093162 0.076673076 0.069976822 0.004126109 0.994589090
1341846329.506147 -0.420883775 0.141737297 0.203255147 0.074641839 0.068063006 0.003118933 0.994880080
1341846329.542121 -0.439464986 0.123555064 0.217993617 0.072098643 0.067668058 0.000876318 0.995099008
1341846329.574086 -0.421590358 0.129180700 0.202207580 0.077876039 0.063371025 0.000800072 0.994946659
1341846329.606387 -0.441759616 0.094499499 0.211141288 0.074405007 0.066593930 -0.001175473 0.995001376
1341846329.641955 -0.444426388 0.092475057 0.210402459 0.075208567 0.064791828 -0.002536451 0.995057404
1341846329.681570 -0.455329001 0.058931485 0.217101678 0.069844015 0.063591167 -0.003173059 0.995523930
1341846329.748113 -0.444466412 0.075722344 0.214104071 0.076291293 0.062437039 -0.004362942 0.995119214
1341846329.810175 -0.445365846 0.044346102 0.214590371 0.073186710 0.065441526 -0.000016983 0.995168865
1341846329.842255 -0.444842666 0.035564251 0.206202388 0.075369619 0.065105289 0.002124013 0.995025754
1341846329.874044 -0.437030613 0.033311248 0.204275280 0.078168608 0.063376628 0.005684800 0.994907439
1341846329.910073 -0.447905421 0.041432664 0.201426521 0.078802496 0.064594477 0.007185837 0.994769335
1341846329.942009 -0.456608683 0.030796941 0.202496886 0.073282816 0.065505505 0.013525965 0.995065689
1341846329.978087 -0.454410553 0.015367489 0.197270572 0.072378114 0.064449534 0.012047876 0.995219827
1341846330.016305 -0.455311745 0.026388111 0.195939615 0.074611567 0.065945730 0.009939388 0.994980097
1341846330.048192 -0.465670198 0.037091672 0.191150188 0.072895363 0.068376571 0.011208016 0.994929790
1341846330.080418 -0.452885985 0.009565571 0.191862404 0.066577107 0.066501915 0.014078669 0.995463073
1341846330.115886 -0.460252911 -0.005098125 0.188247100 0.069205932 0.069141343 0.014265043 0.995101273
1341846330.147839 -0.463379174 0.023399986 0.192708731 0.074354738 0.069220729 0.016218128 0.994694352
1341846330.181257 -0.463522613 0.019211080 0.179386213 0.067604907 0.068637289 0.018946022 0.995168090
1341846330.215852 -0.463499159 0.015727293 0.189240038 0.062400606 0.069779627 0.018312965 0.995440364
1341846330.247833 -0.461039364 0.008499510 0.186539456 0.060420297 0.069594525 0.019482443 0.995553315
1341846330.283913 -0.469531447 0.011027183 0.182419494 0.056025736 0.069809549 0.018699856 0.995810270
1341846330.316011 -0.466995656 -0.009508213 0.188328817 0.047982723 0.068635061 0.019900745 0.996288538
1341846330.347868 -0.470929891 -0.006357612 0.190767676 0.047588568 0.067253925 0.018199783 0.996434152
1341846330.383835 -0.460754752 -0.012889469 0.190318465 0.044915464 0.065586172 0.018527035 0.996663332
1341846330.415934 -0.467547953 -0.026995722 0.192859232 0.043911584 0.067558438 0.016582159 0.996610641
1341846330.452561 -0.468634337 -0.031100348 0.193102121 0.046573650 0.067055635 0.016207386 0.996529877
1341846330.483903 -0.465574116 -0.011321589 0.186842620 0.049637012 0.064229824 0.019127741 0.996516347
1341846330.515970 -0.453562170 -0.040116929 0.172513083 0.044122685 0.059113383 0.021697935 0.997039616
1341846330.552099 -0.460551351 -0.049587864 0.171025828 0.044611689 0.059191816 0.023371926 0.996975362
1341846330.583876 -0.460802734 -0.036072172 0.169656143 0.045368522 0.058410332 0.023520947 0.996983767
1341846330.619992 -0.484723926 -0.019744718 0.176583737 0.042865559 0.060920373 0.023510065 0.996944606
1341846330.652136 -0.488335401 -0.029505970 0.177103966 0.035588641 0.060769361 0.022642825 0.997260213
1341846330.683796 -0.468132704 -0.027220953 0.174622566 0.031836096 0.056600694 0.023188509 0.997619748
1341846330.719991 -0.485392183 -0.049692452 0.168163747 0.027558751 0.056635443 0.025929717 0.997677624
1341846330.752103 -0.486224145 -0.058893528 0.162761137 0.028538732 0.052259315 0.029965350 0.997775793
1341846330.787952 -0.489594609 -0.049936038 0.153050900 0.030827271 0.047294911 0.034697115 0.997802079
1341846330.819823 -0.489123136 -0.056840591 0.157450318 0.029488910 0.043048736 0.035497982 0.998006523
1341846330.852208 -0.485181153 -0.038669989 0.151391804 0.031231152 0.040403135 0.036596764 0.998024464
1341846330.914111 -0.501958251 -0.025078276 0.150904655 0.022732681 0.039183568 0.035347853 0.998347819
1341846330.949903 -0.503057897 -0.039417647 0.143887207 0.018963983 0.038307745 0.035845082 0.998442769
1341846330.981986 -0.506786644 -0.039521996 0.137279838 0.019714667 0.033618424 0.036878221 0.998559535
1341846331.014111 -0.517300904 -0.047783047 0.151212245 0.016785836 0.031350441 0.036598630 0.998697102
1341846331.082139 -0.514167964 -0.048720449 0.141820028 0.018756825 0.027458992 0.034204509 0.998861492
1341846331.114334 -0.519507468 -0.045105934 0.141821101 0.018638717 0.026037658 0.034283739 0.998899043
1341846331.149989 -0.511813402 -0.046341263 0.138079047 0.020192454 0.023768008 0.033023767 0.998967886
1341846331.181954 -0.523364842 -0.037493818 0.143457815 0.024219669 0.024971012 0.032463346 0.998867333
1341846331.218151 -0.524516225 -0.025555473 0.131796733 0.024545219 0.021076404 0.033983100 0.998898685
1341846331.249914 -0.502799690 -0.049880162 0.123324364 0.019775927 0.016988618 0.031245820 0.999171674
1341846331.318141 -0.500254214 -0.043042704 0.127693579 0.030805286 0.026850021 0.025886958 0.998829305
1341846331.349926 -0.495980054 -0.038272109 0.140699446 0.030302027 0.029855067 0.024841554 0.998785973
1341846331.382003 -0.497330219 -0.035071634 0.138937637 0.035408668 0.040638257 0.020239102 0.998341203
1341846331.418008 -0.505002201 -0.059456155 0.144063935 0.036507908 0.050058771 0.018737249 0.997902930
1341846331.450327 -0.545069933 -0.048411626 0.140060157 0.040034514 0.059773598 0.022415727 0.997156918
1341846331.486219 -0.506466568 -0.029866800 0.139069706 0.042591829 0.054686122 0.023046441 0.997328520
1341846331.518344 -0.582628846 -0.076487064 0.155588031 0.033893079 0.069733970 0.020262672 0.996783733
1341846331.550202 -0.488910466 -0.038626812 0.152240127 0.043205854 0.059539460 0.020227540 0.997085333
1341846331.586139 -0.504012942 -0.018178171 0.146047771 0.047180437 0.061589122 0.020084556 0.996783495
1341846331.617931 -0.475106657 -0.019824103 0.156316116 0.045736071 0.058396406 0.020069176 0.997043252
1341846331.654027 -0.417029887 -0.027405554 0.181336820 0.045900106 0.053026132 0.022550477 0.997282743
1341846331.686123 -0.413195580 -0.005126685 0.195044786 0.051023066 0.054835591 0.025048131 0.996876240
1341846331.717954 -0.409950167 0.010483772 0.199704185 0.049416848 0.052977894 0.026373515 0.997023404
1341846331.754076 -0.419044197 0.001578773 0.197114587 0.046708733 0.055317957 0.024479039 0.997075200
1341846331.785920 -0.391646504 -0.007305922 0.219579995 0.048334327 0.054787796 0.023549328 0.997049391
1341846331.818053 -0.418594062 0.028405348 0.227539435 0.053369321 0.060142562 0.022408919 0.996510148
1341846331.853849 -0.410841703 0.012927288 0.231669843 0.050404523 0.059564434 0.022573456 0.996695518
1341846331.885987 -0.400728047 0.013823396 0.243625998 0.053558145 0.061293505 0.019854797 0.996484041
1341846331.922014 -0.455606580 -0.008502515 0.252099633 0.050912343 0.074374333 0.017776020 0.995771289
1341846331.954037 -0.457156450 -0.005933212 0.256380022 0.051278863 0.078013636 0.017835211 0.995472908
1341846331.986135 -0.438740164 -0.015518213 0.260897309 0.052875422 0.081354529 0.018989066 0.995100498
1341846332.022364 -0.442217290 -0.022468904 0.285910189 0.059612900 0.086600810 0.019258050 0.994271457
1341846332.054175 -0.454521447 -0.016173517 0.301617265 0.066177018 0.088501185 0.021315144 0.993646741
1341846332.086502 -0.449423403 -0.011613056 0.316279471 0.069315292 0.088389650 0.021660928 0.993435204
1341846332.122051 -0.444928735 0.003237132 0.333277136 0.073053248 0.088817261 0.019736351 0.993169248
1341846332.153983 -0.444417208 0.023516551 0.336023539 0.072779059 0.087864511 0.018992173 0.993288636
1341846332.190165 -0.453511208 0.018636964 0.356039971 0.065446429 0.088173687 0.016635142 0.993813574
1341846332.254145 -0.443469822 -0.007550051 0.381690085 0.063184522 0.087514587 0.014654829 0.994049370
1341846332.289948 -0.446295232 -0.007765811 0.398903191 0.064648047 0.087736577 0.017147589 0.993895829
1341846332.322172 -0.447097957 -0.013762208 0.407860398 0.064499147 0.087783352 0.018044041 0.993885458
1341846332.354003 -0.436502904 -0.011546370 0.405342102 0.068079270 0.088619448 0.015583788 0.993614078
1341846332.390180 -0.439431190 -0.004362244 0.412502140 0.068774477 0.093665473 0.011111752 0.993163288
1341846332.422055 -0.434875548 0.003013786 0.434428751 0.067749329 0.095429920 0.009025825 0.993086934
1341846332.458114 -0.455036521 0.011702262 0.440638036 0.069190741 0.101925179 0.002780403 0.992379069
1341846332.489993 -0.445077449 0.017296918 0.459397078 0.070925303 0.101647653 0.007365476 0.992261589
1341846332.522130 -0.446689934 0.026347332 0.469379753 0.071847960 0.097418547 0.012841654 0.992563605
1341846332.558114 -0.425943375 0.015806194 0.481044441 0.070702493 0.089019991 0.021382054 0.993287206
1341846332.589874 -0.416728348 0.027838461 0.481643319 0.071803182 0.085617967 0.024171853 0.993443310
1341846332.621889 -0.411876589 0.024531022 0.487269074 0.066109136 0.085237741 0.026818261 0.993803263
1341846332.658202 -0.412340283 0.027540527 0.502442241 0.063287571 0.087097883 0.024684595 0.993880928
1341846332.690001 -0.409480572 0.027070526 0.511150718 0.060866453 0.087792449 0.026728975 0.993918180
1341846332.726000 -0.412238538 0.016404808 0.520986199 0.058871362 0.087403253 0.031542361 0.993931532
1341846332.758386 -0.400665224 0.026177436 0.533583164 0.061061062 0.083595857 0.031781528 0.994119346
1341846332.789937 -0.393720567 0.029504128 0.532043934 0.059615146 0.084245741 0.028923579 0.994239450
1341846332.825925 -0.390718788 0.026142836 0.546641767 0.056880813 0.087000512 0.028459955 0.994175792
1341846332.857898 -0.386389971 0.019493558 0.552310526 0.056368887 0.088138148 0.029554965 0.994072795
1341846332.894069 -0.397330523 0.020316690 0.548399031 0.054624006 0.089458048 0.028853104 0.994072914
1341846332.926029 -0.379467279 0.039328795 0.558340311 0.054194663 0.088017657 0.027306907 0.994268656
1341846332.958015 -0.368349940 0.040906105 0.571259141 0.051224153 0.089156859 0.025869967 0.994363070
1341846332.994073 -0.365985334 0.044064958 0.579530835 0.048316237 0.090512067 0.024464991 0.994421721
1341846333.026545 -0.362715006 0.042964917 0.588025451 0.045262996 0.092052795 0.022014366 0.994481206
1341846333.057998 -0.353612125 0.041633625 0.590871215 0.044069327 0.093269013 0.023087917 0.994397163
1341846333.094024 -0.349480391 0.041636556 0.602391124 0.044655595 0.095183693 0.026301414 0.994109750
1341846333.126095 -0.343071342 0.048493885 0.608823538 0.046032161 0.096388958 0.028294072 0.993876100
1341846333.161973 -0.339582056 0.055510085 0.612165689 0.045544043 0.098935515 0.029994400 0.993598402
1341846333.195660 -0.342097938 0.053157121 0.616319776 0.042413328 0.101864882 0.031122571 0.993406296
1341846333.226331 -0.345056295 0.053039838 0.614655912 0.040719394 0.103349015 0.029796721 0.993364513
1341846333.262056 -0.346489012 0.058087777 0.614848971 0.037712310 0.104338743 0.027637415 0.993442178
1341846333.294147 -0.340248406 0.060058348 0.626867473 0.035013575 0.103667952 0.027928304 0.993603051
1341846333.326100 -0.337653339 0.059720837 0.626795888 0.032784350 0.102267705 0.026108665 0.993873656
1341846333.362100 -0.334919214 0.069460548 0.628389359 0.030328086 0.101297453 0.024314716 0.994096518
1341846333.394119 -0.333822310 0.066113517 0.629283428 0.027998008 0.099705175 0.024627002 0.994318128
1341846333.429974 -0.351046741 0.058021415 0.636441827 0.025138130 0.101818137 0.023187531 0.994215012
1341846333.462115 -0.328891903 0.063080072 0.641093373 0.026187303 0.098819800 0.022147076 0.994514108
1341846333.494040 -0.291782796 0.077469006 0.645669341 0.031030169 0.093608372 0.022628453 0.994868100
1341846333.529953 -0.314969629 0.068524987 0.639009237 0.029424325 0.098563239 0.020679202 0.994480729
1341846333.562063 -0.323291361 0.063001633 0.632723451 0.029189805 0.101569518 0.022675063 0.994141519
1341846333.594090 -0.351071745 0.063329369 0.627055168 0.026917040 0.103996694 0.022931080 0.993948877
1341846333.629994 -0.369489282 0.066797830 0.629149556 0.024595350 0.104742318 0.023661396 0.993913591
1341846333.662127 -0.390998065 0.061788395 0.628224373 0.019878987 0.107078694 0.022620596 0.993794382
1341846333.697964 -0.418857187 0.052300274 0.642054141 0.016578149 0.113054730 0.024444249 0.993149638
1341846333.730092 -0.448084980 0.049511764 0.644667149 0.017991025 0.117703795 0.025726402 0.992552400
1341846333.762089 -0.458461821 0.039122760 0.627084255 0.016969806 0.118506119 0.026967648 0.992441952
1341846333.798006 -0.485932440 0.029336281 0.633498251 0.016359232 0.123943850 0.028023332 0.991758525
1341846333.830055 -0.504300117 0.017380983 0.649214566 0.015640337 0.130190343 0.022939913 0.991100192
1341846333.866045 -0.523650765 0.014180438 0.655247271 0.016531095 0.135161608 0.022680139 0.990426004
1341846333.897987 -0.468352079 0.004768854 0.646552861 0.018593930 0.125827923 0.024099858 0.991584957
1341846333.930099 -0.463062584 0.004243450 0.642868400 0.021352457 0.125445798 0.022909695 0.991606057
1341846333.965889 -0.455714047 0.009925803 0.634803176 0.024739573 0.124393143 0.022654111 0.991665840
1341846333.997985 -0.462921858 -0.006510613 0.634036005 0.024440175 0.126377657 0.023114596 0.991411626
1341846334.030076 -0.460926831 0.003618961 0.627895176 0.029186301 0.126370952 0.023894446 0.991265655
1341846334.066000 -0.455170006 -0.001685042 0.608340144 0.031933054 0.123481244 0.027433848 0.991453469
1341846334.097932 -0.447836250 -0.008353224 0.599665225 0.032385740 0.121632420 0.027536761 0.991664469
1341846334.133884 -0.451494038 -0.015093273 0.593160570 0.032703321 0.122704588 0.028015913 0.991508543
1341846334.166115 -0.491298646 -0.005637208 0.605114162 0.033440743 0.128523707 0.026596533 0.990785539
1341846334.198072 -0.477810711 -0.007209439 0.599004865 0.033450708 0.123958200 0.026148269 0.991378665
1341846334.234097 -0.494899571 -0.002103293 0.597902596 0.034469370 0.127427503 0.024719588 0.990940452
1341846334.266045 -0.504066527 -0.010045184 0.592738569 0.033208415 0.129750594 0.026177393 0.990644634
1341846334.297946 -0.504176319 -0.008959576 0.585604191 0.035081092 0.127187923 0.027444353 0.990878046
1341846334.334036 -0.523464739 -0.013477843 0.585053921 0.034219474 0.128389060 0.028975479 0.990709722
1341846334.365871 -0.500495672 -0.006272100 0.572512031 0.034963220 0.123847701 0.026252937 0.991337538
1341846334.401845 -0.513557076 -0.006902579 0.570214093 0.033677895 0.126281589 0.025538661 0.991093636
1341846334.433864 -0.513665438 -0.012792138 0.560966909 0.032787204 0.124762028 0.027138066 0.991273403
1341846334.466105 -0.530759096 -0.010842698 0.561482847 0.033633552 0.125254259 0.027941423 0.991160631
1341846334.502142 -0.538565040 -0.007681666 0.557547569 0.032842595 0.124834225 0.028682237 0.991219044
1341846334.540153 -0.548272252 -0.005752511 0.555086970 0.032996431 0.124628931 0.027756974 0.991266072
1341846334.602351 -0.555081546 -0.010062026 0.539413512 0.026158536 0.120348677 0.020969842 0.992165387
1341846334.670161 -0.566707909 -0.007543069 0.529118061 0.021644870 0.118508197 0.015054042 0.992603004
1341846334.702085 -0.566767216 -0.009803852 0.519629776 0.020470573 0.115123391 0.016639331 0.993000865
1341846334.734751 -0.564473867 -0.005651955 0.511672199 0.021790966 0.111605577 0.019173764 0.993328571
1341846334.770889 -0.573712289 -0.010931483 0.492062390 0.021046974 0.110536776 0.019416694 0.993459463
1341846334.802194 -0.568531275 -0.013038739 0.479453117 0.020042272 0.105949163 0.021387687 0.993939459
1341846334.833908 -0.566898525 -0.009290324 0.469252944 0.019712424 0.103793591 0.019579977 0.994210720
1341846334.869874 -0.558788598 -0.011750322 0.449901342 0.017441556 0.100693345 0.021982746 0.994521677
1341846334.902006 -0.588062942 -0.012221136 0.425827801 0.016753666 0.104804203 0.017957369 0.994189620
1341846334.938010 -0.583652377 -0.013374061 0.414910018 0.015877390 0.100346155 0.017982049 0.994663358
1341846334.970032 -0.584009945 -0.022607939 0.407073796 0.014025844 0.099468291 0.017472561 0.994788468
1341846335.002203 -0.600529492 -0.027082730 0.392145336 0.016091188 0.101235136 0.017128946 0.994584918
1341846335.037880 -0.611461639 -0.029427888 0.378509521 0.018498791 0.098793238 0.019516569 0.994744599
1341846335.069990 -0.609107912 -0.026267994 0.368833184 0.018589087 0.095203407 0.018838974 0.995105982
1341846335.106038 -0.618224859 -0.039493486 0.367965311 0.016520150 0.098164611 0.018078383 0.994868815
1341846335.138045 -0.620106459 -0.024422251 0.365197361 0.021672541 0.098506615 0.016507892 0.994763374
1341846335.169900 -0.626155615 -0.042902824 0.337956071 0.017593164 0.095197506 0.019204704 0.995117664
1341846335.206091 -0.635042667 -0.017720517 0.340634078 0.021876043 0.095483072 0.013504321 0.995099008
1341846335.239365 -0.639593124 -0.020098791 0.328903258 0.022326490 0.097281888 0.007870643 0.994975269
1341846335.269948 -0.643313944 -0.025850553 0.318015099 0.022550970 0.098406821 0.007538972 0.994862139
1341846335.305972 -0.646213770 -0.024283059 0.312529832 0.024831912 0.096046999 0.009705647 0.995019674
1341846335.338012 -0.643466473 -0.024995040 0.309006572 0.026272230 0.093974277 0.012474035 0.995149732
1341846335.374005 -0.639436483 -0.040111050 0.293220341 0.029431494 0.095122747 0.012429640 0.994952738
1341846335.406025 -0.644705713 -0.045218289 0.285746634 0.035224807 0.097747251 0.014878324 0.994476378
1341846335.438079 -0.643077314 -0.035865668 0.273858368 0.041062158 0.097401686 0.018166376 0.994231761
1341846335.473998 -0.650661230 -0.023901517 0.266540319 0.045106925 0.100182660 0.017606582 0.993790150
1341846335.507038 -0.669195414 -0.008811557 0.252353549 0.048770986 0.105514273 0.011314046 0.993156672
1341846335.538040 -0.661909461 -0.015596878 0.246749520 0.045024231 0.105577335 0.013018458 0.993305981
1341846335.574119 -0.671808243 -0.009596794 0.245198876 0.043595903 0.106169268 0.013753499 0.993296683
1341846335.605970 -0.670693994 -0.019840587 0.228663594 0.040840194 0.104759224 0.013377755 0.993568599
1341846335.641978 -0.671344578 -0.017696308 0.216981262 0.042114139 0.105838165 0.010516107 0.993435562
1341846335.673993 -0.676223993 -0.017515324 0.209093750 0.041385658 0.106666498 0.010925123 0.993373096
1341846335.706178 -0.680028975 -0.018215466 0.202082872 0.040822525 0.105032206 0.012263470 0.993554890
1341846335.741982 -0.682424426 -0.019408155 0.190905824 0.041527752 0.105141349 0.010532551 0.993534029
1341846335.773960 -0.689245045 -0.012707984 0.186650842 0.041852433 0.105955198 0.010588082 0.993433297
1341846335.806271 -0.693157494 -0.004891785 0.172796965 0.040624440 0.105332077 0.009846629 0.993558168
1341846335.842031 -0.692161560 -0.012432998 0.165289745 0.038177647 0.105902418 0.010173814 0.993591249
1341846335.873966 -0.694396019 -0.010723731 0.157550827 0.039220370 0.107315011 0.009721293 0.993403614
1341846335.910005 -0.704850733 -0.011158633 0.144277677 0.038444031 0.107610561 0.012118536 0.993375659
1341846335.941936 -0.711792171 -0.012235539 0.133307189 0.037560813 0.105988249 0.012220407 0.993582606
1341846335.974198 -0.716845095 -0.012012501 0.122361511 0.037340041 0.105495311 0.009641539 0.993671715
1341846336.010032 -0.720530570 -0.011594924 0.114439733 0.036806848 0.105384268 0.009125217 0.993708253
1341846336.042129 -0.726983726 -0.012098015 0.103993952 0.035901934 0.104013912 0.009716006 0.993880153
1341846336.078076 -0.729428768 -0.018792585 0.095328420 0.035286080 0.102248356 0.008260362 0.994098544
1341846336.110739 -0.734791517 -0.009904636 0.090019435 0.036672372 0.102458194 0.006425443 0.994040310
1341846336.142002 -0.741935670 -0.013206051 0.077074081 0.036050696 0.102377675 0.008594809 0.994054973
1341846336.183953 -0.747309089 -0.009816220 0.062571444 0.035894394 0.099796817 0.009630882 0.994313538
1341846336.241891 -0.750255823 -0.006592599 0.055167496 0.034529250 0.099178344 0.008619065 0.994433045
1341846336.277946 -0.758037329 -0.015067615 0.047648720 0.034305546 0.099680938 0.011400118 0.994362533
1341846336.309977 -0.772902727 -0.018767620 0.060288630 0.037131000 0.098427646 0.012432083 0.994373500
1341846336.346143 -0.765079439 -0.011045139 0.017335191 0.039152648 0.096047975 0.015471657 0.994486034
1341846336.377975 -0.742109299 -0.006291230 -0.018580481 0.040129695 0.092995077 0.017045327 0.994711518
1341846336.410032 -0.685461283 0.002263355 -0.030568711 0.042343136 0.083911471 0.017566757 0.995418131
1341846336.446041 -0.639082313 0.011466267 -0.048625238 0.042531937 0.076078035 0.017620981 0.996038496
1341846336.477990 -0.585077286 0.019245937 -0.055785209 0.042937636 0.067530863 0.017162710 0.996645093
1341846336.510056 -0.538887084 0.020542465 -0.067449741 0.043454800 0.060983472 0.019211685 0.997007310
1341846336.546024 -0.486343205 0.022359684 -0.077596232 0.044830497 0.052504819 0.020736529 0.997398317
1341846336.578003 -0.453106850 0.031244008 -0.082780421 0.045272298 0.046680976 0.022495952 0.997629821
1341846336.614020 -0.401261061 0.038373072 -0.086852722 0.045560237 0.039609645 0.020621605 0.997962952
1341846336.645982 -0.346451551 0.035088837 -0.100483686 0.043159194 0.031896837 0.020895563 0.998340249
1341846336.678036 -0.292755246 0.024334690 -0.094619572 0.039655518 0.021658275 0.021177532 0.998754144
1341846336.714024 -0.261240631 0.028377708 -0.086829513 0.042400174 0.014177638 0.020247150 0.998794913
1341846336.746016 -0.247943357 0.031182427 -0.083534509 0.046844814 0.009787955 0.022100747 0.998609662
1341846336.778014 -0.196914822 0.041114282 -0.100368485 0.050304875 -0.002169672 0.025344372 0.998409927
1341846336.820006 -0.140538275 0.044161558 -0.101723835 0.051264640 -0.015346387 0.027242986 0.998195469
1341846336.882056 -0.149511382 0.048527706 -0.095262378 0.054636274 -0.017243126 0.025757877 0.998025060
1341846336.914273 -0.119479261 0.048593074 -0.101144738 0.056823500 -0.023297507 0.027100341 0.997744381
1341846336.945998 -0.128674597 0.043035112 -0.107026778 0.062730700 -0.029420819 0.030179214 0.997140169
1341846336.981980 -0.129511386 0.058888517 -0.127195001 0.066761173 -0.033224516 0.028350698 0.996812582
1341846337.014238 -0.126945868 0.064339891 -0.128836632 0.063992217 -0.036152758 0.026236411 0.996950150
1341846337.046017 -0.123881795 0.062157843 -0.126806363 0.061521631 -0.037634660 0.022043129 0.997152328
1341846337.082104 -0.129614547 0.063365094 -0.129890069 0.060982186 -0.037635833 0.018643145 0.997254789
1341846337.114317 -0.129454896 0.061863497 -0.136442423 0.059082262 -0.039962258 0.018146148 0.997287810
1341846337.150037 -0.125122219 0.060372271 -0.140570462 0.057249647 -0.042002268 0.016861876 0.997333407
1341846337.181873 -0.120270438 0.059853975 -0.137303129 0.056756161 -0.042248324 0.014104005 0.997394025
1341846337.214073 -0.126351401 0.066880606 -0.143674478 0.054989487 -0.040334385 0.011580762 0.997604728
1341846337.250087 -0.181098744 0.052926738 -0.157725096 0.051495310 -0.038632382 0.012163340 0.997851610
1341846337.282028 -0.160572708 0.054798461 -0.162849367 0.052695099 -0.043805331 0.015397736 0.997530580
1341846337.317920 -0.142287761 0.056751497 -0.158109471 0.052421808 -0.046584144 0.016612314 0.997399569
1341846337.350018 -0.130549431 0.058419362 -0.166008756 0.050868314 -0.046504818 0.016494362 0.997485697
1341846337.382159 -0.121997096 0.054310095 -0.157585666 0.048009567 -0.046755817 0.014558050 0.997645736
1341846337.417941 -0.119470946 0.049462806 -0.155640259 0.048526224 -0.046280343 0.015331845 0.997631311
1341846337.450137 -0.112976380 0.053773634 -0.174350619 0.049140442 -0.048452679 0.016244577 0.997483671
1341846337.482096 -0.113022879 0.052571453 -0.169600442 0.047552448 -0.048672955 0.016590452 0.997544229
1341846337.518008 -0.111133121 0.053284526 -0.167884752 0.048789684 -0.049220730 0.016674405 0.997456193
1341846337.549978 -0.111681759 0.061248235 -0.175631136 0.049524967 -0.049849480 0.014929694 0.997416377
1341846337.585971 -0.111550570 0.056736708 -0.167954624 0.046498466 -0.050305493 0.014243923 0.997549176
1341846337.617903 -0.108031519 0.051765680 -0.160528570 0.047546387 -0.051172715 0.014429619 0.997452974
1341846337.650141 -0.106524542 0.058166571 -0.168459728 0.050224889 -0.051635038 0.014341820 0.997299135
1341846337.686352 -0.102462888 0.061624341 -0.166487589 0.048647135 -0.051701177 0.014941155 0.997365117
1341846337.718002 -0.099401489 0.060347907 -0.157590926 0.046813045 -0.051324945 0.014858664 0.997473538
1341846337.749920 -0.098566294 0.062118206 -0.158926487 0.046573505 -0.049498934 0.014206441 0.997586548
1341846337.786157 -0.095190629 0.068044491 -0.155071720 0.043741573 -0.046864454 0.014595469 0.997836351
1341846337.817945 -0.090264738 0.064174816 -0.145947531 0.041225154 -0.045166668 0.016029166 0.997999728
1341846337.854071 -0.082517959 0.067849174 -0.143071637 0.040183630 -0.042375024 0.015607281 0.998171329
1341846337.885951 -0.084781431 0.072136879 -0.139638305 0.037250921 -0.039714284 0.013966808 0.998418808
1341846337.918223 -0.094889224 0.071868882 -0.137461945 0.033231281 -0.037964121 0.010822733 0.998667717
1341846337.954120 -0.097349457 0.065694831 -0.132960230 0.030402072 -0.036104407 0.010191539 0.998833477
1341846337.985994 -0.095650896 0.071838237 -0.129372537 0.028006772 -0.035398379 0.010074809 0.998929977
1341846338.018107 -0.064245291 0.071729913 -0.141474292 0.024210181 -0.034919027 0.011316624 0.999032795
1341846338.054055 -0.089342460 0.075476587 -0.117066912 0.022417963 -0.032612983 0.010416957 0.999162316
1341846338.085986 -0.086061217 0.072344765 -0.103709370 0.018706810 -0.029756241 0.010481508 0.999327123
1341846338.121875 -0.088827029 0.068994358 -0.096212454 0.016698852 -0.027162131 0.012081874 0.999418497
1341846338.154089 -0.094689608 0.070827462 -0.092043757 0.016086955 -0.026119588 0.014917402 0.999418080
1341846338.186029 -0.089696333 0.071208335 -0.084461391 0.014888513 -0.026864097 0.017520249 0.999374628
1341846338.222071 -0.080019780 0.075005904 -0.073691629 0.013801044 -0.026484622 0.017468741 0.999401271
1341846338.254107 -0.080234416 0.070712879 -0.062791497 0.011812068 -0.024449309 0.018039586 0.999468505
1341846338.290130 -0.076168813 0.070827030 -0.052336317 0.012324294 -0.024827980 0.019733271 0.999420941
1341846338.321952 -0.077245533 0.076904230 -0.045437925 0.012887468 -0.023701344 0.021082832 0.999413669
1341846338.354022 -0.074127100 0.074437834 -0.033815801 0.012116103 -0.023259278 0.021457475 0.999425709
1341846338.389969 -0.074110165 0.080913402 -0.025513332 0.011922286 -0.022305408 0.022109574 0.999435604
1341846338.422377 -0.070845053 0.077011034 -0.016616078 0.009791824 -0.022052672 0.022287697 0.999460399
1341846338.454010 -0.069580324 0.079446197 -0.002605350 0.008830904 -0.022764212 0.021641497 0.999467552
1341846338.489894 -0.069699116 0.078922898 0.006512254 0.007398589 -0.023244007 0.021565147 0.999469817
1341846338.522066 -0.065887406 0.080984831 0.019994698 0.008453235 -0.022994924 0.021199472 0.999475062
1341846338.558058 -0.067275949 0.081611224 0.018900596 0.007418943 -0.022931784 0.020697150 0.999495208
1341846338.589842 -0.063269347 0.081039853 0.030737786 0.005252692 -0.023425732 0.020179471 0.999508083
1341846338.622019 -0.067282081 0.078250580 0.040916912 0.005898783 -0.021930495 0.021282833 0.999515533
1341846338.657984 -0.062948763 0.080329366 0.039970618 0.005955732 -0.022310607 0.023719240 0.999451935
1341846338.690198 -0.063665584 0.081176400 0.042639319 0.004256483 -0.022800997 0.022387085 0.999480247
1341846338.722454 -0.062864773 0.080502108 0.060355574 0.003698273 -0.021372329 0.021947397 0.999523818
1341846338.757945 -0.061563093 0.079400375 0.064027488 0.003249477 -0.021869913 0.024501206 0.999455273
1341846338.790039 -0.063567542 0.080888063 0.071970023 0.001448142 -0.023479816 0.024691684 0.999418259
1341846338.826048 -0.064769290 0.080342323 0.081432030 0.001939312 -0.022188075 0.021792458 0.999514401
1341846338.858027 -0.064189032 0.083076127 0.083658509 0.001865900 -0.020539831 0.021585189 0.999554217
1341846338.889902 -0.050877117 0.089304663 0.111875445 -0.000281827 -0.022986872 0.022147072 0.999490380
1341846338.925948 -0.040771008 0.088853844 0.127839893 -0.000811825 -0.022969713 0.020434741 0.999526978
1341846338.958108 -0.035047323 0.090003185 0.133304060 -0.000635865 -0.020997910 0.019516626 0.999588788
1341846338.990057 -0.059558537 0.090871625 0.158114195 0.000147323 -0.019992128 0.020902690 0.999581575
1341846339.025928 -0.035732582 0.082764819 0.160335153 0.001338535 -0.020237818 0.021029986 0.999573112
1341846339.057939 -0.034029674 0.091210969 0.166859210 0.004603291 -0.017695831 0.020454843 0.999623537
1341846339.093927 -0.042700659 0.092454262 0.164003775 0.003263655 -0.017499238 0.021828601 0.999603271
1341846339.126562 -0.029817399 0.102475785 0.181458518 0.001020832 -0.019451480 0.020376250 0.999602616
1341846339.157969 -0.026795875 0.102979995 0.198526710 -0.001250489 -0.016996279 0.018150989 0.999689996
1341846339.194113 -0.032760896 0.103665352 0.200050578 -0.003367407 -0.015143570 0.019414773 0.999691129
1341846339.228165 -0.029240016 0.108243704 0.211928681 -0.006461134 -0.017748144 0.021778369 0.999584377
1341846339.257998 -0.018198766 0.105258733 0.227319375 -0.009520421 -0.017715454 0.022789419 0.999538004
1341846339.294132 -0.021434512 0.108746871 0.233895868 -0.009419952 -0.014768825 0.023076717 0.999580204
1341846339.326577 -0.025484625 0.120254256 0.240712136 -0.012524389 -0.016125493 0.025986843 0.999453783
1341846339.362269 -0.011251192 0.114828475 0.251545817 -0.017178945 -0.019746715 0.024791168 0.999349952
1341846339.394725 -0.006440678 0.114124283 0.260670125 -0.018267145 -0.018082730 0.024583364 0.999367297
1341846339.462186 -0.001038807 0.114920475 0.284131080 -0.021572961 -0.019035585 0.023973789 0.999298513
1341846339.496743 0.013988125 0.109484933 0.298213989 -0.019386267 -0.016603012 0.022828087 0.999413490
1341846339.562052 0.001011109 0.104980238 0.311121076 -0.019069279 -0.012342290 0.024235105 0.999448180
1341846339.595122 0.006958420 0.108438544 0.320528656 -0.016647767 -0.011751224 0.023398083 0.999518514
1341846339.632085 0.009311090 0.113908067 0.328995228 -0.014678736 -0.007864302 0.020316983 0.999654889
1341846339.664568 0.005749944 0.118280716 0.341595292 -0.013548637 -0.004804570 0.017292883 0.999747097
1341846339.698896 0.008928515 0.108199783 0.347621888 -0.015232353 -0.003901135 0.017913777 0.999715865
1341846339.731977 0.012348086 0.108147919 0.356724977 -0.014827038 -0.003529511 0.015909337 0.999757290
1341846339.762241 0.015226317 0.105260499 0.364008188 -0.015069769 -0.002638933 0.016464924 0.999747396
1341846339.797873 0.028871536 0.111105300 0.368773371 -0.013847403 -0.002808337 0.017013378 0.999755383
1341846339.830245 0.031261422 0.107323982 0.375256449 -0.014603400 -0.003443093 0.017808516 0.999728799
1341846339.862015 0.032076903 0.111152686 0.382044375 -0.014560732 -0.002778299 0.016486973 0.999754190
1341846339.897797 0.034918927 0.110107757 0.393322319 -0.015482719 -0.002078784 0.016022971 0.999749541
1341846339.929916 0.039178178 0.105371147 0.401567519 -0.016286133 -0.001397986 0.018664317 0.999692202
1341846339.961960 0.041968487 0.102607004 0.405066580 -0.015430602 -0.002101368 0.019858021 0.999681532
1341846339.997845 0.047179256 0.109483734 0.411275953 -0.013003482 -0.001263463 0.019170593 0.999730885
1341846340.029925 0.049877822 0.107085690 0.416923851 -0.012430765 0.001024274 0.020562943 0.999710739
1341846340.066044 0.055644240 0.102371484 0.425145537 -0.010971070 0.001921762 0.022503929 0.999684691
1341846340.098009 0.052913725 0.110764645 0.427600145 -0.008934151 0.003337876 0.021728864 0.999718428
1341846340.130102 0.058347635 0.108719610 0.436086953 -0.009910123 0.002563494 0.020721128 0.999732912
1341846340.166041 0.064038999 0.103240229 0.444754928 -0.009418868 0.004610677 0.019044321 0.999763668
1341846340.197867 0.064694822 0.107081905 0.451696664 -0.007915246 0.006917540 0.019139087 0.999761581
1341846340.229904 0.063998431 0.104905561 0.456099033 -0.009725778 0.006851111 0.019774964 0.999733686
1341846340.265859 0.067754589 0.104327090 0.464015394 -0.009983127 0.008008657 0.017976271 0.999756455
1341846340.298061 0.069619700 0.107880242 0.468082964 -0.007628111 0.010153703 0.019064652 0.999737561
1341846340.334063 0.064478308 0.111150980 0.474192321 -0.008489632 0.009887016 0.020801075 0.999698699
1341846340.366064 0.072615117 0.105578408 0.487186193 -0.010558679 0.007467280 0.019929171 0.999717712
1341846340.397995 0.078444920 0.100519203 0.484441012 -0.009194797 0.007162975 0.020343149 0.999725103
1341846340.433895 0.076005623 0.104567692 0.485397816 -0.008369712 0.007794594 0.020737214 0.999719501
1341846340.465959 0.076301932 0.099787399 0.489672124 -0.008218473 0.005342348 0.022780975 0.999692380
1341846340.501858 0.082562618 0.104014032 0.497976571 -0.006810319 0.001655408 0.022637300 0.999719203
1341846340.534329 0.087477207 0.101798579 0.496403068 -0.006680266 -0.000045098 0.022542849 0.999723554
1341846340.566041 0.092783928 0.100383058 0.496027529 -0.005243049 -0.001533938 0.022881450 0.999723256
1341846340.601909 0.094627969 0.101880454 0.495386571 -0.002495458 -0.001759322 0.022966942 0.999731541
1341846340.634005 0.101126648 0.102122098 0.488676965 -0.002240603 -0.003109930 0.023056800 0.999726772
1341846340.666028 0.105699472 0.103754058 0.488576472 -0.002161323 -0.002926829 0.020495083 0.999783337
1341846340.701946 0.109909527 0.099469878 0.485650510 -0.000700234 -0.001808942 0.018452166 0.999827862
1341846340.733954 0.110164233 0.105483226 0.484440386 0.001031686 0.000031293 0.016164945 0.999868810
1341846340.770081 0.103275120 0.104510002 0.481405288 0.000319348 0.001824345 0.012590336 0.999918997
1341846340.801980 0.112367183 0.103060558 0.485906750 0.000129856 0.001448141 0.008779435 0.999960363
1341846340.833999 0.117099993 0.108562015 0.478190154 0.000110762 0.003114968 0.005165278 0.999981761
1341846340.870013 0.113304153 0.108085535 0.486147434 -0.001163795 0.003814700 0.003009753 0.999987543
1341846340.901955 0.114812799 0.103009574 0.482127041 -0.000658750 0.003387610 0.002562253 0.999990761
1341846340.933918 0.112003282 0.102052480 0.476855904 0.001087388 0.003208980 0.004747116 0.999982953
1341846340.970122 0.111850590 0.105564103 0.476627469 0.002903302 0.000206545 0.009608855 0.999949574
1341846341.001922 0.113689043 0.100751810 0.477010936 0.003678082 -0.003950223 0.014972854 0.999873340
1341846341.037923 0.115982637 0.104816884 0.473476142 0.005451563 -0.006683264 0.017696245 0.999806225
1341846341.070300 0.116365612 0.103230476 0.466334224 0.005516680 -0.007645430 0.018699910 0.999780655
1341846341.102028 0.111509494 0.104464576 0.464708865 0.005718348 -0.008321717 0.018220875 0.999782979
1341846341.137982 0.113261148 0.104157791 0.465235025 0.005810608 -0.010266799 0.018105151 0.999766529
1341846341.170048 0.116950840 0.103667714 0.464262694 0.006272012 -0.011134981 0.019616066 0.999725878
1341846341.202110 0.118231498 0.100124411 0.461062938 0.007377260 -0.011646601 0.021397542 0.999675989
1341846341.237996 0.118555680 0.101289339 0.460608095 0.009239449 -0.011355722 0.022088107 0.999648809
1341846341.269883 0.116876617 0.101613648 0.458017588 0.010480138 -0.010805841 0.022761378 0.999627590
1341846341.306107 0.114024088 0.101645142 0.452417880 0.011014096 -0.011104095 0.021578118 0.999644816
1341846341.338109 0.118168525 0.102385879 0.450435668 0.012088639 -0.011069607 0.019296324 0.999679446
1341846341.370120 0.117913261 0.100998037 0.447700828 0.012196386 -0.009919012 0.017584410 0.999721766
1341846341.406074 0.111574993 0.103422105 0.448314846 0.012534597 -0.008702031 0.016048290 0.999754786
1341846341.438113 0.109638974 0.094286770 0.447373331 0.013013223 -0.010538801 0.015919287 0.999733031
1341846341.470024 0.111065425 0.096223660 0.448451757 0.016224766 -0.010696517 0.013671014 0.999717653
1341846341.506077 0.108404450 0.102486923 0.443393826 0.016544348 -0.009670247 0.012682025 0.999735951
1341846341.538156 0.104308054 0.098955512 0.443913192 0.015234292 -0.010922806 0.013235088 0.999736667
1341846341.574016 0.105584204 0.097872682 0.441387862 0.016010173 -0.013261296 0.014216281 0.999682784
1341846341.612466 0.105368018 0.103877969 0.440061837 0.017336067 -0.013872062 0.014112052 0.999653876
1341846341.643972 0.103550352 0.104627609 0.437738568 0.016425181 -0.015121181 0.013083919 0.999665141
1341846341.679982 0.103097454 0.099680841 0.435875535 0.015697705 -0.016541112 0.013884430 0.999643564
1341846341.712332 0.098574929 0.100837886 0.433356315 0.016543722 -0.018411241 0.016673097 0.999554574
1341846341.744185 0.101039156 0.101895824 0.433753580 0.017045345 -0.020594548 0.018815085 0.999465525
1341846341.780061 0.100834236 0.103871547 0.432045847 0.017706918 -0.021196598 0.020421593 0.999409914
1341846341.842595 0.108110733 0.096868396 0.428240091 0.019125024 -0.022938346 0.026009772 0.999215484
1341846341.906227 0.104672775 0.093416542 0.421511918 0.022428000 -0.023007620 0.029766461 0.999040306
1341846341.942069 0.108339556 0.087563746 0.414452970 0.025051812 -0.023351813 0.032893393 0.998871922
1341846341.974775 0.107211322 0.090767048 0.418682486 0.028693678 -0.023253048 0.033770178 0.998746991
1341846342.010161 0.104998253 0.092563793 0.413469464 0.029507292 -0.024440054 0.035858314 0.998622119
1341846342.042024 0.114732310 0.083260395 0.408870816 0.030308783 -0.026004920 0.036222540 0.998545468
1341846342.080032 0.113763168 0.086802483 0.410632104 0.032726306 -0.023531737 0.036367148 0.998525262
1341846342.112265 0.108945847 0.083191082 0.407510817 0.032742567 -0.022405123 0.038148344 0.998484194
1341846342.147954 0.110495336 0.079024501 0.408414513 0.034885377 -0.023767566 0.040495049 0.998287678
1341846342.179852 0.115860179 0.082253680 0.407297373 0.038092330 -0.023906257 0.042073853 0.998101830
1341846342.211848 0.112083279 0.084664851 0.402172387 0.039096255 -0.022677585 0.041143429 0.998130441
1341846342.247920 0.113672428 0.080753252 0.404823691 0.039689638 -0.022536254 0.039831292 0.998163462
1341846342.279870 0.115249589 0.081654355 0.403762341 0.041432284 -0.022395840 0.040598467 0.998064876
1341846342.316068 0.117905349 0.081298545 0.401046365 0.042588841 -0.022629149 0.041998748 0.997952998
1341846342.347894 0.116821438 0.081730768 0.396192312 0.042925499 -0.022196444 0.041137382 0.997984171
1341846342.379953 0.115742885 0.082695402 0.399632961 0.043175243 -0.021500420 0.041280564 0.997982740
1341846342.416195 0.114053950 0.083875604 0.397121519 0.043954037 -0.020988038 0.041857153 0.997935653
