1341846313.592026 0.000000000 0.000000000 0.000000000 0.000000000 0.000000000 0.000000000 1.000000000
1341846313.654184 0.005403161 -0.001977431 0.005325662 -0.000945738 -0.002976960 0.004746379 0.999983847
1341846313.686156 0.015287343 -0.001243517 0.005633235 0.000095253 -0.005712252 0.004840009 0.999971986
1341846313.721918 0.019212462 0.001946357 0.003295228 0.000458947 -0.006425336 0.005226514 0.999965608
1341846313.753994 0.029288739 0.001822952 0.005832664 -0.000066420 -0.007656938 0.006842064 0.999947250
1341846313.789969 0.038302038 0.003477653 0.001742781 0.001353681 -0.008621356 0.005624550 0.999946117
1341846313.822075 0.049152981 0.008162668 0.007833732 0.001741596 -0.008351427 0.004298873 0.999954402
1341846313.853928 0.052629467 0.007564287 0.011146343 0.001032886 -0.005924731 0.003122744 0.999977052
1341846313.890011 0.059597433 0.013229513 0.010082677 0.001639182 -0.004098506 0.003520885 0.999984026
1341846313.922055 0.070027031 0.012068965 0.004595219 -0.000726551 -0.004620540 0.005374128 0.999974608
1341846313.957927 0.101987422 0.010370465 0.009494540 -0.003184652 -0.003709789 0.007360360 0.999960959
1341846313.990058 0.086789027 0.011820518 0.003757434 -0.004182709 0.005802478 0.008394783 0.999939144
1341846314.022042 0.092343301 0.020537635 0.007404442 -0.005495716 0.006812876 0.009267486 0.999918759
1341846314.057816 0.107980579 0.019345278 0.013462323 -0.008994001 0.008340863 0.010835163 0.999866068
1341846314.089801 0.115576170 0.014527300 0.019100465 -0.008622942 0.013553193 0.010306864 0.999817848
1341846314.122037 0.118334755 0.027191361 0.011141807 -0.008433046 0.017340131 0.014269356 0.999712288
1341846314.157989 0.129418656 0.018541897 0.018102106 -0.011772857 0.019466864 0.015278068 0.999624431
1341846314.190094 0.128301933 0.025186237 0.024722684 -0.010600368 0.024332317 0.016106954 0.999517977
1341846314.225969 0.134719431 0.029248884 0.016291209 -0.012888731 0.025988564 0.019438589 0.999390125
1341846314.257923 0.135652229 0.022238821 0.025764562 -0.015418694 0.028510071 0.019400742 0.999286294
1341846314.290052 0.139847055 0.022205185 0.026054267 -0.014105941 0.029851757 0.017698782 0.999298096
1341846314.325981 0.151118308 0.029162738 0.018183529 -0.014299918 0.030088605 0.016739577 0.999304771
1341846314.357905 0.162484095 0.019023810 0.025663311 -0.016433192 0.032311499 0.016125936 0.999212623
1341846314.389899 0.161981776 0.017688252 0.024163850 -0.015083889 0.035764128 0.013925679 0.999149382
1341846314.427905 0.161727160 0.024142560 0.025001792 -0.014436459 0.038341925 0.011682950 0.999092102
1341846314.493987 0.177436441 0.020159479 0.025830613 -0.013432191 0.047226343 0.004149277 0.998785257
1341846314.526085 0.190672234 0.023225933 0.022997476 -0.013150734 0.048167653 0.003236205 0.998747468
1341846314.558292 0.207150266 0.020406982 0.021146329 -0.014671699 0.049716860 0.005405567 0.998640954
1341846314.594085 0.217499450 0.014962013 0.023840588 -0.014010123 0.053337563 0.005294981 0.998464227
1341846314.626096 0.212688059 0.020896895 0.017079428 -0.012995420 0.059021369 0.005576462 0.998156548
1341846314.658455 0.214022830 0.023037191 0.019199124 -0.014810092 0.061062258 0.004457321 0.998014092
1341846314.694004 0.230992034 0.017945375 0.029739248 -0.014937160 0.063366853 0.002774497 0.997874677
1341846314.725910 0.230634451 0.016393483 0.031209113 -0.011005923 0.067076050 0.007992212 0.997655153
1341846314.761942 0.230270416 0.014628952 0.026356110 -0.007698815 0.068135999 0.011890768 0.997575462
1341846314.794030 0.246181652 0.011426972 0.019521624 -0.005131231 0.068862833 0.013257477 0.997524858
1341846314.826092 0.251464635 0.014454251 0.014680285 -0.002778494 0.073050737 0.013519381 0.997232735
1341846314.862145 0.262078851 0.019710567 0.019005660 -0.002116178 0.075931400 0.014994483 0.996998072
1341846314.894072 0.273752183 0.017483694 0.014788624 -0.002781134 0.079095192 0.017252414 0.996713877
1341846314.925969 0.273681730 0.020120455 0.013267122 -0.002544834 0.082205206 0.020898504 0.996393025
1341846314.961937 0.276011229 0.031609911 0.014146842 -0.004426857 0.082742766 0.024961319 0.996248424
1341846314.994564 0.283133090 0.028321717 0.019648895 -0.008097700 0.083456591 0.024299586 0.996182203
1341846315.029900 0.295943767 0.025460197 0.022706311 -0.008585422 0.086239845 0.021494677 0.996005476
1341846315.061965 0.299129516 0.026883928 0.020646706 -0.009199347 0.088333271 0.026093716 0.995706618
1341846315.094388 0.303502351 0.018919406 0.023357756 -0.009653253 0.087534174 0.025998034 0.995775402
1341846315.129851 0.305286080 0.022353768 0.016605388 -0.007256934 0.088132620 0.023788277 0.995798230
1341846315.161941 0.319915354 0.045378283 0.008305918 -0.007921123 0.086195521 0.029866831 0.995798945
1341846315.197984 0.313867748 0.045136645 0.010054998 -0.014026745 0.085241698 0.024448460 0.995961547
1341846315.230076 0.321631670 0.037783064 0.007509984 -0.018448288 0.083849408 0.021063464 0.996084988
1341846315.262069 0.329133868 0.039957963 0.018218935 -0.021374617 0.080546983 0.025111610 0.996205151
1341846315.298000 0.336208671 0.031404663 0.036185704 -0.024164531 0.076334424 0.027612187 0.996406853
1341846315.329931 0.345709801 0.004671779 0.027463838 -0.023265013 0.074602321 0.027954485 0.996549904
1341846315.361981 0.343251944 0.011670880 0.021739032 -0.017282546 0.074919134 0.030414967 0.996575832
1341846315.397962 0.351124257 0.020005640 0.021217421 -0.013212280 0.074578941 0.033852089 0.996552765
1341846315.429923 0.349995941 0.020617472 0.020510044 -0.010243403 0.077235170 0.034122866 0.996376157
1341846315.466047 0.382164717 0.032583926 0.024551678 -0.008871012 0.077253424 0.037918501 0.996250689
1341846315.497883 0.377951294 0.029460445 0.024274427 -0.010266454 0.080996864 0.042319838 0.995762587
1341846315.530008 0.380110741 0.029588945 0.025403872 -0.010327241 0.082384475 0.043286875 0.995606542
1341846315.566108 0.377567232 0.032493226 0.020820446 -0.010817208 0.084405400 0.043116946 0.995439410
1341846315.597986 0.380609155 0.028755328 0.026258387 -0.011417089 0.085623540 0.042549998 0.995353103
1341846315.630109 0.388648957 0.032581586 0.027093932 -0.010783999 0.085852392 0.042350516 0.995348930
1341846315.666042 0.390768498 0.037146416 0.018531233 -0.011087812 0.087179698 0.041966829 0.995246470
1341846315.698114 0.398133397 0.049525522 0.007843539 -0.014712184 0.089339659 0.040056687 0.995086610
1341846315.733985 0.387055725 0.027714735 0.028465509 -0.019857487 0.093948446 0.041674431 0.994506180
1341846315.766041 0.383122057 0.030800506 0.023523904 -0.019162558 0.091906853 0.043087184 0.994650424
1341846315.798188 0.384179801 0.028719375 0.022377998 -0.020436076 0.090934508 0.041368887 0.994787395
1341846315.834140 0.384532303 0.025101714 0.025679491 -0.019843912 0.092973813 0.040415343 0.994650006
1341846315.866751 0.378599524 0.021347605 0.019578420 -0.017835736 0.095149755 0.039838567 0.994505584
1341846315.898492 0.378386289 0.020161880 0.025114596 -0.016678922 0.095528863 0.039487358 0.994503319
1341846315.936901 0.374653280 0.012515298 0.019003451 -0.014799469 0.097269095 0.037950847 0.994424164
1341846315.966572 0.363796592 0.013072561 0.021584556 -0.011187348 0.099616364 0.036853671 0.994280279
1341846316.034204 0.355142862 0.011387968 0.019353308 -0.007516608 0.099525131 0.036113415 0.994351089
1341846316.066113 0.352364004 0.009155389 0.022239015 -0.005558089 0.099119693 0.036689691 0.994383335
1341846316.101867 0.329355150 0.020309107 0.021351390 -0.002525139 0.100003339 0.035984326 0.994332969
1341846316.134066 0.322368920 0.021957811 0.020059198 -0.003212173 0.097099364 0.033507068 0.994705319
1341846316.202049 0.304120511 0.011969472 0.022976730 -0.003764387 0.093282014 0.029238917 0.995203197
1341846316.233979 0.301837683 0.014633707 0.019346111 -0.003036125 0.091862448 0.026483711 0.995414793
1341846316.270052 0.301327556 0.015610151 0.018488828 -0.004154459 0.092321374 0.023787320 0.995436430
1341846316.301915 0.289042979 0.008100051 0.019853249 -0.004421465 0.094294943 0.021813981 0.995295465
1341846316.334208 0.282263190 0.006414038 0.021292608 -0.003051138 0.093573861 0.023725873 0.995324910
1341846316.370006 0.274730921 0.002699529 0.023279045 -0.001387379 0.092610195 0.024030780 0.995411396
1341846316.401994 0.273004770 0.006174458 0.020412773 0.000537597 0.091368675 0.027363919 0.995440960
1341846316.438069 0.265884995 0.002799914 0.021700036 0.002762857 0.091319658 0.028961582 0.995396614
1341846316.470076 0.252654701 -0.000497375 0.021153342 0.007079093 0.091554157 0.030727262 0.995300770
1341846316.502034 0.238448247 0.009015763 0.005883887 0.009653763 0.089654863 0.032091025 0.995408952
1341846316.537975 0.236845180 0.011323908 0.005435754 0.007300153 0.086268738 0.031104945 0.995759487
1341846316.570121 0.229820579 0.002544339 0.012793679 0.006341866 0.086436689 0.027499542 0.995857537
1341846316.601885 0.225052848 0.000298387 0.012830205 0.008301089 0.085611984 0.026322939 0.995946169
1341846316.638009 0.208217010 -0.005602077 0.016134020 0.010106715 0.085495509 0.027034253 0.995920420
1341846316.669925 0.211123779 -0.007523512 0.016698133 0.012297891 0.083695427 0.027392076 0.996038914
1341846316.705941 0.207107291 -0.010519815 0.016907278 0.016298074 0.083475649 0.028000789 0.995983005
1341846316.738062 0.184971124 -0.002957493 0.004065694 0.019367009 0.084662326 0.030214226 0.995763183
1341846316.770433 0.183877319 0.000659336 0.007361921 0.018785788 0.083270371 0.031300124 0.995858133
1341846316.805932 0.180071056 -0.004920859 0.015307182 0.019006787 0.083123952 0.030078903 0.995903850
1341846316.838029 0.163907900 -0.004220072 0.016602209 0.020503223 0.082713969 0.030982114 0.995880604
1341846316.870034 0.151593521 -0.006752870 0.018595546 0.020733787 0.079737738 0.032204043 0.996079743
1341846316.906344 0.137867406 -0.009344365 0.009306001 0.021554854 0.077440694 0.030204730 0.996306181
1341846316.937940 0.143803522 -0.002232650 0.009278661 0.022360155 0.074850686 0.029604910 0.996504366
1341846316.973994 0.133987695 -0.002622909 0.009283390 0.021154406 0.073202476 0.029427795 0.996658325
1341846317.005913 0.126756191 -0.008849462 0.014361430 0.019475549 0.070661180 0.029539021 0.996872663
1341846317.037936 0.118617684 -0.011510869 0.016501905 0.019879401 0.068427645 0.028094783 0.997062266
1341846317.073972 0.115110971 -0.012882032 0.015037423 0.020969547 0.066344060 0.029891498 0.997128487
1341846317.106113 0.107708588 -0.016551899 0.015901599 0.022966521 0.064940222 0.033841185 0.997050703
1341846317.137887 0.091762207 -0.012443687 0.013688175 0.026698107 0.059945989 0.037602950 0.997135758
1341846317.173970 0.086527400 -0.010016534 0.014258037 0.027775409 0.053060263 0.039961934 0.997404754
1341846317.205887 0.079169989 -0.014429656 0.020258520 0.027589524 0.049944967 0.040728237 0.997539699
1341846317.248131 0.072577946 -0.016491702 0.022859227 0.028767738 0.047145281 0.042331092 0.997575939
1341846317.306289 0.058137365 -0.014010825 0.024914663 0.030360350 0.041509449 0.045821436 0.997624993
1341846317.348137 0.056646749 -0.015713179 0.023147840 0.031602010 0.042165987 0.047228519 0.997493267
1341846317.410120 0.036695026 -0.014537668 0.024595033 0.033027742 0.042555511 0.052326601 0.997176051
1341846317.442569 0.040257566 -0.020424854 0.026207231 0.035447340 0.041854437 0.055154126 0.996970296
1341846317.474010 0.027426634 -0.021031186 0.026057567 0.041196391 0.042971831 0.058180619 0.996529639
1341846317.509927 0.013556721 -0.013327451 0.024067597 0.044361953 0.041557696 0.061605297 0.996247888
1341846317.542282 0.012871750 -0.013468837 0.024838533 0.043413401 0.038008548 0.062665321 0.996365249
1341846317.573943 0.005037470 -0.021031221 0.018628132 0.042689085 0.039463151 0.061055377 0.996439934
1341846317.610159 -0.002735482 -0.023362489 0.022657899 0.045428179 0.041446000 0.062157534 0.996170163
1341846317.643553 -0.027653355 -0.020097101 0.017867999 0.047952563 0.042759567 0.063491471 0.995912135
1341846317.677993 -0.033759892 -0.021778908 0.029116888 0.048254795 0.039403662 0.065938190 0.995876968
1341846317.709996 -0.039323937 -0.021975294 0.030812832 0.051018160 0.036711790 0.065666735 0.995860040
1341846317.741834 -0.043538235 -0.012336924 0.031380955 0.051973742 0.035460602 0.065462947 0.995869398
1341846317.777923 -0.048504550 -0.012759971 0.036668967 0.050193544 0.034080423 0.065099597 0.996032715
1341846317.810021 -0.057984225 -0.016603218 0.040228073 0.049534306 0.032721058 0.063179858 0.996234894
1341846317.841886 -0.070954874 -0.007579290 0.030340850 0.049525902 0.032096818 0.060916621 0.996396542
1341846317.878017 -0.078340366 -0.010626622 0.035178788 0.047003314 0.031993147 0.057308789 0.996736109
1341846317.909910 -0.080276527 -0.016699344 0.035921980 0.045701746 0.032771315 0.053581957 0.996978641
1341846317.946031 -0.092558175 -0.018722614 0.037423134 0.046773866 0.033979997 0.055248063 0.996797502
1341846317.978041 -0.102857903 -0.024295989 0.041360851 0.048345115 0.033119526 0.055023868 0.996763885
1341846318.009897 -0.105468117 -0.018418625 0.038991664 0.051140644 0.033167344 0.052753512 0.996745527
1341846318.045949 -0.118197098 -0.014277106 0.040665258 0.051631592 0.034705810 0.051777232 0.996719003
1341846318.078074 -0.133487001 -0.016287958 0.041448519 0.050921366 0.033966597 0.050362490 0.996853530
1341846318.109894 -0.136224359 -0.016281385 0.038793895 0.050533615 0.029037660 0.048114453 0.997139990
1341846318.145957 -0.138446793 -0.017091498 0.043752640 0.049747087 0.026844734 0.045653690 0.997356653
1341846318.178001 -0.149052814 -0.020851947 0.041926280 0.048722770 0.027444152 0.042813972 0.997516870
1341846318.214074 -0.181521937 -0.024850970 0.012137128 0.048806630 0.027313281 0.040050119 0.997631133
1341846318.245970 -0.185004354 -0.032606792 0.026338335 0.051581647 0.021327175 0.041718367 0.997569084
1341846318.278018 -0.186710864 -0.027997829 0.026287632 0.055871885 0.016076574 0.042024117 0.997423589
1341846318.313937 -0.201042846 -0.026701067 0.030353740 0.057825282 0.010649655 0.041317303 0.997414470
1341846318.345989 -0.202222705 -0.026824357 0.041760881 0.059613802 0.001059803 0.040350553 0.997405112
1341846318.382046 -0.208713323 -0.026448265 0.047908191 0.061630797 -0.005372638 0.039837699 0.997289181
1341846318.414072 -0.217186272 -0.028020937 0.047468692 0.063081868 -0.011940120 0.040684223 0.997107267
1341846318.446035 -0.225976348 -0.029609349 0.046328455 0.065223619 -0.017997786 0.041078992 0.996862352
1341846318.482196 -0.237203896 -0.030130738 0.036075048 0.066333584 -0.019617189 0.040261861 0.996791840
1341846318.514144 -0.238951743 -0.028451292 0.051009282 0.066813953 -0.021295620 0.041606776 0.996670067
1341846318.546259 -0.250549138 -0.037691653 0.037744638 0.067396611 -0.022204030 0.041294571 0.996624053
1341846318.582042 -0.255162656 -0.028908668 0.038831607 0.069535628 -0.022282880 0.040762350 0.996497214
1341846318.614115 -0.265963495 -0.030800508 0.040920477 0.069016285 -0.022465087 0.040693950 0.996532023
1341846318.650038 -0.275775075 -0.032827385 0.033848576 0.068385772 -0.022855187 0.037828047 0.996679485
1341846318.682350 -0.286222875 -0.034042008 0.031787239 0.067846037 -0.023224760 0.035712160 0.996785939
1341846318.714063 -0.297871470 -0.032045234 0.031413950 0.067672260 -0.023891144 0.034420159 0.996827424
1341846318.749905 -0.301973373 -0.036570292 0.031817809 0.068332218 -0.024190847 0.036584783 0.996698081
1341846318.782036 -0.321457148 -0.033630699 0.024453608 0.070111364 -0.023851190 0.037769992 0.996538460
1341846318.814121 -0.326543301 -0.033279557 0.028841486 0.070313610 -0.029794784 0.036537144 0.996410191
1341846318.850072 -0.337270558 -0.043071155 0.019504935 0.069755688 -0.035217527 0.034516640 0.996344566
1341846318.883516 -0.354168713 -0.046451699 0.005522810 0.072555467 -0.042020202 0.032789100 0.995939195
1341846318.918047 -0.359173328 -0.040296361 0.014410432 0.076205149 -0.055285361 0.032366816 0.995032012
1341846318.950044 -0.372684628 -0.043215461 0.021659009 0.077724479 -0.063406482 0.029441509 0.994520843
1341846318.982028 -0.377310157 -0.044022538 0.021334454 0.079222366 -0.067519948 0.026628880 0.994211137
1341846319.018123 -0.389032573 -0.042129103 0.018334143 0.079067685 -0.072403759 0.026248744 0.993889809
1341846319.050745 -0.388916731 -0.048389588 0.031074226 0.080151945 -0.079591818 0.025000380 0.993285358
1341846319.081905 -0.390765637 -0.042046696 0.024753258 0.086544931 -0.079680480 0.022983277 0.992790401
1341846319.117976 -0.408811003 -0.038200758 0.013824545 0.088781841 -0.078284904 0.027841516 0.992579520
1341846319.150093 -0.416395575 -0.041153233 0.020430371 0.090328529 -0.082958661 0.035761151 0.991806328
1341846319.186069 -0.413226366 -0.030324984 0.009897538 0.092445210 -0.084449150 0.035776973 0.991484821
1341846319.218149 -0.414011389 -0.017699081 0.008974567 0.089583136 -0.079960212 0.034496013 0.992164969
1341846319.250034 -0.429468542 -0.013826553 0.018086772 0.084074050 -0.073121004 0.033661984 0.993202746
1341846319.286594 -0.435351551 -0.024707779 0.029484652 0.081778176 -0.070369326 0.037262309 0.993464649
1341846319.318034 -0.444808632 -0.027034273 0.023185384 0.082322069 -0.069499619 0.040422417 0.993357360
1341846319.350268 -0.455653846 -0.031049956 0.021968953 0.082648449 -0.068791352 0.047205083 0.993080378
1341846319.386163 -0.476162374 -0.030923665 0.018659562 0.084593169 -0.072415531 0.054656792 0.992276490
1341846319.418386 -0.471960336 -0.028551884 0.011845648 0.085897021 -0.078409754 0.055294953 0.991673350
1341846319.453961 -0.471416146 -0.024985254 0.010486327 0.086283445 -0.080687657 0.052118607 0.991629124
1341846319.486271 -0.483729810 -0.030688297 -0.004429534 0.084514983 -0.080392465 0.051904056 0.991816640
1341846319.554083 -0.496040851 -0.028382819 0.013688430 0.079700001 -0.087088957 0.050933521 0.991700172
1341846319.586296 -0.511981547 -0.030373992 0.014156349 0.079993583 -0.086016513 0.047107611 0.991959214
1341846319.622031 -0.527065933 -0.031329881 -0.006910615 0.078323156 -0.089194633 0.043765575 0.991964936
1341846319.653962 -0.532516360 -0.039344877 0.019872360 0.077121548 -0.094580501 0.043570358 0.991568685
1341846319.686352 -0.538700283 -0.038322955 0.013847999 0.079158150 -0.098342218 0.045530483 0.990953982
1341846319.721992 -0.551492929 -0.031287473 0.014358640 0.080634952 -0.101950243 0.044781107 0.990504324
1341846319.754063 -0.556400359 -0.016408937 0.009876214 0.078314245 -0.104060277 0.044246476 0.990495145
1341846319.786397 -0.557854533 -0.015894642 0.020961478 0.074204758 -0.104532063 0.048781108 0.990548909
1341846319.822008 -0.565983236 -0.019737035 0.012925439 0.070499308 -0.104972102 0.052688636 0.990572870
1341846319.853917 -0.568876863 -0.021419195 0.015395038 0.065211691 -0.106330045 0.056575447 0.990575850
1341846319.889942 -0.575994074 -0.030777067 0.022143729 0.061810326 -0.106717035 0.061167277 0.990479469
1341846319.922039 -0.586628437 -0.038777821 0.015169702 0.060998447 -0.110523172 0.062579960 0.990024030
1341846319.953946 -0.578203499 -0.040710732 0.022687986 0.061530318 -0.117762066 0.058805730 0.989387691
1341846319.990054 -0.578033030 -0.039701849 0.017886460 0.064381666 -0.120470092 0.051588196 0.989282846
1341846320.028122 -0.582129478 -0.040662974 0.019860461 0.066231959 -0.124179184 0.051162906 0.988724053
1341846320.090047 -0.566409111 -0.029090876 0.030776426 0.072425671 -0.132297188 0.051368989 0.987224996
1341846320.122011 -0.557015121 -0.026646875 0.037127823 0.073354430 -0.130477831 0.052247852 0.987352431
1341846320.157952 -0.548787355 -0.030188108 0.035525009 0.073359400 -0.128088042 0.052843835 0.987633228
1341846320.190003 -0.539674342 -0.034263074 0.025339141 0.076194331 -0.124129847 0.050416917 0.988050759
1341846320.221941 -0.538266063 -0.035558563 0.024313539 0.079926647 -0.120548397 0.051760580 0.988129854
1341846320.258015 -0.530004025 -0.041072331 0.022460714 0.083683543 -0.119575806 0.054350153 0.987797916
1341846320.289887 -0.523971915 -0.046479229 0.019606933 0.088909991 -0.120033585 0.053554866 0.987329125
1341846320.321954 -0.505836070 -0.044814870 0.020914853 0.098068066 -0.121956691 0.054465171 0.986175835
1341846320.357890 -0.488133937 -0.037647910 0.027759187 0.103306830 -0.122373268 0.056406304 0.985480011
1341846320.390064 -0.469006091 -0.033061281 0.043403871 0.105406046 -0.119284138 0.056170914 0.985649884
1341846320.426544 -0.438584298 -0.032183003 0.048031807 0.108152166 -0.112669498 0.052052170 0.986356556
1341846320.458122 -0.440450251 -0.035558991 0.048102044 0.108580820 -0.105174758 0.050449777 0.987219989
1341846320.490186 -0.416918308 -0.045037180 0.044375554 0.111214750 -0.098628603 0.050819583 0.987583399
1341846320.525911 -0.417997867 -0.038614057 0.020559706 0.115699731 -0.089545958 0.046986222 0.988123178
1341846320.558091 -0.408556908 -0.039627247 0.029570334 0.116230473 -0.086089134 0.043742955 0.988516927
1341846320.594093 -0.391927391 -0.038843747 0.018565550 0.117383771 -0.081204258 0.041202269 0.988903105
1341846320.631955 -0.378880888 -0.035888724 0.042666301 0.120548189 -0.074023061 0.039494172 0.989155650
1341846320.664916 -0.370727003 -0.036470570 0.033872291 0.120151937 -0.071731523 0.037846766 0.989437103
1341846320.699927 -0.345783412 -0.039015181 0.040042445 0.120087698 -0.069366880 0.036930393 0.989648044
1341846320.731822 -0.342068642 -0.037012946 0.030480187 0.122199163 -0.061826583 0.035406526 0.989945054
1341846320.763877 -0.341427982 -0.024696298 0.015977457 0.119745187 -0.060627628 0.037480287 0.990242720
1341846320.799999 -0.326673537 -0.035395931 0.025102515 0.112558991 -0.062309466 0.031209923 0.991198242
1341846320.831871 -0.275313467 -0.035044398 0.028535616 0.114883147 -0.052876934 0.027724523 0.991583169
1341846320.863887 -0.311137438 -0.024257556 0.024715466 0.113511756 -0.042597007 0.027941292 0.992229760
1341846320.900014 -0.307280958 -0.036922533 0.027846072 0.105819203 -0.047492720 0.033259105 0.992693603
1341846320.931889 -0.274620354 -0.045053028 0.029825367 0.106854357 -0.048393562 0.031765964 0.992588103
1341846320.967866 -0.277323604 -0.018607140 0.031616349 0.107751556 -0.042363998 0.028626397 0.992862225
1341846321.000017 -0.277019173 -0.023724826 0.030166436 0.101342216 -0.041795123 0.026381690 0.993623137
1341846321.031860 -0.257893354 -0.033362418 0.030491386 0.098878510 -0.041764755 0.024734929 0.993914962
1341846321.068047 -0.249441892 -0.027895935 0.023614032 0.099504538 -0.038226087 0.022125941 0.994056344
1341846321.099840 -0.248210609 -0.029115615 0.024931405 0.096945651 -0.036585372 0.022493359 0.994362712
1341846321.131821 -0.223824218 -0.036951788 0.030311672 0.097255431 -0.035801206 0.024453914 0.994314671
1341846321.167887 -0.214940906 -0.032415804 0.035073541 0.099992029 -0.031969935 0.024965202 0.994161069
1341846321.200042 -0.212833509 -0.029155700 0.032886848 0.100387655 -0.029182794 0.024556268 0.994217098
1341846321.231950 -0.202643290 -0.036719136 0.032637879 0.099272601 -0.028418256 0.023358572 0.994380057
1341846321.267939 -0.187214047 -0.032748744 0.019008024 0.099863268 -0.026746236 0.018652620 0.994466722
1341846321.299948 -0.177691907 -0.035188086 0.026221950 0.098491281 -0.022386190 0.012841151 0.994803250
1341846321.331858 -0.177054912 -0.039852597 0.023033131 0.098366864 -0.019110091 0.008736585 0.994928360
1341846321.367913 -0.149545282 -0.046265528 0.027313195 0.099461339 -0.018031290 0.005526725 0.994862676
1341846321.399897 -0.145561472 -0.039844062 0.029958183 0.101881281 -0.012555556 0.004100345 0.994708896
1341846321.435994 -0.145140558 -0.044234827 0.038135819 0.103110239 -0.008644567 0.003551792 0.994626045
1341846321.467946 -0.134620398 -0.042760845 0.036419518 0.105072953 -0.006287828 0.004398616 0.994434893
1341846321.499882 -0.121196091 -0.043790832 0.032127012 0.106297627 -0.003849475 0.004574037 0.994316399
1341846321.536109 -0.095159486 -0.034424551 0.020520231 0.106407307 0.000431740 0.002044929 0.994320452
1341846321.568960 -0.107475817 -0.028808851 0.031953160 0.103579618 0.008596256 -0.001390617 0.994583070
1341846321.603938 -0.100849427 -0.032098725 0.039052300 0.100201748 0.010647476 -0.001327273 0.994909286
1341846321.637163 -0.054750562 -0.024516767 0.015004474 0.097830132 0.012752336 -0.001445031 0.995120347
1341846321.668306 -0.077260636 -0.021178376 0.048176829 0.093757495 0.024299925 0.000743565 0.995298147
1341846321.704411 -0.094552003 -0.029781513 0.049992997 0.089918226 0.026711801 0.008637589 0.995553434
1341846321.736861 -0.081719816 -0.026336120 0.054544196 0.089191183 0.023713848 0.017032679 0.995586514
1341846321.771881 -0.065880686 -0.010216285 0.051686168 0.087578580 0.023131687 0.021702141 0.995652497
1341846321.804114 -0.058522649 -0.015643975 0.053259298 0.082854763 0.025523359 0.024670342 0.995929182
1341846321.836152 -0.059123918 -0.008784422 0.055241946 0.080384634 0.028234301 0.024413092 0.996064782
1341846321.871882 -0.056425489 0.004851737 0.062971167 0.076058768 0.029512245 0.021741102 0.996429324
1341846321.904074 -0.048007257 0.001297336 0.062086575 0.069299035 0.030605173 0.018557670 0.996953666
1341846321.939847 -0.044675507 -0.004384095 0.068508461 0.064972937 0.033578310 0.015721092 0.997198045
1341846322.004094 -0.051537041 -0.012519640 0.070240155 0.057823136 0.031886630 0.015592359 0.997695625
1341846322.066178 -0.033691440 -0.022088772 0.068447970 0.052444689 0.036200248 0.012582717 0.997888148
1341846322.107979 -0.036324136 -0.036631722 0.073446855 0.049617447 0.038356245 0.011704430 0.997962892
1341846322.166164 -0.037917573 -0.056763303 0.069528580 0.052564777 0.038312480 0.011426899 0.997816920
1341846322.202932 -0.035736777 -0.063029476 0.068005666 0.053857155 0.035869163 0.011686265 0.997835755
1341846322.234093 -0.034001481 -0.062779747 0.063753344 0.053255580 0.034202114 0.009692729 0.997947991
1341846322.265941 -0.032352515 -0.075115971 0.061039437 0.050332464 0.030977547 0.010557798 0.998196125
1341846322.301996 -0.023343964 -0.089360856 0.063478395 0.048238408 0.028741103 0.011716739 0.998353481
1341846322.333949 -0.032037616 -0.104110107 0.059973851 0.047100991 0.027387056 0.011310431 0.998450577
1341846322.369871 -0.021950085 -0.118741557 0.065879896 0.047735296 0.021337120 0.007887460 0.998600960
1341846322.402292 -0.008143085 -0.131646693 0.061474174 0.049514301 0.022125443 0.002445129 0.998525321
1341846322.433955 -0.024957482 -0.156045198 0.064716309 0.053831905 0.024826748 -0.001944332 0.998239458
1341846322.470030 -0.022954969 -0.163172215 0.067157462 0.062349927 0.020223161 0.002301027 0.997846782
1341846322.502433 -0.012894123 -0.183250308 0.055645563 0.067268215 0.016566973 0.004992049 0.997584939
1341846322.534002 -0.007095060 -0.192886516 0.070312664 0.076663561 0.016224552 0.006556344 0.996903419
1341846322.570196 -0.007824055 -0.200062603 0.070806362 0.086298384 0.015955681 0.008930819 0.996101499
1341846322.601920 -0.016547965 -0.207436502 0.063883767 0.091697358 0.013520199 0.011625376 0.995627284
1341846322.638119 -0.004029496 -0.226666585 0.073897600 0.096462175 0.009622158 0.011274489 0.995226204
1341846322.669947 0.007150767 -0.229045555 0.071883619 0.101683237 0.012324441 0.010224499 0.994687915
1341846322.702026 -0.002731464 -0.245722085 0.068877548 0.103741542 0.014336462 0.012407226 0.994423509
1341846322.738006 -0.000827278 -0.237165511 0.069279492 0.106215410 0.011589303 0.013643826 0.994181931
1341846322.770087 0.008231526 -0.261963248 0.071252003 0.105466820 0.011913653 0.013622502 0.994258106
1341846322.806047 -0.001198405 -0.273060411 0.075474709 0.109018341 0.012118653 0.015489583 0.993845165
1341846322.838063 -0.002133580 -0.277725726 0.069897614 0.110858425 0.007677974 0.017886342 0.993645608
1341846322.870081 0.001229346 -0.288428724 0.081655145 0.113220625 0.002612227 0.018614030 0.993392110
1341846322.906018 0.015723135 -0.294660151 0.078692451 0.117949329 0.000441288 0.018956561 0.992838502
1341846322.938349 0.012640264 -0.281910837 0.079996079 0.119223647 0.001685519 0.019772457 0.992669106
1341846322.970069 0.015444918 -0.285208821 0.080672964 0.114237770 0.001059167 0.021550206 0.993219137
1341846323.011820 0.019385306 -0.301585048 0.086378977 0.111360617 0.001301874 0.022106657 0.993533313
1341846323.073951 0.017058136 -0.300488412 0.085906476 0.108947463 0.001314778 0.026021227 0.993705988
1341846323.105962 0.018447805 -0.320870131 0.089385889 0.105415598 0.001387000 0.025947275 0.994088709
1341846323.138158 0.016930254 -0.321941972 0.092647776 0.106282003 0.001392244 0.021961326 0.994092524
1341846323.174092 0.015070777 -0.323500216 0.090786785 0.104063749 0.001006905 0.021401996 0.994339824
1341846323.206059 0.025041200 -0.332585484 0.089688368 0.100833572 0.000052966 0.018534452 0.994730651
1341846323.238053 0.028176913 -0.330261648 0.092649058 0.098811544 0.002861944 0.017297752 0.994951725
1341846323.273997 0.010212132 -0.331579477 0.088427514 0.094946489 0.004084530 0.018080438 0.995309830
1341846323.305946 0.017012067 -0.341027141 0.092601649 0.089495227 -0.000287238 0.018549539 0.995814502
1341846323.342027 0.046064526 -0.359853029 0.095983826 0.086914763 -0.000265637 0.018010698 0.996052921
1341846323.374048 0.020162368 -0.367341787 0.098770030 0.087185174 0.004763149 0.018594816 0.996007204
1341846323.405987 0.006024713 -0.378105134 0.084286883 0.087121688 0.001368393 0.024099793 0.995905221
1341846323.441956 0.026154606 -0.388484329 0.091822535 0.088265710 -0.003735889 0.026102180 0.995747924
1341846323.473878 0.027029585 -0.398494452 0.092764407 0.092319049 -0.002186353 0.024217483 0.995432496
1341846323.506129 0.023775423 -0.392792910 0.088558994 0.095072433 -0.002347513 0.022330977 0.995217085
1341846323.541972 0.032827653 -0.393046826 0.088916220 0.093586639 -0.003000006 0.020414647 0.995397270
1341846323.573913 0.049746875 -0.409487754 0.088804275 0.092664145 0.000330533 0.014907502 0.995585740
1341846323.609927 0.038619947 -0.414320886 0.085349344 0.092816606 0.007217702 0.010937438 0.995597005
1341846323.642014 0.025400883 -0.422410846 0.085094929 0.091880739 0.009451574 0.011598073 0.995657623
1341846323.674081 0.024547208 -0.434480727 0.086963072 0.091660798 0.007770022 0.013917960 0.995662689
1341846323.710069 0.027092554 -0.452790350 0.085915126 0.092771970 0.006401617 0.018495481 0.995494962
1341846323.742111 0.025678026 -0.464910984 0.080883056 0.097017914 0.004557641 0.019140517 0.995088160
1341846323.774928 0.027597440 -0.458996475 0.080683269 0.100988433 0.002161598 0.016111087 0.994754791
1341846323.810012 0.029920880 -0.464782745 0.080065444 0.102233022 0.000838243 0.012472398 0.994681895
1341846323.842207 0.030241560 -0.468569398 0.077573724 0.103630364 0.001168609 0.007549811 0.994586587
1341846323.878019 0.020688204 -0.481194586 0.074580997 0.103983968 0.000748325 0.003244668 0.994573355
1341846323.909826 0.023665231 -0.494502783 0.076640524 0.107010104 -0.000934929 -0.001187748 0.994256735
1341846323.942459 0.021785073 -0.494848937 0.070774481 0.110866755 -0.000947239 -0.001200086 0.993834078
1341846323.978055 0.016500946 -0.496425807 0.067773037 0.113384597 -0.003450660 0.000082270 0.993545115
1341846324.015934 0.026118828 -0.496489525 0.069468535 0.117215946 -0.006129147 0.000210631 0.993087471
1341846324.047722 0.030350238 -0.490185320 0.069993250 0.120788306 -0.004897221 -0.000835509 0.992665827
1341846324.083904 0.029846102 -0.475217104 0.069740906 0.121504664 -0.003547489 -0.000855330 0.992584169
1341846324.115968 0.030297693 -0.476915240 0.067560077 0.118874222 -0.001751394 -0.002667772 0.992904186
1341846324.151967 0.033171840 -0.469160169 0.069124147 0.118554801 0.001049616 -0.007246677 0.992920458
1341846324.183941 0.029420914 -0.454907000 0.074164122 0.116251610 0.005337575 -0.010817384 0.993146539
1341846324.219984 0.022777416 -0.453493804 0.076250590 0.111960471 0.007419785 -0.009994284 0.993634701
1341846324.251968 0.021235567 -0.453288645 0.079768702 0.111362949 0.007462922 -0.010617616 0.993695080
1341846324.284052 0.016803460 -0.440433919 0.079795510 0.112115316 0.007018393 -0.011553829 0.993603230
1341846324.319880 0.007703532 -0.423903227 0.076005898 0.111023627 0.004049983 -0.012208702 0.993734539
1341846324.351917 0.014278985 -0.409753889 0.080651641 0.107792765 0.000175684 -0.013384513 0.994083285
1341846324.388001 0.027676724 -0.400090933 0.076493636 0.103740588 -0.000319229 -0.016375467 0.994469523
1341846324.419908 0.020140693 -0.389580458 0.079890914 0.098896995 0.002434089 -0.018999647 0.994913280
1341846324.452027 0.016771767 -0.386131227 0.080493093 0.094160892 0.002676789 -0.019632354 0.995359838
1341846324.487928 0.015975576 -0.381759316 0.082574554 0.092664860 0.002246187 -0.017382732 0.995543122
1341846324.519985 0.002778889 -0.369494230 0.086418822 0.091548383 0.000660548 -0.012875082 0.995717168
1341846324.556001 0.003366424 -0.348901659 0.086831748 0.090365499 -0.004493785 -0.008530043 0.995862007
1341846324.587888 0.004871670 -0.336649537 0.095730245 0.087279767 -0.007625512 -0.005891050 0.996137202
1341846324.620086 0.005552745 -0.331035733 0.095715836 0.084941238 -0.010209300 -0.008499154 0.996297419
1341846324.655955 0.010174111 -0.318694830 0.097601727 0.083857119 -0.011625132 -0.009746506 0.996362269
1341846324.688082 0.005327378 -0.316476613 0.100020230 0.083135843 -0.011094200 -0.008749393 0.996438026
1341846324.755922 -0.010030389 -0.277847320 0.098009914 0.084999375 -0.013606085 -0.005067203 0.996275246
1341846324.814016 0.010615336 -0.239579752 0.095667452 0.080537871 -0.020538099 -0.007605094 0.996510923
1341846324.849979 -0.002108416 -0.233556956 0.102962539 0.074762315 -0.016560873 -0.010604919 0.997007489
1341846324.881924 -0.009501409 -0.230829343 0.108547904 0.071555980 -0.017568115 -0.010495150 0.997226655
1341846324.913902 -0.004878786 -0.219811738 0.109978810 0.070738636 -0.019271377 -0.007554058 0.997280121
1341846324.949999 -0.007815653 -0.225011364 0.111315578 0.070724472 -0.019206187 -0.004222321 0.997302055
1341846324.981922 -0.018826220 -0.219366133 0.110968627 0.074998572 -0.021057159 -0.000909127 0.996960878
1341846325.018013 -0.020898387 -0.207326397 0.105694070 0.079468541 -0.026053753 0.001335395 0.996495962
1341846325.050079 -0.025489850 -0.190669119 0.105496563 0.081776068 -0.030825699 0.000189956 0.996173918
1341846325.081901 -0.023143779 -0.169243634 0.106733046 0.081495166 -0.036299046 -0.001460354 0.996011496
1341846325.118531 -0.008436319 -0.156250179 0.105728820 0.077378020 -0.038822353 -0.003552977 0.996239424
1341846325.149933 -0.012802828 -0.154554456 0.111345775 0.071581349 -0.036060933 -0.005720659 0.996766329
1341846325.181925 -0.016642552 -0.149289578 0.112399168 0.068360135 -0.034868497 -0.003029037 0.997046649
1341846325.218055 -0.016832830 -0.143854409 0.114696965 0.065352403 -0.034822885 0.001328681 0.997253597
1341846325.249811 -0.019197445 -0.134768963 0.119109243 0.063515663 -0.034840032 0.004935195 0.997360349
1341846325.285925 -0.016727291 -0.125358611 0.120508030 0.060976386 -0.035526324 0.007868257 0.997475803
1341846325.317988 -0.000566686 -0.129829943 0.116997644 0.058157433 -0.034177359 0.010670181 0.997665226
1341846325.349844 -0.010493591 -0.130344301 0.127108008 0.061389860 -0.028475953 0.012102298 0.997634172
1341846325.387302 -0.009534132 -0.118387766 0.125068709 0.066191971 -0.025913950 0.014989297 0.997357786
1341846325.417931 0.003369069 -0.110063687 0.131610990 0.069120444 -0.021748520 0.018285519 0.997203588
1341846325.450747 0.012172922 -0.119192325 0.140473977 0.073035523 -0.014013804 0.020001210 0.997030258
1341846325.485954 -0.008887086 -0.097090662 0.136528209 0.082649864 -0.005997832 0.022381907 0.996309221
1341846325.517875 -0.006121828 -0.093002573 0.133021250 0.085374579 -0.003258436 0.024295511 0.996047318
1341846325.553859 -0.006048165 -0.086296663 0.133433834 0.088458158 0.000317210 0.023524094 0.995801985
1341846325.585855 -0.011603959 -0.067986861 0.136435106 0.091232523 0.003459689 0.021726821 0.995586574
1341846325.617990 -0.014847564 -0.048213735 0.132323354 0.088925660 0.005500901 0.020389410 0.995814323
1341846325.653982 -0.014135506 -0.064549029 0.134717673 0.085017309 0.007095143 0.017809482 0.996195018
1341846325.685819 -0.017778620 -0.059328906 0.143083781 0.090884395 0.008410241 0.019538429 0.995634198
1341846325.717857 -0.023726951 -0.045805611 0.142700002 0.095520757 0.009920329 0.026149713 0.995034456
1341846325.754083 -0.023472581 -0.047260351 0.144292220 0.097957276 0.010009114 0.029705860 0.994696796
1341846325.786087 -0.019495532 -0.041239105 0.144338056 0.104572430 0.010153482 0.031707000 0.993959844
1341846325.821856 -0.021697469 -0.022094335 0.145168841 0.108833089 0.012088413 0.033284884 0.993429065
1341846325.853827 -0.033261213 -0.015819272 0.148870811 0.109553516 0.013215859 0.036514819 0.993222058
1341846325.885958 -0.041998535 -0.000572216 0.140359759 0.110308260 0.011065176 0.042246338 0.992937505
1341846325.921984 -0.035752028 0.002142306 0.149467573 0.109312393 0.006617485 0.046689652 0.992888272
1341846325.953899 -0.026523838 0.007914834 0.152009144 0.112631068 0.006650444 0.048375580 0.992436290
1341846325.985823 -0.029014347 0.020302091 0.156237707 0.115427196 0.009545243 0.052495588 0.991881907
1341846326.021991 -0.035404470 0.019019917 0.158190042 0.117646948 0.009945098 0.057745140 0.991325259
1341846326.054055 -0.031682763 0.032493595 0.159651488 0.123094365 0.008823172 0.061240997 0.990464270
1341846326.089984 -0.025884271 0.052530270 0.160460934 0.126313969 0.010512791 0.060090460 0.990112841
1341846326.121822 -0.027390981 0.060552608 0.162116066 0.125579178 0.014560071 0.058316801 0.990261078
1341846326.154079 -0.034629997 0.062113639 0.170791954 0.125964865 0.017515318 0.056637708 0.990261674
1341846326.190178 -0.037623610 0.075503379 0.171079889 0.128861398 0.017107189 0.059005842 0.989757776
1341846326.222162 -0.042838678 0.094108336 0.170414910 0.128512606 0.015662260 0.065281615 0.989432931
1341846326.259181 -0.042130340 0.107337877 0.177213058 0.125484273 0.012857953 0.069478467 0.989576221
1341846326.322766 -0.037302922 0.130791828 0.183631524 0.118413895 0.012258954 0.067621566 0.990583241
1341846326.359773 -0.035560105 0.133296102 0.182269379 0.114056021 0.013606222 0.066051275 0.991182804
1341846326.392109 -0.030878017 0.126857564 0.193162397 0.112061091 0.015039451 0.067631170 0.991283059
1341846326.423985 -0.037993673 0.134799182 0.191033989 0.116637096 0.016525665 0.072040200 0.990420580
1341846326.459869 -0.041754801 0.148157835 0.188500687 0.118952714 0.014025995 0.075688109 0.989911556
1341846326.526163 -0.029202536 0.185194969 0.201435491 0.119691692 0.015115893 0.074858412 0.989869535
1341846326.560211 -0.030890958 0.191722780 0.201613322 0.114394881 0.018941220 0.075322956 0.990394592
1341846326.591828 -0.033083491 0.193710789 0.209528506 0.111017577 0.021267124 0.076466382 0.990644097
1341846326.627027 -0.030336481 0.208784431 0.208404481 0.111046270 0.022451038 0.076235309 0.990632534
1341846326.658442 -0.033257432 0.228619769 0.206692144 0.109414659 0.026764873 0.074065365 0.990871549
1341846326.694856 -0.039053649 0.234481275 0.209285170 0.105725907 0.030797208 0.073444232 0.991201043
1341846326.726206 -0.040055163 0.247870252 0.211219043 0.100040473 0.031745300 0.071759515 0.991884410
1341846326.762753 -0.031344213 0.262175322 0.211218297 0.094171599 0.033493459 0.069926985 0.992532194
1341846326.826821 -0.033684805 0.301458180 0.220187873 0.080394618 0.039094727 0.065596946 0.993833661
1341846326.858887 -0.032839041 0.298070252 0.228577971 0.071344174 0.040184084 0.065004297 0.994519830
1341846326.895360 -0.037735287 0.292709410 0.224753618 0.068243146 0.039847981 0.067930870 0.994555354
1341846326.926897 -0.045214739 0.301945269 0.235768437 0.070777588 0.036922500 0.068107598 0.994479060
1341846326.958888 -0.038102694 0.317101985 0.235362679 0.073530674 0.034175415 0.070743270 0.994193494
1341846326.994594 -0.037656058 0.329628527 0.233369723 0.074298121 0.034803778 0.073032901 0.993949056
1341846327.026301 -0.038097180 0.343003929 0.230249330 0.072422363 0.036157999 0.072687976 0.994064450
1341846327.063945 -0.033261620 0.348514169 0.236715883 0.069190517 0.038302969 0.068728603 0.994495809
1341846327.094662 -0.032942325 0.358431369 0.241562843 0.068888977 0.040513963 0.066877887 0.994555295
1341846327.128901 -0.034192149 0.369046956 0.245164841 0.068494849 0.040356025 0.066509090 0.994613707
1341846327.161940 -0.037463568 0.382623315 0.248451173 0.067676343 0.039741818 0.064705417 0.994813383
1341846327.193867 -0.026675088 0.384821862 0.249577597 0.065988734 0.040274024 0.062743343 0.995030999
1341846327.229885 -0.022182057 0.401711851 0.246740088 0.067429297 0.042862497 0.061589856 0.994898379
1341846327.262014 -0.011980385 0.416084617 0.264598370 0.067600071 0.046967100 0.058941059 0.994861960
1341846327.294023 -0.032142490 0.413646966 0.247016847 0.069087222 0.061945900 0.052758660 0.994286776
1341846327.330015 -0.028542709 0.432960600 0.219448894 0.071101882 0.070724845 0.047910526 0.993804336
1341846327.361939 -0.028927550 0.451522827 0.242148370 0.069501266 0.075868048 0.043927148 0.993722320
1341846327.393887 -0.026402257 0.464184046 0.264933407 0.068892345 0.078376271 0.037259456 0.993842423
1341846327.429966 -0.038035631 0.497916967 0.262671232 0.068746276 0.078993969 0.036631715 0.993826926
1341846327.461965 -0.045521356 0.512197077 0.270905197 0.060889576 0.075221606 0.037887502 0.994584680
1341846327.497931 -0.032514639 0.509763837 0.264536142 0.055210866 0.072052345 0.035800889 0.995227814
1341846327.530068 -0.032714352 0.526503146 0.273711443 0.054960102 0.072613738 0.039957143 0.995042741
1341846327.561895 -0.040843207 0.532958865 0.286710799 0.053242996 0.071096718 0.043225829 0.995109022
1341846327.598010 -0.045062408 0.535271704 0.285245419 0.054014951 0.068255946 0.047838837 0.995055258
1341846327.629945 -0.049174774 0.554225087 0.290163547 0.054906730 0.063066602 0.047199540 0.995379329
1341846327.662003 -0.047781471 0.552049696 0.292639732 0.053804629 0.059998620 0.042591244 0.995836914
1341846327.697919 -0.044576917 0.572391212 0.291744620 0.057137538 0.058710467 0.043796431 0.995675802
1341846327.730075 -0.047238208 0.604000449 0.290292948 0.054836195 0.058077496 0.045173604 0.995780766
1341846327.766017 -0.042912070 0.606142759 0.293580443 0.049415048 0.056657650 0.046629205 0.996079206
1341846327.797917 -0.041831732 0.638239264 0.295992017 0.047160383 0.055627406 0.049410827 0.996112466
1341846327.830054 -0.046343058 0.631655276 0.297145545 0.038657695 0.056085587 0.048284426 0.996508181
1341846327.865944 -0.046371713 0.630804360 0.294277668 0.033556622 0.057432309 0.048444867 0.996608555
1341846327.898010 -0.049745545 0.646975279 0.301315099 0.031771418 0.058753613 0.049236666 0.996551216
1341846327.929991 -0.048470065 0.656016469 0.304201096 0.027461825 0.057025835 0.047752380 0.996851861
1341846327.966065 -0.050459452 0.669837654 0.301362693 0.023488006 0.057565857 0.044883210 0.997055650
1341846327.998073 -0.045776274 0.683124542 0.302280277 0.017522950 0.057747256 0.042712312 0.997263193
1341846328.034045 -0.039696831 0.687451005 0.305555582 0.011789601 0.057803951 0.041205443 0.997407556
1341846328.065993 -0.050573137 0.682873011 0.307513684 0.005758779 0.060067821 0.041594993 0.997310638
1341846328.098045 -0.049834583 0.668440104 0.306661487 0.002963728 0.060275268 0.042544164 0.997270346
1341846328.133967 -0.046532538 0.677058458 0.304994643 0.007344109 0.058473878 0.047586847 0.997127056
1341846328.166023 -0.050189961 0.677694082 0.308775127 0.007875362 0.055773027 0.048441190 0.997236609
1341846328.198018 -0.046877690 0.654105306 0.298708707 0.004834858 0.052985061 0.044949930 0.997571409
1341846328.234044 -0.049765833 0.644804060 0.301571548 0.007923490 0.051535875 0.044616688 0.997642577
1341846328.265899 -0.045668006 0.636457205 0.296459615 0.010118109 0.049426690 0.044698283 0.997725785
1341846328.302051 -0.042892352 0.615305603 0.293793708 0.011655579 0.048817556 0.045100745 0.997720897
1341846328.333917 -0.043633729 0.602502406 0.296321481 0.014993075 0.048773937 0.048057932 0.997540355
1341846328.366008 -0.050138183 0.568625212 0.288690716 0.017870383 0.049875244 0.042243395 0.997701645
1341846328.402010 -0.051334772 0.544206977 0.285948575 0.029446736 0.052404568 0.042788211 0.997274160
1341846328.433920 -0.050056823 0.519952893 0.282059133 0.032432374 0.050491266 0.044545796 0.997203350
1341846328.470003 -0.041432019 0.494912326 0.269184470 0.031516854 0.048343018 0.037586454 0.997625649
1341846328.502194 -0.031582378 0.475687444 0.265506178 0.032770567 0.049114015 0.030228071 0.997797668
1341846328.534033 -0.034625649 0.452729881 0.266536057 0.033453479 0.052780293 0.028449636 0.997640073
1341846328.570125 -0.036987178 0.435327470 0.271252841 0.035859134 0.053406559 0.030079363 0.997475386
1341846328.602804 -0.043079495 0.408988923 0.259121031 0.041134346 0.047714029 0.035808641 0.997371137
1341846328.672663 -0.042986143 0.367030501 0.259749711 0.049418580 0.036036305 0.030912304 0.997649074
1341846328.702975 -0.028440848 0.356926560 0.261822671 0.052927773 0.031086534 0.030344771 0.997652948
1341846328.770129 -0.021410812 0.321806431 0.250136346 0.060875330 0.027741572 0.026475137 0.997408450
1341846328.802331 -0.019482553 0.305535585 0.240919054 0.060785130 0.024827057 0.026491586 0.997490346
1341846328.838051 -0.015786398 0.283778220 0.240424961 0.064194135 0.022894893 0.022976812 0.997410119
1341846328.869939 -0.014495301 0.287826419 0.234390557 0.065000221 0.021445718 0.022475030 0.997401595
1341846328.904486 -0.014524644 0.271547586 0.237402290 0.060297646 0.018466616 0.022373244 0.997758806
1341846328.939814 -0.010325684 0.237813339 0.235423908 0.061468292 0.015470143 0.022657236 0.997731924
1341846328.970217 -0.001367500 0.235295102 0.229356810 0.066147961 0.012610267 0.026104851 0.997388601
1341846329.006232 -0.000715259 0.224781483 0.225609154 0.067017235 0.010439620 0.030113224 0.997242630
1341846329.038243 0.004712946 0.205885082 0.224136978 0.070165075 0.008990510 0.031395119 0.997000694
1341846329.106125 0.002340072 0.203027084 0.213258803 0.073956251 0.009575027 0.028814683 0.996799111
1341846329.138340 0.004526601 0.183568716 0.212528408 0.074577570 0.008668139 0.026860734 0.996815681
1341846329.169991 0.006252522 0.183419108 0.207974926 0.076908842 0.007354526 0.026381651 0.996661901
1341846329.208656 0.010561490 0.172953531 0.206823766 0.077121839 0.006089891 0.025156859 0.996685624
1341846329.238169 0.013110587 0.171676069 0.202888235 0.076698489 0.004838206 0.025531927 0.996715665
1341846329.273827 0.012797877 0.155834571 0.196145758 0.074393488 0.003948562 0.026038270 0.996881127
1341846329.306052 0.012004855 0.154871434 0.191401049 0.075137183 0.001699591 0.024952080 0.996859550
1341846329.338104 0.014364141 0.153003126 0.193791568 0.071971744 -0.000098041 0.023424476 0.997131586
1341846329.373907 0.014915299 0.128059700 0.184356451 0.067312770 -0.000650998 0.021454453 0.997501016
1341846329.405985 0.018645639 0.119779319 0.186002821 0.068527371 -0.002626655 0.018862573 0.997467458
1341846329.442057 0.018336624 0.118473709 0.180086523 0.068399094 -0.002961591 0.015366170 0.997535288
1341846329.473950 0.016480355 0.100852765 0.177449644 0.066697821 -0.003810255 0.008984881 0.997725487
1341846329.506147 0.017386723 0.096025229 0.171727285 0.066828497 -0.006030959 0.006750031 0.997723401
1341846329.542121 0.013251218 0.082094193 0.167998448 0.064837001 -0.008573552 0.006137370 0.997840166
1341846329.574086 0.017914040 0.064679235 0.166607976 0.066896074 -0.010819033 0.004667931 0.997690380
1341846329.606387 0.015975919 0.067413971 0.165021330 0.070105359 -0.011588498 0.003643575 0.997465611
1341846329.641955 0.013317855 0.062034443 0.161390617 0.069842823 -0.012236008 0.003564694 0.997476578
1341846329.681570 0.011074379 0.047634289 0.161846071 0.068567976 -0.015079321 0.003787695 0.997525275
1341846329.748113 0.018497454 0.044641942 0.157596827 0.071004987 -0.015580115 0.001207490 0.997353554
1341846329.810175 0.017978210 0.016894646 0.154547513 0.068165213 -0.012388914 0.006227207 0.997577667
1341846329.842255 0.014016580 0.008588402 0.152310356 0.069785267 -0.011795851 0.009372115 0.997448325
1341846329.874044 0.013975208 0.001283238 0.155414194 0.071525052 -0.012061712 0.012804888 0.997283638
1341846329.910073 0.012568058 0.007067619 0.152805284 0.072272517 -0.012710656 0.015433481 0.997184515
1341846329.942009 0.012169519 0.005162081 0.153546840 0.067534514 -0.012818425 0.020596938 0.997421980
1341846329.978087 0.014485218 -0.022547776 0.146087587 0.064518362 -0.013464480 0.021962298 0.997583926
1341846330.016305 0.017762680 -0.015362880 0.141639426 0.066907905 -0.012677367 0.019921960 0.997479677
1341846330.048192 0.008339801 -0.005871822 0.141366765 0.063806921 -0.010399695 0.020606143 0.997695267
1341846330.080418 0.013118342 -0.029365391 0.141145900 0.058321889 -0.011034799 0.023000965 0.997971773
1341846330.115886 0.012838882 -0.042542048 0.141993523 0.061033282 -0.009326302 0.024274534 0.997796893
1341846330.147839 0.006376566 -0.028608579 0.134892479 0.064080335 -0.008810903 0.025456740 0.997581065
1341846330.181257 0.005347400 -0.013480761 0.132899404 0.060148314 -0.009247882 0.028220918 0.997747600
1341846330.215852 0.009090021 -0.032362696 0.136487171 0.052735873 -0.008799167 0.028551696 0.998161435
1341846330.247833 0.005979856 -0.036970254 0.136763558 0.050913807 -0.008219994 0.027764047 0.998283207
1341846330.283913 0.000701822 -0.023986470 0.130694315 0.048164159 -0.008328692 0.027288919 0.998431861
1341846330.316011 0.001352217 -0.039026842 0.137540177 0.041064750 -0.009407066 0.027112084 0.998744249
1341846330.347868 0.000416650 -0.050384410 0.135306254 0.038272381 -0.011154108 0.026472619 0.998854280
1341846330.383835 0.003894306 -0.050301898 0.133475035 0.036655616 -0.011722982 0.026786247 0.998900056
1341846330.415934 0.002878979 -0.066973306 0.133994490 0.035611320 -0.010757974 0.024834406 0.998999178
1341846330.452561 -0.002676557 -0.068474926 0.132924035 0.038394812 -0.010821457 0.023786383 0.998920858
1341846330.483903 -0.007473652 -0.061352320 0.127183139 0.039002236 -0.012448381 0.026161212 0.998818994
1341846330.515970 -0.007142869 -0.070950814 0.128431305 0.037180319 -0.014773759 0.029478675 0.998764396
1341846330.552099 -0.005066434 -0.075169906 0.127160236 0.038431261 -0.016228303 0.031843245 0.998621881
1341846330.583876 -0.008383298 -0.064660899 0.120509297 0.038331572 -0.016305076 0.032231577 0.998611987
1341846330.619992 -0.017969212 -0.051397759 0.121584453 0.035019707 -0.016753318 0.030735789 0.998773336
1341846330.652136 -0.011814075 -0.061416581 0.121298276 0.027830871 -0.018991116 0.029497424 0.998996794
1341846330.683796 -0.015077155 -0.064490326 0.119783655 0.023180770 -0.018607555 0.028699895 0.999145985
1341846330.719991 -0.020232197 -0.080418065 0.109774061 0.019943641 -0.020559585 0.030100459 0.999136329
1341846330.752103 -0.022258304 -0.085239023 0.107143179 0.021585995 -0.024741443 0.034739587 0.998856902
1341846330.787952 -0.028655294 -0.080428377 0.098790646 0.022596404 -0.028992927 0.038277309 0.998590827
1341846330.819823 -0.023939256 -0.080897987 0.104380503 0.022345539 -0.033921909 0.039167237 0.998406649
1341846330.852208 -0.025260014 -0.071753904 0.097880676 0.022541782 -0.035342470 0.039866395 0.998325288
1341846330.914111 -0.029133949 -0.062539600 0.092802122 0.013547682 -0.038570445 0.039469417 0.998384178
1341846330.949903 -0.031846147 -0.073842213 0.093022063 0.009933987 -0.039578035 0.039559335 0.998383641
1341846330.981986 -0.043752268 -0.072767049 0.087829679 0.010967103 -0.043277469 0.040007457 0.998201489
1341846331.014111 -0.037979703 -0.065241694 0.087274171 0.011003337 -0.047851969 0.040544569 0.997970521
1341846331.082139 -0.037864313 -0.070918895 0.075917177 0.012318054 -0.050820746 0.037871350 0.997913420
1341846331.114334 -0.040606368 -0.067125782 0.076451436 0.012404351 -0.052867305 0.037226494 0.997830331
1341846331.149989 -0.038928021 -0.074995488 0.078988351 0.012289517 -0.053849008 0.035951570 0.997825980
1341846331.181954 -0.043394040 -0.074330963 0.070019171 0.015676394 -0.053689741 0.034981467 0.997821569
1341846331.218151 -0.050913025 -0.060679872 0.066383325 0.016114149 -0.056478251 0.035204273 0.997652829
1341846331.249914 -0.037544783 -0.071135461 0.076054923 0.013297653 -0.059325308 0.034510572 0.997553408
1341846331.318141 -0.032962427 -0.069623619 0.075580701 0.023944169 -0.049631599 0.029679539 0.998039365
1341846331.349926 -0.026870416 -0.066570789 0.070346318 0.023075359 -0.047473576 0.028987169 0.998185098
1341846331.382003 0.001769793 -0.091130756 0.061875649 0.024319567 -0.042878132 0.028626768 0.998373926
1341846331.418008 -0.011442101 -0.083408773 0.063482367 0.031498499 -0.031454071 0.027714448 0.998624265
1341846331.450327 -0.020562302 -0.066297919 0.088318057 0.034541551 -0.026125571 0.028307868 0.998660624
1341846331.486219 -0.030876556 -0.059187107 0.096155107 0.035024747 -0.023261232 0.028264830 0.998715818
1341846331.518344 -0.018489443 -0.062641576 0.097112574 0.033540733 -0.023436628 0.027945569 0.998771667
1341846331.550202 -0.013240835 -0.068880878 0.104945734 0.035639737 -0.018938126 0.026453979 0.998834968
1341846331.586139 -0.022104284 -0.057102654 0.111004546 0.038293894 -0.017089134 0.026763611 0.998761892
1341846331.617931 -0.016915020 -0.053717904 0.118452407 0.037565880 -0.017515922 0.027037844 0.998774767
1341846331.654027 -0.005647891 -0.062173992 0.128850177 0.037506394 -0.015566308 0.027749507 0.998789728
1341846331.686123 -0.014575378 -0.050776299 0.132506937 0.040438756 -0.011997001 0.029658899 0.998669684
1341846331.717954 -0.023294725 -0.041015204 0.137967870 0.037855506 -0.012356391 0.029020943 0.998785257
1341846331.754076 -0.007112438 -0.055513468 0.151213408 0.034665745 -0.013056288 0.028527614 0.998906374
1341846331.785920 -0.009438799 -0.056067158 0.161222994 0.037499633 -0.009764072 0.026908247 0.998886526
1341846331.818053 -0.010201466 -0.043728366 0.171275690 0.038593136 -0.008141303 0.027489349 0.998843610
1341846331.853849 -0.010376530 -0.049867123 0.185129032 0.037162725 -0.007808439 0.026480438 0.998927772
1341846331.885987 -0.001596051 -0.052203119 0.193284497 0.039788533 -0.005813462 0.024844605 0.998882294
1341846331.922014 -0.005660784 -0.044766020 0.204183206 0.042009410 -0.002300091 0.023509458 0.998837948
1341846331.954037 0.001541539 -0.043876458 0.216280207 0.041983575 -0.000179021 0.024463346 0.998818696
1341846331.986135 0.008667514 -0.053586572 0.227526218 0.043840230 0.005122108 0.025805671 0.998692095
1341846332.022364 -0.007109934 -0.056859739 0.244436622 0.050670296 0.011491025 0.024530966 0.998347998
1341846332.054175 -0.011196858 -0.051703811 0.253506333 0.056959201 0.011553422 0.027020453 0.997943938
1341846332.086502 -0.004602638 -0.048904598 0.266535819 0.059753805 0.010938092 0.028899988 0.997734725
1341846332.122051 -0.006903339 -0.043645032 0.279101014 0.061810635 0.012180733 0.028088374 0.997618198
1341846332.153983 -0.010625690 -0.027835831 0.289999336 0.060900752 0.011878269 0.025858836 0.997738063
1341846332.190165 -0.013905306 -0.027491000 0.303655207 0.054572031 0.010589401 0.023431303 0.998178720
1341846332.254145 -0.011675108 -0.048137385 0.336729258 0.053473730 0.010431992 0.021553991 0.998282075
1341846332.289948 -0.014417097 -0.042003438 0.347596943 0.055924069 0.010277755 0.023819169 0.998097897
1341846332.322172 -0.013299953 -0.043849170 0.357732058 0.056480516 0.009731980 0.025815897 0.998022437
1341846332.354003 -0.005568583 -0.051080681 0.361607641 0.058213167 0.011250170 0.023177478 0.997971654
1341846332.390180 -0.007503774 -0.037235275 0.376619518 0.060639448 0.015851460 0.019965811 0.997834146
1341846332.422055 -0.012317349 -0.032774806 0.383363903 0.059084259 0.018584007 0.016757576 0.997939289
1341846332.458114 -0.009493474 -0.040094577 0.390605628 0.057793077 0.020895712 0.012489364 0.998031735
1341846332.489993 -0.016150352 -0.031945776 0.406761229 0.059448656 0.023189083 0.014060915 0.997862935
1341846332.522130 -0.023019131 -0.026079284 0.424939573 0.059422355 0.019746734 0.020123359 0.997834682
1341846332.558114 -0.019628420 -0.030362414 0.427294493 0.059056934 0.014072396 0.026976794 0.997790813
1341846332.589874 -0.009777894 -0.018868800 0.434451789 0.059565216 0.010638434 0.031227142 0.997679114
1341846332.621889 -0.011627025 -0.011351939 0.442294776 0.055815738 0.011034128 0.032345615 0.997855961
1341846332.658202 -0.002444654 -0.019660218 0.455402464 0.051108185 0.010738865 0.032215033 0.998115599
1341846332.690001 -0.003198938 -0.013271220 0.467068523 0.049821865 0.011835467 0.033085350 0.998139799
1341846332.726000 -0.007580590 -0.019777810 0.475119382 0.048285972 0.011496007 0.036854107 0.998087168
1341846332.758386 0.000234818 -0.018511936 0.484664440 0.048878320 0.008026194 0.038683385 0.998023093
1341846332.789937 0.011932852 -0.008492406 0.489844322 0.048847247 0.007890534 0.037372537 0.998075604
1341846332.825925 0.010287732 -0.011838757 0.502213895 0.046268579 0.010840963 0.035659939 0.998233438
1341846332.857898 0.011814938 -0.011969876 0.511120617 0.047030188 0.012181610 0.035305537 0.998194993
1341846332.894069 0.010987254 0.002833091 0.523134470 0.048174955 0.012391386 0.034603141 0.998162448
1341846332.926029 0.017674493 0.004417874 0.528237462 0.044389140 0.012074875 0.032953389 0.998397648
1341846332.958015 0.023698460 0.006208099 0.540819943 0.041268777 0.013949293 0.030395927 0.998588204
1341846332.994073 0.022654705 0.008623905 0.546999037 0.038472507 0.015588656 0.028576747 0.998729289
1341846333.026545 0.028383087 0.009818718 0.551497102 0.036073614 0.016246840 0.026292341 0.998871088
1341846333.057998 0.035881437 0.009649642 0.556446791 0.035060119 0.017878069 0.027866263 0.998836637
1341846333.094024 0.038175169 0.010714021 0.568175912 0.035579801 0.019305442 0.031178709 0.998693764
1341846333.126095 0.042290837 0.012225628 0.572443247 0.035734683 0.020950664 0.032843318 0.998601735
1341846333.161973 0.045090377 0.021192648 0.578571379 0.035377495 0.023727298 0.034130424 0.998509169
1341846333.195660 0.044731066 0.020196944 0.587558925 0.032599136 0.025988288 0.036074918 0.998479068
1341846333.226331 0.044140957 0.021345638 0.590728045 0.031237537 0.027112819 0.035074890 0.998528361
1341846333.262056 0.049431290 0.028958213 0.597560108 0.028627798 0.026726298 0.033722818 0.998663545
1341846333.294147 0.047994137 0.024411662 0.600285232 0.024529153 0.026943907 0.032963168 0.998792171
1341846333.326100 0.053093962 0.028069716 0.604694426 0.023371309 0.025089543 0.031701244 0.998909056
1341846333.362100 0.054710992 0.034356453 0.604142487 0.020759646 0.024441568 0.030064465 0.999033391
1341846333.394119 0.053723115 0.024220727 0.607971668 0.016096918 0.023641098 0.030010808 0.999140263
1341846333.429974 0.059645467 0.032215789 0.613701046 0.016617041 0.020969067 0.029435424 0.999208510
1341846333.462115 0.065755785 0.029053740 0.625377476 0.016007243 0.020204391 0.028565407 0.999259531
1341846333.494040 0.057849392 0.027632060 0.624967277 0.016610153 0.022731429 0.026976729 0.999239504
1341846333.529953 0.072316617 0.030741496 0.627518833 0.018121691 0.021656659 0.027071515 0.999234557
1341846333.562063 0.070301250 0.034541007 0.629887462 0.019313432 0.024138136 0.028353101 0.999119818
1341846333.594090 0.063424632 0.041575488 0.630814850 0.018871460 0.024308264 0.029410150 0.999093592
1341846333.629994 0.062233672 0.042773299 0.632290840 0.015357752 0.021900536 0.028301647 0.999241471
1341846333.662127 0.061791837 0.042196136 0.627025008 0.012148469 0.020964189 0.027487183 0.999328434
1341846333.697964 0.064578258 0.035863861 0.629287779 0.009815995 0.020614756 0.028537640 0.999331951
1341846333.730092 0.063775487 0.033626191 0.624976754 0.012092284 0.020964567 0.029476842 0.999272406
1341846333.762089 0.063946873 0.035414658 0.621493936 0.013907720 0.021644456 0.030901296 0.999191284
1341846333.798006 0.061960936 0.032403968 0.617233276 0.014959007 0.022340322 0.030596597 0.999170125
1341846333.830055 0.062522829 0.029301571 0.610764444 0.017139982 0.023482097 0.028816130 0.999161839
1341846333.866045 0.058690801 0.035624236 0.607186437 0.019170359 0.025074642 0.027437737 0.999125063
1341846333.897987 0.057100516 0.029761333 0.602516830 0.020242643 0.025248382 0.026388211 0.999127805
1341846333.930099 0.057894260 0.027732128 0.597946882 0.023126937 0.025833685 0.024776381 0.999091566
1341846333.965889 0.055209123 0.030482039 0.593002796 0.025876870 0.026987433 0.024726456 0.998994827
1341846333.997985 0.057556853 0.025056820 0.585178316 0.027849376 0.027323674 0.024154687 0.998946607
1341846334.030076 0.049173251 0.024958316 0.577600718 0.030899053 0.029803438 0.025019834 0.998764753
1341846334.066000 0.045965455 0.022892758 0.574260592 0.032484833 0.029443476 0.026777316 0.998679519
1341846334.097932 0.047529187 0.022087663 0.564792514 0.034297943 0.029155491 0.026348896 0.998638749
1341846334.133884 0.045678869 0.022667427 0.559579849 0.035935525 0.030065048 0.026515873 0.998549759
1341846334.166115 0.036638416 0.021289218 0.553974509 0.036116324 0.029745912 0.027533881 0.998525262
1341846334.198072 0.036623053 0.022426080 0.545353591 0.036817830 0.027828325 0.026793217 0.998575032
1341846334.234097 0.037392538 0.024588853 0.540049374 0.037466012 0.028030725 0.025295172 0.998584390
1341846334.266045 0.028929129 0.017345365 0.531265736 0.036545567 0.030480646 0.026264958 0.998521626
1341846334.297946 0.019729011 0.015638489 0.525822699 0.037502959 0.029686261 0.027666021 0.998472214
1341846334.334036 0.016209606 0.017366018 0.521219969 0.038108028 0.028342983 0.027673976 0.998488128
1341846334.365871 0.019220453 0.021134447 0.510164797 0.038095992 0.027770672 0.026422961 0.998538554
1341846334.401845 0.016736243 0.019801252 0.504224896 0.036546923 0.028635403 0.025397146 0.998598695
1341846334.433864 0.009752370 0.014826018 0.495408684 0.036225338 0.028104441 0.026276331 0.998602748
1341846334.466105 0.009013250 0.017116353 0.489121765 0.037148457 0.026365850 0.026589150 0.998607934
1341846334.502142 0.003413340 0.018803790 0.479619026 0.035952631 0.025499057 0.027391193 0.998652577
1341846334.540153 0.002155785 0.018129990 0.473194689 0.035582792 0.024003806 0.026413618 0.998729169
1341846334.602351 -0.009147374 0.025885003 0.457498878 0.031563539 0.020814650 0.019122209 0.999101996
1341846334.670161 -0.012569968 0.017774099 0.444271684 0.025762649 0.018052686 0.012489331 0.999427021
1341846334.702085 -0.019137789 0.014506156 0.435160816 0.024358388 0.016189845 0.012459627 0.999494493
1341846334.734751 -0.019933203 0.015060104 0.426272511 0.024732944 0.013622500 0.014130857 0.999501407
1341846334.770889 -0.026537202 0.015506912 0.417525679 0.024832726 0.012506174 0.017035471 0.999468207
1341846334.802194 -0.032172840 0.014308820 0.407256186 0.024241328 0.010197421 0.017681336 0.999497771
1341846334.833908 -0.029961277 0.016296178 0.394772053 0.023879897 0.008329396 0.016164288 0.999549448
1341846334.869874 -0.033335470 0.018843904 0.386064112 0.022552954 0.007946919 0.016286939 0.999581397
1341846334.902006 -0.038559824 0.014241729 0.375778526 0.020508403 0.006575077 0.016646607 0.999629438
1341846334.938010 -0.040956359 0.013972734 0.365473717 0.019926639 0.003440614 0.016458273 0.999660015
1341846334.970032 -0.037952147 0.013405369 0.359186172 0.020051766 0.002256300 0.015125910 0.999681950
1341846335.002203 -0.044071048 0.007152040 0.350821227 0.021052962 0.003073066 0.016670614 0.999634624
1341846335.037880 -0.050582219 0.008915585 0.333649367 0.023738643 0.000298555 0.018789822 0.999541521
1341846335.069990 -0.049196340 0.013662813 0.328933060 0.024368418 -0.002936900 0.018924771 0.999519587
1341846335.106038 -0.043735687 0.010910273 0.316770613 0.024306146 -0.002280783 0.017554706 0.999547839
1341846335.138045 -0.052330405 0.005963184 0.311113179 0.025624203 -0.000682600 0.016740296 0.999531269
1341846335.169900 -0.057763111 0.012034152 0.292529732 0.026343772 -0.002976716 0.016861169 0.999506295
1341846335.206091 -0.054928541 0.011365036 0.276792556 0.025402095 -0.004998832 0.014172501 0.999564350
1341846335.239365 -0.051075164 0.008475871 0.277624756 0.025665956 -0.004509709 0.011478419 0.999594510
1341846335.269948 -0.053111874 0.006865005 0.265488535 0.027114250 -0.003304996 0.010691702 0.999569714
1341846335.305972 -0.061194465 0.006696912 0.257566243 0.029115250 -0.004385143 0.011182866 0.999503911
1341846335.338012 -0.057538535 0.004099235 0.249172121 0.030257571 -0.006108852 0.012939690 0.999439716
1341846335.374005 -0.053419422 -0.003633859 0.237509161 0.033902403 -0.004570448 0.013323446 0.999325871
1341846335.406025 -0.057831522 0.000969594 0.227229282 0.041304462 -0.001677645 0.015156965 0.999030232
1341846335.438079 -0.059364561 0.005000757 0.216444775 0.046500236 -0.001011872 0.018900368 0.998738945
1341846335.473998 -0.057443574 0.008209292 0.204668164 0.048706312 0.000415304 0.020160722 0.998609602
1341846335.507038 -0.058901593 0.014187982 0.194540769 0.050156172 0.003153133 0.017999602 0.998574197
1341846335.538040 -0.065471545 0.018621061 0.186824307 0.049600545 0.005921891 0.015857680 0.998625696
1341846335.574119 -0.069996238 0.022194874 0.179692715 0.047317609 0.005818366 0.016388193 0.998728514
1341846335.605970 -0.069841206 0.016163543 0.169428796 0.045597363 0.004952888 0.015398327 0.998828948
1341846335.641978 -0.065702915 0.015979951 0.156475559 0.046468176 0.005766865 0.013322406 0.998814285
1341846335.673993 -0.073791750 0.017863818 0.136713356 0.046165708 0.007280975 0.013252559 0.998819351
1341846335.706178 -0.076425545 0.015777931 0.127524108 0.045340881 0.005813385 0.014098180 0.998855174
1341846335.741982 -0.072154984 0.013687851 0.114076510 0.045655437 0.005285720 0.013576356 0.998851001
1341846335.773960 -0.078676984 0.020707041 0.113478877 0.046385806 0.006102297 0.012983856 0.998820543
1341846335.806271 -0.081107542 0.026138533 0.106208131 0.044839174 0.005463484 0.013041100 0.998894155
1341846335.842031 -0.073937759 0.019135453 0.092693470 0.042144019 0.005651812 0.013334935 0.999006569
1341846335.873966 -0.075553089 0.020659208 0.085653074 0.043431513 0.007305497 0.012127421 0.998956084
1341846335.910005 -0.084622070 0.024962390 0.070990175 0.043031070 0.007759046 0.014142059 0.998943508
1341846335.941936 -0.087992460 0.024638366 0.061189629 0.041955590 0.005945237 0.015006362 0.998989105
1341846335.974198 -0.086304650 0.022874543 0.052548036 0.041804764 0.004838211 0.012658862 0.999033868
1341846336.010032 -0.087442346 0.026043149 0.038249314 0.041615099 0.004799445 0.011743632 0.999053180
1341846336.042129 -0.096367516 0.024700997 0.026895776 0.040612105 0.003983002 0.012174213 0.999092877
1341846336.078076 -0.096997902 0.020196225 0.019480761 0.040322579 0.002033401 0.011113103 0.999122858
1341846336.110739 -0.096682943 0.024627732 0.010292625 0.041193541 0.001784115 0.009903298 0.999100506
1341846336.142002 -0.101695478 0.023838127 0.001268480 0.040794779 0.001888077 0.011043825 0.999104738
1341846336.183953 -0.107369095 0.026138294 -0.012588894 0.040599976 -0.000356964 0.011487751 0.999109387
1341846336.241891 -0.105129287 0.028228732 -0.017168213 0.038859330 -0.001545351 0.011177463 0.999180973
1341846336.277946 -0.113705717 0.020649364 -0.027225513 0.038689502 -0.000779955 0.013288378 0.999162614
1341846336.309977 -0.117600374 0.021239977 -0.036779504 0.041483924 -0.003143808 0.016156042 0.999003649
1341846336.346143 -0.118398696 0.028299160 -0.040959127 0.043734219 -0.004536413 0.016997723 0.998888373
1341846336.377975 -0.116771318 0.026991459 -0.049876690 0.044520322 -0.004478536 0.016230252 0.998866558
1341846336.410032 -0.119703725 0.029370077 -0.066447370 0.045431048 -0.003645111 0.016453873 0.998825312
1341846336.446041 -0.122938871 0.034170665 -0.076037437 0.045227211 -0.004094565 0.016382294 0.998834014
1341846336.477990 -0.122888394 0.032089069 -0.080526367 0.044008277 -0.004239278 0.016234927 0.998890221
1341846336.510056 -0.123409003 0.031895705 -0.083380990 0.044396043 -0.003762707 0.016968546 0.998862803
1341846336.546024 -0.126878157 0.031444367 -0.090382993 0.045339067 -0.003484887 0.018577809 0.998792827
1341846336.578003 -0.130006805 0.037750933 -0.100342296 0.045366511 -0.003655143 0.020138841 0.998760700
1341846336.614020 -0.125088513 0.036686778 -0.101933949 0.044495847 -0.003496147 0.019690655 0.998809397
1341846336.645982 -0.131689191 0.040492088 -0.111362189 0.043575291 -0.001754706 0.018731356 0.998872995
1341846336.678036 -0.139039963 0.038552947 -0.115539223 0.041827604 -0.003353213 0.019388935 0.998931050
1341846336.714024 -0.139159292 0.029951727 -0.114025585 0.042862054 -0.005734762 0.019180553 0.998880386
1341846336.746016 -0.144973487 0.028010488 -0.124987885 0.046505269 -0.007432049 0.020892214 0.998671889
1341846336.778014 -0.149978593 0.036224984 -0.141545817 0.049674485 -0.011029592 0.024205366 0.998411179
1341846336.820006 -0.149616733 0.039294291 -0.141797677 0.050249308 -0.015030527 0.026680350 0.998267114
1341846336.882056 -0.155381128 0.038170032 -0.151312813 0.052908219 -0.016765606 0.025101515 0.998143077
1341846336.914273 -0.156038061 0.031699456 -0.158343539 0.054756533 -0.021414524 0.027444277 0.997892737
1341846336.945998 -0.156749949 0.027467206 -0.161697283 0.060699128 -0.027907034 0.029866828 0.997318804
1341846336.981980 -0.156708136 0.048350804 -0.181478113 0.065050565 -0.031791396 0.027783740 0.996988356
1341846337.014238 -0.161822215 0.055914178 -0.174423084 0.062678859 -0.034250069 0.025251888 0.997126162
1341846337.046017 -0.155243218 0.050242126 -0.171638936 0.060039714 -0.036056627 0.021417921 0.997314632
1341846337.082104 -0.161947295 0.050575100 -0.181260586 0.059264217 -0.036017455 0.018081177 0.997428477
1341846337.114317 -0.164551005 0.049558673 -0.183101207 0.057432815 -0.038274214 0.017899070 0.997454882
1341846337.150037 -0.161594078 0.049641840 -0.182586059 0.055836223 -0.040263008 0.016339077 0.997493982
1341846337.181873 -0.155347914 0.048467964 -0.184254974 0.055222381 -0.040513478 0.013488444 0.997560620
1341846337.214073 -0.161423042 0.057992905 -0.190177858 0.053443033 -0.038519055 0.011073206 0.997766256
1341846337.250087 -0.174908862 0.044324670 -0.196480125 0.050054684 -0.039215945 0.012129920 0.997902572
1341846337.282028 -0.170602366 0.043878645 -0.198166102 0.051167302 -0.043826338 0.016008414 0.997599542
1341846337.317920 -0.159212828 0.047940418 -0.199569449 0.051073123 -0.046050403 0.016617075 0.997494221
1341846337.350018 -0.166857094 0.055871315 -0.205692291 0.049943507 -0.044700012 0.015765850 0.997626722
1341846337.382159 -0.161291614 0.048277300 -0.199927494 0.046809681 -0.044949986 0.014214657 0.997790754
1341846337.417941 -0.167932808 0.042943865 -0.203638092 0.047490843 -0.043889169 0.014504469 0.997801542
1341846337.450137 -0.167287096 0.047428355 -0.217572570 0.047993310 -0.045767151 0.015810542 0.997673273
1341846337.482096 -0.165051773 0.045373343 -0.209972575 0.046463814 -0.046197832 0.016577054 0.997713447
1341846337.518008 -0.166239306 0.042376988 -0.211587459 0.047329783 -0.046601973 0.016648445 0.997652709
1341846337.549978 -0.167674676 0.051385082 -0.221537471 0.047985867 -0.047148801 0.014767784 0.997625291
1341846337.585971 -0.167182297 0.046849567 -0.215943739 0.045048952 -0.047574297 0.013757611 0.997756481
1341846337.617903 -0.162184626 0.033430617 -0.209938258 0.045521185 -0.048664484 0.014477545 0.997672260
1341846337.650141 -0.163792372 0.046346560 -0.216362134 0.048839632 -0.048654050 0.013692392 0.997526944
1341846337.686352 -0.162992209 0.050121173 -0.218081772 0.047029167 -0.048607633 0.014284552 0.997607887
1341846337.718002 -0.160314023 0.046486072 -0.209937558 0.045070015 -0.048211254 0.014135025 0.997719705
1341846337.749920 -0.156706974 0.052018464 -0.205647841 0.045147151 -0.046438213 0.013387715 0.997810602
1341846337.786157 -0.155661821 0.057517417 -0.204734504 0.042211104 -0.043787245 0.014007905 0.998050451
1341846337.817945 -0.153937340 0.053194489 -0.194680259 0.039702620 -0.041756846 0.015097382 0.998224497
1341846337.854071 -0.153330833 0.055827923 -0.197218716 0.038554754 -0.038372222 0.014304692 0.998417020
1341846337.885951 -0.153864875 0.063172199 -0.194720626 0.035761487 -0.035989165 0.012760349 0.998630583
1341846337.918223 -0.152968571 0.062729612 -0.182729363 0.031556088 -0.034759302 0.010085828 0.998846471
1341846337.954120 -0.151235580 0.057890713 -0.179224521 0.028959453 -0.033414006 0.009792426 0.998973966
1341846337.985994 -0.150447175 0.066533521 -0.172443271 0.026713723 -0.032590020 0.009817294 0.999063492
1341846338.018107 -0.146889523 0.061424788 -0.163699821 0.023028677 -0.031146612 0.010878246 0.999190271
1341846338.054055 -0.144779116 0.065754995 -0.158281460 0.020952150 -0.029731419 0.010170777 0.999286592
1341846338.085986 -0.139880702 0.060799643 -0.148150831 0.017130887 -0.026989304 0.009897358 0.999439895
1341846338.121875 -0.141749069 0.060219578 -0.140801281 0.015206795 -0.024459394 0.011481473 0.999519229
1341846338.154089 -0.147849217 0.060774721 -0.138413221 0.014413116 -0.023265768 0.014347502 0.999522448
1341846338.186029 -0.139170438 0.060608432 -0.126289666 0.013234056 -0.024452064 0.017385505 0.999462187
1341846338.222071 -0.134175256 0.065922230 -0.121100381 0.012205155 -0.023518780 0.016458746 0.999513388
1341846338.254107 -0.134595931 0.062475309 -0.107672162 0.010321809 -0.021541046 0.017235491 0.999566078
1341846338.290130 -0.134147167 0.060117878 -0.098142073 0.010603215 -0.021501541 0.018797452 0.999535859
1341846338.321952 -0.130774364 0.064917646 -0.090950742 0.010917300 -0.020852312 0.020905126 0.999504328
1341846338.354022 -0.129618272 0.062694579 -0.080627777 0.010218152 -0.020307342 0.021029456 0.999520361
1341846338.389969 -0.128968805 0.069640554 -0.071699746 0.010165523 -0.019384312 0.021592237 0.999527276
1341846338.422377 -0.129209697 0.066176474 -0.061163496 0.007968636 -0.018907320 0.021790886 0.999551952
1341846338.454010 -0.127505764 0.070550121 -0.054804552 0.007389978 -0.019395730 0.020675978 0.999570787
1341846338.489894 -0.123721607 0.066587642 -0.041970655 0.005236392 -0.020127751 0.021370720 0.999555290
1341846338.522066 -0.121963918 0.064970106 -0.032947164 0.006022137 -0.019859707 0.021019163 0.999563634
1341846338.558058 -0.122339584 0.074736632 -0.025614535 0.005986484 -0.019776655 0.019958006 0.999587297
1341846338.589842 -0.119429506 0.074961536 -0.012989956 0.004002629 -0.020113654 0.019617176 0.999597251
1341846338.622019 -0.113542594 0.070527263 0.002167632 0.004512651 -0.019467961 0.021186797 0.999575794
1341846338.657984 -0.114470035 0.075055197 0.003573924 0.004779069 -0.019613551 0.023220140 0.999526560
1341846338.690198 -0.110426188 0.079744071 0.016538735 0.003198017 -0.020567898 0.022614105 0.999527574
1341846338.722454 -0.103445023 0.072922744 0.031131901 0.002033817 -0.019910088 0.022982324 0.999535501
1341846338.757945 -0.111970991 0.079863325 0.030775322 0.002500186 -0.019115258 0.024281284 0.999519229
1341846338.790039 -0.108645998 0.077866465 0.043768488 0.000229241 -0.021502107 0.025067585 0.999454439
1341846338.826048 -0.095527686 0.075414591 0.063149497 0.000514411 -0.021638298 0.024020471 0.999477148
1341846338.858027 -0.101282053 0.083692871 0.066979162 0.000995373 -0.019453583 0.022763764 0.999551117
1341846338.889902 -0.100172766 0.082146779 0.078722619 -0.001783880 -0.020408902 0.022340164 0.999540508
1341846338.925948 -0.090796754 0.081400678 0.094767720 -0.002235208 -0.020529337 0.020741791 0.999571562
1341846338.958108 -0.091883995 0.082168944 0.102099165 -0.001973921 -0.018147603 0.019512499 0.999642909
1341846338.990057 -0.091579184 0.077271365 0.109756812 -0.002168323 -0.017983641 0.020342739 0.999628961
1341846339.025928 -0.081915691 0.076394781 0.128501222 -0.000264881 -0.018083604 0.021542190 0.999604285
1341846339.057939 -0.084771462 0.083950609 0.132858798 0.003263633 -0.014844992 0.020556951 0.999673128
1341846339.093927 -0.089439556 0.090878874 0.137512445 0.002408488 -0.015033801 0.021541793 0.999651968
1341846339.126562 -0.080650806 0.095039435 0.146381363 -0.000456557 -0.016626349 0.020548105 0.999650478
1341846339.157969 -0.073430955 0.094129086 0.163707420 -0.003009916 -0.014523336 0.018471809 0.999719322
1341846339.194113 -0.079886928 0.096989825 0.169556707 -0.004719603 -0.012744788 0.019690948 0.999713719
1341846339.228165 -0.077380434 0.102218218 0.177008048 -0.007968240 -0.014822595 0.021865856 0.999619246
1341846339.257998 -0.063133597 0.099228278 0.198179081 -0.010963880 -0.015480709 0.022767145 0.999560833
1341846339.294132 -0.067245379 0.102550797 0.203422666 -0.010717874 -0.012409192 0.023675548 0.999585211
1341846339.326577 -0.070646279 0.108030528 0.202429652 -0.014376290 -0.014008307 0.027183542 0.999428928
1341846339.362269 -0.058113024 0.106712058 0.223616630 -0.018743021 -0.017393889 0.025088098 0.999358177
1341846339.394725 -0.054352779 0.107609674 0.229803130 -0.019347418 -0.015328385 0.023974881 0.999407768
1341846339.462186 -0.048546303 0.104499467 0.249734953 -0.023480918 -0.016638441 0.024482474 0.999285936
1341846339.496743 -0.038378127 0.103125274 0.262077749 -0.020748593 -0.013570325 0.022317272 0.999443471
1341846339.562052 -0.040224962 0.101683393 0.278647065 -0.019641656 -0.010045695 0.024296749 0.999461353
1341846339.595122 -0.030341579 0.103958823 0.289001316 -0.017399393 -0.010067145 0.024080815 0.999507904
1341846339.632085 -0.030304996 0.110710368 0.294394135 -0.015166511 -0.006027526 0.020826442 0.999649882
1341846339.664568 -0.027425192 0.109406725 0.305553675 -0.015089070 -0.003502392 0.019112585 0.999697328
1341846339.698896 -0.025310658 0.104404852 0.311684817 -0.015949443 -0.002454728 0.018450063 0.999699533
1341846339.731977 -0.025136841 0.105012774 0.318770587 -0.015428363 -0.001852794 0.016401436 0.999744713
1341846339.762241 -0.018607216 0.102274016 0.330148250 -0.015436986 -0.001235300 0.016761711 0.999739587
1341846339.797873 -0.017207110 0.101838864 0.336476296 -0.015467195 -0.000651164 0.017900635 0.999719918
1341846339.830245 -0.012969745 0.100619279 0.343553275 -0.015820693 -0.001466462 0.018271385 0.999706805
1341846339.862015 -0.009506891 0.100984380 0.349935204 -0.016340576 -0.001402392 0.017914910 0.999705017
1341846339.897797 -0.003088531 0.101075359 0.359710008 -0.017204732 -0.000855164 0.017408419 0.999700069
1341846339.929916 -0.004128854 0.094376974 0.364371866 -0.018328328 0.000690954 0.019392299 0.999643683
1341846339.961960 -0.001569908 0.093788780 0.373182148 -0.016877435 -0.000114409 0.020222368 0.999653041
1341846339.997845 0.005708877 0.095378809 0.377178729 -0.015269604 0.000552510 0.019967159 0.999683857
1341846340.029925 0.006605227 0.094305113 0.384565711 -0.014439613 0.003066262 0.021012833 0.999670208
1341846340.066044 0.009501523 0.092162520 0.389515936 -0.012719318 0.004232205 0.022647250 0.999653637
1341846340.098009 0.010260532 0.095215432 0.392571241 -0.011541888 0.004821462 0.023430606 0.999647200
1341846340.130102 0.013641761 0.093987316 0.398910969 -0.012431247 0.004532679 0.022400502 0.999661505
1341846340.166041 0.020551078 0.091703840 0.404521227 -0.011666100 0.006306126 0.020573920 0.999700367
1341846340.197867 0.017824613 0.093160287 0.412355661 -0.010384923 0.009242789 0.020372787 0.999695778
1341846340.229904 0.017311774 0.097671211 0.423195481 -0.011046444 0.009140351 0.020046417 0.999696255
1341846340.265859 0.023489397 0.094407827 0.427323759 -0.012025421 0.009745042 0.019720700 0.999685705
1341846340.298061 0.026297193 0.094010025 0.435528010 -0.010071892 0.012014342 0.020255614 0.999671876
1341846340.334063 0.022766670 0.096554011 0.440386146 -0.010990120 0.011699231 0.021804240 0.999633372
1341846340.366064 0.030998714 0.093327940 0.447384596 -0.012724696 0.008924228 0.021068946 0.999657214
1341846340.397995 0.034314346 0.092189968 0.452446282 -0.010960240 0.009433820 0.020755138 0.999679983
1341846340.433895 0.032532286 0.096024051 0.457679838 -0.009745258 0.009538960 0.021870101 0.999667823
1341846340.465959 0.033461101 0.093366511 0.462596476 -0.009553093 0.007141150 0.023910493 0.999642968
1341846340.501858 0.041905988 0.092052005 0.459406227 -0.009020130 0.002830189 0.024046414 0.999666154
1341846340.534329 0.045478590 0.093827665 0.459508181 -0.008343012 0.001389065 0.023734121 0.999682546
1341846340.566041 0.049516261 0.091086216 0.464712888 -0.007150046 0.000275559 0.024109345 0.999683738
1341846340.601909 0.052782774 0.091482081 0.459822178 -0.004600819 -0.000244355 0.024872003 0.999679983
1341846340.634005 0.055698857 0.094712533 0.456232637 -0.003677197 -0.000894267 0.023403997 0.999718904
1341846340.666028 0.060958333 0.092760742 0.454027832 -0.004092816 -0.000869379 0.021533120 0.999759376
1341846340.701946 0.064073488 0.088865012 0.451854140 -0.002552299 0.000327480 0.019620117 0.999804199
1341846340.733954 0.067452058 0.092969447 0.446092367 -0.001197771 0.001852819 0.017596690 0.999842703
1341846340.770081 0.066630974 0.094088078 0.445426226 -0.001784020 0.002506177 0.015092793 0.999881387
1341846340.801980 0.071314968 0.092532210 0.443534017 -0.001870657 0.003038548 0.010130022 0.999942303
1341846340.833999 0.071280695 0.096686795 0.440940827 -0.001672979 0.005538024 0.005979281 0.999965370
1341846340.870013 0.069698781 0.094773084 0.445296049 -0.003238700 0.005531739 0.004278053 0.999970317
1341846340.901955 0.072638042 0.091593854 0.443368196 -0.002514387 0.005043803 0.003824999 0.999976814
1341846340.933918 0.068446316 0.091171890 0.443502516 -0.000620681 0.004868418 0.006615911 0.999966025
1341846340.970122 0.068574481 0.094203062 0.437239081 0.000955448 0.001923748 0.011594212 0.999930501
1341846341.001922 0.067728572 0.089755379 0.434408516 0.001872057 -0.001853301 0.016673565 0.999857485
1341846341.037923 0.072385676 0.091642790 0.431553900 0.003154744 -0.004955827 0.019620543 0.999790251
1341846341.070300 0.071365789 0.091721088 0.427297622 0.003631872 -0.005622110 0.019528711 0.999786913
1341846341.102028 0.066354163 0.091476388 0.426348031 0.003687975 -0.006328147 0.019180106 0.999789238
1341846341.137982 0.069170699 0.089895651 0.419428259 0.003476535 -0.008501238 0.019714354 0.999763489
1341846341.170048 0.071477532 0.089066893 0.423213065 0.004070116 -0.009242510 0.020572154 0.999737382
1341846341.202110 0.070346832 0.087323703 0.418952703 0.005348602 -0.009327281 0.022309784 0.999693274
1341846341.237996 0.072305605 0.088442013 0.415344417 0.007173129 -0.009465587 0.023120096 0.999662161
1341846341.269883 0.069467582 0.087754577 0.414883405 0.008280555 -0.008541979 0.023241138 0.999659121
1341846341.306107 0.067232169 0.088349491 0.412951499 0.009032731 -0.008879767 0.022305813 0.999670923
1341846341.338109 0.070143439 0.088657670 0.408797562 0.009855115 -0.008729883 0.020239865 0.999708474
1341846341.370120 0.070859060 0.089424469 0.408373207 0.010480806 -0.007615827 0.017752510 0.999758482
1341846341.406074 0.065412551 0.088743255 0.407234848 0.010430044 -0.006639362 0.017086998 0.999777555
1341846341.438113 0.063527443 0.081571028 0.408805668 0.010903976 -0.008241237 0.017064270 0.999760985
1341846341.470024 0.068832524 0.083488055 0.402817369 0.013821872 -0.009001547 0.015773978 0.999739528
1341846341.506077 0.066148914 0.091084927 0.403808862 0.014497079 -0.007995946 0.014657022 0.999755502
1341846341.538156 0.061694659 0.085743085 0.402091771 0.012891830 -0.009246835 0.015041036 0.999761045
1341846341.574016 0.067124918 0.085800432 0.401019692 0.013866417 -0.012177640 0.015961682 0.999702275
1341846341.612466 0.064190418 0.089377746 0.399206758 0.014815565 -0.012352224 0.016390009 0.999679565
1341846341.643972 0.060674712 0.091357693 0.397950739 0.014126198 -0.013387248 0.015607365 0.999688745
1341846341.679982 0.058874033 0.087192275 0.395650476 0.013381251 -0.014538875 0.015792370 0.999680042
1341846341.712332 0.055510886 0.088471845 0.394039780 0.014416097 -0.016435929 0.018427564 0.999591112
1341846341.744185 0.059255101 0.088102512 0.390874088 0.014645550 -0.018853715 0.020892972 0.999496639
1341846341.780061 0.058562726 0.090067692 0.388445735 0.015357538 -0.019429585 0.022136191 0.999448180
1341846341.842595 0.063785687 0.084011227 0.386174977 0.017137686 -0.020693764 0.027246036 0.999267578
1341846341.906227 0.063783146 0.080504611 0.383754373 0.020283338 -0.021245450 0.032023299 0.999055445
1341846341.942069 0.065422922 0.077222437 0.382209718 0.023497414 -0.021563802 0.033889409 0.998916566
1341846341.974775 0.064672261 0.077433504 0.380723655 0.026751682 -0.021713076 0.035633110 0.998770833
1341846342.010161 0.060497329 0.078348756 0.375282139 0.027323654 -0.022522191 0.037539266 0.998667598
1341846342.042024 0.069395334 0.073391445 0.374945819 0.028756717 -0.024081014 0.037653461 0.998586655
1341846342.080032 0.070720613 0.075554237 0.370098293 0.031014755 -0.021759523 0.037813447 0.998566329
1341846342.112265 0.064264007 0.071595222 0.367504358 0.030813618 -0.020274222 0.039306559 0.998546183
1341846342.147954 0.067269906 0.064627916 0.367031902 0.032379411 -0.021803759 0.041910432 0.998358488
1341846342.179852 0.072356261 0.068445101 0.362474591 0.035772029 -0.021871101 0.043459117 0.998174965
1341846342.211848 0.070371270 0.069736600 0.362017304 0.036542900 -0.020913372 0.043038588 0.998185813
1341846342.247920 0.071762823 0.068230197 0.360359877 0.037397638 -0.020942586 0.042023662 0.998196781
1341846342.279870 0.070975706 0.067175165 0.363606274 0.039063815 -0.020363247 0.042072006 0.998142898
1341846342.316068 0.074184164 0.065750182 0.358873576 0.039928056 -0.020619573 0.043877989 0.998025715
1341846342.347894 0.074296884 0.070160091 0.361163884 0.040880881 -0.020653376 0.043457385 0.998004794
1341846342.379953 0.073802181 0.067125112 0.358368963 0.040642727 -0.019752685 0.043329850 0.998038352
1341846342.416195 0.071585417 0.069505930 0.361201763 0.041613501 -0.019315312 0.043965686 0.997979105
