1341846313.592026 0.000000000 0.000000000 0.000000000 0.000000000 0.000000000 0.000000000 1.000000000
1341846313.654184 0.000000014 0.001248557 0.001126182 -0.000763951 -0.002545825 0.003064391 0.999991715
1341846313.686156 0.012747673 0.000567196 0.007266587 0.000187844 -0.005438420 0.003901703 0.999977589
1341846313.721918 0.016899949 0.006863558 0.005578827 0.000983466 -0.006127070 0.004503791 0.999970615
1341846313.753994 0.027331306 0.003953807 0.002558850 0.000054859 -0.007387454 0.006063718 0.999954283
1341846313.789969 0.035638548 0.001871005 0.001243311 0.000897552 -0.008367001 0.004751986 0.999953270
1341846313.822075 0.052471589 0.007487950 0.003341161 0.001058785 -0.008665982 0.005822465 0.999944925
1341846313.853928 0.052505728 0.009906760 0.015335832 0.000903903 -0.005780291 0.003237413 0.999977648
1341846313.890011 0.056093857 0.011319268 0.000497413 0.000751462 -0.003806452 0.002750744 0.999988675
1341846313.922055 0.061423544 0.014619743 0.003862287 -0.001082395 -0.003759320 0.003809044 0.999985099
1341846313.957927 0.097381018 0.019749330 0.009356836 -0.002872720 -0.002629148 0.005916531 0.999974906
1341846313.990058 0.085143186 0.018345194 0.019991826 -0.004153897 0.006445526 0.006513386 0.999949396
1341846314.022042 0.092638068 0.024509802 -0.008849395 -0.005829710 0.007334698 0.008035881 0.999923825
1341846314.057816 0.092467606 0.021981059 0.016597012 -0.009581995 0.010814081 0.007307669 0.999868929
1341846314.089801 0.091783747 0.024676191 0.038337350 -0.008427421 0.017585400 0.005049420 0.999797106
1341846314.122037 0.114013918 0.026815005 0.004868885 -0.009134083 0.018003955 0.012804400 0.999714196
1341846314.157989 0.110148191 0.027702097 0.016017210 -0.011101436 0.022361351 0.012076997 0.999615371
1341846314.190094 0.112652257 0.027823273 0.027003219 -0.010868986 0.026956303 0.012467947 0.999499738
1341846314.225969 0.132030234 0.026371257 0.003878236 -0.013985971 0.026569214 0.017485077 0.999396205
1341846314.257923 0.136122182 0.018180294 0.014519315 -0.016893702 0.028783238 0.017695999 0.999286234
1341846314.290052 0.135155275 0.022158412 0.018194467 -0.014857654 0.030860623 0.015197725 0.999297678
1341846314.325981 0.146090493 0.032294586 0.012349034 -0.014723433 0.030941373 0.015865695 0.999286771
1341846314.357905 0.151293576 0.037222508 0.028437417 -0.014590940 0.034094732 0.013002333 0.999227464
1341846314.389899 0.148354024 0.037579067 0.032473635 -0.012995582 0.038002852 0.011627866 0.999125421
1341846314.427905 0.156033695 0.041324455 0.021985326 -0.012761764 0.039487254 0.011639114 0.999070764
1341846314.493987 0.183828160 0.022246730 0.009442966 -0.013971894 0.046562869 0.005703649 0.998801351
1341846314.526085 0.179735675 0.024748560 -0.005224016 -0.013536539 0.049806062 0.002299261 0.998664498
1341846314.558292 0.186927497 0.023600256 0.006409654 -0.015029444 0.052520886 0.002896300 0.998502493
1341846314.594085 0.199784353 0.023259930 0.005192690 -0.013472074 0.056240842 0.002690003 0.998322725
1341846314.626096 0.198417336 0.029854430 0.001985319 -0.012451749 0.061104391 0.003367659 0.998048007
1341846314.658455 0.212173358 0.021385035 0.005540576 -0.015134893 0.062424924 0.004840259 0.997923195
1341846314.694004 0.225467220 0.021517426 0.014684374 -0.014592369 0.065267138 0.001763288 0.997759581
1341846314.725910 0.221955627 0.015178888 0.010032253 -0.011182828 0.069536231 0.007683216 0.997487187
1341846314.761942 0.227315322 0.010900742 0.008547481 -0.008147955 0.069408484 0.012229973 0.997480094
1341846314.794030 0.240593538 0.009105358 0.013217881 -0.005528387 0.070925608 0.012301554 0.997390389
1341846314.826092 0.242428899 0.008157593 0.002561569 -0.003705640 0.075624146 0.012688958 0.997048795
1341846314.862145 0.252418250 0.007474396 0.001457494 -0.003815963 0.078477778 0.013846826 0.996812403
1341846314.894072 0.262957543 0.018952549 0.005320832 -0.002839875 0.081820644 0.015264778 0.996526122
1341846314.925969 0.267419815 0.019283380 0.005348165 -0.002868591 0.084232613 0.019388413 0.996253312
1341846314.961937 0.264942288 0.031038366 0.005167641 -0.004122597 0.085600898 0.022668106 0.996063054
1341846314.994564 0.275693029 0.029149653 0.012950014 -0.008051685 0.085697263 0.022489132 0.996034861
1341846315.029900 0.286890775 0.027835764 0.019334234 -0.008248338 0.088534065 0.019571930 0.995846689
1341846315.061965 0.284984827 0.025408380 0.013381574 -0.009306060 0.091383815 0.023601536 0.995492518
1341846315.094388 0.293251485 0.024285097 0.024642602 -0.009310131 0.089925699 0.024588749 0.995601356
1341846315.129851 0.296690673 0.030622041 0.026399385 -0.006692759 0.090232134 0.022338066 0.995647728
1341846315.161941 0.286498815 0.051878609 0.006255001 -0.006667431 0.091777280 0.022533832 0.995502234
1341846315.197984 0.296108395 0.042196579 0.012257140 -0.014629746 0.088671125 0.020984421 0.995732427
1341846315.230076 0.303089052 0.036328867 0.018405680 -0.018579647 0.087566137 0.017573621 0.995830357
1341846315.262069 0.313446164 0.033025399 0.016880136 -0.021931343 0.084425054 0.020016003 0.995987356
1341846315.298000 0.322141409 0.028391592 0.025954187 -0.024514873 0.079656303 0.024269670 0.996225297
1341846315.329931 0.338172048 0.008816804 0.025102597 -0.023252245 0.076624639 0.026162267 0.996445417
1341846315.361981 0.338319600 0.014234458 0.017296862 -0.017020823 0.076721944 0.028749296 0.996492624
1341846315.397962 0.338735342 0.021993091 0.018146787 -0.013344595 0.077387542 0.031410240 0.996416807
1341846315.429923 0.340880334 0.025111532 0.017854512 -0.009965368 0.079644591 0.033187944 0.996220887
1341846315.466047 0.361556292 0.029465368 0.013916396 -0.008694969 0.080963373 0.035348307 0.996052146
1341846315.497883 0.356903076 0.027765371 0.018331289 -0.010020792 0.084824681 0.040053267 0.995540082
1341846315.530008 0.358908385 0.028989077 0.017450862 -0.009716255 0.086342759 0.040297262 0.995402753
1341846315.566108 0.372200102 0.028995344 0.013481133 -0.011004771 0.086538017 0.043127678 0.995253742
1341846315.597986 0.370047420 0.028968908 0.020241857 -0.011113113 0.088326640 0.042174969 0.995136261
1341846315.630109 0.371216625 0.028935311 0.023649983 -0.011100711 0.089342386 0.040910646 0.995098472
1341846315.666042 0.380063236 0.031434979 0.007893123 -0.011629868 0.089901499 0.040695582 0.995050907
1341846315.698114 0.387989968 0.044626571 -0.004345775 -0.015549576 0.092366993 0.039069209 0.994836748
1341846315.733985 0.380932271 0.030800728 0.012031429 -0.019989509 0.095945880 0.041192736 0.994332910
1341846315.766041 0.378719449 0.030775269 0.016783439 -0.019468237 0.094079457 0.041621819 0.994503736
1341846315.798188 0.377437562 0.027989771 0.012602396 -0.020792594 0.093366370 0.040514965 0.994589806
1341846315.834140 0.377256960 0.020423986 0.019681059 -0.020770511 0.095604561 0.039830100 0.994405329
1341846315.866751 0.375470698 0.020829275 0.017401949 -0.018301865 0.096898064 0.040280007 0.994310498
1341846315.898492 0.358839124 0.021170583 0.023425721 -0.016701201 0.099488810 0.037422404 0.994194448
1341846315.936901 0.355653822 0.017607378 0.030585751 -0.014400050 0.101084664 0.036377940 0.994108200
1341846315.966572 0.345523417 0.019632442 0.024597131 -0.010535249 0.103334896 0.034733195 0.993984163
1341846316.034204 0.334533006 0.013775777 0.016933642 -0.007444794 0.103491180 0.033729363 0.994030416
1341846316.066113 0.326478094 0.015185602 0.026876464 -0.005045166 0.103962265 0.033077843 0.994018257
1341846316.101867 0.324531734 0.016567308 0.016562544 -0.003437887 0.102288797 0.035122618 0.994128585
1341846316.134066 0.310901791 0.017163027 0.011068434 -0.003986554 0.100056641 0.032131512 0.994454801
1341846316.202049 0.291503519 0.007489301 0.016765188 -0.004698763 0.096275866 0.026856041 0.994981229
1341846316.233979 0.290221184 0.009713373 0.008938629 -0.003972777 0.094755180 0.024670988 0.995186925
1341846316.270052 0.286847800 0.010129626 0.009469721 -0.005068501 0.095564485 0.021737359 0.995172977
1341846316.301915 0.278038085 -0.000357121 0.013179205 -0.005733416 0.097086973 0.019961558 0.995059192
1341846316.334208 0.271101475 -0.000110916 0.016038842 -0.004371163 0.096507326 0.022447146 0.995069504
1341846316.370006 0.261298776 0.001027082 0.008965433 -0.001871162 0.095191538 0.022034058 0.995213330
1341846316.401994 0.249106765 0.003004647 0.011749133 -0.000115071 0.095325463 0.023758141 0.995162606
1341846316.438069 0.247920111 0.000157967 0.013807647 0.002217590 0.094609320 0.025405735 0.995187759
1341846316.470076 0.241636485 -0.004712263 0.012806151 0.006272708 0.093707025 0.029084494 0.995155096
1341846316.502034 0.244099334 0.008047206 0.011396509 0.009303822 0.090275787 0.031470489 0.995375991
1341846316.537975 0.223085523 0.013978217 0.005620319 0.007365402 0.088885017 0.028428119 0.995608866
1341846316.570121 0.229674906 0.001283474 0.013269201 0.006030892 0.087106347 0.027043739 0.995813608
1341846316.601885 0.210100129 -0.008546432 0.002587661 0.007016669 0.088269025 0.024924615 0.995760083
1341846316.638009 0.201438800 -0.003109294 0.010547679 0.010176814 0.087314300 0.025988825 0.995789766
1341846316.669925 0.203707457 -0.004313897 0.024612118 0.012272015 0.085596159 0.025221219 0.995935023
1341846316.705941 0.191732228 -0.010358417 0.014296424 0.016068598 0.086143225 0.026424013 0.995802641
1341846316.738062 0.179656133 0.002726905 -0.006797364 0.019509137 0.086104728 0.029309496 0.995663762
1341846316.770433 0.177190319 0.008176686 0.005537584 0.019347508 0.085036784 0.028942335 0.995769441
1341846316.805932 0.161384284 -0.003467533 0.007105337 0.018723072 0.086180702 0.027430331 0.995725811
1341846316.838029 0.149152189 -0.000627069 0.011762900 0.020588778 0.085120551 0.027797785 0.995769978
1341846316.870034 0.141515031 -0.006437047 0.016538391 0.020214884 0.081763253 0.029813940 0.996000648
1341846316.906344 0.133370847 -0.004950719 0.009733606 0.021637553 0.078817993 0.027711412 0.996268809
1341846316.937940 0.145394564 -0.004553346 -0.002400767 0.021704545 0.075309426 0.029511172 0.996487081
1341846316.973994 0.133325800 -0.005151921 0.007311860 0.020760547 0.074232116 0.028565252 0.996615589
1341846317.005913 0.117227755 -0.009071947 0.018237460 0.019168835 0.072785564 0.027752273 0.996777117
1341846317.037936 0.112155490 -0.007364003 0.023777049 0.020074524 0.069874853 0.026280487 0.997007489
1341846317.073972 0.108736284 -0.009908811 0.032405406 0.021106631 0.067767516 0.027427480 0.997100711
1341846317.106113 0.096345879 -0.011901790 0.051989473 0.023484167 0.067101203 0.031029137 0.996986985
1341846317.137887 0.095684670 -0.011514335 0.043006558 0.026875973 0.059363496 0.036319371 0.997213364
1341846317.173970 0.082673073 -0.014834281 0.021691177 0.027380096 0.053278837 0.038334519 0.997467875
1341846317.205887 0.082050338 -0.010799589 0.016531728 0.027671374 0.049954578 0.039590675 0.997582793
1341846317.248131 0.067940183 -0.016274313 0.011759876 0.028718917 0.047667269 0.042062104 0.997563958
1341846317.306289 0.043556862 -0.016916137 0.002934133 0.030096777 0.042467263 0.044813897 0.997638464
1341846317.348137 0.034732342 -0.022611182 -0.002507528 0.030339280 0.043924913 0.044113256 0.997599185
1341846317.410120 0.013999466 -0.018660955 -0.002350531 0.032401573 0.044204030 0.049081441 0.997289896
1341846317.442569 0.004901782 -0.020023497 -0.000301608 0.035424199 0.045125406 0.050154306 0.997092426
1341846317.474010 -0.002593834 -0.018621972 -0.003010618 0.041299604 0.045650229 0.053612296 0.996662498
1341846317.509927 0.001882865 -0.011965975 0.008418042 0.044090685 0.042551976 0.059025586 0.996374071
1341846317.542282 -0.009156304 -0.014263936 -0.002074199 0.042926237 0.040222991 0.058114477 0.996575236
1341846317.573943 -0.012697112 -0.018186219 0.002891182 0.042609032 0.040721804 0.057020422 0.996631742
1341846317.610159 -0.023997862 -0.022020582 0.004566129 0.045073450 0.043324489 0.057922166 0.996361554
1341846317.643553 -0.035323177 -0.019618582 0.007250781 0.047548424 0.042686254 0.061753508 0.996043921
1341846317.677993 -0.042402677 -0.020622564 0.017381649 0.048688117 0.039080814 0.064096302 0.995988846
1341846317.709996 -0.045046620 -0.021696057 0.015922761 0.050899345 0.036654375 0.063770473 0.995991468
1341846317.741834 -0.048601650 -0.014658115 0.015735146 0.051639937 0.035280384 0.065017223 0.995922387
1341846317.777923 -0.049848728 -0.014770398 0.019994419 0.049912773 0.033412643 0.065014273 0.996075034
1341846317.810021 -0.050535828 -0.016954297 0.028240968 0.049661461 0.031041037 0.065486841 0.996133387
1341846317.841886 -0.050411623 -0.014464554 0.025604146 0.049483880 0.029159134 0.064393736 0.996270299
1341846317.878017 -0.039721955 -0.011481535 0.025141252 0.047227200 0.025990281 0.060058992 0.996738195
1341846317.909910 -0.029685760 -0.011668159 0.023704458 0.046243612 0.024950426 0.055823717 0.997057021
1341846317.946031 -0.017271716 -0.011168616 0.029429490 0.047435593 0.021731092 0.056743912 0.997024417
1341846317.978041 -0.003549067 -0.010125975 0.032346375 0.049805496 0.016669946 0.056894295 0.996997774
1341846318.009897 0.000379182 -0.011342381 0.030958232 0.051916804 0.015361402 0.055539742 0.996987462
1341846318.045949 0.012208182 -0.020616736 0.027307685 0.049350254 0.013128982 0.054118946 0.997227848
1341846318.078074 0.023997508 -0.020132115 0.029689478 0.048770294 0.008547134 0.052980602 0.997367263
1341846318.109894 0.044846501 -0.019957636 0.030060802 0.048303671 -0.000890970 0.049403209 0.997609794
1341846318.145957 0.038653288 -0.023967599 0.028555630 0.046740800 -0.002275134 0.047836769 0.997758389
1341846318.178001 0.044684548 -0.018950745 0.029358612 0.047303036 -0.003903411 0.044274528 0.997891247
1341846318.214074 0.062384866 -0.016951142 0.033261925 0.048468579 -0.010282806 0.042565193 0.997864306
1341846318.245970 0.084991969 -0.020024698 0.038371798 0.050536938 -0.020911094 0.040069427 0.997698963
1341846318.278018 0.094653077 -0.020288670 0.038229071 0.054251771 -0.028767681 0.041900184 0.997232914
1341846318.313937 0.116660550 -0.015226617 0.030540559 0.056575127 -0.040401287 0.040368758 0.996763408
1341846318.345989 0.127321988 -0.009577396 0.031564690 0.059295002 -0.052111566 0.037916616 0.996158004
1341846318.382046 0.128435194 -0.006532243 0.028011788 0.061558362 -0.060263518 0.037742414 0.995567381
1341846318.414072 0.136446401 -0.012247924 0.028223829 0.061803736 -0.069450647 0.038009904 0.994943261
1341846318.446035 0.138102576 0.005133952 0.023410391 0.067956075 -0.077161953 0.039834253 0.993902028
1341846318.482196 0.146655872 -0.009296160 0.026615424 0.066034101 -0.081874415 0.037838995 0.993732512
1341846318.514144 0.144101664 0.006798081 0.018247025 0.069290087 -0.083845712 0.041191235 0.993212998
1341846318.546259 0.168899983 -0.009553410 0.034026038 0.067649551 -0.090231374 0.037627324 0.992907882
1341846318.582042 0.172149882 -0.013862695 0.025336046 0.067630053 -0.092083879 0.036688235 0.992774248
1341846318.614115 0.182317168 -0.011702662 0.020403665 0.067519329 -0.095323265 0.038715187 0.992398977
1341846318.650038 0.175169811 -0.020103179 0.016968414 0.065905578 -0.096162513 0.035167269 0.992558539
1341846318.682350 0.173506513 -0.010434311 0.006222656 0.067761086 -0.097463675 0.036730818 0.992250025
1341846318.714063 0.166703463 -0.003360632 -0.011356501 0.068701632 -0.098576568 0.037852138 0.992033243
1341846318.749905 0.176442936 -0.017111750 0.020348037 0.068079971 -0.100763626 0.040745128 0.991741717
1341846318.782036 0.190064758 -0.019480402 0.001711298 0.068193629 -0.105346821 0.044024497 0.991117299
1341846318.814121 0.198442578 -0.011851853 -0.007867455 0.069662921 -0.113231435 0.043393206 0.990173101
1341846318.850072 0.203151435 -0.012000691 0.003101338 0.070791095 -0.120673612 0.044392146 0.989169240
1341846318.883516 0.184885934 0.004236820 -0.024801921 0.076153040 -0.126547888 0.044209003 0.988044500
1341846318.918047 0.151948050 0.018002629 -0.041851457 0.082039312 -0.133462012 0.049199406 0.986426294
1341846318.950044 0.124449283 0.014964991 -0.029760338 0.084405385 -0.142220929 0.047665145 0.985077143
1341846318.982028 0.105415881 0.007223819 -0.037623212 0.084326297 -0.142892912 0.043116368 0.985196292
1341846319.018123 0.074682087 0.010745656 -0.043450978 0.084917217 -0.145518512 0.042945482 0.984768569
1341846319.050745 0.061059017 0.003220912 -0.037466381 0.085756540 -0.149780363 0.040977374 0.984140515
1341846319.081905 0.045125362 0.005047408 -0.044344515 0.091937684 -0.148004726 0.038409017 0.983954728
1341846319.117976 0.028860528 0.008698680 -0.067444339 0.093625367 -0.147367433 0.045844469 0.983572781
1341846319.150093 -0.009830194 0.001588289 -0.058786009 0.094699129 -0.146939084 0.054304171 0.983103275
1341846319.186069 -0.033626616 -0.000522867 -0.065831259 0.094961748 -0.144989088 0.052689400 0.983455241
1341846319.218149 -0.066639781 0.005725446 -0.086404383 0.092743255 -0.136332139 0.051458467 0.984969139
1341846319.250034 -0.102526024 0.000441350 -0.081032656 0.085983895 -0.126989141 0.050288003 0.986889839
1341846319.286594 -0.133986250 -0.000820003 -0.080982596 0.084261432 -0.120842025 0.054986972 0.987559438
1341846319.318034 -0.174090445 -0.002868569 -0.088304684 0.085108608 -0.115394756 0.057125561 0.988016844
1341846319.350268 -0.210584730 -0.002805179 -0.094314441 0.085902616 -0.110740781 0.063453563 0.988094568
1341846319.386163 -0.250436842 -0.001001175 -0.115894713 0.087478295 -0.109240212 0.072396867 0.987508357
1341846319.418386 -0.289672881 -0.002085911 -0.123643517 0.089256063 -0.109504856 0.068296179 0.987612128
1341846319.453961 -0.352266997 -0.007151599 -0.149884567 0.088904731 -0.100442976 0.062199377 0.989008784
1341846319.486271 -0.386092901 -0.000995288 -0.178763270 0.089342184 -0.096668094 0.060255740 0.989465773
1341846319.554083 -0.380138487 -0.002618379 -0.161312610 0.083646558 -0.106228165 0.063639052 0.988771379
1341846319.586296 -0.390572011 -0.000802534 -0.160966933 0.084333248 -0.105923608 0.062654004 0.988808632
1341846319.622031 -0.418450534 -0.010074985 -0.156956822 0.082269073 -0.107597530 0.059004135 0.989026368
1341846319.653962 -0.421597868 -0.016922060 -0.142216474 0.081120931 -0.113357663 0.058001637 0.988536954
1341846319.686352 -0.426105469 -0.010927564 -0.150542736 0.083899513 -0.117261738 0.062162545 0.987596273
1341846319.721992 -0.432523400 -0.008438527 -0.158179656 0.084771849 -0.121024296 0.063584946 0.986977100
1341846319.754063 -0.430437058 -0.001532471 -0.177027285 0.081633009 -0.124288641 0.063780159 0.986823380
1341846319.786397 -0.435590923 -0.005022037 -0.169403508 0.076897115 -0.124174207 0.067428656 0.986975670
1341846319.822008 -0.441104144 0.000488115 -0.168484002 0.074492864 -0.125084892 0.072351739 0.986696422
1341846319.853917 -0.443276912 -0.000308137 -0.172832191 0.068964273 -0.126558796 0.076520629 0.986595869
1341846319.889942 -0.458289146 -0.008495013 -0.161159977 0.065724850 -0.125757575 0.081024408 0.986559868
1341846319.922039 -0.476177603 -0.019176126 -0.142877251 0.064204417 -0.128068969 0.086574525 0.985890925
1341846319.953946 -0.470088840 -0.015068299 -0.128895327 0.065504186 -0.135582536 0.082084440 0.985184610
1341846319.990054 -0.460146785 -0.012586888 -0.134125933 0.068547800 -0.139811859 0.076818198 0.984811068
1341846320.028122 -0.469431639 -0.025169611 -0.153249234 0.069590770 -0.141982496 0.072043382 0.984788239
1341846320.090047 -0.448648155 -0.003754257 -0.146575630 0.077465899 -0.151525438 0.071106799 0.982844293
1341846320.122011 -0.424060971 -0.007860004 -0.147624582 0.077236399 -0.152160600 0.071524143 0.982733965
1341846320.157952 -0.417256534 -0.000162354 -0.140325487 0.078730628 -0.149934202 0.071566537 0.982954443
1341846320.190003 -0.400327832 -0.025111232 -0.148354262 0.077986494 -0.146681637 0.066176541 0.983881772
1341846320.221941 -0.397704184 -0.023881428 -0.153114319 0.082082167 -0.142741159 0.066734813 0.984090388
1341846320.258015 -0.368717790 -0.033963636 -0.148033604 0.084471337 -0.145093322 0.071216352 0.983229756
1341846320.289887 -0.347617269 -0.039437175 -0.131279230 0.089909360 -0.148032233 0.071491413 0.982289016
1341846320.321954 -0.299440384 -0.041677572 -0.127130479 0.098077394 -0.154561371 0.071439296 0.980503976
1341846320.357890 -0.262636334 -0.004539276 -0.112195835 0.107090406 -0.158872440 0.073157616 0.978743672
1341846320.390064 -0.206975594 0.002630493 -0.113096803 0.108837172 -0.160904869 0.074316934 0.978131413
1341846320.426544 -0.175092027 -0.009909981 -0.095572896 0.110159069 -0.156189844 0.068795897 0.979151070
1341846320.458122 -0.107083872 -0.017129503 -0.095172361 0.109004810 -0.158081979 0.070805535 0.978833258
1341846320.490186 -0.036456950 -0.014837435 -0.067278609 0.112109438 -0.159774408 0.069614187 0.978293180
1341846320.525911 -0.001365552 -0.009629102 -0.080541275 0.115963705 -0.154679373 0.069350347 0.978681386
1341846320.558091 0.049140938 -0.002695350 -0.056287874 0.117876336 -0.156722516 0.066426411 0.978330612
1341846320.594093 0.087955713 0.002972692 -0.038379606 0.119892657 -0.155438468 0.060960349 0.978646278
1341846320.631955 0.131672680 0.011836388 -0.020501107 0.123792075 -0.152782023 0.059060689 0.978695571
1341846320.664916 0.170286447 0.032633856 -0.006359614 0.125897646 -0.153744057 0.058574855 0.978305459
1341846320.699927 0.181156710 0.002148263 -0.003711011 0.123045117 -0.151156321 0.055227548 0.979265869
1341846320.731822 0.214570954 0.025866244 0.011316475 0.127737418 -0.149234161 0.055122562 0.978965700
1341846320.763877 0.216916919 0.030321866 0.001128979 0.125322312 -0.146933198 0.056177478 0.979565740
1341846320.799999 0.191951960 0.023419777 -0.000294913 0.118929431 -0.144083247 0.048958547 0.981172204
1341846320.831871 0.216980115 0.022719033 0.042889670 0.122633867 -0.137783840 0.041575812 0.981961310
1341846320.863887 0.202445716 0.020630404 -0.021545142 0.118687928 -0.124442451 0.045641817 0.984044790
1341846320.900014 0.234891713 0.012671864 0.000860941 0.109998934 -0.133898467 0.050861266 0.983557105
1341846320.931889 0.287946820 -0.001757166 0.007349335 0.109602690 -0.137926877 0.047080621 0.983232856
1341846320.967866 0.325024486 0.011995442 0.011910312 0.110053681 -0.137320653 0.045031980 0.983363330
1341846321.000017 0.356832802 0.000561072 0.018242881 0.101948261 -0.141192913 0.044946909 0.983692467
1341846321.031860 0.379953265 0.000114628 0.039901976 0.101292945 -0.141519368 0.039983895 0.983927488
1341846321.068047 0.405124217 0.008551367 0.055441588 0.102945931 -0.141135857 0.038019795 0.983888865
1341846321.099840 0.430478573 0.018389925 0.079705104 0.101754680 -0.143576160 0.038984586 0.983621895
1341846321.131821 0.485734075 -0.004014980 0.090315700 0.098966509 -0.147687957 0.038586397 0.983313262
1341846321.167887 0.517541111 0.019401701 0.118287288 0.104417503 -0.148512498 0.042187825 0.982477069
1341846321.200042 0.554918230 0.025733028 0.138298064 0.105245888 -0.151399553 0.042926908 0.981915832
1341846321.231950 0.573098361 0.034242921 0.166324720 0.106657162 -0.152724817 0.042251449 0.981587589
1341846321.267939 0.603091478 0.050861888 0.175089791 0.109592810 -0.152502343 0.035589557 0.981562972
1341846321.299948 0.643172860 0.035792064 0.192614675 0.106925510 -0.153370857 0.030264363 0.981900394
1341846321.331858 0.607682168 0.047754698 0.182483092 0.109894685 -0.144595101 0.024586428 0.983062029
1341846321.367913 0.632035494 0.021460906 0.171052217 0.108818404 -0.143758252 0.018166661 0.983444035
1341846321.399897 0.647881627 0.034916811 0.179431096 0.112160064 -0.140443087 0.018160554 0.983547688
1341846321.435994 0.645614028 0.023268035 0.178547516 0.111991972 -0.136796504 0.018621339 0.984072030
1341846321.467946 0.669209301 0.040235430 0.198868945 0.116112225 -0.137025535 0.019350313 0.983548403
1341846321.499882 0.671278358 0.056756429 0.210295662 0.119815320 -0.132939607 0.018198136 0.983687043
1341846321.536109 0.696323574 0.069597460 0.205130741 0.121408708 -0.129120901 0.013899973 0.984070361
1341846321.568960 0.720737040 0.078046300 0.223851010 0.119030654 -0.126847014 0.014635061 0.984645784
1341846321.603938 0.715824425 0.070127383 0.231160641 0.115830928 -0.123069413 0.012312151 0.985538185
1341846321.637163 0.786538720 0.071866639 0.243124545 0.113053486 -0.126695678 0.011429717 0.985411823
1341846321.668306 0.726902604 0.087708086 0.225741833 0.110389747 -0.108648092 0.010798260 0.987873018
1341846321.704411 0.709679723 0.079165809 0.235575795 0.105519451 -0.106115915 0.018474577 0.988566518
1341846321.736861 0.748911202 0.084274858 0.254035115 0.103769705 -0.113817453 0.027630279 0.987681150
1341846321.771881 0.769560337 0.102581881 0.245384708 0.102032624 -0.115311518 0.032019094 0.987556279
1341846321.804114 0.786727190 0.102751151 0.253967524 0.097764768 -0.114865668 0.034266017 0.987964451
1341846321.836152 0.780890822 0.124938630 0.268508673 0.097718984 -0.111899175 0.034711756 0.988293827
1341846321.871882 0.797524810 0.118077859 0.255362093 0.091188297 -0.113345660 0.032019485 0.988843858
1341846321.904074 0.803191483 0.115382612 0.259957850 0.084843010 -0.112104319 0.027555967 0.989684284
1341846321.939847 0.803803921 0.103617281 0.260262489 0.079779960 -0.108884029 0.023855351 0.990560591
1341846322.004094 0.789079964 0.123885788 0.279447287 0.076800004 -0.108984262 0.022319177 0.990820885
1341846322.066178 0.806074500 0.105584487 0.278932065 0.070753716 -0.105102539 0.018529534 0.991768181
1341846322.107979 0.805400610 0.073864937 0.275569618 0.065234639 -0.103213601 0.016850172 0.992374659
1341846322.166164 0.812173307 0.036662139 0.272229791 0.065108083 -0.104427062 0.018104402 0.992233992
1341846322.202932 0.808600247 0.040181279 0.281339616 0.067514360 -0.105616614 0.015410920 0.991992652
1341846322.234093 0.805115998 0.038218252 0.272469342 0.067347854 -0.106431507 0.013066091 0.991950512
1341846322.265941 0.806584477 0.031406537 0.275649995 0.064202301 -0.109809518 0.013466788 0.991785526
1341846322.301996 0.804554582 0.010010744 0.276060432 0.061176300 -0.110409543 0.011897894 0.991930246
1341846322.333949 0.801408827 -0.029189322 0.268855810 0.056260988 -0.112573750 0.013356760 0.991959393
1341846322.369871 0.822750628 -0.043331482 0.279277027 0.056988429 -0.120738260 0.009232507 0.991004229
1341846322.402292 0.826825619 -0.063010268 0.282899410 0.058160815 -0.119126812 0.001502689 0.991172969
1341846322.433955 0.835782766 -0.139654502 0.276076168 0.055706032 -0.119443983 -0.000444314 0.991276801
1341846322.470030 0.843221486 -0.141604021 0.272510469 0.062654085 -0.125356257 0.005941771 0.990113616
1341846322.502433 0.872385800 -0.161627710 0.292617559 0.067055449 -0.132511720 0.009725927 0.988862753
1341846322.534002 0.874357939 -0.192015588 0.292603254 0.072186477 -0.132748663 0.011584046 0.988449633
1341846322.570196 0.868544281 -0.194478884 0.287571520 0.081907332 -0.131989136 0.014014320 0.987761915
1341846322.601920 0.866315305 -0.195063412 0.289696723 0.087683849 -0.134949312 0.017031392 0.986818194
1341846322.638119 0.845948815 -0.194690108 0.282360196 0.093682356 -0.133758307 0.014168482 0.986474335
1341846322.669947 0.868853211 -0.224062830 0.288472652 0.095643349 -0.133457482 0.014080073 0.986328125
1341846322.702026 0.851443172 -0.249196023 0.282975882 0.095726751 -0.129917353 0.016766142 0.986750543
1341846322.738006 0.883485436 -0.243592858 0.271034390 0.096471049 -0.137285352 0.015776189 0.985696316
1341846322.770087 0.960688293 -0.247290522 0.322210878 0.099482700 -0.158256665 0.006039542 0.982355118
1341846322.806047 0.865044594 -0.279341877 0.283264339 0.097856149 -0.135545954 0.016525634 0.985788167
1341846322.838063 0.830350757 -0.273065686 0.267969370 0.099886350 -0.133444220 0.017199326 0.985859811
1341846322.870081 0.877051830 -0.318747550 0.292270958 0.097905494 -0.144580171 0.023827223 0.984349191
1341846322.906018 0.885279298 -0.311624020 0.298456967 0.104013592 -0.146623656 0.024636436 0.983400047
1341846322.938349 0.876768231 -0.288738757 0.298409432 0.107278988 -0.144590676 0.025566086 0.983326495
1341846322.970069 0.886369586 -0.312217653 0.305422962 0.099525511 -0.146801621 0.026514376 0.983789027
1341846323.011820 0.880879283 -0.324521005 0.307803988 0.098111071 -0.145292729 0.025204398 0.984189510
1341846323.073951 0.881566763 -0.330703557 0.315243125 0.094714135 -0.146277830 0.028676737 0.984281301
1341846323.105962 0.885388434 -0.364388406 0.310654104 0.088277541 -0.146155775 0.027783418 0.984923184
1341846323.138158 0.882332981 -0.353578627 0.308782905 0.091429934 -0.145692065 0.024316393 0.984795988
1341846323.174092 0.883340776 -0.365813553 0.312005937 0.087778062 -0.146570697 0.023602324 0.985015213
1341846323.206059 0.904625714 -0.394794255 0.310680270 0.081474774 -0.149789929 0.020751735 0.985136628
1341846323.238053 0.904480219 -0.387621164 0.319773644 0.081000678 -0.147140577 0.017639047 0.985635519
1341846323.273997 0.872630656 -0.385320485 0.305490047 0.077212214 -0.142652288 0.018442312 0.986584246
1341846323.305946 0.865480065 -0.385244012 0.305155993 0.073207565 -0.145313412 0.017785899 0.986513257
1341846323.342027 0.915017247 -0.440289736 0.318039417 0.065623902 -0.149467662 0.014804164 0.986475408
1341846323.374048 0.884328306 -0.444444656 0.307113618 0.065120094 -0.142678797 0.016807001 0.987481475
1341846323.405987 0.856807768 -0.462675482 0.296182096 0.063437656 -0.143596038 0.021593340 0.987364948
1341846323.441956 0.874921381 -0.480408758 0.308223963 0.062713116 -0.149849787 0.022620380 0.986458540
1341846323.473878 0.874463856 -0.491984785 0.306168556 0.066678740 -0.147789747 0.020282023 0.986560106
1341846323.506129 0.882431090 -0.486936271 0.303952575 0.069403149 -0.149144784 0.020320596 0.986167371
1341846323.541972 0.901082993 -0.498311222 0.305348247 0.066673502 -0.151583999 0.017976468 0.986029327
1341846323.573913 0.947013855 -0.512026012 0.321360111 0.066692382 -0.152594462 0.011639388 0.985967338
1341846323.609927 0.919383287 -0.496805668 0.322167516 0.070336342 -0.143687084 0.008195953 0.987086415
1341846323.642014 0.886743069 -0.524934888 0.319124579 0.065729722 -0.138670653 0.008236040 0.988120556
1341846323.674081 0.896300077 -0.590235293 0.318625897 0.056176286 -0.142135143 0.011747889 0.988182068
1341846323.710069 0.922453463 -0.575321853 0.328267157 0.061132669 -0.146675318 0.015209294 0.987176657
1341846323.742111 0.873831570 -0.589816928 0.318653554 0.065803573 -0.142113194 0.013965011 0.987562001
1341846323.774928 0.893382490 -0.580276251 0.312946409 0.070672318 -0.146430165 0.012352259 0.986615956
1341846323.810012 0.893992960 -0.592037559 0.324166298 0.072209202 -0.149121106 0.005361226 0.986164272
1341846323.842207 0.890687943 -0.588211954 0.310019255 0.074334443 -0.147277161 0.003286402 0.986292541
1341846323.878019 0.886409402 -0.627668917 0.307933569 0.071170449 -0.148147836 0.000097104 0.986401021
1341846323.909826 0.886554360 -0.655007005 0.320071727 0.072856739 -0.150573760 -0.004353276 0.985900879
1341846323.942459 0.879757047 -0.646124423 0.314074814 0.077592246 -0.149534374 -0.004111146 0.985698760
1341846323.978055 0.876528680 -0.657975733 0.312053174 0.078239426 -0.152319282 -0.001677324 0.985228181
1341846324.015934 0.877017736 -0.656204879 0.307718664 0.082112789 -0.153778687 -0.002445474 0.984684527
1341846324.047722 0.879825652 -0.641986132 0.302422494 0.086720690 -0.152440086 -0.002374108 0.984497786
1341846324.083904 0.883852363 -0.601124406 0.304331869 0.091605403 -0.151434273 -0.002069739 0.984211266
1341846324.115968 0.890768290 -0.621994615 0.304237634 0.086819768 -0.150657043 -0.003785837 0.984759092
1341846324.151967 0.907085896 -0.615869582 0.302813768 0.087746628 -0.149803147 -0.008603150 0.984776914
1341846324.183941 0.894969940 -0.585468888 0.299668103 0.088439383 -0.144294992 -0.010626501 0.985517383
1341846324.219984 0.872025251 -0.583120823 0.299830914 0.084554128 -0.139622435 -0.012417777 0.986509979
1341846324.251968 0.875172019 -0.604881763 0.290431559 0.080677904 -0.139662370 -0.012988754 0.986821532
1341846324.284052 0.861433804 -0.568938136 0.295658469 0.085204944 -0.138995901 -0.012717909 0.986538649
1341846324.319880 0.859828115 -0.539625943 0.299931645 0.087706015 -0.142258868 -0.011607944 0.985867858
1341846324.351917 0.877281845 -0.502832890 0.302602917 0.086537845 -0.147461355 -0.013175290 0.985186636
1341846324.388001 0.879220247 -0.476973593 0.307082355 0.086467825 -0.147180662 -0.018882612 0.985141933
1341846324.419908 0.886632562 -0.459036946 0.304525763 0.082533889 -0.146053210 -0.019098075 0.985642850
1341846324.452027 0.872654200 -0.461824030 0.306826621 0.077623293 -0.144760147 -0.019585064 0.986222863
1341846324.487928 0.860388696 -0.451290846 0.305826485 0.076655835 -0.143740684 -0.018637666 0.986465991
1341846324.519985 0.844868243 -0.435243905 0.301450282 0.075913534 -0.143698737 -0.014184258 0.986603558
1341846324.556001 0.830408752 -0.404497564 0.300877720 0.076073013 -0.146877110 -0.009545000 0.986178935
1341846324.587888 0.835087478 -0.376486599 0.303751647 0.075341448 -0.150222749 -0.008176986 0.985743344
1341846324.620086 0.839475930 -0.370755196 0.304594994 0.073603764 -0.153165385 -0.010472311 0.985400021
1341846324.655955 0.842944622 -0.350260764 0.303945184 0.074051820 -0.154307872 -0.011403659 0.985177815
1341846324.688082 0.844846725 -0.350257933 0.306281239 0.073065788 -0.154852897 -0.010222480 0.985178888
1341846324.755922 0.819545746 -0.285684258 0.309105515 0.079185426 -0.155529201 -0.004423210 0.984642446
1341846324.814016 0.843126655 -0.227562383 0.306721807 0.080015749 -0.162779033 -0.008783752 0.983373404
1341846324.849979 0.830304205 -0.217671871 0.310543537 0.074791811 -0.158665240 -0.011157903 0.984432340
1341846324.881924 0.817167342 -0.214037701 0.312124580 0.071501844 -0.158402771 -0.011027585 0.984720469
1341846324.913902 0.812141895 -0.183005765 0.306256920 0.073366083 -0.158704624 -0.009047766 0.984554946
1341846324.949999 0.816407561 -0.194195524 0.308002919 0.071454823 -0.159818262 -0.005729408 0.984540224
1341846324.981922 0.810249448 -0.179965958 0.308553785 0.076639161 -0.162256986 -0.000205715 0.983767807
1341846325.018013 0.808284163 -0.164508149 0.304484457 0.081637733 -0.166870296 0.002584351 0.982589900
1341846325.050079 0.803125679 -0.132298902 0.301775604 0.086471803 -0.171386838 0.002479082 0.981398523
1341846325.081901 0.785793245 -0.098780505 0.295553178 0.089423217 -0.173046395 -0.000752474 0.980845451
1341846325.118531 0.821207345 -0.085666880 0.299512744 0.086442351 -0.178631082 -0.003818436 0.980104089
1341846325.149933 0.811908543 -0.085336059 0.297656626 0.080848187 -0.174940422 -0.006606627 0.981231749
1341846325.181925 0.807956338 -0.076746009 0.299088925 0.077850901 -0.173430413 -0.004343633 0.981754720
1341846325.218055 0.804954171 -0.063045725 0.304685771 0.075747974 -0.173312694 0.000119815 0.981949568
1341846325.249811 0.794054627 -0.051420242 0.304130197 0.074141584 -0.172253355 0.003256212 0.982253075
1341846325.285925 0.799554169 -0.034544691 0.304554611 0.072600178 -0.173308805 0.005614100 0.982171953
1341846325.317988 0.826601923 -0.045457076 0.324246377 0.069115035 -0.174830407 0.007831322 0.982138515
1341846325.349844 0.823398590 -0.062997296 0.318120509 0.068855174 -0.169592753 0.011751032 0.983035684
1341846325.387302 0.826446474 -0.033643521 0.329402208 0.076784521 -0.167900056 0.014304419 0.982704997
1341846325.417931 0.827995300 -0.006858118 0.321223229 0.081431732 -0.162589565 0.015540333 0.983204961
1341846325.450747 0.823828578 -0.038962748 0.310809135 0.081116751 -0.153268725 0.016511878 0.984711170
1341846325.485954 0.812998891 0.008609708 0.317502141 0.094964363 -0.145409271 0.022366079 0.984549522
1341846325.517875 0.812841415 0.031930812 0.318327010 0.100892052 -0.142932490 0.024676165 0.984267354
1341846325.553859 0.812296569 0.047026075 0.325311929 0.105416887 -0.139515817 0.024922373 0.984277189
1341846325.585855 0.803103864 0.084554084 0.329860866 0.112146601 -0.135804981 0.024747930 0.984056711
1341846325.617990 0.790945053 0.112303898 0.321127653 0.111638345 -0.132164121 0.024055254 0.984627247
1341846325.653982 0.790372968 0.081595145 0.321112722 0.105657391 -0.130597368 0.019987835 0.985586762
1341846325.685819 0.786815226 0.089438356 0.334808707 0.111795962 -0.129089147 0.022087764 0.985063314
1341846325.717857 0.782627523 0.129585862 0.331297785 0.120294988 -0.127053529 0.034460202 0.983971059
1341846325.754083 0.775836766 0.122494921 0.328278005 0.121310644 -0.126145065 0.038578242 0.983810365
1341846325.786087 0.776895881 0.132234022 0.327182829 0.127838448 -0.125575960 0.040653810 0.982972682
1341846325.821856 0.773710012 0.170384780 0.334149241 0.135497227 -0.123613246 0.044048470 0.982048869
1341846325.853827 0.757984698 0.186612725 0.334906697 0.137627691 -0.121246651 0.047258973 0.981898367
1341846325.885958 0.741441011 0.179913104 0.336720198 0.133986682 -0.123788536 0.050514016 0.981922746
1341846325.921984 0.749531865 0.222270623 0.341828436 0.138955489 -0.127727106 0.058154725 0.980303586
1341846325.953899 0.822771490 0.161281452 0.363663524 0.130555823 -0.140759781 0.061767772 0.979452193
1341846325.985823 0.769360542 0.236399591 0.356294572 0.143430948 -0.128184766 0.060417574 0.979462087
1341846326.021991 0.755538464 0.206068560 0.345190048 0.140039325 -0.126312435 0.067386441 0.979741395
1341846326.054055 0.767071128 0.225093231 0.348299086 0.145883992 -0.128695682 0.071813032 0.978262782
1341846326.089984 0.776997089 0.247071177 0.344933987 0.149483144 -0.127647758 0.072202563 0.977828026
1341846326.121822 0.771981061 0.274568230 0.357411087 0.152614221 -0.123345427 0.070644528 0.978010297
1341846326.154079 0.768775403 0.267286271 0.354011297 0.151671439 -0.120744392 0.070176035 0.978515148
1341846326.190178 0.756071031 0.283653975 0.348476678 0.154721901 -0.119454578 0.073019840 0.977987647
1341846326.222162 0.744375050 0.332139343 0.374199837 0.158954516 -0.121376984 0.080056787 0.976520360
1341846326.259181 0.741938472 0.350596905 0.379509658 0.156936407 -0.124050692 0.083200321 0.976247966
1341846326.322766 0.753971159 0.386781037 0.390486896 0.152115777 -0.126167804 0.081449293 0.976887107
1341846326.359773 0.774494588 0.391228497 0.408581555 0.147251621 -0.129135177 0.083808340 0.977045119
1341846326.392109 0.772202373 0.387912929 0.412426531 0.145322084 -0.126962751 0.083448276 0.977649391
1341846326.423985 0.763656437 0.395072579 0.415331215 0.149314791 -0.125409201 0.088532113 0.976800740
1341846326.459869 0.753930449 0.419725657 0.411908001 0.152450293 -0.126797423 0.093663149 0.975658000
1341846326.526163 0.779682755 0.461222231 0.417156070 0.155590668 -0.128518835 0.094258606 0.974879324
1341846326.560211 0.776730835 0.471912444 0.421283275 0.151458532 -0.125151455 0.094339035 0.975959778
1341846326.591828 0.770856321 0.482847065 0.441701382 0.149556771 -0.122845218 0.095992006 0.976384819
1341846326.627027 0.762810826 0.503921032 0.452782780 0.151609018 -0.120845079 0.095792301 0.976337552
1341846326.658442 0.765999913 0.534392238 0.458022565 0.152390838 -0.117971517 0.095042899 0.976640463
1341846326.694856 0.768414259 0.537549019 0.447199345 0.147655562 -0.114875950 0.095327139 0.977708578
1341846326.726206 0.769427657 0.554837584 0.443131030 0.143043831 -0.114034064 0.093087517 0.978708029
1341846326.762753 0.774296403 0.571898401 0.447167784 0.138460457 -0.111925863 0.087915137 0.980087876
1341846326.826821 0.765084147 0.609094024 0.450319737 0.125551179 -0.105581708 0.083355598 0.982924879
1341846326.858887 0.756093860 0.596632838 0.468415558 0.116695911 -0.103420243 0.079778396 0.984541416
1341846326.895360 0.743943036 0.624203265 0.480507523 0.118128352 -0.103284553 0.082537398 0.984157264
1341846326.926897 0.743913829 0.635637939 0.482634783 0.120824762 -0.107491106 0.084199943 0.983238220
1341846326.958888 0.749718726 0.653084338 0.490630984 0.123779044 -0.110522725 0.087487645 0.982247114
1341846326.994594 0.762157440 0.689493179 0.491748631 0.128195226 -0.112118460 0.091059931 0.981174529
1341846327.026301 0.744597554 0.708206654 0.474433929 0.126923978 -0.107606977 0.088521421 0.982076883
1341846327.063945 0.770107150 0.710836530 0.500374675 0.124740668 -0.109651208 0.086695328 0.982293367
1341846327.094662 0.760648131 0.735167503 0.505980730 0.127169639 -0.106620505 0.084348209 0.982519865
1341846327.128901 0.755142808 0.734742165 0.508160114 0.125070497 -0.105705395 0.082061946 0.983081639
1341846327.161940 0.740672708 0.753929436 0.480219990 0.125154123 -0.104037844 0.079698004 0.983443320
1341846327.193867 0.787230670 0.764908731 0.524799109 0.126173362 -0.110185370 0.082949199 0.982374132
1341846327.229885 0.778238118 0.778806508 0.504798949 0.127240226 -0.105128497 0.078879170 0.983125627
1341846327.262014 0.762211025 0.783948243 0.485110700 0.125740334 -0.096786477 0.070135035 0.984836459
1341846327.294023 0.741095126 0.784208715 0.465108633 0.127948031 -0.081498019 0.060985629 0.986543536
1341846327.330015 0.701126754 0.787728012 0.439059138 0.127777606 -0.062377967 0.056608286 0.988219321
1341846327.361939 0.676555455 0.809537470 0.426714599 0.128135949 -0.054095056 0.051259212 0.988952637
1341846327.393887 0.641741157 0.821918309 0.412174284 0.128381267 -0.045771617 0.045029681 0.989644110
1341846327.429966 0.576572478 0.802921891 0.396375477 0.118941724 -0.033888165 0.041132193 0.991469920
1341846327.461965 0.540015101 0.791094422 0.383097410 0.106515802 -0.031943563 0.036338508 0.993133187
1341846327.497931 0.469644606 0.775434554 0.385980844 0.098090664 -0.019220134 0.031149106 0.994504154
1341846327.530068 0.416925430 0.772907436 0.378317952 0.094325796 -0.009620179 0.033078838 0.994945168
1341846327.561895 0.358365119 0.772196293 0.377368033 0.091279328 -0.002427830 0.037400350 0.995119810
1341846327.598010 0.326447576 0.770406842 0.381459683 0.091483377 -0.000165420 0.040407762 0.994986415
1341846327.629945 0.306005895 0.772367179 0.375720769 0.088707641 -0.001735271 0.038428206 0.995314658
1341846327.662003 0.300883263 0.772989511 0.380961955 0.088869624 -0.003414781 0.033964664 0.995458186
1341846327.697919 0.299700260 0.787792027 0.374525309 0.090301268 -0.003959431 0.036324013 0.995243967
1341846327.730075 0.300599486 0.824373007 0.378202349 0.089003019 -0.005742563 0.035234723 0.995391369
1341846327.766017 0.266396672 0.823385596 0.378819555 0.083351865 -0.000142542 0.035160664 0.995899677
1341846327.797917 0.294089705 0.853234231 0.386527836 0.081530295 -0.005169834 0.038934454 0.995896697
1341846327.830054 0.299934119 0.847820818 0.388999879 0.072889417 -0.006425685 0.037975457 0.996596038
1341846327.865944 0.290435374 0.872043192 0.389749408 0.072366372 -0.003038551 0.038088337 0.996645987
1341846327.898010 0.282812238 0.864682198 0.393964708 0.065888785 -0.001008307 0.038419701 0.997086525
1341846327.929991 0.285080761 0.876002908 0.394169152 0.062535599 -0.003148484 0.037260782 0.997341990
1341846327.966065 0.303349584 0.899278045 0.400425673 0.060253210 -0.005774552 0.033892632 0.997590840
1341846327.998073 0.302195370 0.904471815 0.399983734 0.053242814 -0.004998774 0.031395864 0.998075366
1341846328.034045 0.288786411 0.912601173 0.405271709 0.048102658 -0.001425061 0.028505785 0.998434544
1341846328.065993 0.292877018 0.902916014 0.402329624 0.040366121 -0.001343665 0.029340446 0.998753190
1341846328.098045 0.298019469 0.882445276 0.406919271 0.036849491 -0.002391340 0.032150146 0.998800635
1341846328.133967 0.292116433 0.886613965 0.397348344 0.040502511 -0.002383889 0.034802034 0.998570323
1341846328.166023 0.289699972 0.852485299 0.384495676 0.033768892 -0.004606756 0.034690395 0.998816848
1341846328.198018 0.267507732 0.843946874 0.388472676 0.035267048 -0.003650942 0.031428516 0.998876929
1341846328.234044 0.243118644 0.838400364 0.383755893 0.039506063 -0.000916873 0.029881742 0.998772025
1341846328.265899 0.284249872 0.830286026 0.386205733 0.041209679 -0.009850528 0.030363781 0.998640478
1341846328.302051 0.286039561 0.824731529 0.385584891 0.046549492 -0.010568854 0.032488327 0.998331606
1341846328.333917 0.278709710 0.800696969 0.378679156 0.047321893 -0.009392119 0.033269737 0.998281300
1341846328.366008 0.319942832 0.761020601 0.365635753 0.048965182 -0.016646301 0.029855272 0.998215377
1341846328.402010 0.272485465 0.730716109 0.371664703 0.059083540 -0.006554993 0.032466624 0.997703373
1341846328.433920 0.275698751 0.720635712 0.361543238 0.063332893 -0.009172512 0.033913203 0.997373879
1341846328.470003 0.240275264 0.705625296 0.367144406 0.065270916 -0.003845232 0.025994493 0.997521520
1341846328.502194 0.196848124 0.732750475 0.355698287 0.078819066 0.007772174 0.018010834 0.996695876
1341846328.534033 0.153011397 0.718767643 0.354525089 0.081371106 0.018424669 0.014687930 0.996405303
1341846328.570125 0.090010099 0.703571737 0.342338979 0.084247530 0.030100301 0.015959930 0.995862246
1341846328.602804 0.076552890 0.676982462 0.354439497 0.089251243 0.024560630 0.016590541 0.995568037
1341846328.672663 0.090410948 0.711102426 0.338293731 0.111895658 0.012243006 0.015691303 0.993520617
1341846328.702975 0.066272646 0.680562496 0.344490290 0.111238122 0.013598366 0.014202845 0.993599236
1341846328.770129 0.021864446 0.654335320 0.331972182 0.121604897 0.018831506 0.010089669 0.992348611
1341846328.802331 0.012249637 0.651480496 0.336746067 0.125288695 0.017547274 0.009124312 0.991923153
1341846328.838051 0.011060685 0.653778851 0.337311208 0.132032350 0.016332142 0.005663355 0.991094649
1341846328.869939 0.000567895 0.644032001 0.312075585 0.129691884 0.017759886 0.005906909 0.991377652
1341846328.904486 -0.003181865 0.628786922 0.317966074 0.125141039 0.014807765 0.006360094 0.992008090
1341846328.939814 0.005287058 0.615875840 0.316995561 0.130638242 0.011337892 0.005874183 0.991347849
1341846328.970217 0.011674741 0.609524429 0.305403143 0.133056015 0.008053834 0.010877129 0.991016090
1341846329.006232 0.008193200 0.600031137 0.303155005 0.134093106 0.006039677 0.015265019 0.990832746
1341846329.038243 0.003174733 0.611708701 0.301182866 0.143209040 0.006340397 0.013349077 0.989582121
1341846329.106125 0.003907919 0.596490920 0.294310898 0.143421590 0.006601108 0.011696379 0.989570558
1341846329.138340 0.025766077 0.557935417 0.284833848 0.140576258 0.002362729 0.011460589 0.990000725
1341846329.169991 0.024631958 0.558269441 0.279304653 0.142626897 0.001550702 0.010478172 0.989719808
1341846329.208656 0.014247627 0.545774102 0.277355075 0.142832696 0.002678050 0.009161049 0.989700854
1341846329.238169 0.019661041 0.545599222 0.269247591 0.142192841 0.001083038 0.009426594 0.989793539
1341846329.273827 0.022505324 0.506550074 0.265520722 0.135400236 -0.000654674 0.011060682 0.990729034
1341846329.306052 0.014901801 0.546923935 0.268028438 0.144211739 -0.001407756 0.008376393 0.989510417
1341846329.338104 0.026142346 0.514080107 0.258909136 0.134489954 -0.004760351 0.007759780 0.990873158
1341846329.373907 0.030366667 0.490924507 0.256003112 0.130061001 -0.006256076 0.006296600 0.991466284
1341846329.405985 0.028794099 0.489506066 0.250839114 0.132762790 -0.006901510 0.002950255 0.991119444
1341846329.442057 0.029401291 0.463309348 0.240354165 0.127131522 -0.007290543 -0.000832563 0.991858721
1341846329.473950 0.030734338 0.481238693 0.242823943 0.132411942 -0.008167210 -0.006613637 0.991139054
1341846329.506147 0.020661231 0.471962839 0.238308281 0.131862104 -0.008239446 -0.009784555 0.991185546
1341846329.542121 0.022676298 0.451177537 0.226971328 0.127426326 -0.012344914 -0.008749644 0.991732597
1341846329.574086 0.030313853 0.420311332 0.223030716 0.126060084 -0.015351089 -0.011813913 0.991833448
1341846329.606387 0.026420290 0.421878248 0.213018730 0.129651338 -0.014901817 -0.012440966 0.991369605
1341846329.641955 0.025443664 0.414691031 0.209965602 0.128704444 -0.016205840 -0.011831846 0.991479993
1341846329.681570 0.019014135 0.400120705 0.210532993 0.127449915 -0.018461723 -0.011651052 0.991604745
1341846329.748113 0.022960356 0.397283286 0.210962802 0.129783690 -0.018377954 -0.014175661 0.991270661
1341846329.810175 0.025935849 0.372818917 0.201668769 0.127446979 -0.016037021 -0.009149739 0.991673529
1341846329.842255 0.020483207 0.357902110 0.198393419 0.127812654 -0.015466560 -0.006280396 0.991657794
1341846329.874044 0.020932408 0.355317503 0.198777020 0.130016223 -0.015918517 -0.002414931 0.991381109
1341846329.910073 0.020841638 0.362738401 0.199157611 0.131285489 -0.016473958 0.000632970 0.991207540
1341846329.942009 0.018286681 0.362059176 0.204319984 0.127125204 -0.016996207 0.006086132 0.991722405
1341846329.978087 0.017710116 0.343735784 0.200985983 0.125601232 -0.017354136 0.005705364 0.991912603
1341846330.016305 0.012845193 0.349115938 0.196197301 0.127599880 -0.014952857 0.003276241 0.991707623
1341846330.048192 0.006199247 0.339544445 0.188313991 0.120995894 -0.013201397 0.007127023 0.992539644
1341846330.080418 0.020375242 0.341179430 0.196490884 0.120116174 -0.015656939 0.008221209 0.992602348
1341846330.115886 0.015043663 0.340735316 0.192450553 0.124989577 -0.013113693 0.008416292 0.992035687
1341846330.147839 0.019820748 0.323657632 0.192716941 0.122606620 -0.014549362 0.010405295 0.992294133
1341846330.181257 0.010698694 0.342398316 0.186579049 0.118903898 -0.013778957 0.012419034 0.992732465
1341846330.215852 0.002777432 0.321452469 0.191553771 0.111115962 -0.011179802 0.011236565 0.993681014
1341846330.247833 0.010707401 0.320892453 0.190386742 0.110455334 -0.012564053 0.010725413 0.993743837
1341846330.283913 0.012580931 0.339140117 0.189436823 0.108501762 -0.013869591 0.011861898 0.993928730
1341846330.316011 0.011508525 0.313058853 0.187382638 0.099480778 -0.014474977 0.010704127 0.994876623
1341846330.347868 0.008905865 0.298014104 0.183692485 0.096174911 -0.015787411 0.010905526 0.995179474
1341846330.383835 0.000358094 0.300058752 0.186474934 0.094951406 -0.014574297 0.008604848 0.995338023
1341846330.415934 0.006095641 0.288826257 0.188269988 0.094571956 -0.014838822 0.007702352 0.995377600
1341846330.452561 0.022659373 0.272401541 0.206578910 0.095323108 -0.022049161 0.009611305 0.995155692
1341846330.483903 0.000566107 0.282083929 0.174497008 0.095890738 -0.017152714 0.010490702 0.995188773
1341846330.515970 -0.001026080 0.282012373 0.178181112 0.095193505 -0.019612342 0.012972443 0.995180964
1341846330.552099 0.001257095 0.262577444 0.171172827 0.093942344 -0.021042857 0.016278759 0.995222151
1341846330.583876 0.002445624 0.294948190 0.167836189 0.097359121 -0.021863574 0.016122648 0.994878531
1341846330.619992 -0.008091884 0.281070471 0.159670472 0.090516381 -0.021036701 0.014549952 0.995566428
1341846330.652136 -0.005296258 0.280264765 0.162791535 0.084721744 -0.022964396 0.013549722 0.996047854
1341846330.683796 -0.010909898 0.271892101 0.157870546 0.079118937 -0.022020731 0.013069482 0.996536255
1341846330.719991 -0.018770080 0.257665426 0.149689138 0.075249083 -0.023443893 0.013625016 0.996796012
1341846330.752103 -0.016367074 0.258862436 0.146407306 0.077493407 -0.028605245 0.018148951 0.996417165
1341846330.787952 -0.018065911 0.263250619 0.140211001 0.078708388 -0.033699054 0.022102505 0.996082783
1341846330.819823 -0.019792724 0.266448706 0.137946442 0.078865238 -0.037765171 0.020576827 0.995957196
1341846330.852208 -0.017882375 0.273029178 0.138048440 0.078687467 -0.039734349 0.022146799 0.995860934
1341846330.914111 -0.022956844 0.284234375 0.132894218 0.069710843 -0.042832408 0.022911372 0.996383846
1341846330.949903 -0.034420013 0.274093688 0.123683147 0.066164263 -0.042127490 0.020961029 0.996698678
1341846330.981986 -0.031302679 0.285519212 0.127893820 0.068536632 -0.048610881 0.024125623 0.996171474
1341846331.014111 -0.031788550 0.287575155 0.129600942 0.068009727 -0.052290011 0.024252718 0.996018171
1341846331.082139 -0.033869099 0.277114570 0.124159656 0.068345763 -0.054963939 0.020612175 0.995933175
1341846331.114334 -0.037255887 0.283227772 0.121190570 0.068800017 -0.056844149 0.019225877 0.995824099
1341846331.149989 -0.033111993 0.271678299 0.127040446 0.068096951 -0.058183830 0.018601244 0.995806932
1341846331.181954 -0.043794028 0.285376757 0.123472810 0.073345609 -0.056887310 0.015760319 0.995558083
1341846331.218151 -0.042566381 0.282940328 0.110939510 0.070947222 -0.060836766 0.018719316 0.995447099
1341846331.249914 -0.036578637 0.284195364 0.122338526 0.069890223 -0.062542260 0.016014544 0.995463371
1341846331.318141 -0.037191402 0.275612235 0.098383933 0.079532988 -0.051764797 0.010085393 0.995436192
1341846331.349926 -0.028845374 0.292982340 0.122546032 0.080537997 -0.049939550 0.010280473 0.995446622
1341846331.382003 -0.047328103 0.259245396 0.114877656 0.079883836 -0.036779169 0.008197634 0.996091664
1341846331.418008 -0.034347422 0.286022484 0.109470442 0.090117373 -0.031998225 0.006697104 0.995394468
1341846331.450327 -0.017733723 0.288442671 0.128881961 0.092046984 -0.029710155 0.011672481 0.995242894
1341846331.486219 -0.018445786 0.303833693 0.102984846 0.093128286 -0.029251462 0.013483778 0.995132983
1341846331.518344 -0.018385068 0.290921181 0.135572836 0.091098122 -0.026458133 0.010481589 0.995435178
1341846331.550202 -0.044025540 0.273454696 0.140735373 0.091488846 -0.016509192 0.008035042 0.995636821
1341846331.586139 -0.027465966 0.297146112 0.147627950 0.096095547 -0.019689243 0.009798208 0.995129108
1341846331.617931 -0.033205710 0.303777933 0.150226489 0.096341655 -0.018349150 0.009383395 0.995134950
1341846331.654027 -0.009792081 0.292078376 0.170313954 0.095711134 -0.018399024 0.010614993 0.995182514
1341846331.686123 -0.016969511 0.303043157 0.177038372 0.098827511 -0.015369691 0.012928881 0.994901896
1341846331.717954 -0.022999605 0.309613377 0.177933306 0.095693059 -0.015799001 0.012983134 0.995200813
1341846331.754076 -0.025835758 0.303685844 0.184242591 0.094087452 -0.013707167 0.010348223 0.995415807
1341846331.785920 -0.033479091 0.309033841 0.193370730 0.098110840 -0.009424398 0.008658356 0.995093167
1341846331.818053 -0.002578848 0.317253530 0.213794142 0.099146381 -0.012918715 0.012697941 0.994907975
1341846331.853849 -0.010674632 0.311858833 0.210382909 0.098047301 -0.011431025 0.008658158 0.995078444
1341846331.885987 -0.001111145 0.322118372 0.230048239 0.103192948 -0.009403631 0.005602860 0.994601130
1341846331.922014 0.022773866 0.323905230 0.250576407 0.104669876 -0.010092260 0.006035106 0.994437516
1341846331.954037 0.038040332 0.312599838 0.267912686 0.102588378 -0.009296126 0.008758723 0.994641900
1341846331.986135 0.009712760 0.290852487 0.252069801 0.102585480 0.001137344 0.008116893 0.994690418
1341846332.022364 0.079446256 0.283752143 0.305605471 0.108275726 -0.006075076 0.014764921 0.993992686
1341846332.054175 -0.002103024 0.293408126 0.295979261 0.116734475 0.006341618 0.011575135 0.993075430
1341846332.086502 0.001873657 0.295317471 0.315321594 0.119529523 0.005692713 0.013345549 0.992724597
1341846332.122051 -0.000417212 0.299666286 0.323899001 0.121756382 0.007288950 0.011766902 0.992463470
1341846332.153983 0.000552285 0.328145266 0.340856403 0.123379290 0.006365764 0.010677491 0.992281735
1341846332.190165 -0.002852363 0.320877820 0.357239664 0.116287902 0.005037006 0.007768768 0.993172407
1341846332.254145 -0.006322435 0.288784832 0.385976076 0.113556772 0.005825690 0.005424256 0.993499637
1341846332.289948 -0.007142739 0.288446307 0.394293964 0.115013964 0.005203545 0.008267214 0.993315816
1341846332.322172 -0.009312390 0.284954935 0.405557096 0.115553930 0.005022055 0.009718315 0.993240952
1341846332.354003 -0.001532450 0.286353469 0.409716934 0.119123265 0.006739497 0.006904732 0.992832601
1341846332.390180 -0.002986541 0.304218411 0.413067460 0.122160748 0.011845700 0.004283880 0.992430389
1341846332.422055 -0.016493723 0.291046083 0.428714693 0.117691442 0.016334850 0.001129237 0.992915213
1341846332.458114 0.000464634 0.301813126 0.446498990 0.120584331 0.015924864 -0.001986085 0.992573321
1341846332.489993 -0.014402578 0.298099756 0.443996400 0.119868480 0.019803436 -0.000211004 0.992592216
1341846332.522130 -0.034706313 0.297472268 0.447945774 0.118682191 0.018569378 0.005118485 0.992745459
1341846332.558114 -0.044131059 0.313304305 0.476886451 0.122711055 0.014591975 0.011921495 0.992263556
1341846332.589874 -0.006489517 0.323653281 0.484484196 0.122809172 0.005527257 0.016519230 0.992277384
1341846332.621889 -0.007175541 0.313105434 0.468820363 0.115763888 0.006771912 0.016758401 0.993112326
1341846332.658202 -0.005830923 0.307431400 0.479520977 0.111834489 0.007603541 0.014208843 0.993596196
1341846332.690001 -0.003294130 0.312583536 0.489568979 0.110305794 0.008324619 0.015832556 0.993736744
1341846332.726000 -0.003641608 0.301410198 0.508149922 0.108009256 0.006630515 0.020751735 0.993911147
1341846332.758386 -0.010703897 0.301123887 0.502191246 0.108146377 0.005976516 0.019663755 0.993922532
1341846332.789937 -0.016592912 0.299209416 0.501656592 0.105855703 0.008860543 0.018223977 0.994175017
1341846332.825925 0.000395772 0.304040790 0.528997004 0.105070971 0.009026282 0.017116994 0.994276464
1341846332.857898 0.004774281 0.309438646 0.547612190 0.107526734 0.009813802 0.016367720 0.994018972
1341846332.894069 0.012307963 0.326617539 0.552511871 0.109532684 0.008216417 0.017668465 0.993792176
1341846332.926029 0.031444162 0.336000353 0.561110377 0.107598253 0.006160443 0.015957328 0.994047284
1341846332.958015 0.014420222 0.321981400 0.573424935 0.101807222 0.012576267 0.012442788 0.994646847
1341846332.994073 0.020018615 0.330075681 0.578130722 0.100322030 0.013115246 0.011399730 0.994803250
1341846333.026545 0.028603941 0.330531538 0.588779569 0.098080337 0.013337219 0.009898856 0.995039880
1341846333.057998 0.036279961 0.323612124 0.598584652 0.095649645 0.014964306 0.010360802 0.995248616
1341846333.094024 0.039884925 0.321391344 0.605834842 0.095995441 0.016267709 0.014244549 0.995146871
1341846333.126095 0.047313794 0.325399876 0.614399672 0.096738942 0.016994273 0.016719351 0.995024264
1341846333.161973 0.043804266 0.326542497 0.619373262 0.095281936 0.020969352 0.017161988 0.995081484
1341846333.195660 0.037111811 0.324800849 0.629119575 0.092361934 0.024603566 0.017874006 0.995261014
1341846333.226331 0.047378927 0.330312699 0.627435505 0.091780022 0.023259973 0.018206343 0.995341122
1341846333.262056 0.048501402 0.352194995 0.636986613 0.093442842 0.024037583 0.017198598 0.995185852
1341846333.294147 0.049820304 0.343496591 0.642845213 0.088973641 0.023819445 0.016570359 0.995611250
1341846333.326100 0.053549502 0.348421782 0.648436129 0.087880082 0.022232438 0.015110568 0.995768309
1341846333.362100 0.057834517 0.352393657 0.648467898 0.084707923 0.021439835 0.014581491 0.996068418
1341846333.394119 0.043275621 0.385411531 0.647692084 0.090514950 0.022863440 0.013665421 0.995538831
1341846333.429974 0.022993840 0.381273866 0.645390153 0.088462204 0.025339743 0.012975628 0.995672643
1341846333.462115 0.017359974 0.382042348 0.653527081 0.089011513 0.027231848 0.012328781 0.995581925
1341846333.494040 0.067206249 0.386182815 0.660515308 0.091940433 0.019286199 0.012476582 0.995499551
1341846333.529953 0.050942346 0.376732022 0.646580875 0.090323292 0.023072796 0.011826064 0.995574951
1341846333.562063 0.077071719 0.378403008 0.647077382 0.092327170 0.019608365 0.015404742 0.995416403
1341846333.594090 0.043290142 0.384259313 0.644524574 0.091984324 0.024794040 0.016956022 0.995307267
1341846333.629994 0.026500951 0.390982568 0.653420687 0.090051062 0.026358273 0.014847638 0.995477557
1341846333.662127 0.003802594 0.389680266 0.652464390 0.086688101 0.029853936 0.013359486 0.995698452
1341846333.697964 -0.019882329 0.379617751 0.665579855 0.082510449 0.034392718 0.015560848 0.995875001
1341846333.730092 -0.050573647 0.376044869 0.659901023 0.083429717 0.039765809 0.016798409 0.995578229
1341846333.762089 -0.060951717 0.373776376 0.657237709 0.085025489 0.042725932 0.017155504 0.995314419
1341846333.798006 -0.090528846 0.364902198 0.652667463 0.084281437 0.047837500 0.019448441 0.995103002
1341846333.830055 -0.101714402 0.361538827 0.648538649 0.085421070 0.051135492 0.016118851 0.994901299
1341846333.866045 -0.129885644 0.356650054 0.645091534 0.085300431 0.057212435 0.015995225 0.994582713
1341846333.897987 -0.146986544 0.355047107 0.653419852 0.086833388 0.060623154 0.014838823 0.994265854
1341846333.930099 -0.168455303 0.345768601 0.652681708 0.087327972 0.065381870 0.013660099 0.993937850
1341846333.965889 -0.192318261 0.341648132 0.652517796 0.088365316 0.070782498 0.012795113 0.993487656
1341846333.997985 -0.215196311 0.335230678 0.651634872 0.088932738 0.075749427 0.012643674 0.993072569
1341846334.030076 -0.234182686 0.335149139 0.648423076 0.091458775 0.079913400 0.012398468 0.992519736
1341846334.066000 -0.248928308 0.329803109 0.650364161 0.093123317 0.081666626 0.016555035 0.992161512
1341846334.097932 -0.266187668 0.328658909 0.654128551 0.094354764 0.084834188 0.016255891 0.991784275
1341846334.133884 -0.281452537 0.333777726 0.651841283 0.097089313 0.088285536 0.016286936 0.991218448
1341846334.166115 -0.295298517 0.326608598 0.649597883 0.095452175 0.088753566 0.018249230 0.991301477
1341846334.198072 -0.308878720 0.326397657 0.651980102 0.096219622 0.089571424 0.017347056 0.991169930
1341846334.234097 -0.321820587 0.324502558 0.651419878 0.095745273 0.092565693 0.016340077 0.990957856
1341846334.266045 -0.338409394 0.320647329 0.654351294 0.095356122 0.096913837 0.016900850 0.990570188
1341846334.297946 -0.337528199 0.333245873 0.642756581 0.099212125 0.093311951 0.019206187 0.990495324
1341846334.334036 -0.336462110 0.339612514 0.641317606 0.100639991 0.091102779 0.019664777 0.990547895
1341846334.365871 -0.326738000 0.338627309 0.633587480 0.099446163 0.089024231 0.018280121 0.990883946
1341846334.401845 -0.333808243 0.335582167 0.626770735 0.097251534 0.090559423 0.017698323 0.990973234
1341846334.433864 -0.339753479 0.325638473 0.617273569 0.095455520 0.089620739 0.019711316 0.991195142
1341846334.466105 -0.334921628 0.333413452 0.612571061 0.097383685 0.086687893 0.019446233 0.991273642
1341846334.502142 -0.341265947 0.333905131 0.603805661 0.095808946 0.085528627 0.020750165 0.991501331
1341846334.540153 -0.317747116 0.317412585 0.585391760 0.092288554 0.079421349 0.020086130 0.992356598
1341846334.602351 -0.362785935 0.329972655 0.582998514 0.088308573 0.082863912 0.013766482 0.992545068
1341846334.670161 -0.337041318 0.327434242 0.548866868 0.082466707 0.073933624 0.007532602 0.993819058
1341846334.702085 -0.357308090 0.297860205 0.531260967 0.076091729 0.074701041 0.008817680 0.994259596
1341846334.734751 -0.357903898 0.298045695 0.522290587 0.076078348 0.071755417 0.010174002 0.994464576
1341846334.770889 -0.354282111 0.297575712 0.509639919 0.075670391 0.068455786 0.013883543 0.994683385
1341846334.802194 -0.351916432 0.296734869 0.498805910 0.074840099 0.064839445 0.014923339 0.994973421
1341846334.833908 -0.341279149 0.299086004 0.487408698 0.074156262 0.060686842 0.013977657 0.995300233
1341846334.869874 -0.352247477 0.291908920 0.471971393 0.071110032 0.062056951 0.011471683 0.995470107
1341846334.902006 -0.343856812 0.291573137 0.455470860 0.069590963 0.057773549 0.013231386 0.995813370
1341846334.938010 -0.327702403 0.288903415 0.445370942 0.068220645 0.050959229 0.013513469 0.996276319
1341846334.970032 -0.316941619 0.287014455 0.435077667 0.067695439 0.048473619 0.011092700 0.996466041
1341846335.002203 -0.296296954 0.303678185 0.425626546 0.072940551 0.043908309 0.013502094 0.996277809
1341846335.037880 -0.297415346 0.297716886 0.406778544 0.072857499 0.040661480 0.016891817 0.996369958
1341846335.069990 -0.285972536 0.305287123 0.405932546 0.074292876 0.035896178 0.014688839 0.996481955
1341846335.106038 -0.275986165 0.304294705 0.389621258 0.074627794 0.034512132 0.014102054 0.996514261
1341846335.138045 -0.263561189 0.319845617 0.385867178 0.079126477 0.032624781 0.014159390 0.996229947
1341846335.169900 -0.277210921 0.304300338 0.358240396 0.075529784 0.031613607 0.014903127 0.996530831
1341846335.206091 -0.281773061 0.299659073 0.359994292 0.074141122 0.030486386 0.011644864 0.996713638
1341846335.239365 -0.257973075 0.298211753 0.346261889 0.073858939 0.026902039 0.011051802 0.996844530
1341846335.269948 -0.286168128 0.297406703 0.342539638 0.075397722 0.033125948 0.008016780 0.996570885
1341846335.305972 -0.286440969 0.281921864 0.324929446 0.074019417 0.030826215 0.009592839 0.996734083
1341846335.338012 -0.286425382 0.291527450 0.321587503 0.077541590 0.029283391 0.010800106 0.996500432
1341846335.374005 -0.282432258 0.284072459 0.315950394 0.081600554 0.030734038 0.012233579 0.996115983
1341846335.406025 -0.288781822 0.283496201 0.303254426 0.087925784 0.033504151 0.013995126 0.995465040
1341846335.438079 -0.292475492 0.294745207 0.289373815 0.093905233 0.034230337 0.016910205 0.994848788
1341846335.473998 -0.298381329 0.301331401 0.282596171 0.096638553 0.036720507 0.017482590 0.994488299
1341846335.507038 -0.297540158 0.306781620 0.276438296 0.097788624 0.038986068 0.015279428 0.994325936
1341846335.538040 -0.303033203 0.310003966 0.265666097 0.096716866 0.041722097 0.013655345 0.994343340
1341846335.574119 -0.307936013 0.313529104 0.256758362 0.094478279 0.041531023 0.014507641 0.994554460
1341846335.605970 -0.310146719 0.301983535 0.239567146 0.091488689 0.040956803 0.013457188 0.994872451
1341846335.641978 -0.304949343 0.305152237 0.235238269 0.092515804 0.041273389 0.011705767 0.994786561
1341846335.673993 -0.320440054 0.307452470 0.222023606 0.092013322 0.043705080 0.010827609 0.994739234
1341846335.706178 -0.318074077 0.301809520 0.212253630 0.090765364 0.041607827 0.012668543 0.994922101
1341846335.741982 -0.317826062 0.310032338 0.200876087 0.092592023 0.041380402 0.012262594 0.994768322
1341846335.773960 -0.321562737 0.315990597 0.190499842 0.092992365 0.041855242 0.011200396 0.994723618
1341846335.806271 -0.324204326 0.320232064 0.177147031 0.090858787 0.041344158 0.011686575 0.994936585
1341846335.842031 -0.323843271 0.313316196 0.173699856 0.088326186 0.042032130 0.011955559 0.995132565
1341846335.873966 -0.323503435 0.316540360 0.164294705 0.089462139 0.043315452 0.011600697 0.994980276
1341846335.910005 -0.333520651 0.321388423 0.153621733 0.089247927 0.043764226 0.013204221 0.994959891
1341846335.941936 -0.337788105 0.320318967 0.140772283 0.087917291 0.041810945 0.014424421 0.995145380
1341846335.974198 -0.337186664 0.321079284 0.133860111 0.087641448 0.040929694 0.011731197 0.995241761
1341846336.010032 -0.342936724 0.321411103 0.122144520 0.087212406 0.041204203 0.010672614 0.995280027
1341846336.042129 -0.346833736 0.322800338 0.109437875 0.086137429 0.039922833 0.011634059 0.995415032
1341846336.078076 -0.348304898 0.322016984 0.101720318 0.086324506 0.037998281 0.010470380 0.995487094
1341846336.110739 -0.351332039 0.325069904 0.097532310 0.086888529 0.038170278 0.008748957 0.995448053
1341846336.142002 -0.358062893 0.325109124 0.086865768 0.086290553 0.038067099 0.011272655 0.995478690
1341846336.183953 -0.360746175 0.326591164 0.072127663 0.085683472 0.035365265 0.012400058 0.995617330
1341846336.241891 -0.363326818 0.331333876 0.066996545 0.084434927 0.034724478 0.011223198 0.995760500
1341846336.277946 -0.380204320 0.327682018 0.075205758 0.085152492 0.036374513 0.012767912 0.995621860
1341846336.309977 -0.350025713 0.337391227 0.034428742 0.088149466 0.029218283 0.018909218 0.995499074
1341846336.346143 -0.289022058 0.354414970 0.020512037 0.092069745 0.017967276 0.018421996 0.995419979
1341846336.377975 -0.232557774 0.371607780 0.007998601 0.095569454 0.009116737 0.015199121 0.995264947
1341846336.410032 -0.180405602 0.377666563 -0.000971593 0.096902408 0.001293577 0.016141135 0.995162129
1341846336.446041 -0.132801935 0.387409776 -0.009510450 0.097457699 -0.006909534 0.015416485 0.995096266
1341846336.477990 -0.092165828 0.398144454 -0.020494342 0.097863339 -0.012916524 0.014382636 0.995012105
1341846336.510056 -0.037693501 0.401748210 -0.016561449 0.099015020 -0.021002155 0.013528931 0.994772255
1341846336.546024 0.010088410 0.406120956 -0.025621630 0.100587219 -0.028662562 0.014861574 0.994404256
1341846336.578003 0.059414648 0.411868691 -0.034106456 0.100281484 -0.037009288 0.015781127 0.994145334
1341846336.614020 0.106726520 0.415875018 -0.029747546 0.100191481 -0.043162342 0.013917198 0.993934095
1341846336.645982 0.123058096 0.400499642 -0.033762611 0.096197352 -0.044663072 0.014087012 0.994259953
1341846336.678036 0.159252778 0.397570968 -0.042692862 0.093732618 -0.052619498 0.015995301 0.994077206
1341846336.714024 0.186630860 0.395848513 -0.037308514 0.095578045 -0.059769865 0.015376478 0.993506908
1341846336.746016 0.184761971 0.397094637 -0.043303907 0.099241175 -0.062018100 0.017672146 0.992971599
1341846336.778014 0.185697585 0.401108056 -0.054497838 0.101054087 -0.066888250 0.022930473 0.992364943
1341846336.820006 0.241349757 0.410010070 -0.041785210 0.102873579 -0.079352826 0.023118425 0.991254628
1341846336.882056 0.348877192 0.381591648 -0.009587809 0.099445678 -0.099777140 0.025826745 0.989690900
1341846336.914273 0.350700676 0.360592425 -0.000620186 0.099065229 -0.105475292 0.029129105 0.989046276
1341846336.945998 0.408288866 0.330506712 0.020033911 0.099893019 -0.120823584 0.033173699 0.987077773
1341846336.981980 0.420435965 0.357234448 0.006458774 0.104499675 -0.125965089 0.033488628 0.985946834
1341846337.014238 0.412279725 0.352240682 -0.000604972 0.100789793 -0.125851139 0.030300098 0.986450613
1341846337.046017 0.450292677 0.337593585 0.018933967 0.094101824 -0.136293784 0.027879359 0.985794902
1341846337.082104 0.421665400 0.341169775 -0.021535218 0.094725594 -0.130621046 0.022604305 0.986637831
1341846337.114317 0.418410569 0.332372427 -0.025677145 0.092408322 -0.132300675 0.021706833 0.986653984
1341846337.150037 0.389908224 0.361138046 -0.030430213 0.095861122 -0.129354388 0.021325111 0.986723542
1341846337.181873 0.321218759 0.395551771 -0.069640517 0.102061771 -0.115733884 0.011992558 0.987950027
1341846337.214073 0.260373741 0.388731062 -0.078855649 0.099369772 -0.105798036 0.009671506 0.989362895
1341846337.250087 0.290908068 0.380358070 -0.063952044 0.095374495 -0.113658994 0.013403039 0.988840580
1341846337.282028 0.325159162 0.382597536 -0.063651159 0.096208222 -0.123161264 0.017398063 0.987558901
1341846337.317920 0.347715497 0.377190977 -0.051725805 0.095248096 -0.126937181 0.016788863 0.987184346
1341846337.350018 0.367558479 0.373814732 -0.047275081 0.092679001 -0.129760042 0.018037505 0.987039804
1341846337.382159 0.376981139 0.368901253 -0.037777513 0.090404719 -0.130640194 0.014695648 0.987190068
1341846337.417941 0.390454799 0.358088762 -0.033659577 0.088511758 -0.133393228 0.017250022 0.986952066
1341846337.450137 0.391797692 0.358833075 -0.042512640 0.089259312 -0.134661719 0.017860075 0.986701608
1341846337.482096 0.391438603 0.360107392 -0.037525728 0.088617399 -0.134761468 0.017637355 0.986749828
1341846337.518008 0.394784272 0.364989489 -0.038138211 0.090414621 -0.135482877 0.017509151 0.986490250
1341846337.549978 0.397117764 0.372124642 -0.045911685 0.090712495 -0.136259541 0.016385099 0.986375272
1341846337.585971 0.398631930 0.371391833 -0.038754046 0.088542089 -0.137065530 0.015170312 0.986480176
1341846337.617903 0.399649054 0.366410732 -0.026824504 0.089915782 -0.137952268 0.014986021 0.986235142
1341846337.650141 0.411391020 0.371425152 -0.032052666 0.092053071 -0.139752224 0.015876990 0.985770464
1341846337.686352 0.417122424 0.372336686 -0.031016439 0.090140134 -0.140323684 0.016089324 0.985862613
1341846337.718002 0.424719661 0.372246414 -0.018617153 0.088803582 -0.141046837 0.015672507 0.985887468
1341846337.749920 0.436321408 0.378326714 -0.016227052 0.089123555 -0.140188545 0.015455908 0.985984445
1341846337.786157 0.448821992 0.381419390 -0.008333683 0.085888274 -0.139555186 0.016379274 0.986346424
1341846337.817945 0.462578624 0.377178401 0.008663535 0.083223209 -0.139868066 0.017720759 0.986507356
1341846337.854071 0.475184977 0.379008532 0.001869231 0.082002081 -0.137511343 0.016606838 0.986960232
1341846337.885951 0.489381969 0.382460445 0.008777142 0.078648843 -0.137212679 0.016063306 0.987283647
1341846337.918223 0.490106761 0.386835933 0.015827268 0.075506397 -0.136125714 0.013178629 0.987722099
1341846337.954120 0.502136886 0.381997436 0.032959297 0.072662763 -0.136811614 0.013477398 0.987836599
1341846337.985994 0.512046278 0.390992582 0.041869357 0.070873462 -0.137434006 0.013660797 0.987877667
1341846338.018107 0.520150721 0.389690608 0.057927817 0.067764759 -0.137589693 0.013993717 0.988069415
1341846338.054055 0.530081034 0.389557242 0.063842222 0.065459795 -0.137080967 0.011906050 0.988322854
1341846338.085986 0.553969562 0.391336530 0.088975020 0.062241256 -0.137952834 0.013486006 0.988389194
1341846338.121875 0.585427403 0.384938657 0.121047653 0.058577456 -0.142474830 0.018096583 0.987897813
1341846338.154089 0.544041276 0.395479023 0.096119054 0.060362529 -0.134665951 0.017607674 0.988894045
1341846338.186029 0.547044396 0.401063740 0.107809834 0.060081802 -0.135630801 0.019530375 0.988743126
1341846338.222071 0.544491768 0.406116515 0.108568110 0.059860539 -0.133361921 0.017350525 0.989105821
1341846338.254107 0.542016983 0.399564743 0.119689323 0.057702262 -0.131735653 0.018036969 0.989439666
1341846338.290130 0.540743232 0.402203619 0.126723409 0.058903389 -0.131653562 0.019611454 0.989349842
1341846338.321952 0.538574874 0.407058418 0.133047923 0.058967970 -0.130639195 0.021682663 0.989437222
1341846338.354022 0.543011010 0.403443068 0.147386879 0.058247872 -0.130984649 0.022122798 0.989424467
1341846338.389969 0.538717210 0.414800197 0.147651225 0.059597321 -0.129340500 0.021496421 0.989574194
1341846338.422377 0.535298169 0.413395703 0.158691347 0.057720765 -0.128723606 0.021623679 0.989763081
1341846338.454010 0.534400463 0.415040284 0.165528223 0.056979746 -0.129143894 0.020538278 0.989774406
1341846338.489894 0.533601940 0.412647545 0.173942044 0.055426367 -0.129553065 0.020227382 0.989815533
1341846338.522066 0.529769778 0.417040914 0.182952553 0.057588857 -0.128659353 0.019688765 0.989819467
1341846338.558058 0.535557330 0.418691695 0.192180008 0.056492012 -0.129684210 0.019404527 0.989754558
1341846338.589842 0.533326626 0.412049681 0.194804788 0.054281797 -0.129165173 0.017979637 0.989973009
1341846338.622019 0.529212773 0.412073016 0.211995631 0.055111621 -0.128042728 0.018910391 0.990055621
1341846338.657984 0.529332101 0.415848166 0.213850781 0.055335294 -0.128393874 0.021111585 0.989953160
1341846338.690198 0.531238794 0.418532699 0.223439023 0.053794786 -0.129299372 0.020000558 0.989943326
1341846338.722454 0.509565353 0.417186379 0.233424991 0.053992301 -0.123718783 0.020115279 0.990643144
1341846338.757945 0.528296471 0.416194439 0.237218767 0.052967638 -0.128236011 0.021968124 0.990084529
1341846338.790039 0.526778638 0.417249560 0.248058975 0.051385615 -0.130101115 0.021786414 0.989928544
1341846338.826048 0.527213573 0.416351765 0.254878312 0.052234292 -0.128808796 0.018986812 0.990110755
1341846338.858027 0.531685114 0.411908686 0.260951221 0.050190262 -0.129131541 0.018140644 0.990190327
1341846338.889902 0.523086786 0.416452467 0.270560056 0.049383387 -0.127919078 0.018199194 0.990387201
1341846338.925948 0.525610149 0.416986376 0.280231059 0.049678691 -0.127377108 0.014990973 0.990495980
1341846338.958108 0.523985028 0.416720361 0.287220895 0.049994152 -0.125092223 0.014456172 0.990779281
1341846338.990057 0.515744865 0.423316091 0.298159957 0.052531626 -0.123522893 0.015945338 0.990822017
1341846339.025928 0.524513900 0.414900392 0.315127045 0.052756540 -0.124329820 0.015552603 0.990715384
1341846339.057939 0.531867504 0.414032400 0.318599641 0.054503985 -0.123976409 0.016430449 0.990650892
1341846339.093927 0.521067083 0.415905714 0.323382556 0.053383455 -0.122428790 0.018152403 0.990874290
1341846339.126562 0.523164868 0.410506397 0.328422219 0.048975945 -0.122991391 0.015727164 0.991073728
1341846339.157969 0.522456706 0.418871194 0.347249746 0.048802778 -0.120536380 0.013476083 0.991416991
1341846339.194113 0.521169126 0.418939918 0.356427222 0.046282616 -0.119839922 0.015726369 0.991589129
1341846339.228165 0.533514500 0.411346138 0.369886935 0.040241208 -0.124678992 0.018000647 0.991217315
1341846339.257998 0.527417064 0.414061725 0.382747591 0.039773982 -0.121689074 0.017133093 0.991623044
1341846339.294132 0.526661992 0.408119768 0.389201939 0.037599239 -0.119609259 0.018735157 0.991931915
1341846339.326577 0.525083601 0.424339652 0.387846053 0.035457518 -0.121358268 0.020970365 0.991753578
1341846339.362269 0.524687827 0.426510274 0.393383384 0.033456124 -0.121914789 0.016868321 0.991833091
1341846339.394725 0.533240080 0.422307909 0.421573341 0.031188298 -0.122530788 0.018097326 0.991809428
1341846339.462186 0.536552489 0.418242931 0.433331072 0.027857201 -0.123438187 0.016305702 0.991827190
1341846339.496743 0.565522075 0.430584490 0.448577642 0.032705590 -0.123318255 0.016332321 0.991693616
1341846339.562052 0.538375139 0.409504801 0.469615966 0.030231470 -0.117285714 0.020195227 0.992432475
1341846339.595122 0.541321993 0.413039505 0.484192669 0.033104211 -0.116633803 0.017874539 0.992462158
1341846339.632085 0.544591904 0.419471860 0.484983712 0.036055561 -0.113128081 0.016179537 0.992794156
1341846339.664568 0.543757021 0.418845654 0.489996225 0.036963165 -0.110105395 0.013166987 0.993145049
1341846339.698896 0.569977522 0.424146920 0.494269669 0.037973743 -0.111645773 0.011402729 0.992956758
1341846339.731977 0.572600007 0.417356938 0.504208684 0.037364628 -0.111629851 0.009994075 0.992996871
1341846339.762241 0.547872663 0.406467855 0.529420555 0.036316868 -0.107717276 0.010945559 0.993457735
1341846339.797873 0.544472158 0.405818135 0.536557913 0.036175583 -0.106820442 0.012540948 0.993540883
1341846339.830245 0.546752274 0.402198344 0.545842707 0.035404813 -0.107620396 0.012657085 0.993480802
1341846339.862015 0.548335254 0.407422006 0.552578926 0.036129400 -0.107486442 0.011994961 0.993477464
1341846339.897797 0.549822092 0.403862208 0.561981499 0.035008278 -0.106227741 0.011047289 0.993663967
1341846339.929916 0.548447192 0.396901995 0.570136726 0.033753440 -0.105217509 0.013245787 0.993787944
1341846339.961960 0.549980879 0.393680274 0.579860568 0.034657795 -0.106316380 0.013683031 0.993633986
1341846339.997845 0.556383550 0.397360504 0.584522724 0.037076440 -0.105454437 0.013517594 0.993640780
1341846340.029925 0.561543226 0.391598880 0.592342794 0.036548957 -0.104127541 0.016027056 0.993762910
1341846340.066044 0.557494998 0.390300304 0.593432903 0.038599215 -0.101899825 0.017343648 0.993894219
1341846340.098009 0.562925577 0.403883338 0.609903097 0.041652247 -0.102468207 0.017764132 0.993705094
1341846340.130102 0.554310441 0.399753928 0.611502707 0.040761437 -0.100329325 0.014730630 0.994009793
1341846340.166041 0.546429574 0.398453534 0.628298163 0.042352207 -0.096917458 0.012851737 0.994307876
1341846340.197867 0.560399413 0.391005069 0.618217111 0.041674424 -0.096869089 0.014991327 0.994311273
1341846340.229904 0.562725663 0.400603980 0.632964730 0.042318802 -0.097551115 0.014791221 0.994220376
1341846340.265859 0.563919425 0.398734480 0.637785733 0.042033326 -0.095809318 0.011744186 0.994442463
1341846340.298061 0.553233385 0.395734906 0.637371778 0.043589737 -0.091545179 0.013325009 0.994757175
1341846340.334063 0.557026267 0.392883599 0.645923257 0.041430376 -0.094062604 0.017885188 0.994543016
1341846340.366064 0.560535610 0.383230090 0.655844510 0.038820483 -0.096284874 0.015958708 0.994468451
1341846340.397995 0.563676775 0.383855671 0.656375289 0.041155890 -0.095762059 0.015658425 0.994429767
1341846340.433895 0.563466847 0.385950506 0.663552999 0.041951310 -0.096024811 0.016972592 0.994349658
1341846340.465959 0.562170982 0.384396732 0.668453693 0.042093661 -0.098542176 0.017890116 0.994081199
1341846340.501858 0.570966363 0.386285573 0.682763278 0.043410171 -0.102965780 0.016629878 0.993598044
1341846340.534329 0.578637540 0.391869694 0.696000278 0.044986665 -0.105356611 0.016449444 0.993280232
1341846340.566041 0.573890805 0.398449183 0.703973234 0.049074087 -0.104736939 0.014482432 0.993182838
1341846340.601909 0.577458799 0.397558331 0.708144724 0.050835572 -0.105942495 0.015800450 0.992946267
1341846340.634005 0.586506188 0.385504603 0.671182275 0.048289299 -0.106441945 0.015862631 0.993018925
1341846340.666028 0.598180830 0.384270519 0.663740695 0.047967814 -0.107289709 0.014341477 0.992966413
1341846340.701946 0.598283708 0.382459730 0.660711646 0.049506396 -0.105553217 0.013259867 0.993092000
1341846340.733954 0.600105643 0.385504901 0.658788025 0.050942842 -0.103805974 0.011476993 0.993225753
1341846340.770081 0.594587207 0.388260871 0.660737514 0.050717760 -0.102132104 0.009248262 0.993434012
1341846340.801980 0.607520998 0.381306410 0.657699704 0.050086580 -0.102672316 0.004324801 0.993444026
1341846340.833999 0.603454113 0.387103438 0.656052828 0.051109668 -0.099384420 0.000321628 0.993735611
1341846340.870013 0.600792885 0.384345442 0.657967210 0.049531866 -0.099116057 -0.001039646 0.993841767
1341846340.901955 0.604632556 0.378470182 0.658751309 0.049617548 -0.100023888 -0.000783868 0.993746758
1341846340.933918 0.601185381 0.381028831 0.655353367 0.051943660 -0.100048073 0.000934707 0.993625343
1341846340.970122 0.596251547 0.385805190 0.656518042 0.053388525 -0.102458090 0.005614449 0.993287683
1341846341.001922 0.601912141 0.380723894 0.652589738 0.053416226 -0.107592866 0.011260618 0.992695153
1341846341.037923 0.603877783 0.382268906 0.646663785 0.054457787 -0.109873928 0.013427149 0.992361724
1341846341.070300 0.607592762 0.382938266 0.643642247 0.054769050 -0.111251958 0.014481611 0.992176175
1341846341.102028 0.604768515 0.384915650 0.637726188 0.054830622 -0.112215310 0.014711418 0.992060900
1341846341.137982 0.606807351 0.384171724 0.639217615 0.054631870 -0.114481978 0.014694641 0.991813123
1341846341.170048 0.605503678 0.381104410 0.637085617 0.054994106 -0.114385672 0.015138476 0.991797566
1341846341.202110 0.608668804 0.377414405 0.635032117 0.055668358 -0.115326680 0.016597979 0.991627574
1341846341.237996 0.609764814 0.380470961 0.633609831 0.057721008 -0.115112267 0.018165428 0.991507649
1341846341.269883 0.607230902 0.381331593 0.634601474 0.058892012 -0.114371270 0.018587146 0.991516769
1341846341.306107 0.605760455 0.389564663 0.626132727 0.061371837 -0.114342064 0.016403848 0.991408229
1341846341.338109 0.611038387 0.387957096 0.625988364 0.061972540 -0.114522435 0.015500412 0.991364598
1341846341.370120 0.610074282 0.381712526 0.621864438 0.061682936 -0.113147184 0.013120672 0.991574883
1341846341.406074 0.606794834 0.385167867 0.620270491 0.062251624 -0.112533204 0.013366275 0.991605937
1341846341.438113 0.607893765 0.380235881 0.620050609 0.063072070 -0.114578076 0.013844587 0.991313338
1341846341.470024 0.610676289 0.387429267 0.617407799 0.067159042 -0.114394963 0.010311951 0.991109014
1341846341.506077 0.609648824 0.394517392 0.615648270 0.067816243 -0.113310918 0.008978705 0.991201758
1341846341.538156 0.603431880 0.388274997 0.612998307 0.066037856 -0.114361316 0.009204614 0.991199136
1341846341.574016 0.610162973 0.388991803 0.616210341 0.067117251 -0.117714249 0.010538151 0.990720749
1341846341.612466 0.606823802 0.394174725 0.614769578 0.067898795 -0.117993608 0.011717325 0.990621030
1341846341.643972 0.605137408 0.395607889 0.612510741 0.067379162 -0.119083382 0.009688457 0.990548015
1341846341.679982 0.603210449 0.393105745 0.620078802 0.067177929 -0.120375156 0.009465226 0.990407646
1341846341.712332 0.598450065 0.393368214 0.603145421 0.067186341 -0.121612981 0.012688177 0.990219831
1341846341.744185 0.603131652 0.391296089 0.604310215 0.067241736 -0.124245502 0.014370262 0.989866197
1341846341.780061 0.607306719 0.393575460 0.602642596 0.067560352 -0.125628516 0.017104583 0.989626467
1341846341.842595 0.610040843 0.386084318 0.601543844 0.068576612 -0.126662344 0.021624289 0.989336312
1341846341.906227 0.612980127 0.384775013 0.598525763 0.071325414 -0.128178939 0.027732251 0.988794088
1341846341.942069 0.614287674 0.374779880 0.591352820 0.073451087 -0.128272340 0.029261548 0.988582253
1341846341.974775 0.613221824 0.372650623 0.588209569 0.075964935 -0.128081232 0.030801170 0.988370299
1341846342.010161 0.616419733 0.380577981 0.584246039 0.077513427 -0.129981086 0.032862421 0.987935543
1341846342.042024 0.615961790 0.373217165 0.581142843 0.079156056 -0.129896224 0.030995693 0.987876773
1341846342.080032 0.627299488 0.370462269 0.573224008 0.079624087 -0.128903583 0.031976942 0.987937927
1341846342.112265 0.618119717 0.372010112 0.578171968 0.080503114 -0.127461612 0.035217933 0.987943590
1341846342.147954 0.619791627 0.365987480 0.579418540 0.082207754 -0.129016176 0.036970694 0.987537265
1341846342.179852 0.621890843 0.371071160 0.571844339 0.085302286 -0.128180772 0.038114801 0.987340093
1341846342.211848 0.624769330 0.367554516 0.579694271 0.085380144 -0.128493235 0.038235586 0.987288058
1341846342.247920 0.625231802 0.367443174 0.581611276 0.086878300 -0.128464565 0.037603617 0.987185359
1341846342.279870 0.627600670 0.371010363 0.570428491 0.088413052 -0.127676487 0.039059378 0.987094820
1341846342.316068 0.629766643 0.369286060 0.572857261 0.089443274 -0.128161997 0.039700214 0.986913562
1341846342.347894 0.631819963 0.372812092 0.569238663 0.090147473 -0.128162131 0.039132237 0.986872137
1341846342.379953 0.629243791 0.372460037 0.570389986 0.090400033 -0.127119020 0.039738487 0.986959696
1341846342.416195 0.628911734 0.370830029 0.572640479 0.090444021 -0.127262756 0.041094985 0.986881614
