1341846313.592026 0.000000000 0.000000000 0.000000000 0.000000000 0.000000000 0.000000000 1.000000000
1341846313.654184 -0.001243997 -0.003014720 -0.002576491 -0.001081162 -0.002031933 0.003957150 0.999989510
1341846313.686156 0.012298933 0.002429861 0.009180994 0.000573872 -0.005212835 0.004940449 0.999974012
1341846313.721918 0.016540024 0.008585416 0.007299095 0.001358031 -0.005913795 0.005612033 0.999965847
1341846313.753994 0.026270578 0.006599384 0.005196825 0.000510642 -0.007101054 0.007225413 0.999948561
1341846313.789969 0.034617845 0.006904832 0.003711842 0.001751401 -0.008092029 0.005670328 0.999949634
1341846313.822075 0.049529344 0.008005392 0.002768805 0.001565870 -0.008396368 0.005131896 0.999950349
1341846313.853928 0.049322031 0.011041175 0.014680799 0.001490853 -0.005481121 0.002498918 0.999980748
1341846313.890011 0.062295143 0.010445028 0.005940928 0.001015183 -0.004527703 0.004344978 0.999979794
1341846313.922055 0.066087775 0.014440615 0.008915688 -0.000675000 -0.004227954 0.005275962 0.999976933
1341846313.957927 0.092613801 0.010451393 -0.007696094 -0.003205636 -0.002800505 0.006131396 0.999972105
1341846313.990058 0.083289683 0.008772691 0.004829084 -0.004641120 0.006014617 0.006540891 0.999949753
1341846314.022042 0.088342465 0.025303012 -0.004156791 -0.005129155 0.007000490 0.007940449 0.999930799
1341846314.057816 0.088193297 0.023936134 0.021794755 -0.008670575 0.010575208 0.007048592 0.999881625
1341846314.089801 0.086168163 0.027062442 0.041920222 -0.007565497 0.017430879 0.004756571 0.999808133
1341846314.122037 0.117330708 0.031533986 0.011387913 -0.008349388 0.016791383 0.012994399 0.999739707
1341846314.157989 0.114178084 0.031939667 0.024800669 -0.010396876 0.021083653 0.012198721 0.999649227
1341846314.190094 0.113981500 0.033372890 0.036736429 -0.009961462 0.026113611 0.011966653 0.999537766
1341846314.225969 0.135825723 0.031151392 0.014274509 -0.013206446 0.025380036 0.017864907 0.999431014
1341846314.257923 0.139801934 0.026384657 0.029006250 -0.015425066 0.027679963 0.017576067 0.999343276
1341846314.290052 0.142663583 0.026177365 0.028085422 -0.014261635 0.029140586 0.016630374 0.999335229
1341846314.325981 0.154242977 0.034591485 0.018719975 -0.014090754 0.029229006 0.015561816 0.999352276
1341846314.357905 0.159448013 0.038550202 0.035198726 -0.014194091 0.032307860 0.012774694 0.999295533
1341846314.389899 0.157547534 0.036959250 0.038109500 -0.012901512 0.035921250 0.011882987 0.999200702
1341846314.427905 0.165577918 0.041875921 0.029047562 -0.012389603 0.037430465 0.011480018 0.999156475
1341846314.493987 0.185998484 0.030951699 0.029936027 -0.012289446 0.045763265 0.004692470 0.998865664
1341846314.526085 0.197558373 0.027375659 0.012845004 -0.012729071 0.046830703 0.002941802 0.998817384
1341846314.558292 0.202508971 0.024650635 0.014965504 -0.014291679 0.049606413 0.003568162 0.998660207
1341846314.594085 0.217110083 0.017749263 0.010424534 -0.013727568 0.052991442 0.003336824 0.998494983
1341846314.626096 0.207563877 0.028167196 0.013555370 -0.012139008 0.058993377 0.003327714 0.998179018
1341846314.658455 0.209051162 0.027015720 0.012755815 -0.014324028 0.061588980 0.002345842 0.997996032
1341846314.694004 0.235216394 0.018021768 0.022735221 -0.014948651 0.062728085 0.001429126 0.997917652
1341846314.725910 0.235779300 0.009149563 0.023683121 -0.011956516 0.066026352 0.007347543 0.997719169
1341846314.761942 0.231087416 0.010953769 0.021114403 -0.008298861 0.067518093 0.011085263 0.997621953
1341846314.794030 0.244959444 0.010078590 0.020417601 -0.005253716 0.068726450 0.011637922 0.997553825
1341846314.826092 0.252071440 0.016689396 0.014360581 -0.002218040 0.072748482 0.011406003 0.997282624
1341846314.862145 0.273448080 0.018542986 0.005045045 -0.002511717 0.074027114 0.014358194 0.997149706
1341846314.894072 0.276586384 0.018208720 0.009043682 -0.002880835 0.078288272 0.015612438 0.996804357
1341846314.925969 0.284898728 0.015771033 0.005839370 -0.003291322 0.080158293 0.019828126 0.996579468
1341846314.961937 0.285589099 0.032449715 0.004205175 -0.004450617 0.081078701 0.024888061 0.996387005
1341846314.994564 0.287037909 0.027082736 0.015358366 -0.008357669 0.082562372 0.022909636 0.996287525
1341846315.029900 0.308958173 0.023357857 0.012393102 -0.009009783 0.084050022 0.020903276 0.996201515
1341846315.061965 0.309621006 0.022336587 0.011457395 -0.009853036 0.086758994 0.025526684 0.995853543
1341846315.094388 0.311771810 0.019929491 0.019491822 -0.009682116 0.085910738 0.025584849 0.995927215
1341846315.129851 0.328152895 0.023417138 0.016562387 -0.007225127 0.084731013 0.023803584 0.996093273
1341846315.161941 0.318448186 0.043922432 0.004028089 -0.007352615 0.086489774 0.024411043 0.995926499
1341846315.197984 0.317437500 0.044392847 0.004190225 -0.013829085 0.084836930 0.022112034 0.996053457
1341846315.230076 0.325584024 0.038336035 0.011850942 -0.017954189 0.083287857 0.018188858 0.996197760
1341846315.262069 0.329085171 0.031660534 0.002979636 -0.021909608 0.080345854 0.021505278 0.996294141
1341846315.298000 0.340347260 0.028199801 0.027002189 -0.024122590 0.076121792 0.023131009 0.996538281
1341846315.329931 0.351167887 0.017479410 0.033475548 -0.021994673 0.073521249 0.026439078 0.996700466
1341846315.361981 0.364103526 0.024167653 0.028439354 -0.015859162 0.071603358 0.030073900 0.996853590
1341846315.397962 0.366179287 0.031981163 0.030504510 -0.011986494 0.072172940 0.032699257 0.996783912
1341846315.429923 0.369958788 0.033349901 0.031366162 -0.009081479 0.074109823 0.033843417 0.996634245
1341846315.466047 0.386428922 0.042262614 0.025778539 -0.007137615 0.076148167 0.035916463 0.996423841
1341846315.497883 0.381985068 0.038545147 0.027792919 -0.008894338 0.080165021 0.040546238 0.995916903
1341846315.530008 0.389108658 0.037067689 0.022539675 -0.009034648 0.080804825 0.042454902 0.995784402
1341846315.566108 0.392842591 0.038410392 0.022309966 -0.009779507 0.082003303 0.043722868 0.995624483
1341846315.597986 0.396469444 0.036955539 0.023651324 -0.010110451 0.082942456 0.042892624 0.995579481
1341846315.630109 0.398520201 0.037938517 0.023776591 -0.009834791 0.083957985 0.041324873 0.995563447
1341846315.666042 0.401206195 0.042735167 0.021933474 -0.010110157 0.085272238 0.041609772 0.995437145
1341846315.698114 0.413853914 0.048231538 -0.001923122 -0.014871071 0.086938165 0.039173484 0.995332122
1341846315.733985 0.403537542 0.032961216 0.014696382 -0.019304832 0.090892673 0.040739883 0.994839728
1341846315.766041 0.394151688 0.031499855 0.013954833 -0.019201685 0.089643590 0.040380899 0.994969666
1341846315.798188 0.399003655 0.027141850 0.003060065 -0.020611493 0.088474765 0.040126808 0.995056391
1341846315.834140 0.389256895 0.025639020 0.021535516 -0.019726414 0.091919228 0.037627179 0.994859755
1341846315.866751 0.387845635 0.024193287 0.015523531 -0.017556300 0.093135379 0.038218495 0.994764745
1341846315.898492 0.381432414 0.022656249 0.018186547 -0.016434945 0.094170339 0.037227672 0.994724035
1341846315.936901 0.379083931 0.013562088 0.013675444 -0.014684008 0.096041247 0.035598256 0.994632185
1341846315.966572 0.373706371 0.022994803 0.034158945 -0.010017175 0.097880051 0.036351483 0.994483650
1341846316.034204 0.363823682 0.018545810 0.029616520 -0.006940258 0.098026633 0.034958951 0.994545341
1341846316.066113 0.355252445 0.014674104 0.026676677 -0.004890175 0.098380737 0.033380162 0.994576812
1341846316.101867 0.352100253 0.015491874 0.018414736 -0.003767781 0.096735179 0.035954267 0.994653404
1341846316.134066 0.336759597 0.019852014 0.010774296 -0.003800437 0.095158771 0.031396657 0.994959593
1341846316.202049 0.325890601 0.009385019 0.013932887 -0.004566184 0.090087958 0.028828837 0.995505989
1341846316.233979 0.318025827 0.012391402 0.005814187 -0.003610314 0.089321919 0.026308848 0.995648742
1341846316.270052 0.309547603 0.011757193 0.007502958 -0.004687665 0.090636276 0.022350103 0.995622158
1341846316.301915 0.306251585 0.003964549 0.015807543 -0.005204225 0.091509074 0.020854261 0.995572269
1341846316.334208 0.296868205 0.000636215 0.016573697 -0.004256810 0.091119654 0.022859398 0.995568454
1341846316.370006 0.289981544 0.000254731 0.014542468 -0.001873018 0.090124093 0.023687156 0.995647073
1341846316.401994 0.277750105 0.002724111 0.011991031 0.000229676 0.090247728 0.024565037 0.995616317
1341846316.438069 0.272213995 -0.006989799 -0.001857966 0.001393536 0.089624852 0.029272631 0.995544374
1341846316.470076 0.261459827 -0.008227931 0.009769831 0.005767291 0.089876197 0.031389244 0.995441496
1341846316.502034 0.260356039 0.009944256 0.003324158 0.009488457 0.086778268 0.033229437 0.995628119
1341846316.537975 0.244933650 0.011554847 -0.000293072 0.007177615 0.085205883 0.030388543 0.995873928
1341846316.570121 0.239413440 -0.007526624 -0.016478717 0.005007280 0.084852166 0.027987996 0.995987773
1341846316.601885 0.230870411 -0.009054254 -0.014927074 0.006958858 0.084448919 0.026761288 0.996044040
1341846316.638009 0.216267645 -0.005194219 0.013139937 0.009783646 0.084293902 0.026790336 0.996032655
1341846316.669925 0.206571400 -0.004044866 0.023057982 0.012411966 0.084122926 0.025396271 0.996054351
1341846316.705941 0.201069817 -0.010354853 0.018175125 0.016124897 0.084247887 0.026780583 0.995954335
1341846316.738062 0.190263540 -0.004904815 -0.008480469 0.018724477 0.083938770 0.029145755 0.995868564
1341846316.770433 0.181394488 0.004296018 0.000504417 0.019069891 0.083574556 0.028374813 0.995914936
1341846316.805932 0.171109527 -0.006007523 0.005335771 0.018776741 0.084169611 0.027156107 0.995904326
1341846316.838029 0.161526799 -0.001987293 0.001039259 0.020345278 0.082856759 0.029264487 0.995923877
1341846316.870034 0.147237673 -0.009648299 0.014769081 0.020293469 0.080350734 0.029626058 0.996119559
1341846316.906344 0.133798167 -0.005753553 0.017211204 0.021944515 0.078159288 0.026806813 0.996338785
1341846316.937940 0.137822971 -0.001869384 0.009799430 0.022384420 0.075553641 0.025045760 0.996575773
1341846316.973994 0.126091808 -0.002190664 0.015506899 0.021446049 0.074503921 0.025368068 0.996667325
1341846317.005913 0.117751546 -0.007099461 0.018738827 0.019796854 0.071944557 0.026653012 0.996855915
1341846317.037936 0.114699170 -0.012380606 0.010211052 0.019881696 0.069066264 0.026159983 0.997070849
1341846317.073972 0.110419221 -0.014691192 0.017399609 0.020575119 0.067074291 0.027420038 0.997158885
1341846317.106113 0.104701474 -0.020492004 0.011852445 0.022257896 0.065299563 0.031434804 0.997122049
1341846317.137887 0.090995051 -0.018890994 0.001809856 0.025541052 0.059735250 0.035643727 0.997250617
1341846317.173970 0.075594813 -0.015680369 0.002698688 0.027101437 0.053714231 0.037053470 0.997500539
1341846317.205887 0.069519915 -0.015962746 0.006671128 0.027218368 0.051227577 0.037395243 0.997615397
1341846317.248131 0.072848797 -0.019406587 0.021285998 0.028178317 0.047461156 0.041223478 0.997624218
1341846317.306289 0.055759661 -0.017756129 0.013550440 0.029812049 0.041795194 0.044951919 0.997669220
1341846317.348137 0.046701171 -0.020582857 0.007872819 0.030897567 0.043351684 0.044717949 0.997580230
1341846317.410120 0.024105852 -0.015853165 0.005013887 0.032861855 0.043701537 0.050343879 0.997234106
1341846317.442569 0.027142169 -0.023902278 -0.001698780 0.034622479 0.043111056 0.053676791 0.997026324
1341846317.474010 0.016127698 -0.021732964 0.001888543 0.040606506 0.044591084 0.057058968 0.996547580
1341846317.509927 -0.003831543 -0.018070532 0.006321541 0.043785218 0.043221392 0.060733754 0.996256113
1341846317.542282 -0.006924570 -0.017291475 0.004626935 0.042944044 0.039879348 0.061671477 0.996374488
1341846317.573943 -0.009182945 -0.017361606 0.000944830 0.042951748 0.040790610 0.059810005 0.996450722
1341846317.610159 -0.016647769 -0.019034812 0.006838623 0.045496088 0.042907134 0.060680088 0.996196270
1341846317.643553 -0.028299360 -0.013150928 0.011919178 0.048795842 0.042725474 0.064085320 0.995834589
1341846317.677993 -0.032740451 -0.011403490 0.022305848 0.049916439 0.039082419 0.066724233 0.995755374
1341846317.709996 -0.041293267 -0.017936016 0.027673520 0.051573746 0.037267365 0.065576687 0.995816708
1341846317.741834 -0.037025567 -0.008840829 0.028694682 0.052561428 0.034874409 0.066491388 0.995791137
1341846317.777923 -0.032685731 -0.007179352 0.032703351 0.051248487 0.031980127 0.066449717 0.995959461
1341846317.810021 -0.080134273 -0.020316292 0.008010183 0.049287498 0.034888834 0.062960587 0.996187449
1341846317.841886 -0.072553806 -0.009129643 0.020657741 0.049897600 0.032575596 0.063742712 0.996185720
1341846317.878017 -0.091844834 -0.008998093 0.012706692 0.047265757 0.033463892 0.057100371 0.996687353
1341846317.909910 -0.085869178 -0.020293899 0.011217305 0.045602016 0.033426739 0.055212922 0.996872425
1341846317.946031 -0.070348568 -0.005149561 0.025930487 0.050122797 0.030699819 0.061220434 0.996392131
1341846317.978041 -0.133135647 -0.031267419 -0.011049127 0.047354888 0.035611726 0.052924361 0.996839166
1341846318.009897 -0.119184040 -0.027495204 0.007394067 0.050399911 0.034460142 0.053852197 0.996680617
1341846318.045949 -0.151811242 -0.024074676 -0.013222578 0.050375912 0.037757609 0.049688648 0.996778667
1341846318.078074 -0.154126614 -0.029073253 0.002807037 0.049614288 0.035685517 0.050661139 0.996844232
1341846318.109894 -0.162881896 -0.025493244 -0.008101615 0.049585808 0.032006163 0.048061665 0.997099280
1341846318.145957 -0.164638370 -0.023532879 -0.001999158 0.049109951 0.029299788 0.045710418 0.997316539
1341846318.178001 -0.170866624 -0.024513541 -0.002304367 0.048473023 0.029365527 0.043364238 0.997450531
1341846318.214074 -0.187337309 -0.028531790 0.007492679 0.049062438 0.029105695 0.040896647 0.997533560
1341846318.245970 -0.200738475 -0.033776667 0.008925361 0.051356811 0.024100702 0.041941863 0.997508168
1341846318.278018 -0.214301422 -0.030124687 0.005719036 0.055568613 0.019639282 0.042569935 0.997353613
1341846318.313937 -0.218567163 -0.027613904 0.001783725 0.057567324 0.013051532 0.042403456 0.997355342
1341846318.345989 -0.233132362 -0.027673541 -0.001702605 0.059446797 0.004450138 0.042132054 0.997332036
1341846318.382046 -0.249327138 -0.029301954 0.005455915 0.060986899 -0.001037589 0.039857026 0.997341990
1341846318.414072 -0.249462157 -0.028752513 0.000366009 0.063162118 -0.008937192 0.042882968 0.997041523
1341846318.446035 -0.263099462 -0.031132422 0.010085943 0.064802378 -0.013778779 0.041146573 0.996954262
1341846318.482196 -0.268767893 -0.027292712 0.012281113 0.066322923 -0.015871758 0.041396644 0.996812761
1341846318.514144 -0.263067514 -0.028225455 0.033018880 0.066818878 -0.017842988 0.041179065 0.996755302
1341846318.546259 -0.271367729 -0.034961715 0.034299668 0.067267455 -0.018487327 0.039200280 0.996793211
1341846318.582042 -0.288950413 -0.032585271 0.018383695 0.068970822 -0.018218245 0.040164761 0.996643305
1341846318.614115 -0.289556205 -0.029919095 0.024101473 0.068978354 -0.018909793 0.040025700 0.996635497
1341846318.650038 -0.308883667 -0.031793613 0.013157502 0.068388015 -0.018779572 0.037297290 0.996784508
1341846318.682350 -0.319232911 -0.033547297 0.014503716 0.067967638 -0.018881524 0.036255591 0.996849716
1341846318.714063 -0.333976775 -0.037031706 0.001023063 0.067002736 -0.019484317 0.034884144 0.996952355
1341846318.749905 -0.349159271 -0.041514311 -0.004933749 0.067145891 -0.018582869 0.035092652 0.996952653
1341846318.782036 -0.361359090 -0.041618481 -0.009635150 0.069151208 -0.019481024 0.037776109 0.996700346
1341846318.814121 -0.368621051 -0.043372210 0.000178965 0.069311358 -0.024344916 0.036484968 0.996630371
1341846318.850072 -0.369787097 -0.060580205 -0.007675180 0.068331987 -0.030706540 0.035083741 0.996572614
1341846318.883516 -0.383026242 -0.057190128 -0.002976537 0.071612380 -0.037564177 0.032686342 0.996188819
1341846318.918047 -0.403442800 -0.029742066 -0.051756904 0.075958386 -0.050811518 0.033205807 0.995261729
1341846318.950044 -0.439311713 -0.038413268 -0.033984046 0.077073492 -0.057006616 0.031478215 0.994896472
1341846318.982028 -0.458969802 -0.031133825 -0.024306927 0.079604991 -0.059856053 0.026900116 0.994664073
1341846319.018123 -0.488737643 -0.030640393 -0.022098154 0.079537064 -0.063995332 0.026672145 0.994417965
1341846319.050745 -0.426351994 -0.031219695 -0.017555807 0.080110133 -0.074095525 0.025723487 0.993695378
1341846319.081905 -0.437699407 -0.028795745 -0.010958377 0.086211115 -0.074786380 0.023824867 0.993180275
1341846319.117976 -0.459339768 -0.025934491 -0.022101704 0.088883087 -0.072557159 0.027704263 0.993009448
1341846319.150093 -0.472248763 -0.026941646 -0.017464306 0.090591520 -0.076483093 0.035767052 0.992302477
1341846319.186069 -0.471087813 -0.020636134 -0.038010579 0.092292368 -0.078664280 0.037348308 0.991916895
1341846319.218149 -0.493439972 -0.017297529 -0.035165083 0.089795783 -0.073416427 0.035974864 0.992598891
1341846319.250034 -0.521809876 -0.025567474 -0.018312372 0.083603851 -0.065757073 0.033926111 0.993748128
1341846319.286594 -0.544755757 -0.021472856 -0.024886385 0.081454374 -0.061916344 0.038446426 0.994008780
1341846319.318034 -0.576838791 -0.029303579 -0.016820233 0.082038172 -0.060074955 0.041681834 0.993943334
1341846319.350268 -0.617676258 -0.030416332 -0.023772102 0.082812317 -0.057692423 0.048038766 0.993733346
1341846319.386163 -0.597356081 -0.020955455 -0.039711159 0.084685899 -0.062559210 0.055381950 0.992898524
1341846319.418386 -0.641192436 -0.020702191 -0.050878365 0.085830979 -0.066322789 0.057568725 0.992431462
1341846319.453961 -0.654705644 -0.028353432 -0.036952727 0.086658530 -0.067918234 0.053155702 0.992497802
1341846319.486271 -0.666889668 -0.021318596 -0.030486185 0.086410522 -0.067750059 0.051387325 0.992624044
1341846319.554083 -0.670555353 -0.025021631 -0.037228972 0.080432691 -0.074360169 0.051040780 0.992671132
1341846319.586296 -0.671928227 -0.024776738 -0.038719498 0.080603786 -0.073938802 0.047393534 0.992869556
1341846319.622031 -0.680440903 -0.021555584 -0.054841712 0.079328068 -0.076998577 0.045260351 0.992839277
1341846319.653962 -0.679746687 -0.023846008 -0.051875789 0.077636383 -0.083017759 0.044906452 0.992503941
1341846319.686352 -0.666658580 -0.032049134 -0.040021516 0.079562202 -0.087918431 0.045095932 0.991920650
1341846319.721992 -0.674890161 -0.026967559 -0.053356886 0.080523223 -0.091553472 0.045839518 0.991480052
1341846319.754063 -0.681921601 -0.018898444 -0.071844682 0.077947661 -0.093487032 0.044693001 0.991557777
1341846319.786397 -0.684459090 -0.018475793 -0.052271545 0.073637374 -0.094060615 0.048715133 0.991643548
1341846319.822008 -0.694257915 -0.019350998 -0.056373455 0.070287041 -0.094354920 0.053013533 0.991638243
1341846319.853917 -0.696081161 -0.020581409 -0.057687499 0.065494299 -0.095511377 0.056946505 0.991637588
1341846319.889942 -0.697293818 -0.036879629 -0.057101481 0.061007220 -0.096327402 0.062456924 0.991513133
1341846319.922039 -0.704959273 -0.045756623 -0.067556582 0.060071457 -0.100386940 0.064679407 0.991024911
1341846319.953946 -0.703067183 -0.047906667 -0.057505481 0.060763247 -0.106642164 0.060858864 0.990571260
1341846319.990054 -0.698134065 -0.044154651 -0.061534286 0.063564956 -0.110061735 0.053634930 0.990438879
1341846320.028122 -0.706030309 -0.048911221 -0.077123113 0.065229632 -0.112703748 0.052001234 0.990120649
1341846320.090047 -0.684188664 -0.033259243 -0.056901321 0.071479604 -0.121965110 0.052779380 0.988549173
1341846320.122011 -0.674607158 -0.031888291 -0.046984009 0.072732106 -0.120063953 0.053168617 0.988669693
1341846320.157952 -0.673011363 -0.030245271 -0.041291602 0.072900243 -0.117375180 0.054384612 0.988914013
1341846320.190003 -0.651388288 -0.040789396 -0.040699027 0.074961670 -0.114868097 0.052308314 0.989166260
1341846320.221941 -0.647939444 -0.041146286 -0.039983317 0.078896493 -0.111263081 0.053524502 0.989207268
1341846320.258015 -0.639658689 -0.047555469 -0.043560565 0.082626484 -0.110287435 0.055596180 0.988897681
1341846320.289887 -0.633301735 -0.060714822 -0.050933741 0.086731382 -0.110719040 0.056625761 0.988439441
1341846320.321954 -0.612373054 -0.047388226 -0.044767037 0.096620247 -0.113312572 0.057068817 0.987202048
1341846320.357890 -0.600426435 -0.029239517 -0.021116920 0.103627421 -0.113424927 0.057412613 0.986458302
1341846320.390064 -0.572876990 -0.028784478 -0.015156664 0.104849942 -0.111068234 0.058478836 0.986534595
1341846320.426544 -0.565347195 -0.024764124 -0.009874187 0.107971944 -0.103560530 0.054390628 0.987248123
1341846320.458122 -0.558565617 -0.030404296 -0.003016733 0.108630687 -0.096054159 0.051064841 0.988112032
1341846320.490186 -0.518231034 -0.036487088 -0.015394494 0.110998623 -0.091146529 0.051531188 0.988289535
1341846320.525911 -0.510510743 -0.032504417 -0.039079651 0.114553005 -0.082708851 0.049532242 0.988728166
1341846320.558091 -0.512357235 -0.024580719 -0.017474264 0.116456315 -0.078556202 0.046668436 0.988983810
1341846320.594093 -0.502742827 -0.024964461 0.015891239 0.118121676 -0.073969305 0.042165536 0.989342153
1341846320.631955 -0.490763932 -0.020253012 0.000739440 0.121053115 -0.065905370 0.040194090 0.989639878
1341846320.664916 -0.480311066 -0.019427907 0.001192924 0.120829083 -0.063834518 0.039600357 0.989826918
1341846320.699927 -0.468512237 -0.025865324 -0.009966586 0.120413944 -0.060458321 0.037639484 0.990165949
1341846320.731822 -0.439160407 -0.019637253 0.002808049 0.122709714 -0.055403039 0.037000377 0.990203917
1341846320.763877 -0.423585355 -0.002956222 -0.047890168 0.121007852 -0.052949399 0.036259443 0.990574956
1341846320.799999 -0.405342072 -0.016889457 -0.014675718 0.113198459 -0.055839818 0.032569602 0.991467178
1341846320.831871 -0.363446355 -0.020790745 -0.002117380 0.114733316 -0.048451889 0.028201202 0.991813183
1341846320.863887 -0.400759518 -0.018980008 -0.001081897 0.114356093 -0.035707865 0.027859708 0.992406905
1341846320.900014 -0.366786152 -0.028318046 -0.012727074 0.106311381 -0.041602679 0.032781690 0.992921174
1341846320.931889 -0.317576855 -0.039945625 0.008288428 0.107016161 -0.044292148 0.032058779 0.992752731
1341846320.967866 -0.309787601 -0.022293616 -0.002456896 0.107642196 -0.039009191 0.029512545 0.992985606
1341846321.000017 -0.292836666 -0.026953343 0.026266973 0.101474822 -0.039257176 0.027318925 0.993687809
1341846321.031860 -0.262961179 -0.031737935 0.035854511 0.099362358 -0.039816283 0.025097772 0.993937552
1341846321.068047 -0.282343328 -0.030768255 -0.002874197 0.099184074 -0.034490984 0.022170067 0.994224012
1341846321.099840 -0.261990815 -0.023803392 0.024641300 0.097644873 -0.034036931 0.022885447 0.994375765
1341846321.131821 -0.244010180 -0.036585256 0.016195217 0.097041629 -0.032889478 0.023548199 0.994457960
1341846321.167887 -0.232963592 -0.036424685 0.018692039 0.099641457 -0.029390441 0.025209613 0.994269729
1341846321.200042 -0.236664474 -0.029143011 0.016922068 0.100459665 -0.026078904 0.024125531 0.994306624
1341846321.231950 -0.230708182 -0.038097091 0.012150412 0.099224322 -0.024991427 0.023315666 0.994477868
1341846321.267939 -0.210661441 -0.035735093 -0.002305386 0.099677175 -0.023770168 0.018568741 0.994562507
1341846321.299948 -0.190725848 -0.031393286 0.023568856 0.098867044 -0.020455405 0.012758424 0.994808555
1341846321.331858 -0.193773523 -0.035488285 0.024183007 0.098898821 -0.016853372 0.009183251 0.994912386
1341846321.367913 -0.166761383 -0.044211771 0.016445633 0.099631175 -0.015671730 0.005084726 0.994888008
1341846321.399897 -0.167872518 -0.039271042 0.014169862 0.101785868 -0.009767685 0.002966783 0.994753957
1341846321.435994 -0.164891928 -0.043355383 0.017832868 0.103086866 -0.006106954 0.002530329 0.994650364
1341846321.467946 -0.153248668 -0.040972449 0.018136721 0.105050795 -0.004104652 0.003113790 0.994453490
1341846321.499882 -0.143391967 -0.041323520 0.024521150 0.106625743 -0.001199020 0.004342378 0.994289041
1341846321.536109 -0.112547986 -0.033183862 0.004521761 0.106426932 0.002685356 0.000746446 0.994316638
1341846321.568960 -0.127966806 -0.023078173 0.013866977 0.103920199 0.010624703 -0.002040921 0.994526803
1341846321.603938 -0.119644739 -0.029504493 0.016790483 0.100164495 0.012719410 -0.001499048 0.994888484
1341846321.637163 -0.083763473 -0.024160728 -0.009179349 0.097751036 0.015537893 -0.002762012 0.995085776
1341846321.668306 -0.104199350 -0.023310246 0.013128290 0.093159951 0.026849717 -0.000208705 0.995289028
1341846321.704411 -0.115737580 -0.027051184 0.019710008 0.089920253 0.028960481 0.007354273 0.995500684
1341846321.736861 -0.103286445 -0.023250533 0.031418882 0.089329429 0.026146188 0.015777005 0.995533824
1341846321.771881 -0.089411519 -0.012241743 0.012698272 0.087022528 0.025254423 0.021470528 0.995654702
1341846321.804114 -0.078523979 -0.016556634 0.013647296 0.082430631 0.027108280 0.024260150 0.995932639
1341846321.836152 -0.071681745 -0.008619982 0.029707111 0.080305144 0.029282670 0.025052285 0.996025145
1341846321.871882 -0.068762034 0.000134538 0.032731496 0.075818293 0.030425631 0.022807581 0.996396363
1341846321.904074 -0.066519871 -0.004268807 0.031754497 0.068892553 0.032122675 0.018345235 0.996937990
1341846321.939847 -0.064162292 -0.014425754 0.029627370 0.064107306 0.035131752 0.015791163 0.997199416
1341846322.004094 -0.069037579 -0.015890904 0.026649527 0.057356443 0.033351544 0.015626390 0.997674167
1341846322.066178 -0.051668819 -0.025054680 0.032001141 0.052095514 0.037606459 0.012458452 0.997855961
1341846322.107979 -0.052351180 -0.040141791 0.038107712 0.049196787 0.039477542 0.011484011 0.997942507
1341846322.166164 -0.050381325 -0.061913949 0.033739246 0.051860373 0.039138101 0.011910560 0.997816026
1341846322.202932 -0.049034577 -0.064118549 0.037119202 0.053532213 0.036726635 0.011991735 0.997818410
1341846322.234093 -0.048928916 -0.070657358 0.030764202 0.052319109 0.035338946 0.009532198 0.997959435
1341846322.265941 -0.048059069 -0.079780318 0.030961171 0.049641002 0.032253318 0.010427242 0.998191714
1341846322.301996 -0.038494274 -0.098567478 0.029258225 0.047171719 0.029847352 0.011733782 0.998371780
1341846322.333949 -0.052185431 -0.116486326 0.019932082 0.045789957 0.029067941 0.011126210 0.998466074
1341846322.369871 -0.039400041 -0.128907800 0.030805632 0.046631683 0.023021994 0.008081695 0.998614132
1341846322.402292 -0.017983211 -0.136830881 0.036010522 0.048588093 0.022968095 0.002601669 0.998551428
1341846322.433955 -0.030967170 -0.165772155 0.044177052 0.051890936 0.025021853 -0.000856858 0.998338878
1341846322.470030 -0.048910506 -0.168015614 0.036463700 0.060800228 0.022616735 0.000381082 0.997893631
1341846322.502433 -0.019068025 -0.183909804 0.044387922 0.066694476 0.017264597 0.004864330 0.997612238
1341846322.534002 -0.014014798 -0.199967980 0.052534450 0.075192668 0.016809717 0.007351974 0.997000217
1341846322.570196 -0.022121949 -0.209342211 0.036824722 0.084388554 0.017275302 0.008201789 0.996249378
1341846322.601920 -0.022564774 -0.214915007 0.041538846 0.090160497 0.014249836 0.011912664 0.995754063
1341846322.638119 -0.006768981 -0.233777627 0.045113318 0.094893128 0.010211209 0.011698050 0.995366335
1341846322.669947 0.005303329 -0.238752335 0.044799794 0.099605739 0.012351626 0.010953964 0.994889975
1341846322.702026 -0.005954305 -0.255386502 0.043768357 0.101821460 0.014921583 0.012859353 0.994607627
1341846322.738006 -0.003599090 -0.251935154 0.049229760 0.103750721 0.012071662 0.014587679 0.994423091
1341846322.770087 0.007583835 -0.276446879 0.046314128 0.102701001 0.012153308 0.014642431 0.994530261
1341846322.806047 -0.001518661 -0.287212998 0.047659937 0.106432602 0.012437871 0.016543437 0.994104445
1341846322.838063 -0.007206354 -0.292377323 0.044929344 0.108271666 0.008430487 0.018460263 0.993914187
1341846322.870081 -0.002734336 -0.304327190 0.050699998 0.110022724 0.003385814 0.018880202 0.993743956
1341846322.906018 0.013111372 -0.313068122 0.053317770 0.114914626 0.000914454 0.019552805 0.993182480
1341846322.938349 0.009348386 -0.293189019 0.057390176 0.116611712 0.002196416 0.020561486 0.992962241
1341846322.970069 0.006789088 -0.304027349 0.058906190 0.111464776 0.002291812 0.021711238 0.993528545
1341846323.011820 0.013292857 -0.317425281 0.061002970 0.108672597 0.002261000 0.022719974 0.993815303
1341846323.073951 0.011066397 -0.316522509 0.067319006 0.106143035 0.002109275 0.026803313 0.993987262
1341846323.105962 0.013477606 -0.335398912 0.068565719 0.102595910 0.002326621 0.026237125 0.994374275
1341846323.138158 0.013715088 -0.342478216 0.065312140 0.102967985 0.002169281 0.023241119 0.994410753
1341846323.174092 0.009209265 -0.344021350 0.066707872 0.101034887 0.001752852 0.022215443 0.994633257
1341846323.206059 0.021023577 -0.351786584 0.064494699 0.097911499 0.000376643 0.020062121 0.994992793
1341846323.238053 0.024785778 -0.349472344 0.069749981 0.096040599 0.003288707 0.018032808 0.995208621
1341846323.273997 0.008584677 -0.352486372 0.065416917 0.091906041 0.004520695 0.018379897 0.995587766
1341846323.305946 0.012711922 -0.358235002 0.065062054 0.086483091 0.000609025 0.018932190 0.996073186
1341846323.342027 0.043168802 -0.381386131 0.062948763 0.083546370 -0.000066784 0.019084603 0.996321082
1341846323.374048 0.017870383 -0.386869013 0.069652826 0.083856262 0.005507574 0.019203493 0.996277571
1341846323.405987 0.004579484 -0.398857027 0.061826877 0.083639890 0.002026092 0.024512319 0.996192396
1341846323.441956 0.020149376 -0.409013003 0.070490345 0.084751800 -0.003113736 0.026219478 0.996052206
1341846323.473878 0.022755714 -0.425047249 0.072641186 0.088324368 -0.001868494 0.025319094 0.995768189
1341846323.506129 0.015947228 -0.421012938 0.070038602 0.090808786 -0.001546191 0.022902785 0.995603740
1341846323.541972 0.025214512 -0.419603467 0.066121474 0.089773774 -0.002192080 0.021487495 0.995727956
1341846323.573913 0.052384716 -0.438743770 0.066313498 0.088252835 0.000177246 0.015651664 0.995975137
1341846323.609927 0.034340881 -0.439463198 0.065618299 0.088986740 0.007529229 0.011886891 0.995933414
1341846323.642014 0.020449286 -0.444489717 0.070146121 0.088090941 0.009854570 0.013232211 0.995975792
1341846323.674081 0.021178380 -0.461886466 0.069025502 0.087336130 0.007998970 0.015504561 0.996026099
1341846323.710069 0.022594484 -0.485737681 0.063090496 0.087797083 0.006722181 0.019504596 0.995924711
1341846323.742111 0.021271933 -0.500406921 0.060416162 0.092072837 0.004855788 0.020389454 0.995531678
1341846323.774928 0.024095571 -0.489966422 0.061335914 0.096271299 0.002558355 0.017844759 0.995191872
1341846323.810012 0.024880230 -0.501583636 0.051861234 0.096959241 0.001522334 0.014037225 0.995188236
1341846323.842207 0.034091286 -0.499398887 0.055743553 0.098621607 0.000564276 0.009556826 0.995078981
1341846323.878019 0.020538330 -0.513410449 0.059587173 0.099617250 0.000907752 0.003611510 0.995018840
1341846323.909826 0.026759405 -0.522961557 0.062010475 0.102988012 -0.001031588 -0.000740496 0.994681776
1341846323.942459 0.020938717 -0.529742002 0.043225944 0.105543911 -0.000833958 0.000472009 0.994414210
1341846323.978055 0.016295530 -0.525959551 0.051487863 0.108572170 -0.003615446 0.002700190 0.994078338
1341846324.015934 0.023985235 -0.528950155 0.055295840 0.112659588 -0.005989713 0.000817669 0.993615270
1341846324.047722 0.031948339 -0.520854115 0.054185577 0.116297871 -0.004881022 -0.000061010 0.993202388
1341846324.083904 0.030606929 -0.502600312 0.057815962 0.117376737 -0.003385074 -0.000438219 0.993081570
1341846324.115968 0.033194229 -0.504287362 0.056748435 0.114574604 -0.002070393 -0.001628436 0.993411183
1341846324.151967 0.040014416 -0.498806924 0.055420831 0.114532188 0.000444048 -0.006490343 0.993398249
1341846324.183941 0.025089461 -0.481106669 0.057581685 0.112608142 0.005809894 -0.011400833 0.993557096
1341846324.219984 0.020241607 -0.483730018 0.061769702 0.107501037 0.007668559 -0.010084872 0.994124293
1341846324.251968 0.020355107 -0.488196164 0.058117367 0.106378853 0.007755445 -0.010142559 0.994243681
1341846324.284052 0.014632766 -0.472095490 0.057590492 0.107739083 0.007306745 -0.011047431 0.994090974
1341846324.319880 0.011882548 -0.446595997 0.065430790 0.107529387 0.003776738 -0.011478018 0.994128466
1341846324.351917 0.015812490 -0.433442831 0.056148574 0.104729854 0.000331563 -0.012165759 0.994426250
1341846324.388001 0.028443249 -0.418699294 0.067696802 0.100746870 -0.000535606 -0.016344527 0.994777679
1341846324.419908 0.021608863 -0.406905115 0.074186027 0.095859237 0.002038560 -0.018844601 0.995214403
1341846324.452027 0.016885217 -0.405134261 0.076611705 0.091338687 0.002541783 -0.019194804 0.995631635
1341846324.487928 0.014479238 -0.398977101 0.086989507 0.089961611 0.002025838 -0.016456695 0.995807230
1341846324.519985 0.002470698 -0.386289120 0.087919652 0.088861287 0.000635563 -0.012206373 0.995968997
1341846324.556001 0.003178834 -0.366683245 0.076576427 0.087677106 -0.004346892 -0.008366359 0.996104360
1341846324.587888 0.005064000 -0.353125095 0.090507343 0.084757984 -0.007655083 -0.005750345 0.996355593
1341846324.620086 0.004903593 -0.351076126 0.091111898 0.082119092 -0.010129066 -0.007936225 0.996539474
1341846324.655955 0.009046679 -0.336081028 0.083064668 0.081186563 -0.011216361 -0.009537964 0.996590137
1341846324.688082 0.009516934 -0.334444940 0.086091265 0.080222122 -0.011243193 -0.008671303 0.996675849
1341846324.755922 -0.012472487 -0.288657069 0.090393826 0.083047852 -0.013041709 -0.005191137 0.996446669
1341846324.814016 0.011017411 -0.247592136 0.087431870 0.078955896 -0.020272689 -0.007867627 0.996640861
1341846324.849979 -0.000502789 -0.248878360 0.091665208 0.072440252 -0.016401829 -0.009826951 0.997189462
1341846324.881924 -0.013313434 -0.236317173 0.101716816 0.070330292 -0.016735129 -0.010754287 0.997325361
1341846324.913902 -0.007787960 -0.223987296 0.105446473 0.069631718 -0.018535826 -0.008050971 0.997368038
1341846324.949999 -0.012093694 -0.229260594 0.105679601 0.069560543 -0.018320039 -0.004937568 0.997397244
1341846324.981922 -0.026398156 -0.223943114 0.116771422 0.073966160 -0.019938318 -0.002257113 0.997058868
1341846325.018013 -0.024302715 -0.210198373 0.107179374 0.078590885 -0.025440974 0.000382384 0.996582210
1341846325.050079 -0.027438536 -0.194213003 0.099374108 0.080750853 -0.030163744 -0.000497389 0.996277630
1341846325.081901 -0.024450786 -0.175392017 0.095133431 0.080262482 -0.035588540 -0.002432449 0.996135235
1341846325.118531 -0.012767525 -0.156820387 0.098418787 0.076784894 -0.038070221 -0.004034423 0.996312439
1341846325.149933 -0.015899532 -0.160024956 0.097524673 0.070357114 -0.035265453 -0.006618353 0.996876299
1341846325.181925 -0.018774725 -0.150979295 0.100659296 0.067594633 -0.034195725 -0.003826882 0.997119308
1341846325.218055 -0.020065639 -0.145938143 0.103910156 0.064667709 -0.033895746 0.000221373 0.997330964
1341846325.249811 -0.022217602 -0.137725666 0.101163715 0.062606752 -0.033855367 0.003913433 0.997456193
1341846325.285925 -0.019181622 -0.125849098 0.105600372 0.060411014 -0.034661297 0.006526050 0.997550249
1341846325.317988 -0.003627194 -0.131196216 0.109881863 0.057440698 -0.033435035 0.009669267 0.997741997
1341846325.349844 -0.010004797 -0.136250973 0.114533551 0.060028199 -0.028167952 0.011554032 0.997732222
1341846325.387302 -0.009987390 -0.120094240 0.116171628 0.065441586 -0.025351450 0.013405003 0.997444212
1341846325.417931 0.003802035 -0.110647447 0.121896334 0.068559915 -0.021457260 0.017335702 0.997265518
1341846325.450747 0.012293973 -0.125950381 0.125897646 0.072156236 -0.014031921 0.020978186 0.997074008
1341846325.485954 -0.013216484 -0.094879828 0.125265092 0.082614422 -0.005021266 0.020311734 0.996361911
1341846325.517875 -0.014681508 -0.086890824 0.124515794 0.085860051 -0.002347786 0.022229552 0.996056378
1341846325.553859 -0.013377300 -0.080581456 0.128178596 0.089182988 0.001097662 0.021982163 0.995772064
1341846325.585855 -0.022207467 -0.058810908 0.126949698 0.092232987 0.004772902 0.019920280 0.995526671
1341846325.617990 -0.023444057 -0.037281752 0.124955401 0.090117514 0.006511331 0.018718572 0.995733917
1341846325.653982 -0.024247920 -0.056170870 0.130060926 0.085828349 0.008173263 0.016229544 0.996144176
1341846325.685819 -0.018574394 -0.056263022 0.132341295 0.090985663 0.008947344 0.018917331 0.995632291
1341846325.717857 -0.028042072 -0.040056210 0.132797316 0.096034154 0.010748187 0.025274413 0.994998991
1341846325.754083 -0.032899957 -0.040318310 0.131009847 0.098605230 0.011248775 0.028933330 0.994642258
1341846325.786087 -0.027169274 -0.033436056 0.131634042 0.105157986 0.011122682 0.031039745 0.993908703
1341846325.821856 -0.028739536 -0.010507900 0.136973932 0.109960563 0.013024152 0.032080464 0.993332684
1341846325.853827 -0.038872506 -0.004474957 0.139229849 0.110682920 0.014331143 0.035257008 0.993126750
1341846325.885958 -0.055783696 0.004175968 0.124942720 0.110909112 0.012490144 0.041132957 0.992900431
1341846325.921984 -0.041849695 0.013977218 0.139821172 0.110450506 0.007597141 0.046097741 0.992782950
1341846325.953899 -0.038407568 0.003343983 0.113917895 0.112270854 0.007640235 0.047504175 0.992512107
1341846325.985823 -0.044019312 0.016882094 0.117697649 0.115260996 0.010933247 0.051425535 0.991942942
1341846326.021991 -0.045642715 0.025363816 0.132699355 0.118300453 0.011156602 0.056903999 0.991283238
1341846326.054055 -0.039244693 0.038307153 0.136113435 0.123935841 0.009818405 0.060458064 0.990398049
1341846326.089984 -0.035999622 0.061149705 0.133724123 0.127370387 0.011581430 0.059315741 0.990012288
1341846326.121822 -0.038649648 0.070581473 0.139183238 0.126887217 0.015838718 0.057233114 0.990137935
1341846326.154079 -0.042739950 0.070616640 0.145046026 0.127109513 0.018420313 0.055830095 0.990144849
1341846326.190178 -0.050546285 0.084337905 0.142518103 0.129896045 0.018599225 0.057746436 0.989669859
1341846326.222162 -0.055107463 0.105065398 0.147998214 0.130192548 0.017217286 0.063698076 0.989290655
1341846326.259181 -0.053339198 0.112975955 0.143720567 0.126775041 0.014182995 0.067528024 0.989528596
1341846326.322766 -0.047183335 0.133905679 0.151428580 0.119409077 0.013342420 0.066943169 0.990495861
1341846326.359773 -0.044775605 0.144561976 0.158009619 0.115840510 0.014659482 0.065253474 0.991013646
1341846326.392109 -0.043097407 0.141002119 0.167366862 0.114164673 0.016558243 0.065852590 0.991138577
1341846326.423985 -0.052358322 0.147412360 0.172285438 0.118672229 0.018113518 0.070843346 0.990237355
1341846326.459869 -0.060099691 0.162052169 0.175357223 0.121120445 0.016233113 0.073769145 0.989759803
1341846326.526163 -0.040703006 0.203133568 0.180371255 0.122168541 0.016090797 0.074769661 0.989558220
1341846326.560211 -0.049747661 0.207175180 0.189702109 0.117037512 0.021021571 0.073965341 0.990146160
1341846326.591828 -0.046778377 0.216339454 0.189483657 0.113877669 0.022485148 0.076466657 0.990292430
1341846326.627027 -0.043051798 0.228605703 0.193603769 0.113838948 0.023819793 0.075390808 0.990348160
1341846326.658442 -0.047100142 0.248544469 0.192703485 0.112373300 0.027852131 0.073779650 0.990531683
1341846326.694856 -0.051234186 0.264353156 0.195752591 0.109296255 0.031364001 0.074059501 0.990750134
1341846326.726206 -0.056732148 0.265400469 0.191381007 0.102532320 0.032907173 0.071813874 0.991588116
1341846326.762753 -0.049045727 0.289601773 0.202290282 0.097917609 0.035005461 0.068622865 0.992208481
1341846326.826821 -0.046816081 0.318493485 0.202145949 0.083867028 0.040157340 0.066543229 0.993441343
1341846326.858887 -0.057690557 0.319185555 0.214476898 0.074596263 0.042785123 0.063747354 0.994254053
1341846326.895360 -0.061203964 0.317532390 0.219305247 0.071899161 0.042665128 0.064852983 0.994386375
1341846326.926897 -0.058660250 0.334049821 0.234298721 0.074898183 0.038720962 0.066456743 0.994220495
1341846326.958888 -0.058631964 0.353255004 0.228057683 0.078472696 0.036782790 0.068210393 0.993899584
1341846326.994594 -0.047952645 0.365413576 0.230385661 0.079150051 0.035978869 0.071794227 0.993622839
1341846327.026301 -0.050052773 0.380629748 0.222038582 0.077439219 0.037612166 0.070188031 0.993811905
1341846327.063945 -0.045667250 0.382890284 0.231964290 0.074305862 0.039572783 0.068061337 0.994122863
1341846327.094662 -0.050104469 0.394059896 0.229773834 0.074024588 0.042149924 0.064769693 0.994257808
1341846327.128901 -0.055242050 0.404576808 0.238537356 0.073095165 0.042949867 0.063514516 0.994373322
1341846327.161940 -0.082233824 0.416213185 0.222148314 0.071804315 0.045804709 0.061013382 0.994496584
1341846327.193867 -0.050641194 0.417479753 0.236237213 0.070133746 0.043168642 0.060966749 0.994736552
1341846327.229885 -0.028631138 0.439598083 0.248211592 0.072668396 0.043985143 0.061491564 0.994486511
1341846327.262014 -0.048210997 0.455407858 0.231352538 0.072366759 0.050909001 0.055751488 0.994516492
1341846327.294023 -0.098490775 0.462630838 0.227174938 0.075636633 0.071526170 0.047998447 0.993407905
1341846327.330015 -0.128184497 0.477236629 0.210288644 0.077384427 0.085416973 0.045262247 0.992303848
1341846327.361939 -0.192314893 0.473928392 0.216116071 0.071146555 0.103564627 0.041709416 0.991197705
1341846327.393887 -0.229877129 0.478544682 0.211333036 0.068856850 0.111512080 0.034330823 0.990780115
1341846327.429966 -0.275351405 0.462638021 0.211834386 0.060640063 0.119078234 0.031626020 0.990526617
1341846327.461965 -0.307616979 0.447626948 0.211526126 0.046798192 0.119853839 0.029482493 0.991249621
1341846327.497931 -0.357748002 0.454077750 0.233061105 0.043103851 0.127642363 0.026299777 0.990534127
1341846327.530068 -0.401510477 0.452926904 0.233498842 0.039502364 0.135551840 0.027940542 0.989588082
1341846327.561895 -0.426196039 0.449409634 0.255771577 0.037321929 0.137528554 0.031570416 0.989290774
1341846327.598010 -0.429240584 0.456536561 0.255932182 0.039595671 0.134662971 0.035552856 0.989461482
1341846327.629945 -0.440808654 0.486354917 0.257555217 0.042489961 0.130967006 0.032960895 0.989927173
1341846327.662003 -0.461275607 0.489726245 0.265628755 0.042999737 0.131925300 0.029487034 0.989887476
1341846327.697919 -0.440053165 0.535131633 0.259638369 0.050909836 0.127461642 0.028395522 0.990128994
1341846327.730075 -0.459553063 0.554367304 0.264799505 0.047362134 0.129862562 0.026945515 0.990033567
1341846327.766017 -0.482918620 0.553773463 0.266378760 0.041792490 0.133182302 0.028368486 0.989803553
1341846327.797917 -0.453179955 0.568579137 0.271098822 0.035862051 0.128280476 0.032357045 0.990560949
1341846327.830054 -0.456093073 0.573469758 0.272504002 0.029347952 0.128333941 0.032127976 0.990775883
1341846327.865944 -0.428431809 0.586713731 0.269910574 0.026654635 0.125244185 0.034013484 0.991184413
1341846327.898010 -0.434749663 0.594838858 0.273716152 0.023195498 0.126688808 0.034538891 0.991069615
1341846327.929991 -0.431310922 0.607003808 0.272000253 0.018905973 0.124477908 0.033396244 0.991479993
1341846327.966065 -0.426837355 0.608585536 0.274032623 0.011743410 0.124296002 0.031982154 0.991660118
1341846327.998073 -0.425628424 0.618226409 0.278442264 0.005506196 0.125398234 0.030961897 0.991607964
1341846328.034045 -0.431611717 0.624632418 0.273630857 0.000508543 0.127376750 0.027545493 0.991471708
1341846328.065993 -0.435004592 0.609994411 0.274036795 -0.008091685 0.128651291 0.028905544 0.991235495
1341846328.098045 -0.431349456 0.590275884 0.273809969 -0.010845897 0.128519371 0.031640537 0.991142750
1341846328.133967 -0.437231004 0.600892246 0.271518230 -0.005386828 0.127872661 0.034555919 0.991173744
1341846328.166023 -0.437646925 0.593589187 0.273081541 -0.007222775 0.124717750 0.035742361 0.991521955
1341846328.198018 -0.436302036 0.574084759 0.268595874 -0.008834637 0.121859431 0.034400273 0.991911709
1341846328.234044 -0.439870030 0.574848354 0.271350324 -0.003620457 0.120854132 0.031995535 0.992147923
1341846328.265899 -0.447865009 0.560085118 0.262627184 -0.002362412 0.120222114 0.031751279 0.992236316
1341846328.302051 -0.462033510 0.558859885 0.270455062 0.003182262 0.123192661 0.028313993 0.991973639
1341846328.333917 -0.468609542 0.536102057 0.274400830 0.005291854 0.124425747 0.030260421 0.991753280
1341846328.366008 -0.483304948 0.497184157 0.274431705 0.005300401 0.126519576 0.031241754 0.991457820
1341846328.402010 -0.456191182 0.467476964 0.262139559 0.016266020 0.123002343 0.036695328 0.991594315
1341846328.433920 -0.454615712 0.455413491 0.256048054 0.018951729 0.120631039 0.036864512 0.991831660
1341846328.470003 -0.425402522 0.446816474 0.257655978 0.020145612 0.114804789 0.033237565 0.992627442
1341846328.502194 -0.414323598 0.433267981 0.248011172 0.024361381 0.114930406 0.022639772 0.992816687
1341846328.534033 -0.434312135 0.430376738 0.248023286 0.029436583 0.121636398 0.016981550 0.991992772
1341846328.570125 -0.458356857 0.400824696 0.266053945 0.029073531 0.125414401 0.020951519 0.991456985
1341846328.602804 -0.463937253 0.373495400 0.258895695 0.033117164 0.120446265 0.025476348 0.991840184
1341846328.672663 -0.442162782 0.333243370 0.230750591 0.041652877 0.104220562 0.022250984 0.993432403
1341846328.702975 -0.403229654 0.337691903 0.224666715 0.049252987 0.094692312 0.019494826 0.994096279
1341846328.770129 -0.411436558 0.326206207 0.220804989 0.060842756 0.093183748 0.016654072 0.993648589
1341846328.802331 -0.395515859 0.328548849 0.231184363 0.065629140 0.087564148 0.016942374 0.993850231
1341846328.838051 -0.391066194 0.289631099 0.213230371 0.064912543 0.085437357 0.013327623 0.994137406
1341846328.869939 -0.409219772 0.292018920 0.208926365 0.065483049 0.087615810 0.011772138 0.993929982
1341846328.904486 -0.383391291 0.288172543 0.216015875 0.063498333 0.079675727 0.012134565 0.994722307
1341846328.939814 -0.386819243 0.228323653 0.206309319 0.060410198 0.078554355 0.012989637 0.994993031
1341846328.970217 -0.403223634 0.227392107 0.201319531 0.064612567 0.079461895 0.017678423 0.994584560
1341846329.006232 -0.387695014 0.229060903 0.196645737 0.068429008 0.074548550 0.022456661 0.994613290
1341846329.038243 -0.364163905 0.221034259 0.204247624 0.074160293 0.070367321 0.020060949 0.994558334
1341846329.106125 -0.357215911 0.228131816 0.195932299 0.078742102 0.068603732 0.018435933 0.994360745
1341846329.138340 -0.366536617 0.219476238 0.195828110 0.081437506 0.069586910 0.016159451 0.994114935
1341846329.169991 -0.362276822 0.192526340 0.183786511 0.078568548 0.067900017 0.015912503 0.994466364
1341846329.208656 -0.348065913 0.210563168 0.189289615 0.083649032 0.064510204 0.015851477 0.994278669
1341846329.238169 -0.348914564 0.205995157 0.184303626 0.082779676 0.063916028 0.016054910 0.994386494
1341846329.273827 -0.356145859 0.174643740 0.171964347 0.077723868 0.064763516 0.016869696 0.994726121
1341846329.306052 -0.340685219 0.159683987 0.163786173 0.075762212 0.059355356 0.015283763 0.995240390
1341846329.338104 -0.339662671 0.179099321 0.169678688 0.076047644 0.057966899 0.014004144 0.995319307
1341846329.373907 -0.329887301 0.157316118 0.168552324 0.072451718 0.055568099 0.013295454 0.995733976
1341846329.405985 -0.330376983 0.156328142 0.164200425 0.074892700 0.054319154 0.010491539 0.995655775
1341846329.442057 -0.331093222 0.139073730 0.164878666 0.071830429 0.053831313 0.006039881 0.995944798
1341846329.473950 -0.322916269 0.137269318 0.159656122 0.072137490 0.051190749 0.000132188 0.996080160
1341846329.506147 -0.338050395 0.140961513 0.157587275 0.073607393 0.051723685 -0.001691522 0.995943606
1341846329.542121 -0.333809972 0.120802894 0.157055467 0.070455946 0.047862615 -0.000910939 0.996365547
1341846329.574086 -0.328090459 0.109837569 0.160344213 0.073909342 0.045052372 -0.004166184 0.996238112
1341846329.606387 -0.337725699 0.101142749 0.150021017 0.074905850 0.046022259 -0.005100128 0.996114969
1341846329.641955 -0.341908097 0.093665347 0.147703826 0.074153125 0.045127012 -0.004539439 0.996214926
1341846329.681570 -0.351677895 0.086588494 0.149856836 0.074082889 0.043507654 -0.004398502 0.996292889
1341846329.748113 -0.360413939 0.090640344 0.152441964 0.077749252 0.045512360 -0.007252011 0.995907128
1341846329.810175 -0.330505729 0.045342054 0.141551107 0.072451495 0.043801766 -0.001112486 0.996408999
1341846329.842255 -0.332793653 0.028934982 0.139431745 0.072528675 0.044043332 0.002283362 0.996390760
1341846329.874044 -0.352688998 0.042961951 0.148301840 0.078496121 0.047096439 0.005111078 0.995788217
1341846329.910073 -0.339118809 0.033994801 0.139175981 0.076706916 0.044357080 0.007883658 0.996035337
1341846329.942009 -0.355138451 0.014029354 0.139026746 0.069068491 0.046493646 0.012362388 0.996451199
1341846329.978087 -0.335515618 0.011328774 0.138565272 0.070595875 0.042725749 0.014692381 0.996481240
1341846330.016305 -0.335220337 0.017797258 0.136090115 0.072698504 0.044227198 0.012066603 0.996299803
1341846330.048192 -0.346150696 0.023954246 0.133398950 0.069443442 0.046780381 0.014604518 0.996381402
1341846330.080418 -0.338537604 0.003897989 0.132969826 0.064354345 0.045500755 0.016264405 0.996756554
1341846330.115886 -0.339385748 -0.012804914 0.136544764 0.066902027 0.047448475 0.018515766 0.996458709
1341846330.147839 -0.338081151 0.005632469 0.132171616 0.070598543 0.046722855 0.019923540 0.996210754
1341846330.181257 -0.350998044 -0.002720611 0.119575918 0.063216910 0.047860373 0.023103457 0.996583819
1341846330.215852 -0.342492193 -0.000367062 0.127705649 0.059003752 0.047769681 0.021857848 0.996874511
1341846330.247833 -0.345036417 -0.005104177 0.125516474 0.057005484 0.048302948 0.021537632 0.996972084
1341846330.283913 -0.348154545 0.002731608 0.115489453 0.053710647 0.047708005 0.022236012 0.997168303
1341846330.316011 -0.348176509 -0.022064559 0.119625673 0.044572733 0.047051053 0.022780994 0.997637451
1341846330.347868 -0.356736809 -0.014845766 0.119103834 0.044816010 0.046254687 0.020517895 0.997712910
1341846330.383835 -0.341192365 -0.018863931 0.120624498 0.042767595 0.043648735 0.022261567 0.997882843
1341846330.415934 -0.349678963 -0.032121196 0.119177014 0.042037115 0.045855034 0.019531462 0.997872114
1341846330.452561 -0.353353024 -0.034163341 0.122246966 0.044739820 0.045266178 0.018955478 0.997792542
1341846330.483903 -0.357904226 -0.028910905 0.112815551 0.045318387 0.043824490 0.021920502 0.997770071
1341846330.515970 -0.362008214 -0.045059890 0.116455361 0.042666268 0.042262107 0.024767373 0.997887850
1341846330.552099 -0.367214441 -0.035611130 0.113555267 0.046169404 0.041917074 0.025823101 0.997719646
1341846330.583876 -0.363648146 -0.033847798 0.108900689 0.044821057 0.040660881 0.026659532 0.997811139
1341846330.619992 -0.367783040 -0.038964249 0.103713565 0.038570575 0.039502095 0.028922202 0.998055816
1341846330.652136 -0.367798120 -0.037014667 0.103475347 0.033103310 0.038111310 0.025264284 0.998405457
1341846330.683796 -0.368484586 -0.032164376 0.101292863 0.029685035 0.037833903 0.024880297 0.998533130
1341846330.719991 -0.371035665 -0.058138542 0.098924689 0.024946548 0.035563730 0.025682455 0.998725832
1341846330.752103 -0.368932456 -0.062943764 0.096088469 0.026623067 0.030795787 0.030217836 0.998714030
1341846330.787952 -0.378986806 -0.057040833 0.085574962 0.028448010 0.026590185 0.033920623 0.998665690
1341846330.819823 -0.381639957 -0.051304020 0.092610717 0.029069537 0.022963857 0.033679403 0.998745859
1341846330.852208 -0.374979258 -0.051150419 0.085763514 0.027850749 0.020150799 0.035760749 0.998768985
1341846330.914111 -0.384216756 -0.036492620 0.077559583 0.019373437 0.017829021 0.034237262 0.999066889
1341846330.949903 -0.400831133 -0.047659565 0.080180250 0.016168173 0.018962691 0.033231627 0.999136984
1341846330.981986 -0.389792651 -0.047513172 0.064067945 0.016600898 0.011779425 0.034715552 0.999189913
1341846331.014111 -0.387026757 -0.047047723 0.069182187 0.015744945 0.007329123 0.036473077 0.999183714
1341846331.082139 -0.387258440 -0.048763610 0.062597096 0.017479656 0.004187235 0.033192862 0.999287367
1341846331.114334 -0.389048994 -0.053783808 0.059586722 0.015963957 0.002101087 0.033182129 0.999319613
1341846331.149989 -0.395133495 -0.046038315 0.065634347 0.018310048 0.002198700 0.031354632 0.999338150
1341846331.181954 -0.399837494 -0.042056162 0.060162835 0.022170788 0.002173786 0.029947465 0.999303222
1341846331.218151 -0.405036628 -0.030408116 0.055759531 0.021969179 -0.000989828 0.032318842 0.999235630
1341846331.249914 -0.392379969 -0.040686846 0.061261948 0.019110030 -0.003469736 0.029562719 0.999374211
1341846331.318141 -0.388287783 -0.034356534 0.064963609 0.030322913 0.006381558 0.024469415 0.999220192
1341846331.349926 -0.382753998 -0.039968863 0.057104595 0.028321961 0.008461355 0.023040570 0.999297440
1341846331.382003 -0.371352613 -0.072724670 0.061760142 0.028290538 0.016544364 0.024603521 0.999159932
1341846331.418008 -0.375123441 -0.042995173 0.071025237 0.038571481 0.025535552 0.022691712 0.998671770
1341846331.450327 -0.371331304 -0.033207230 0.097463772 0.041078296 0.030684387 0.023606557 0.998405576
1341846331.486219 -0.379320264 -0.021602424 0.089116603 0.042373355 0.032111317 0.023643596 0.998305738
1341846331.518344 -0.365058064 -0.028117565 0.091270171 0.040462442 0.031852391 0.022727342 0.998414576
1341846331.550202 -0.364295453 -0.030733587 0.101888672 0.042947680 0.037108202 0.021008896 0.998166859
1341846331.586139 -0.368600637 -0.015801031 0.105954506 0.046004031 0.038233478 0.022084039 0.997964978
1341846331.617931 -0.366444319 -0.015843639 0.110601149 0.044726335 0.038724884 0.021567360 0.998015404
1341846331.654027 -0.356328249 -0.028570071 0.113044783 0.044193320 0.040646609 0.022570724 0.997940600
1341846331.686123 -0.362871855 -0.012702546 0.124354802 0.048040982 0.043870408 0.024248775 0.997586787
1341846331.717954 -0.366694808 -0.006710574 0.132183716 0.044561502 0.043052837 0.024715312 0.997772455
1341846331.754076 -0.350161642 -0.017893963 0.143942147 0.042033762 0.042332292 0.023104096 0.997951567
1341846331.785920 -0.349382401 -0.017009012 0.152108461 0.044868361 0.045398384 0.022271223 0.997712255
1341846331.818053 -0.361490488 -0.014928019 0.157962024 0.044642217 0.048689302 0.023250200 0.997544885
1341846331.853849 -0.351265937 -0.010642873 0.179031566 0.044749405 0.047750805 0.021125600 0.997632742
1341846331.885987 -0.342390984 -0.008479535 0.190982103 0.048042297 0.049978871 0.019123491 0.997410834
1341846331.922014 -0.342912525 0.001424832 0.202553153 0.050638545 0.053150222 0.017628409 0.997145951
1341846331.954037 -0.337049991 -0.015756693 0.203647643 0.047548655 0.055617776 0.018076682 0.997155428
1341846331.986135 -0.360324562 -0.023913518 0.217474639 0.050072335 0.065809175 0.016586332 0.996437073
1341846332.022364 -0.340372711 -0.028040204 0.238279507 0.056558359 0.066771887 0.018348122 0.995994985
1341846332.054175 -0.343970895 -0.025941851 0.242399365 0.062492829 0.067105263 0.020574212 0.995574296
1341846332.086502 -0.338503838 -0.024950087 0.254488170 0.065065391 0.066807933 0.021651007 0.995406687
1341846332.122051 -0.335068434 -0.014596818 0.276637405 0.067883305 0.067479208 0.020442272 0.995198727
1341846332.153983 -0.342027009 -0.003751790 0.286881506 0.066382200 0.067606837 0.018273411 0.995333493
1341846332.190165 -0.345257759 0.002844980 0.303732306 0.060920484 0.066750824 0.015622792 0.995785594
1341846332.254145 -0.338577002 -0.017985743 0.334397852 0.059486307 0.066410616 0.014444322 0.995912850
1341846332.289948 -0.337186933 -0.015264666 0.337545544 0.061140735 0.065905906 0.016650926 0.995811701
1341846332.322172 -0.335263699 -0.016237186 0.349303842 0.062101565 0.065336548 0.017753880 0.995770693
1341846332.354003 -0.327384412 -0.023885937 0.355041802 0.063807048 0.066609047 0.015318970 0.995618999
1341846332.390180 -0.328099221 -0.008719403 0.365807772 0.066300727 0.071256012 0.011468817 0.995186031
1341846332.422055 -0.333150029 -0.008813519 0.384369552 0.063842744 0.074521728 0.008888362 0.995133936
1341846332.458114 -0.331953228 -0.010840870 0.390611976 0.063253202 0.077117994 0.005050684 0.995000660
1341846332.489993 -0.341219485 -0.001404628 0.405549169 0.065334097 0.080043219 0.006891070 0.994624078
1341846332.522130 -0.349313706 -0.001803253 0.421718478 0.064503722 0.077228516 0.012746882 0.994842947
1341846332.558114 -0.346356452 -0.001075875 0.430246949 0.065582313 0.071682632 0.019741839 0.995073259
1341846332.589874 -0.330993384 0.010161001 0.433147639 0.066380821 0.067460455 0.023437221 0.995235324
1341846332.621889 -0.323874831 0.007000573 0.436678648 0.060598850 0.066675834 0.026129818 0.995589912
1341846332.658202 -0.315471292 0.004655462 0.449270725 0.056702100 0.066515967 0.024315311 0.995876133
1341846332.690001 -0.320243418 0.006383773 0.457904190 0.054650821 0.068671636 0.025382800 0.995817840
1341846332.726000 -0.315795869 0.006032914 0.471522689 0.054415260 0.067025781 0.030526612 0.995798469
1341846332.758386 -0.313811272 0.003650762 0.473861605 0.054657113 0.064875059 0.032094892 0.995878398
1341846332.789937 -0.312362403 0.004729912 0.463891804 0.052994713 0.065868579 0.029084971 0.995995462
1341846332.825925 -0.320708632 0.000001699 0.471811742 0.049700789 0.070240386 0.026767848 0.995931506
1341846332.857898 -0.305543303 0.007491790 0.494987786 0.052199285 0.069856644 0.028439060 0.995784342
1341846332.894069 -0.298852205 0.020591162 0.507464468 0.052946053 0.069126800 0.028588120 0.995791614
1341846332.926029 -0.292420477 0.026187927 0.516157150 0.049799126 0.069316663 0.026755972 0.995991647
1341846332.958015 -0.288495541 0.028922010 0.524573267 0.046822492 0.071623154 0.024033474 0.996042252
1341846332.994073 -0.282773823 0.029616885 0.530829966 0.043768082 0.072205521 0.023586875 0.996149778
1341846333.026545 -0.281822383 0.029690322 0.537530541 0.040679526 0.073880993 0.020198006 0.996232331
1341846333.057998 -0.272649288 0.029364627 0.544124424 0.039931197 0.075475559 0.022003107 0.996104836
1341846333.094024 -0.270830244 0.032377247 0.554965019 0.040864922 0.077405728 0.025245614 0.995841861
1341846333.126095 -0.262672693 0.034889165 0.558369219 0.041347094 0.078218646 0.027009945 0.995712161
1341846333.161973 -0.261592209 0.041575961 0.565235496 0.040502448 0.081697375 0.028464567 0.995426953
1341846333.195660 -0.259012938 0.042481389 0.573871970 0.037969436 0.083562963 0.030368421 0.995315671
1341846333.226331 -0.256794363 0.045108736 0.577583671 0.036877859 0.084001079 0.029196052 0.995354891
1341846333.262056 -0.257163107 0.053109337 0.582741261 0.034004211 0.084939823 0.026540596 0.995451927
1341846333.294147 -0.255125165 0.049367644 0.588008761 0.030408764 0.084791437 0.026879741 0.995571792
1341846333.326100 -0.247017726 0.050937593 0.590012789 0.028588172 0.082338341 0.025225153 0.995874882
1341846333.362100 -0.249957591 0.059900284 0.590794146 0.026352923 0.082467809 0.023665043 0.995964110
1341846333.394119 -0.248550415 0.064900115 0.589578509 0.025610093 0.080933027 0.024562625 0.996087670
1341846333.429974 -0.250419736 0.047036599 0.597276509 0.020436112 0.080368459 0.025550436 0.996228099
1341846333.462115 -0.234359026 0.051043361 0.598816454 0.021383123 0.077957265 0.024713589 0.996420920
1341846333.494040 -0.229044646 0.075580597 0.601464689 0.027651526 0.077982277 0.021938544 0.996329665
1341846333.529953 -0.253062218 0.062563129 0.600226939 0.024422672 0.083777323 0.018704379 0.996009588
1341846333.562063 -0.272069931 0.050873771 0.588146210 0.021347644 0.088172033 0.018342057 0.995707572
1341846333.594090 -0.300664663 0.063157558 0.590681195 0.023365444 0.091346852 0.020628940 0.995331228
1341846333.629994 -0.326861143 0.062550575 0.593358934 0.019249314 0.093294173 0.020143678 0.995248675
1341846333.662127 -0.355531991 0.058807306 0.603149474 0.014009526 0.097664729 0.017190814 0.994972289
1341846333.697964 -0.386096984 0.052110221 0.611753404 0.010998558 0.103691109 0.017342247 0.994397521
1341846333.730092 -0.306742460 0.047365293 0.606983423 0.014667897 0.090667441 0.021216365 0.995547116
1341846333.762089 -0.266359776 0.060875006 0.596907139 0.019089671 0.084383897 0.021717655 0.996013701
1341846333.798006 -0.264486760 0.058854815 0.592748582 0.020111063 0.084181763 0.022085108 0.996002614
1341846333.830055 -0.262502730 0.059356786 0.592842817 0.022711987 0.085103258 0.020055069 0.995911360
1341846333.866045 -0.245764852 0.065971807 0.584312916 0.026421061 0.083364591 0.021690939 0.995932579
1341846333.897987 -0.250143439 0.057013154 0.580776572 0.026529269 0.083877988 0.020924812 0.995903015
1341846333.930099 -0.250373721 0.057203166 0.578085661 0.029398389 0.084605582 0.019677915 0.995786309
1341846333.965889 -0.248384267 0.063889995 0.572441459 0.032961417 0.084659845 0.019337332 0.995676816
1341846333.997985 -0.236292079 0.051977579 0.566264689 0.033431571 0.083221443 0.019729555 0.995774686
1341846334.030076 -0.248795286 0.058353011 0.562595546 0.037805788 0.085884713 0.020573620 0.995374918
1341846334.066000 -0.251175255 0.056870095 0.555784106 0.039288796 0.085357904 0.022385005 0.995323718
1341846334.097932 -0.247213647 0.062840454 0.552188635 0.042251665 0.084343508 0.022270454 0.995291412
1341846334.133884 -0.249273211 0.063274786 0.544243038 0.043878518 0.085279942 0.022420309 0.995137870
1341846334.166115 -0.268054336 0.045561522 0.533787370 0.041283671 0.086468346 0.023154303 0.995129526
1341846334.198072 -0.279443771 0.047291368 0.533910930 0.042146180 0.086186051 0.022532122 0.995132148
1341846334.234097 -0.272313535 0.051293004 0.529320359 0.043033697 0.085295454 0.021182844 0.995200515
1341846334.266045 -0.277240843 0.043987658 0.518953443 0.041679494 0.087026261 0.022573577 0.995077729
1341846334.297946 -0.286398232 0.043490443 0.512141943 0.043004174 0.086108834 0.024288438 0.995060802
1341846334.334036 -0.283616215 0.048077550 0.505251408 0.043856826 0.083578467 0.024353240 0.995237708
1341846334.365871 -0.276247978 0.052793391 0.500976741 0.044301752 0.081941128 0.023492467 0.995374858
1341846334.401845 -0.289869010 0.052406628 0.497706354 0.042964809 0.084388658 0.022179045 0.995259106
1341846334.433864 -0.303090334 0.050748263 0.494128555 0.043155070 0.084465981 0.023807663 0.995206654
1341846334.466105 -0.316097707 0.057094693 0.491170764 0.045294669 0.084731437 0.023016963 0.995107651
1341846334.502142 -0.326315522 0.051674586 0.481433034 0.042638320 0.084248662 0.024778515 0.995223701
1341846334.540153 -0.341078192 0.057633888 0.478422254 0.043693870 0.084939241 0.024158768 0.995134413
1341846334.602351 -0.315317214 0.057212770 0.449352860 0.036973841 0.075826086 0.015665615 0.996312201
1341846334.670161 -0.313674986 0.054079734 0.435889661 0.031412322 0.071996436 0.009154690 0.996868074
1341846334.702085 -0.323933274 0.051190868 0.425794244 0.030222399 0.070708640 0.009463166 0.996994197
1341846334.734751 -0.325804621 0.044162691 0.415939003 0.028843006 0.067805156 0.012054417 0.997208714
1341846334.770889 -0.332199544 0.044536740 0.409481645 0.029244153 0.066635571 0.014784879 0.997239172
1341846334.802194 -0.347721100 0.048390087 0.389335364 0.029750817 0.065874808 0.013004315 0.997299492
1341846334.833908 -0.347486824 0.050698973 0.372391552 0.029652348 0.064311132 0.010101371 0.997438133
1341846334.869874 -0.354760557 0.050920896 0.364538848 0.028149903 0.064600825 0.010154443 0.997462392
1341846334.902006 -0.365616977 0.047705144 0.349794656 0.026153328 0.063776657 0.010412088 0.997567117
1341846334.938010 -0.366188347 0.045399830 0.344213784 0.025796533 0.060436562 0.009459424 0.997793853
1341846334.970032 -0.358972341 0.043855853 0.338060617 0.025681624 0.058321279 0.009175929 0.997925341
1341846335.002203 -0.371197820 0.037810490 0.326978654 0.026675252 0.059884224 0.010509177 0.997793555
1341846335.037880 -0.379425883 0.041631490 0.320000499 0.029616905 0.057220571 0.014209001 0.997821033
1341846335.069990 -0.376394987 0.047438350 0.309888005 0.030638264 0.054002833 0.013635275 0.997977495
1341846335.106038 -0.377113819 0.045190286 0.300240099 0.030954523 0.055181466 0.011066987 0.997935057
1341846335.138045 -0.389169037 0.039998632 0.290841997 0.031772252 0.057242040 0.010766765 0.997796535
1341846335.169900 -0.391695589 0.043423481 0.276268810 0.031958129 0.054129209 0.010976358 0.997962058
1341846335.206091 -0.390476793 0.047710277 0.266896486 0.031891208 0.051883217 0.008192207 0.998110235
1341846335.239365 -0.390206426 0.042550981 0.257615209 0.031561702 0.053046796 0.005002675 0.998080611
1341846335.269948 -0.398122013 0.039109536 0.244996727 0.032607768 0.054799002 0.004726602 0.997953653
1341846335.305972 -0.405894250 0.035796545 0.234312966 0.034091216 0.053479403 0.005957466 0.997969031
1341846335.338012 -0.407266170 0.037224233 0.229009777 0.036143228 0.052440796 0.005674875 0.997953653
1341846335.374005 -0.403157413 0.032373607 0.223207206 0.040804051 0.053754698 0.006950320 0.997695923
1341846335.406025 -0.406289041 0.033902224 0.214430496 0.047404807 0.056142360 0.009060790 0.997255623
1341846335.438079 -0.410346448 0.040720388 0.201442838 0.053101998 0.056883324 0.011278685 0.996903837
1341846335.473998 -0.409415931 0.044656683 0.187041640 0.055396397 0.058220726 0.011167048 0.996703029
1341846335.507038 -0.411094904 0.051134929 0.178463548 0.056874000 0.060739592 0.009686640 0.996484935
1341846335.538040 -0.416746289 0.053242736 0.171021193 0.055840291 0.063281268 0.008145605 0.996398985
1341846335.574119 -0.419404924 0.045357514 0.163514361 0.051093411 0.062567919 0.010444826 0.996677339
1341846335.605970 -0.423649609 0.043016564 0.151962385 0.049993280 0.062377334 0.009527153 0.996754229
1341846335.641978 -0.423819155 0.048323598 0.141838238 0.051819425 0.063597552 0.006349845 0.996609151
1341846335.673993 -0.430438161 0.052161325 0.131518185 0.051644519 0.064541698 0.006086089 0.996559203
1341846335.706178 -0.433294803 0.047774170 0.121677563 0.050619520 0.062993146 0.007480923 0.996701360
1341846335.741982 -0.427221984 0.046050355 0.112090200 0.050931960 0.061989255 0.006875545 0.996752739
1341846335.773960 -0.434875488 0.049504608 0.097343378 0.050871994 0.062868416 0.006897658 0.996700585
1341846335.806271 -0.442118019 0.056469895 0.094002880 0.049444992 0.063035466 0.006414570 0.996765077
1341846335.842031 -0.432345152 0.048430502 0.079422869 0.046771780 0.062318392 0.007678264 0.996930242
1341846335.873966 -0.443380743 0.050792888 0.068669438 0.047911495 0.064709350 0.006296068 0.996733427
1341846335.910005 -0.445815384 0.051854175 0.058302976 0.047465079 0.064502627 0.008610098 0.996750891
1341846335.941936 -0.449342608 0.052461907 0.049290508 0.046492890 0.062513247 0.009318846 0.996917069
1341846335.974198 -0.448351622 0.051068656 0.034866676 0.046121012 0.061468847 0.007045239 0.997017980
1341846336.010032 -0.454674453 0.051932737 0.026333302 0.045659967 0.061691891 0.006059690 0.997031868
1341846336.042129 -0.462215871 0.054555893 0.017779667 0.045069367 0.060605373 0.006571206 0.997122109
1341846336.078076 -0.464181125 0.053267956 0.009430915 0.045037810 0.058748227 0.005781119 0.997239590
1341846336.110739 -0.466801882 0.056446083 0.004895184 0.045874909 0.058665734 0.003592899 0.997216582
1341846336.142002 -0.472422868 0.053362098 -0.011387948 0.045111042 0.058674030 0.005491752 0.997242332
1341846336.183953 -0.476939768 0.053723656 -0.019605599 0.044619411 0.056008760 0.006754702 0.997409880
1341846336.241891 -0.477526754 0.059057131 -0.022731297 0.043383200 0.054901712 0.005991815 0.997530878
1341846336.277946 -0.485389829 0.053471923 -0.031366069 0.043362610 0.055641159 0.008436147 0.997473121
1341846336.309977 -0.475756854 0.053896658 -0.087359108 0.045656823 0.052362423 0.012494419 0.997505605
1341846336.346143 -0.489805698 0.059864193 -0.051090807 0.048579209 0.051626626 0.011861867 0.997413695
1341846336.377975 -0.489439249 0.059476964 -0.059329275 0.049049225 0.051615503 0.011644174 0.997393787
1341846336.410032 -0.492864579 0.061139703 -0.074941896 0.049978480 0.052319899 0.011399071 0.997313797
1341846336.446041 -0.497336775 0.063617229 -0.088309430 0.049502257 0.052018844 0.011487997 0.997352302
1341846336.477990 -0.501784563 0.064798281 -0.090513691 0.049029082 0.052337199 0.010772517 0.997366965
1341846336.510056 -0.503489733 0.063278109 -0.096711151 0.049307562 0.052955650 0.011147627 0.997316480
1341846336.546024 -0.505675852 0.062084384 -0.101965666 0.050200995 0.052940451 0.012954465 0.997250915
1341846336.578003 -0.509403825 0.071015492 -0.115204960 0.050621167 0.052607108 0.014838028 0.997221053
1341846336.614020 -0.504743218 0.071277827 -0.123763151 0.049844567 0.052838132 0.013894171 0.997261524
1341846336.645982 -0.515046656 0.074030809 -0.124342352 0.048753206 0.054827537 0.012910810 0.997221351
1341846336.678036 -0.520046532 0.068444595 -0.135100439 0.046418224 0.053074315 0.014299204 0.997408628
1341846336.714024 -0.520708621 0.062242758 -0.120277561 0.047777083 0.050554719 0.013884047 0.997481227
1341846336.746016 -0.525539219 0.056836888 -0.135925770 0.051026601 0.048404548 0.016770514 0.997382581
1341846336.778014 -0.533012450 0.063633636 -0.174267471 0.054075614 0.045351859 0.019055650 0.997324407
1341846336.820006 -0.507482767 0.062307261 -0.199608475 0.053905196 0.039424602 0.023986921 0.997479141
1341846336.882056 -0.453218937 0.064417601 -0.271522254 0.055537596 0.033054654 0.028864371 0.997491777
1341846336.914273 -0.417433649 0.063852221 -0.274899036 0.057536677 0.026783612 0.032082908 0.997468174
1341846336.945998 -0.383658677 0.075338647 -0.277705312 0.064628087 0.021369329 0.027823880 0.997292519
1341846336.981980 -0.359299660 0.097791381 -0.302703112 0.068713427 0.017447954 0.022940485 0.997219980
1341846337.014238 -0.319601625 0.109899037 -0.309099793 0.066360272 0.013210235 0.020528372 0.997497082
1341846337.046017 -0.278496087 0.115511164 -0.293557465 0.064644903 0.010695979 0.013380603 0.997761309
1341846337.082104 -0.247185290 0.118985549 -0.304881126 0.063049510 0.008158705 0.013827859 0.997881234
1341846337.114317 -0.217764080 0.125665024 -0.304374695 0.061617102 0.005005951 0.012174790 0.998013020
1341846337.150037 -0.189390942 0.128397822 -0.300892323 0.059783272 0.001317147 0.012420061 0.998133242
1341846337.181873 -0.162266374 0.134777218 -0.297649175 0.059853483 0.000759919 0.008215889 0.998173058
1341846337.214073 -0.167692050 0.139952570 -0.309847295 0.057687219 0.002835504 0.005435518 0.998315871
1341846337.250087 -0.170620233 0.123489387 -0.319003195 0.053897079 0.001015880 0.008163895 0.998512626
1341846337.282028 -0.166769698 0.124579199 -0.319013953 0.055315450 -0.003449783 0.011518640 0.998396516
1341846337.317920 -0.162625581 0.129385069 -0.320301920 0.055416949 -0.004874353 0.010806452 0.998392940
1341846337.350018 -0.164648414 0.138886422 -0.326556653 0.054370575 -0.004216451 0.011037857 0.998450935
1341846337.382159 -0.158215031 0.130952939 -0.321177661 0.051073305 -0.004425094 0.009729929 0.998637676
1341846337.417941 -0.165828452 0.123309448 -0.326454431 0.051390238 -0.003154160 0.009685833 0.998626709
1341846337.450137 -0.166056320 0.130534530 -0.335424632 0.052328587 -0.005132015 0.010730243 0.998559058
1341846337.482096 -0.162589490 0.126735076 -0.335034966 0.050693300 -0.005651979 0.011771447 0.998628914
1341846337.518008 -0.164734319 0.120834112 -0.336635739 0.051365610 -0.005980152 0.011809538 0.998592138
1341846337.549978 -0.169600219 0.134335160 -0.344311535 0.052509043 -0.006255643 0.009262563 0.998557866
1341846337.585971 -0.166906536 0.126909554 -0.339174539 0.049034487 -0.006954879 0.009683952 0.998725951
1341846337.617903 -0.162021011 0.117808804 -0.331897378 0.049906176 -0.007813027 0.009594748 0.998677254
1341846337.650141 -0.160693005 0.130268618 -0.335415661 0.053023532 -0.008333494 0.009056898 0.998517394
1341846337.686352 -0.163307071 0.134456739 -0.338287920 0.051439181 -0.007702589 0.009366735 0.998602509
1341846337.718002 -0.159672901 0.133068949 -0.335313380 0.049675927 -0.007395634 0.009141179 0.998696148
1341846337.749920 -0.156444103 0.135758251 -0.323929280 0.049653608 -0.005638621 0.008307219 0.998716056
1341846337.786157 -0.158850059 0.142599955 -0.322596759 0.046884116 -0.002469590 0.008204794 0.998863637
1341846337.817945 -0.152935416 0.136453092 -0.315597117 0.044146195 -0.000873254 0.010193637 0.998972714
1341846337.854071 -0.150977299 0.141820356 -0.314526826 0.043366127 0.002407745 0.009785854 0.999008417
1341846337.885951 -0.155972913 0.147639498 -0.310954362 0.040457867 0.005225484 0.007817386 0.999136984
1341846337.918223 -0.152934730 0.146928102 -0.305450350 0.036135715 0.006372710 0.005300579 0.999312520
1341846337.954120 -0.153722435 0.143880785 -0.296972334 0.033705771 0.007945185 0.004758613 0.999388874
1341846337.985994 -0.150165141 0.150322348 -0.294338107 0.031188846 0.008608132 0.005492523 0.999461353
1341846338.018107 -0.146385670 0.147482261 -0.283514529 0.027737079 0.010176729 0.006442372 0.999542654
1341846338.054055 -0.143979073 0.152627856 -0.279787600 0.025740877 0.011601413 0.005626938 0.999585509
1341846338.085986 -0.139298052 0.153010517 -0.265203506 0.022437645 0.014674505 0.005421036 0.999625862
1341846338.121875 -0.138671353 0.146327555 -0.260663986 0.020041417 0.016879175 0.007616058 0.999627650
1341846338.154089 -0.141199812 0.146194980 -0.255658805 0.019268908 0.017658208 0.010883191 0.999599159
1341846338.186029 -0.135908753 0.147027910 -0.248560473 0.018197266 0.017018365 0.013201768 0.999602377
1341846338.222071 -0.130579248 0.151799202 -0.241537154 0.017294507 0.017993035 0.012700460 0.999607861
1341846338.254107 -0.130361736 0.147778481 -0.222721726 0.015309166 0.019809738 0.013780657 0.999591589
1341846338.290130 -0.126870453 0.145895451 -0.218227804 0.015711185 0.019713825 0.015166595 0.999567151
1341846338.321952 -0.123181753 0.150448605 -0.211481586 0.016088305 0.020423234 0.017003031 0.999517381
1341846338.354022 -0.121211618 0.148818538 -0.202270254 0.015455930 0.021032659 0.017040880 0.999514043
1341846338.389969 -0.122100234 0.154591843 -0.192936018 0.015241705 0.022153862 0.017650502 0.999482572
1341846338.422377 -0.117157035 0.153912500 -0.182025179 0.013431518 0.022220088 0.018280348 0.999495745
1341846338.454010 -0.116500035 0.153903961 -0.175738737 0.012202794 0.021927118 0.017221862 0.999536753
1341846338.489894 -0.114719413 0.151687473 -0.162387341 0.010437213 0.021416467 0.017691806 0.999559581
1341846338.522066 -0.114209294 0.153157100 -0.154085174 0.011509293 0.022043837 0.016371284 0.999556720
1341846338.558058 -0.111827970 0.154579416 -0.149859414 0.010475223 0.021902189 0.016904632 0.999562263
1341846338.589842 -0.109840594 0.151882291 -0.139019027 0.008255566 0.021683412 0.015984109 0.999603033
1341846338.622019 -0.106729768 0.151449203 -0.127191916 0.009442624 0.022867857 0.017058831 0.999548316
1341846338.657984 -0.106095515 0.157207236 -0.123454459 0.009967512 0.022425318 0.018977929 0.999518692
1341846338.690198 -0.107308365 0.160399422 -0.119158819 0.008355286 0.022439275 0.017487291 0.999560297
1341846338.722454 -0.104800478 0.158337057 -0.103102863 0.007878699 0.023729134 0.017007433 0.999542713
1341846338.757945 -0.105068140 0.160273522 -0.100151815 0.007815886 0.023428218 0.019683998 0.999501169
1341846338.790039 -0.103586413 0.156112432 -0.090819672 0.005479522 0.021577617 0.020070842 0.999550700
1341846338.826048 -0.080840997 0.159558460 -0.063102581 0.005894863 0.020330440 0.020037342 0.999575138
1341846338.858027 -0.079504982 0.155760497 -0.058839172 0.005008220 0.021616308 0.019968653 0.999554336
1341846338.889902 -0.083242759 0.166573763 -0.048088644 0.003620999 0.021622166 0.018530464 0.999587893
1341846338.925948 -0.073938899 0.166585848 -0.034248706 0.003071070 0.021692403 0.016742300 0.999619782
1341846338.958108 -0.072969601 0.163862869 -0.024558850 0.002996473 0.023848159 0.015861962 0.999585271
1341846338.990057 -0.069602169 0.162867770 -0.015343376 0.003246198 0.023506559 0.017024320 0.999573410
1341846339.025928 -0.060624678 0.158344701 -0.003270342 0.005005455 0.024002181 0.017770840 0.999541402
1341846339.057939 -0.061894566 0.165048927 0.007742864 0.008153550 0.026811488 0.017470742 0.999454558
1341846339.093927 -0.070507616 0.174720868 0.006834310 0.007708075 0.027250770 0.017726868 0.999441743
1341846339.126562 -0.059515238 0.178243101 0.018446444 0.004793040 0.025306683 0.016839189 0.999526441
1341846339.157969 -0.052417371 0.176273823 0.032844733 0.002080021 0.027761251 0.014856467 0.999502003
1341846339.194113 -0.055027936 0.176394612 0.038029611 -0.000221971 0.029130926 0.016735449 0.999435484
1341846339.228165 -0.050275702 0.180229515 0.049079880 -0.003246123 0.026657920 0.019110709 0.999456644
1341846339.257998 -0.038085766 0.180756837 0.070571221 -0.005578424 0.026348690 0.019749541 0.999442160
1341846339.294132 -0.039468922 0.182232782 0.071654253 -0.005625668 0.029166108 0.020731715 0.999343753
1341846339.326577 -0.043319259 0.192753181 0.072835945 -0.008731402 0.027911099 0.024045942 0.999283016
1341846339.362269 -0.030628523 0.188872486 0.097199410 -0.013319511 0.024677182 0.022791017 0.999346912
1341846339.394725 -0.027551230 0.188473716 0.106423080 -0.014285107 0.026761884 0.021394763 0.999310791
1341846339.462186 -0.017785557 0.189334065 0.125838712 -0.017719408 0.025505748 0.021639099 0.999283373
1341846339.496743 -0.007535042 0.187396437 0.130372956 -0.015049172 0.028468467 0.019753948 0.999286175
1341846339.562052 -0.007201295 0.181888655 0.146724686 -0.014358501 0.032132030 0.021353777 0.999152362
1341846339.595122 -0.001750649 0.185264349 0.153874785 -0.011750605 0.032761749 0.019837216 0.999197185
1341846339.632085 0.006041706 0.191332400 0.162875667 -0.009703225 0.035919309 0.017404096 0.999156058
1341846339.664568 0.010401255 0.190813363 0.170970812 -0.009505131 0.038329758 0.015434517 0.999100745
1341846339.698896 0.014763473 0.185856640 0.182004035 -0.010276026 0.039044451 0.015055346 0.999071240
1341846339.731977 0.019210663 0.186902642 0.196624875 -0.009856108 0.039267924 0.013100490 0.999094248
1341846339.762241 0.023935666 0.180726826 0.201327130 -0.010412569 0.040375467 0.013483464 0.999039352
1341846339.797873 0.021389529 0.183400571 0.204038754 -0.010046245 0.041371409 0.014336945 0.998990417
1341846339.830245 0.024925480 0.182092190 0.211280435 -0.010378812 0.040857650 0.014793037 0.999001563
1341846339.862015 0.029182913 0.184489369 0.217143640 -0.010538825 0.040801756 0.014327011 0.999008954
1341846339.897797 0.035771906 0.183688924 0.227135301 -0.011521415 0.041544002 0.013731202 0.998975873
1341846339.929916 0.037446953 0.175414592 0.234646499 -0.012788835 0.042694170 0.015879776 0.998880088
1341846339.961960 0.039203610 0.174250633 0.241053075 -0.011402541 0.042157490 0.016486935 0.998909831
1341846339.997845 0.046333302 0.177444100 0.241825491 -0.009693664 0.042700548 0.016631912 0.998902440
1341846340.029925 0.049643233 0.173832297 0.249712363 -0.009135413 0.044995666 0.018000372 0.998783231
1341846340.066044 0.052471358 0.172671244 0.255171835 -0.007293319 0.046224121 0.019182580 0.998720288
1341846340.098009 0.054651827 0.176495552 0.259527266 -0.005833625 0.046565536 0.020010306 0.998697758
1341846340.130102 0.058310680 0.175374895 0.268823087 -0.006572749 0.046330940 0.019170435 0.998720527
1341846340.166041 0.066249795 0.175617978 0.271941900 -0.005414261 0.047943726 0.016412506 0.998700500
1341846340.197867 0.063891120 0.175730407 0.278343886 -0.004550587 0.051029917 0.016367247 0.998552620
1341846340.229904 0.064440221 0.174436435 0.281660646 -0.006170677 0.051056962 0.016879015 0.998534024
1341846340.265859 0.070062742 0.174740195 0.292888343 -0.006292519 0.051798642 0.015781723 0.998512983
1341846340.298061 0.072426543 0.171982050 0.297628403 -0.004687523 0.054165069 0.016388265 0.998386502
1341846340.334063 0.069417797 0.175825119 0.303429186 -0.005490527 0.053772043 0.018609744 0.998364687
1341846340.366064 0.079517499 0.173106343 0.312128663 -0.007127413 0.050773598 0.018080136 0.998521090
1341846340.397995 0.081144810 0.172598481 0.313525647 -0.005084503 0.051452920 0.017341195 0.998511910
1341846340.433895 0.080823600 0.170627728 0.317625105 -0.005126507 0.051506437 0.018845830 0.998481631
1341846340.465959 0.082699776 0.171186090 0.319581330 -0.004201143 0.048805047 0.019884575 0.998601496
1341846340.501858 0.095281765 0.175422817 0.332575321 -0.002756449 0.044105742 0.019819198 0.998826444
1341846340.534329 0.101854645 0.178570136 0.350636601 -0.001700741 0.042412255 0.019204522 0.998914123
1341846340.566041 0.107888415 0.174752533 0.351490170 -0.000741975 0.041087922 0.019894088 0.998957157
1341846340.601909 0.109280832 0.175729245 0.350196689 0.001758145 0.040818401 0.020509856 0.998954475
1341846340.634005 0.102819532 0.176416084 0.313841075 0.002325108 0.041094698 0.019162027 0.998968780
1341846340.666028 0.108175747 0.175856516 0.309859902 0.002113550 0.041031994 0.016592316 0.999017775
1341846340.701946 0.109716058 0.175423443 0.307300746 0.004109888 0.042436466 0.014463212 0.998986006
1341846340.733954 0.113153562 0.176660568 0.304039925 0.004829993 0.043786362 0.013085914 0.998943508
1341846340.770081 0.110821605 0.177059561 0.306421041 0.003921319 0.044634026 0.010719894 0.998938203
1341846340.801980 0.115963899 0.176553279 0.304948628 0.004039403 0.045179084 0.004893116 0.998958766
1341846340.833999 0.116287619 0.176937699 0.295119643 0.003293911 0.047527146 0.001592184 0.998863280
1341846340.870013 0.117952012 0.174524993 0.301685244 0.001629713 0.046897028 0.000521164 0.998898268
1341846340.901955 0.120086983 0.170389906 0.299829036 0.002165407 0.046641286 -0.000347005 0.998909295
1341846340.933918 0.118784554 0.173391357 0.302328736 0.004723358 0.046041861 0.002044191 0.998926222
1341846340.970122 0.115348294 0.173702270 0.299270391 0.005952708 0.043539915 0.007610912 0.999004960
1341846341.001922 0.114675641 0.169348270 0.297125906 0.006969106 0.039637648 0.012296347 0.999114156
1341846341.037923 0.116516419 0.174069569 0.292750984 0.009101410 0.037099849 0.014112771 0.999170423
1341846341.070300 0.114830375 0.172522426 0.291131109 0.009233681 0.036531392 0.014353104 0.999186754
1341846341.102028 0.112691484 0.175615221 0.288075358 0.009646934 0.035216745 0.014425006 0.999229014
1341846341.137982 0.116026640 0.171283692 0.284401625 0.009137426 0.032901105 0.015025298 0.999303877
1341846341.170048 0.116100684 0.168246776 0.281458825 0.009298332 0.032561842 0.015926393 0.999299526
1341846341.202110 0.115896627 0.167743459 0.278737336 0.010954223 0.032241981 0.017457185 0.999267578
1341846341.237996 0.118719161 0.169972345 0.278295547 0.013053339 0.031969365 0.018084086 0.999239981
1341846341.269883 0.116804063 0.170975387 0.276141495 0.014288051 0.032681622 0.018369168 0.999194860
1341846341.306107 0.115289010 0.171125561 0.276606143 0.014613039 0.032140765 0.017381325 0.999225378
1341846341.338109 0.115649745 0.173597425 0.271724284 0.016082011 0.032664858 0.014417354 0.999232948
1341846341.370120 0.117595151 0.171809196 0.269795269 0.016037747 0.033525221 0.013104605 0.999223232
1341846341.406074 0.112478077 0.167934641 0.264741778 0.015305723 0.034519017 0.013168820 0.999200046
1341846341.438113 0.111944005 0.166539878 0.273470998 0.016967788 0.032773431 0.012501781 0.999240577
1341846341.470024 0.115240008 0.169163078 0.268547922 0.020114973 0.032254614 0.010252967 0.999224663
1341846341.506077 0.111894205 0.172571272 0.260026217 0.019857422 0.033276353 0.009764934 0.999201179
1341846341.538156 0.108285360 0.168790549 0.261974841 0.018676933 0.031860832 0.010261064 0.999265134
1341846341.574016 0.112887293 0.167922705 0.261446893 0.019527227 0.029028431 0.011194047 0.999325156
1341846341.612466 0.109407470 0.170894071 0.259005964 0.020337975 0.028832806 0.011815213 0.999307454
1341846341.643972 0.106379226 0.173857689 0.256758004 0.019725252 0.027750643 0.010501437 0.999365032
1341846341.679982 0.106185883 0.169694960 0.256849736 0.019101404 0.026248474 0.010983038 0.999412596
1341846341.712332 0.101387590 0.173005491 0.254287332 0.020257203 0.024662510 0.012765163 0.999409080
1341846341.744185 0.104780458 0.173751161 0.250259787 0.020832835 0.022356842 0.014710657 0.999424696
1341846341.780061 0.104279071 0.174597904 0.249478489 0.021505628 0.021859227 0.016042890 0.999400973
1341846341.842595 0.108440697 0.167466462 0.243816957 0.023233688 0.020517591 0.021151617 0.999295712
1341846341.906227 0.108129412 0.164923996 0.242173120 0.026905186 0.019918034 0.025677809 0.999109626
1341846341.942069 0.108874954 0.159217268 0.236968145 0.029580543 0.019845683 0.027529916 0.998986125
1341846341.974775 0.107666954 0.162528798 0.237553313 0.033360459 0.019814117 0.028841756 0.998830616
1341846342.010161 0.104603834 0.163972497 0.233744562 0.034288064 0.018679684 0.030702395 0.998765647
1341846342.042024 0.110299408 0.156249210 0.236221135 0.035326473 0.017580712 0.030728644 0.998748600
1341846342.080032 0.112864986 0.160693049 0.229793161 0.037836965 0.019538689 0.030866165 0.998615980
1341846342.112265 0.105641291 0.153889611 0.226830333 0.037227403 0.021038774 0.032985892 0.998540640
1341846342.147954 0.107513018 0.148628280 0.229047477 0.039312258 0.019619789 0.035124499 0.998416662
1341846342.179852 0.111287244 0.153051302 0.225256979 0.042814590 0.019801943 0.035680544 0.998249292
1341846342.211848 0.111978106 0.153572842 0.221682400 0.043300293 0.020204570 0.035665475 0.998220861
1341846342.247920 0.111965507 0.148222834 0.224588931 0.043821901 0.020395169 0.035283651 0.998207748
1341846342.279870 0.115280218 0.149834290 0.222636998 0.045615587 0.020340016 0.035916433 0.998105943
1341846342.316068 0.114034899 0.149635851 0.220225945 0.046843652 0.020731272 0.036439449 0.998022079
1341846342.347894 0.116890766 0.151168704 0.219553888 0.047162406 0.020300411 0.036981467 0.997995973
1341846342.379953 0.117427051 0.150558382 0.219426885 0.047234744 0.020924006 0.037096296 0.997975409
1341846342.416195 0.113934644 0.149800330 0.219958603 0.047845785 0.021579072 0.038160160 0.997892261
