1341846313.592026 0.000000000 0.000000000 0.000000000 0.000000000 0.000000000 0.000000000 1.000000000
1341846313.654184 0.004766605 0.000332763 0.002089139 -0.000658964 -0.002869230 0.005357750 0.999981284
1341846313.686156 0.020056320 0.002479945 0.010729213 0.000419567 -0.006332380 0.005923551 0.999962330
1341846313.721918 0.024999313 0.007611910 0.009236778 0.001058853 -0.007111595 0.006615275 0.999952257
1341846313.753994 0.034719408 0.005138988 0.007848084 0.000112752 -0.008313395 0.008200662 0.999931812
1341846313.789969 0.041559469 0.007053230 0.005212821 0.001632014 -0.009036386 0.006527018 0.999936521
1341846313.822075 0.051286463 0.008510496 0.003882020 0.001384618 -0.008659780 0.006006029 0.999943495
1341846313.853928 0.051023867 0.010919956 0.016458170 0.001239457 -0.005742295 0.003667582 0.999976039
1341846313.890011 0.063551649 0.011015081 0.006602535 0.000799534 -0.004699531 0.005409884 0.999974012
1341846313.922055 0.065555409 0.013604441 0.007145115 -0.001081797 -0.004125563 0.005993693 0.999972939
1341846313.957927 0.101572111 0.011118982 -0.011024918 -0.003258514 -0.004017236 0.007083359 0.999961555
1341846313.990058 0.089862101 0.011213509 0.000564491 -0.004384511 0.005161254 0.007323941 0.999950230
1341846314.022042 0.095444120 0.022588009 -0.001305950 -0.005493674 0.006064832 0.010053030 0.999915957
1341846314.057816 0.096030496 0.020908475 0.023544351 -0.009124957 0.009521027 0.009042539 0.999872148
1341846314.089801 0.093588725 0.023346687 0.044065904 -0.008092198 0.016426699 0.006926934 0.999808311
1341846314.122037 0.124757797 0.027513778 0.012700787 -0.008934804 0.016124655 0.015410696 0.999711275
1341846314.157989 0.131269336 0.017606650 0.011456501 -0.012381013 0.019198455 0.014828389 0.999629021
1341846314.190094 0.122764610 0.019174132 0.014725573 -0.011953869 0.024902735 0.014660642 0.999510884
1341846314.225969 0.119175315 0.025685441 0.004716719 -0.013694247 0.028100803 0.017186286 0.999363482
1341846314.257923 0.139047399 0.018307127 0.015977651 -0.016575346 0.028055675 0.018828973 0.999291539
1341846314.290052 0.144729003 0.017874988 0.013299929 -0.015341215 0.029258741 0.017398879 0.999302685
1341846314.325981 0.158483073 0.027810039 0.012991257 -0.015043428 0.029049663 0.016942739 0.999321103
1341846314.357905 0.163274005 0.032000732 0.027453180 -0.014931168 0.032142732 0.014758190 0.999262750
1341846314.389899 0.160444453 0.029782977 0.032888547 -0.013860954 0.036161013 0.013356005 0.999160588
1341846314.427905 0.174784169 0.032528661 0.016093848 -0.013713996 0.036690079 0.013357230 0.999143243
1341846314.493987 0.192353293 0.016433312 0.013518792 -0.014306108 0.045270171 0.005604798 0.998856544
1341846314.526085 0.186398417 0.018117143 -0.001945239 -0.014080278 0.048790656 0.002411152 0.998706818
1341846314.558292 0.195233032 0.016258670 0.012539815 -0.015696319 0.051226862 0.003516333 0.998557448
1341846314.594085 0.204863563 0.017543577 0.010157771 -0.013885891 0.055465784 0.001754315 0.998362422
1341846314.626096 0.203634709 0.021780172 0.001675077 -0.013127733 0.059959132 0.003603867 0.998107910
1341846314.658455 0.207668632 0.023904601 0.005360674 -0.014778339 0.062179614 0.002822317 0.997951508
1341846314.694004 0.242009968 0.016283318 0.016328435 -0.015480262 0.061971411 0.002221701 0.997955382
1341846314.725910 0.236870319 0.011756916 0.008429646 -0.011666374 0.066217475 0.006782234 0.997713983
1341846314.761942 0.240033239 0.009345667 0.003307071 -0.008616188 0.066433117 0.011660944 0.997685552
1341846314.794030 0.252991915 0.009700537 0.005058262 -0.005451861 0.067831263 0.013541417 0.997590005
1341846314.826092 0.257608354 0.007470568 -0.004760634 -0.003906510 0.072039627 0.012551908 0.997315109
1341846314.862145 0.278154969 0.017921954 0.002370235 -0.002649584 0.073662788 0.015078784 0.997165680
1341846314.894072 0.285813659 0.014701636 0.003028821 -0.003432100 0.077108368 0.017229402 0.996867895
1341846314.925969 0.284953862 0.011358518 -0.007689886 -0.003874686 0.080454417 0.020459946 0.996540725
1341846314.961937 0.287639290 0.034412071 -0.007798880 -0.004330096 0.080803595 0.025736384 0.996388316
1341846314.994564 0.287280291 0.021702571 0.007518329 -0.009099314 0.082834497 0.024558602 0.996219099
1341846315.029900 0.311885417 0.023731794 0.020788305 -0.009132191 0.083907038 0.022945158 0.996167541
1341846315.061965 0.302712232 0.019869167 0.018965747 -0.010069937 0.087833658 0.025745017 0.995751500
1341846315.094388 0.313149154 0.022344181 0.028549936 -0.009544721 0.085982732 0.026704542 0.995892942
1341846315.129851 0.311354548 0.022318617 0.022635065 -0.007496991 0.087201126 0.024516130 0.995860815
1341846315.161941 0.322318703 0.046303481 0.004389424 -0.007656347 0.085900739 0.030218584 0.995815873
1341846315.197984 0.319046289 0.040506437 0.007773750 -0.014861591 0.084744431 0.024741193 0.995984614
1341846315.230076 0.334601671 0.038613070 0.016765010 -0.018761393 0.082051605 0.022506695 0.996197283
1341846315.262069 0.333377987 0.037928287 0.028127439 -0.021789944 0.080094621 0.025480147 0.996223271
1341846315.298000 0.339777470 0.030780001 0.028066222 -0.024511451 0.076111875 0.026615014 0.996442616
1341846315.329931 0.352323711 0.018098762 0.034362622 -0.022164026 0.073980778 0.028149730 0.996615887
1341846315.361981 0.365250319 0.023259012 0.028197397 -0.016807651 0.071617052 0.034087438 0.996707857
1341846315.397962 0.385812402 0.021022545 0.018231377 -0.013535062 0.069892712 0.035485715 0.996831298
1341846315.429923 0.388475090 0.027410237 0.018705830 -0.010177966 0.072085798 0.036079109 0.996693671
1341846315.466047 0.397694826 0.031042151 0.014616843 -0.008888171 0.075092979 0.037977487 0.996413469
1341846315.497883 0.392048866 0.034057178 0.021260817 -0.009612367 0.079132207 0.041346043 0.995959938
1341846315.530008 0.396657825 0.032862350 0.016365357 -0.009568468 0.080095217 0.043112703 0.995808482
1341846315.566108 0.400159836 0.033132482 0.017578728 -0.010409502 0.081352353 0.044443857 0.995639622
1341846315.597986 0.400650680 0.028854253 0.020763114 -0.011187851 0.083069943 0.043708701 0.995521843
1341846315.630109 0.395102918 0.029210974 0.024630040 -0.011132543 0.085272461 0.041717157 0.995421708
1341846315.666042 0.396950930 0.033497732 0.018118925 -0.011300307 0.086593173 0.040743839 0.995346129
1341846315.698114 0.413112164 0.048316061 -0.002730519 -0.014790512 0.087217636 0.041402116 0.995218635
1341846315.733985 0.404318959 0.035368182 0.018737912 -0.019016257 0.091209844 0.043668002 0.994692028
1341846315.766041 0.397334278 0.036124550 0.023681551 -0.018549012 0.089671068 0.043095171 0.994865716
1341846315.798188 0.401720077 0.032461166 0.020214185 -0.020101849 0.088466562 0.042622622 0.994963765
1341846315.834140 0.393783718 0.023738291 0.022978939 -0.019957138 0.091591299 0.040655375 0.994766235
1341846315.866751 0.397712290 0.024676342 0.018557020 -0.017465031 0.092071101 0.041035879 0.994753242
1341846315.898492 0.393746138 0.022237230 0.018311366 -0.016519010 0.092931010 0.040972266 0.994692028
1341846315.936901 0.380016208 0.011619548 0.026132613 -0.014971321 0.096752092 0.036524028 0.994525433
1341846315.966572 0.375060827 0.012081822 0.025290862 -0.011396840 0.098302983 0.035704203 0.994450510
1341846316.034204 0.364599794 0.011385511 0.030382954 -0.007820147 0.098454468 0.035118870 0.994490981
1341846316.066113 0.350666076 0.013368327 0.031606518 -0.005144977 0.099601053 0.034749027 0.994407177
1341846316.101867 0.351977944 0.022652721 0.034817226 -0.002835707 0.097107761 0.038314808 0.994532049
1341846316.134066 0.332533926 0.023468357 0.029384773 -0.003394320 0.095855862 0.032523401 0.994857967
1341846316.202049 0.320847511 0.010360601 0.017504811 -0.004146605 0.091039442 0.029696750 0.995395780
1341846316.233979 0.321280628 0.010484681 0.010794416 -0.003851467 0.089118548 0.027798453 0.995625556
1341846316.270052 0.316640943 0.012157914 0.010443598 -0.004939913 0.090294905 0.024621004 0.995598435
1341846316.301915 0.307825893 0.005419821 0.021832477 -0.005152856 0.091864206 0.022691887 0.995499611
1341846316.334208 0.290120274 0.000171820 0.019818306 -0.004152270 0.092811868 0.023145109 0.995405972
1341846316.370006 0.292569906 -0.000269724 0.013910595 -0.002007152 0.090223961 0.024316879 0.995622575
1341846316.401994 0.278304398 0.000328811 0.014972325 -0.000049382 0.090654105 0.026293028 0.995535254
1341846316.438069 0.274968028 -0.002106926 0.016640667 0.002116760 0.089943223 0.028442683 0.995538414
1341846316.470076 0.271857530 -0.008588467 0.008613735 0.006059659 0.088788934 0.032122627 0.995513916
1341846316.502034 0.261723995 0.009212074 0.002150867 0.009583715 0.086634949 0.033461697 0.995631874
1341846316.537975 0.244889736 0.009938478 0.010245524 0.006996288 0.085501060 0.030124793 0.995857954
1341846316.570121 0.239744216 -0.002707990 0.009885881 0.005565286 0.085283041 0.028007340 0.995947480
1341846316.601885 0.227836639 -0.003741588 0.016763117 0.007581423 0.085506789 0.026197277 0.995964229
1341846316.638009 0.223309681 -0.005877103 0.011351172 0.009856789 0.083517313 0.027129274 0.996088207
1341846316.669925 0.216438338 -0.004587096 0.026277144 0.012216825 0.083331198 0.027350992 0.996071577
1341846316.705941 0.213217258 -0.010456630 0.003818478 0.016604155 0.082968250 0.029035414 0.995990694
1341846316.738062 0.198946342 -0.002825793 -0.001656633 0.018985339 0.082899347 0.030189499 0.995919585
1341846316.770433 0.188889220 0.001479302 0.004082415 0.018968971 0.082630470 0.030241499 0.995940685
1341846316.805932 0.188170940 -0.011271290 0.002763638 0.018035086 0.081944302 0.029773712 0.996028841
1341846316.838029 0.169833973 -0.008095337 0.009148205 0.019851951 0.081909426 0.030439038 0.995976985
1341846316.870034 0.157951906 -0.006878932 0.017002536 0.020563070 0.079289421 0.032054380 0.996123910
1341846316.906344 0.149888530 -0.014586262 0.008489793 0.020735711 0.076161012 0.029355198 0.996447623
1341846316.937940 0.148460686 -0.008339330 0.003559096 0.021259211 0.074221224 0.028579125 0.996605515
1341846316.973994 0.137008682 -0.002089304 0.014060907 0.021346556 0.073189825 0.027721569 0.996704102
1341846317.005913 0.135534674 -0.007645771 0.017845178 0.019534267 0.069776341 0.029741101 0.996927857
1341846317.037936 0.125849560 -0.008944206 0.031778775 0.019882767 0.068059593 0.027992671 0.997090220
1341846317.073972 0.125762954 -0.013747826 0.016012521 0.020775456 0.065030351 0.031283475 0.997176409
1341846317.106113 0.118715905 -0.014454753 0.025668910 0.023323363 0.063939616 0.035018992 0.997066379
1341846317.137887 0.105569556 -0.014975957 0.025183924 0.026520507 0.057910834 0.037320413 0.997271359
1341846317.173970 0.086376362 -0.010222565 0.012021773 0.027850660 0.052147452 0.038944006 0.997491002
1341846317.205887 0.087171517 -0.017638415 -0.006039930 0.027414640 0.048963096 0.040904328 0.997586012
1341846317.248131 0.072129518 -0.008813255 0.028029742 0.029365608 0.047654927 0.040604584 0.997606099
1341846317.306289 0.054543257 -0.020560209 0.007039289 0.029306211 0.041379660 0.045143612 0.997692823
1341846317.348137 0.046713986 -0.024437064 0.000765397 0.029896302 0.042680480 0.045014042 0.997626364
1341846317.410120 0.027106678 -0.021480136 -0.004037228 0.031827345 0.042945568 0.050581295 0.997288406
1341846317.442569 0.025542887 -0.025623566 -0.004046871 0.034968745 0.042865269 0.055613194 0.996918678
1341846317.474010 0.013861418 -0.018336482 -0.000774920 0.041087024 0.043791171 0.056411538 0.996600211
1341846317.509927 0.000679157 -0.015871828 0.005922758 0.043815844 0.042398538 0.059633233 0.996356547
1341846317.542282 0.004137905 -0.019931011 -0.006774704 0.043229427 0.038336955 0.064546503 0.996240556
1341846317.573943 -0.017300714 -0.021314967 0.004744010 0.042050656 0.041739155 0.058132451 0.996549129
1341846317.610159 -0.020238087 -0.019399816 0.011694901 0.045533739 0.043031715 0.059212863 0.996277452
1341846317.643553 -0.033992242 -0.014177629 0.015589688 0.047787070 0.043203127 0.061541934 0.996023357
1341846317.677993 -0.031926323 -0.015897069 0.016826656 0.048971675 0.038677488 0.066067182 0.995861888
1341846317.709996 -0.038647886 -0.012495515 0.021505600 0.051155567 0.036734872 0.062943727 0.996028006
1341846317.741834 -0.037633769 -0.002369384 0.027107762 0.053075556 0.034716092 0.066539936 0.995766163
1341846317.777923 -0.032257073 -0.005827867 0.035885692 0.050973959 0.032567281 0.065554008 0.996013880
1341846317.810021 -0.062856056 -0.018758640 0.030942321 0.049650878 0.033258848 0.064650245 0.996116936
1341846317.841886 -0.065625273 -0.011476119 0.034979966 0.049282271 0.031515073 0.062201407 0.996347845
1341846317.878017 -0.074906521 -0.010117636 0.040219411 0.047018662 0.031849757 0.057163894 0.996748269
1341846317.909910 -0.077778779 -0.015014032 0.037867211 0.046239469 0.032450978 0.055201955 0.996875942
1341846317.946031 -0.090436883 -0.018566482 0.040329669 0.047451939 0.033895623 0.057463497 0.996643066
1341846317.978041 -0.101608552 -0.022546746 0.040152453 0.048603948 0.033008166 0.055545043 0.996726096
1341846318.009897 -0.101330444 -0.019893061 0.042912725 0.051366065 0.033159878 0.054733399 0.996627390
1341846318.045949 -0.116029426 -0.015987288 0.037061606 0.051700883 0.034785669 0.052837551 0.996657014
1341846318.078074 -0.131496012 -0.012714680 0.041979574 0.051364385 0.033297010 0.050671864 0.996837676
1341846318.109894 -0.139813825 -0.014399213 0.044426639 0.050678365 0.029024798 0.047597617 0.997157812
1341846318.145957 -0.146348238 -0.014519604 0.032595992 0.050216291 0.027026545 0.045648824 0.997328460
1341846318.178001 -0.152988628 -0.014854420 0.040284745 0.049743492 0.027345942 0.042968538 0.997462511
1341846318.214074 -0.156075194 -0.020358618 0.049178734 0.049843051 0.025200507 0.042625517 0.997528791
1341846318.245970 -0.164734319 -0.024046198 0.053420082 0.052987806 0.019990360 0.044336408 0.997410119
1341846318.278018 -0.177931577 -0.020897269 0.058774006 0.057238888 0.016079821 0.043828458 0.997268379
1341846318.313937 -0.177105799 -0.017434670 0.059521720 0.059535466 0.008453116 0.044271737 0.997208118
1341846318.345989 -0.200391471 -0.030675732 0.042320322 0.059510157 0.000796920 0.041982807 0.997344136
1341846318.382046 -0.212722033 -0.027633365 0.045310970 0.061800502 -0.005121186 0.040592454 0.997249544
1341846318.414072 -0.217029512 -0.029315358 0.047755048 0.063231580 -0.011840942 0.041569415 0.997062445
1341846318.446035 -0.227588356 -0.030084832 0.050356034 0.065276615 -0.017465563 0.041342966 0.996857405
1341846318.482196 -0.230888635 -0.027301218 0.049832400 0.066731088 -0.019954607 0.040986203 0.996729136
1341846318.514144 -0.239008546 -0.026356257 0.048295133 0.067276858 -0.021101085 0.042580664 0.996601939
1341846318.546259 -0.248092756 -0.028435776 0.067155167 0.068244129 -0.021334536 0.041163106 0.996590793
1341846318.582042 -0.249190494 -0.029556345 0.034670450 0.069987088 -0.023151426 0.043873072 0.996313691
1341846318.614115 -0.262435704 -0.026087429 0.051462609 0.069977351 -0.022034753 0.042636983 0.996393383
1341846318.650038 -0.273556262 -0.027324593 0.047682561 0.069124937 -0.022712024 0.039447147 0.996569037
1341846318.682350 -0.280104101 -0.028329609 0.048410419 0.068953618 -0.023322159 0.038002204 0.996622980
1341846318.714063 -0.295610517 -0.024482075 0.039651133 0.068952687 -0.023665316 0.036465835 0.996672332
1341846318.749905 -0.310901284 -0.034404870 0.041348197 0.068726175 -0.022603394 0.036279932 0.996719420
1341846318.782036 -0.329384893 -0.037434995 0.033980060 0.070001051 -0.022211974 0.038539391 0.996554673
1341846318.814121 -0.338512152 -0.032888219 0.035378281 0.070849851 -0.027714424 0.037615068 0.996392131
1341846318.850072 -0.357901394 -0.037731107 0.026595302 0.070533179 -0.032541197 0.033789493 0.996405721
1341846318.883516 -0.381462544 -0.041793849 0.040681958 0.073160499 -0.037229907 0.032254599 0.996102929
1341846318.918047 -0.409769565 -0.042168535 0.051578708 0.076894507 -0.046816267 0.033316188 0.995382071
1341846318.950044 -0.397795171 -0.041563392 0.029347721 0.078359246 -0.059538174 0.028210765 0.994745791
1341846318.982028 -0.397775292 -0.037211418 0.020098697 0.080520302 -0.064563386 0.026263397 0.994312942
1341846319.018123 -0.408697695 -0.037632976 0.025285285 0.080637857 -0.070027582 0.027470952 0.993900895
1341846319.050745 -0.408945739 -0.045409683 0.036377631 0.081206650 -0.076469637 0.025323780 0.993436754
1341846319.081905 -0.415159672 -0.046520941 0.012995206 0.085528731 -0.076450296 0.022129450 0.993151784
1341846319.117976 -0.439968914 -0.041840859 0.011547796 0.088555112 -0.074603386 0.027988793 0.992879093
1341846319.150093 -0.442437202 -0.039048336 0.006363682 0.090681508 -0.079235807 0.035904240 0.992073298
1341846319.186069 -0.430895299 -0.025091460 0.009429820 0.093026221 -0.081812866 0.037045289 0.991604984
1341846319.218149 -0.429727316 -0.010850525 0.001532301 0.090968609 -0.077740915 0.035952054 0.992163539
1341846319.250034 -0.452665150 -0.011511428 0.035780217 0.085195370 -0.070077039 0.032998607 0.993348897
1341846319.286594 -0.460900903 -0.029804248 0.025595613 0.081750780 -0.066823743 0.036896974 0.993725300
1341846319.318034 -0.455471724 -0.030568762 0.021459505 0.082578823 -0.066816777 0.040377818 0.993521929
1341846319.350268 -0.480027646 -0.026767101 0.018254351 0.083745420 -0.065050945 0.046240442 0.993285894
1341846319.386163 -0.505924225 -0.031937387 0.018008694 0.085299782 -0.068069987 0.053068012 0.992609799
1341846319.418386 -0.488534749 -0.024002260 0.008670270 0.086322792 -0.075524092 0.055865627 0.991828382
1341846319.453961 -0.496229827 -0.018953437 0.035452373 0.087845720 -0.077514797 0.051494982 0.991777599
1341846319.486271 -0.516674519 -0.020348197 0.023146182 0.087041005 -0.076714776 0.049589165 0.992007852
1341846319.554083 -0.517222464 -0.026225971 0.013033733 0.080705747 -0.083471961 0.049951639 0.991979778
1341846319.586296 -0.536463201 -0.030395092 0.012749031 0.080770224 -0.082396582 0.045835275 0.992263138
1341846319.622031 -0.554514527 -0.027183354 -0.011608690 0.079384521 -0.084850281 0.043151420 0.992288470
1341846319.653962 -0.553174257 -0.036624156 0.007696770 0.078096315 -0.090721995 0.042447425 0.991901577
1341846319.686352 -0.560450196 -0.038177349 0.001074761 0.079899661 -0.094241865 0.044309262 0.991348147
1341846319.721992 -0.558680594 -0.035689015 0.002113059 0.080507465 -0.099332750 0.045695659 0.990738869
1341846319.754063 -0.579765439 -0.016248619 0.000194713 0.078937657 -0.100198418 0.044117305 0.990849495
1341846319.786397 -0.581230521 -0.021488886 0.008260392 0.074395746 -0.100309633 0.047669142 0.991025209
1341846319.822008 -0.594389617 -0.018006073 0.008193769 0.071351953 -0.100409597 0.052571174 0.990990937
1341846319.853917 -0.588129282 -0.019043809 0.014074393 0.066091016 -0.102861144 0.056378782 0.990895033
1341846319.889942 -0.589026272 -0.032301702 0.012273446 0.061963461 -0.103573970 0.061444104 0.990786374
1341846319.922039 -0.593021095 -0.030321456 0.038066030 0.062766753 -0.107876375 0.062459894 0.990212977
1341846319.953946 -0.594609261 -0.043463513 0.028234437 0.061853070 -0.114324845 0.059620406 0.989721894
1341846319.990054 -0.593369365 -0.036704443 0.030498937 0.065225713 -0.117495157 0.052148577 0.989555955
1341846320.028122 -0.592999935 -0.041629110 0.028805971 0.066682383 -0.121818192 0.051960319 0.988945842
1341846320.090047 -0.576969504 -0.023287993 0.038848504 0.073621616 -0.129520342 0.051185664 0.987514257
1341846320.122011 -0.567494333 -0.022624100 0.044693753 0.074202918 -0.127990589 0.052037574 0.987625599
1341846320.157952 -0.567042530 -0.033427209 0.016851485 0.073142447 -0.124424748 0.053278968 0.988094151
1341846320.190003 -0.546483338 -0.023856290 0.049108364 0.077606589 -0.122043975 0.051675830 0.988135695
1341846320.221941 -0.545985639 -0.026620599 0.042857409 0.081391662 -0.118267655 0.052013747 0.988272607
1341846320.258015 -0.539254665 -0.032334737 0.032162160 0.084746256 -0.116925709 0.055036802 0.987986505
1341846320.289887 -0.527730584 -0.044519570 0.024262033 0.089023873 -0.118008628 0.056557804 0.987395465
1341846320.321954 -0.514203906 -0.041528437 0.030987106 0.098335333 -0.119735241 0.055162564 0.986382663
1341846320.357890 -0.495003849 -0.031911049 0.043813013 0.104264848 -0.120057687 0.056382559 0.985665262
1341846320.390064 -0.458287090 -0.031414896 0.066156089 0.105744816 -0.118350677 0.056927804 0.985682726
1341846320.426544 -0.447818100 -0.036950119 0.043403365 0.108881846 -0.109410547 0.050929755 0.986701727
1341846320.458122 -0.404518306 -0.047845870 0.052641243 0.108358659 -0.105061442 0.049698934 0.987294555
1341846320.490186 -0.360414028 -0.042043656 0.032434575 0.111646533 -0.099436961 0.049820118 0.987504542
1341846320.525911 -0.320522130 -0.035547331 0.034208968 0.115512215 -0.093165323 0.047355313 0.987792790
1341846320.558091 -0.331017584 -0.029245550 0.045287639 0.117182150 -0.088525079 0.043891814 0.988182724
1341846320.594093 -0.330408424 -0.028041130 0.086122856 0.119000800 -0.083845422 0.040534444 0.988516927
1341846320.631955 -0.314700395 -0.005222814 0.085646637 0.123016216 -0.076083831 0.039680421 0.988687873
1341846320.664916 -0.305093408 -0.020172920 0.067701757 0.121833362 -0.073083058 0.037393969 0.989149749
1341846320.699927 -0.284361064 -0.048751287 0.086882785 0.120835707 -0.070893265 0.035423309 0.989503980
1341846320.731822 -0.254120380 -0.036567494 0.076772064 0.123180948 -0.065189071 0.035085447 0.989619017
1341846320.763877 -0.232455015 -0.015984125 0.052535422 0.121567309 -0.063900299 0.035409372 0.989891052
1341846320.799999 -0.192929536 -0.024514895 0.066013359 0.113740459 -0.067859627 0.031130433 0.990701258
1341846320.831871 -0.157911643 -0.031455465 0.127664343 0.115979910 -0.061393257 0.028305627 0.990948200
1341846320.863887 -0.108459830 -0.010827104 0.084140696 0.115549952 -0.051154237 0.025730457 0.991649806
1341846320.900014 -0.084487379 -0.015134769 0.113280043 0.108746864 -0.057186771 0.030437784 0.991956294
1341846320.931889 -0.020008439 -0.008286417 0.161877275 0.110797457 -0.061008915 0.029437162 0.991531789
1341846320.967866 -0.046474747 0.014916001 0.138682947 0.111572877 -0.053592764 0.026674720 0.991951466
1341846321.000017 -0.051532708 0.007009748 0.136272639 0.105092958 -0.052168265 0.024569314 0.992789149
1341846321.031860 -0.020157959 -0.009872871 0.132068902 0.101708934 -0.053148400 0.022694377 0.993134141
1341846321.068047 -0.002509647 0.002647847 0.159648240 0.103679210 -0.050239149 0.019250130 0.993154585
1341846321.099840 0.024037987 0.005844675 0.175340578 0.101438522 -0.050108377 0.020155990 0.993374586
1341846321.131821 0.029192716 -0.001046687 0.165503383 0.101076521 -0.048402999 0.021088740 0.993476689
1341846321.167887 0.049174793 0.002699263 0.190118745 0.104548849 -0.045508645 0.021857115 0.993237495
1341846321.200042 0.056998461 0.015755642 0.198665991 0.105542913 -0.043278761 0.022068955 0.993227363
1341846321.231950 0.063501276 0.008547369 0.203358829 0.104977347 -0.041816343 0.020162154 0.993390501
1341846321.267939 0.074607663 0.013801750 0.171380937 0.104840301 -0.040085010 0.016171180 0.993549287
1341846321.299948 0.092987202 0.008051921 0.186997652 0.103942096 -0.036645118 0.010679619 0.993850648
1341846321.331858 0.093336873 0.006992362 0.205238268 0.104512081 -0.033329014 0.006425486 0.993944228
1341846321.367913 0.115084641 -0.002124373 0.207485721 0.105339825 -0.031497069 0.002004140 0.993935347
1341846321.399897 0.118110277 -0.006590202 0.204774544 0.107181832 -0.025976377 0.000552446 0.993899882
1341846321.435994 0.125139341 -0.004300166 0.208199561 0.108784586 -0.022880131 0.000683387 0.993801773
1341846321.467946 0.129936934 -0.010216551 0.193154678 0.109715253 -0.020408707 0.001453112 0.993752480
1341846321.499882 0.146603838 -0.014234662 0.199071378 0.110919744 -0.017939780 0.001727597 0.993665934
1341846321.536109 0.161945909 0.007337648 0.200147122 0.112387456 -0.012957688 -0.001276219 0.993579149
1341846321.568960 0.156445429 0.022763629 0.225697383 0.110874921 -0.005099126 -0.005299454 0.993807197
1341846321.603938 0.165961266 0.011380475 0.226478249 0.106587954 -0.003628063 -0.003494752 0.994290531
1341846321.637163 0.183255970 0.015017401 0.199598253 0.103987485 0.000825821 -0.005151341 0.994564950
1341846321.668306 0.180052444 0.019118402 0.225402728 0.099852249 0.010950238 -0.001923177 0.994940162
1341846321.704411 0.171125188 0.014602885 0.236370593 0.096329488 0.012360079 0.005965607 0.995254874
1341846321.736861 0.183047861 0.017738134 0.232776761 0.095478646 0.009508693 0.014007445 0.995287478
1341846321.771881 0.199670538 0.033972375 0.230582878 0.093576841 0.008492768 0.019309400 0.995388567
1341846321.804114 0.210637659 0.030830503 0.233009025 0.089281559 0.010482638 0.021061389 0.995728552
1341846321.836152 0.208632171 0.039800175 0.241532266 0.086842388 0.013670110 0.021733487 0.995891154
1341846321.871882 0.213656738 0.047627371 0.238237485 0.082072787 0.014428752 0.019651277 0.996328115
1341846321.904074 0.217673868 0.041378465 0.242531329 0.075251877 0.015704595 0.015962400 0.996913075
1341846321.939847 0.220952868 0.037433222 0.247922286 0.071271122 0.018862974 0.012637039 0.997198522
1341846322.004094 0.215420112 0.032722555 0.246810764 0.064156570 0.017174866 0.012702423 0.997711182
1341846322.066178 0.236332580 0.022581907 0.249556854 0.059073430 0.021004161 0.008916888 0.997992814
1341846322.107979 0.218779638 -0.001898557 0.216253474 0.054896381 0.024333119 0.008599291 0.998158455
1341846322.166164 0.225787073 -0.018170357 0.230247021 0.058258146 0.023704246 0.009355972 0.997976243
1341846322.202932 0.238141537 -0.019254889 0.247188315 0.059872434 0.020035302 0.008690968 0.997967124
1341846322.234093 0.230727673 -0.021791216 0.233445257 0.058983907 0.019525306 0.007294403 0.998041332
1341846322.265941 0.235715896 -0.030855764 0.245368540 0.056318387 0.015810752 0.007225790 0.998261511
1341846322.301996 0.251475513 -0.049425863 0.247397512 0.053667039 0.012613188 0.008200177 0.998445570
1341846322.333949 0.232741073 -0.061848499 0.238955051 0.052855495 0.012840421 0.007266305 0.998493195
1341846322.369871 0.243730500 -0.075629421 0.231230378 0.053013470 0.006836811 0.005233523 0.998556674
1341846322.402292 0.254969746 -0.092321292 0.230884925 0.054369722 0.008019280 -0.001210071 0.998487949
1341846322.433955 0.234228417 -0.103418134 0.245121509 0.059085954 0.011137660 -0.005616495 0.998174965
1341846322.470030 0.229061291 -0.120408460 0.232174098 0.067246385 0.007307656 -0.001577925 0.997708380
1341846322.502433 0.257172257 -0.139690489 0.203541368 0.072135381 0.001244155 0.003167218 0.997389019
1341846322.534002 0.261292487 -0.154655814 0.207565904 0.081256598 0.001089919 0.003692044 0.996685743
1341846322.570196 0.260597974 -0.160648614 0.207256064 0.090194874 0.000821197 0.007095827 0.995898545
1341846322.601920 0.255587012 -0.170585901 0.200213417 0.095466293 -0.002251591 0.010835899 0.995371103
1341846322.638119 0.267570615 -0.181867123 0.213109225 0.100661553 -0.005933389 0.010474622 0.994847894
1341846322.669947 0.275423259 -0.186010897 0.218036756 0.105878212 -0.003329036 0.008642233 0.994335949
1341846322.702026 0.268865019 -0.201613158 0.209632382 0.107958391 -0.001320045 0.011715380 0.994085491
1341846322.738006 0.269464731 -0.197902739 0.215535268 0.109826818 -0.004028280 0.012885610 0.993859053
1341846322.770087 0.280638427 -0.221305385 0.215661943 0.109074324 -0.003961269 0.012680565 0.993944764
1341846322.806047 0.270023197 -0.231496990 0.215723306 0.112649322 -0.003478170 0.015421961 0.993508995
1341846322.838063 0.270046651 -0.236647487 0.209199846 0.114499867 -0.007940817 0.017258167 0.993241549
1341846322.870081 0.272470623 -0.252906859 0.219555601 0.116056353 -0.012955685 0.018478155 0.992986202
1341846322.906018 0.286364526 -0.251600772 0.225543067 0.121611476 -0.015313704 0.018394886 0.992289126
1341846322.938349 0.281615973 -0.239175230 0.224329591 0.122496389 -0.013912917 0.019728543 0.992175341
1341846322.970069 0.283382058 -0.245859429 0.220755547 0.117602140 -0.014227810 0.021245733 0.992731512
1341846323.011820 0.287775129 -0.264667571 0.229609489 0.114494070 -0.014187011 0.021532020 0.993089199
1341846323.073951 0.289134294 -0.266535729 0.231759608 0.111548603 -0.014611914 0.026017513 0.993310869
1341846323.105962 0.274658144 -0.272383004 0.238155186 0.110464796 -0.012400251 0.023513770 0.993524492
1341846323.138158 0.282255799 -0.281070054 0.228586435 0.110098988 -0.013675997 0.020375654 0.993617594
1341846323.174092 0.285884619 -0.285625607 0.233102411 0.107294649 -0.014734070 0.021034129 0.993895531
1341846323.206059 0.294480652 -0.291666985 0.234085217 0.104407012 -0.015767170 0.018752690 0.994232833
1341846323.238053 0.296764582 -0.293833375 0.237825125 0.101809613 -0.012806592 0.017040024 0.994575441
1341846323.273997 0.275510073 -0.295469999 0.230164662 0.097907990 -0.011137544 0.017390264 0.994981170
1341846323.305946 0.287171245 -0.303507090 0.236384422 0.092543527 -0.016111264 0.018288635 0.995410264
1341846323.342027 0.316996604 -0.324987352 0.238469273 0.089713000 -0.016148742 0.016971391 0.995692074
1341846323.374048 0.290119499 -0.326720417 0.257776737 0.090693124 -0.009928059 0.015861550 0.995703042
1341846323.405987 0.276249647 -0.337671608 0.252022147 0.090567969 -0.013564421 0.020994624 0.995576560
1341846323.441956 0.294524461 -0.348543882 0.257034302 0.091443554 -0.018625405 0.023255816 0.995364428
1341846323.473878 0.292591304 -0.356479168 0.233830690 0.095924482 -0.017317578 0.023641368 0.994957089
1341846323.506129 0.291089416 -0.361506581 0.231531844 0.096890226 -0.017862523 0.021515407 0.994902134
1341846323.541972 0.303486913 -0.362829506 0.229461312 0.095564164 -0.018687410 0.019434620 0.995058060
1341846323.573913 0.333427280 -0.382473588 0.229909629 0.094197921 -0.016734028 0.014648451 0.995305002
1341846323.609927 0.304587394 -0.371183336 0.249965668 0.096164368 -0.007275165 0.008491500 0.995302618
1341846323.642014 0.296655118 -0.385206044 0.236062050 0.094643056 -0.006796384 0.010930212 0.995428026
1341846323.674081 0.255808204 -0.385495782 0.211930126 0.096149147 -0.003367673 0.012573734 0.995281816
1341846323.710069 0.293804437 -0.420648277 0.228539020 0.094906896 -0.009399067 0.017448882 0.995288789
1341846323.742111 0.299049228 -0.449209720 0.223681033 0.097927310 -0.011018134 0.018318061 0.994963944
1341846323.774928 0.300777376 -0.445464849 0.218687966 0.101687580 -0.013397041 0.015366561 0.994607508
1341846323.810012 0.296390980 -0.423277020 0.243329063 0.104889981 -0.013776436 0.010544333 0.994332492
1341846323.842207 0.306991965 -0.446847767 0.216909990 0.105170593 -0.014496095 0.007812080 0.994317830
1341846323.878019 0.297116160 -0.465502888 0.214466184 0.105190784 -0.015019945 0.002704818 0.994334936
1341846323.909826 0.300913662 -0.476470441 0.215683907 0.108188421 -0.016836520 -0.001255391 0.993987024
1341846323.942459 0.295566022 -0.476708293 0.211126849 0.111936234 -0.016765479 -0.002069151 0.993571818
1341846323.978055 0.290992886 -0.481607884 0.207915485 0.114432044 -0.019011395 -0.000400288 0.993249059
1341846324.015934 0.301932722 -0.478126585 0.205514342 0.118218251 -0.021913728 -0.000375487 0.992745757
1341846324.047722 0.305308670 -0.476564229 0.206418619 0.121680707 -0.020755367 -0.001450156 0.992351174
1341846324.083904 0.299275041 -0.460833788 0.203782737 0.122539505 -0.018560434 -0.002424072 0.992287099
1341846324.115968 0.308378756 -0.459567517 0.202389434 0.120151758 -0.017710010 -0.003283542 0.992592156
1341846324.151967 0.313568383 -0.454009503 0.201668739 0.119929679 -0.015034556 -0.008407709 0.992632926
1341846324.183941 0.302021772 -0.441473275 0.208751917 0.117391437 -0.010251316 -0.012702509 0.992951572
1341846324.219984 0.295099705 -0.433657229 0.213366747 0.113735065 -0.008099908 -0.011606360 0.993410289
1341846324.251968 0.297002733 -0.441893935 0.210288018 0.112000085 -0.008169340 -0.011175728 0.993611813
1341846324.284052 0.289683998 -0.424032241 0.214267224 0.113347851 -0.008547437 -0.012331511 0.993442059
1341846324.319880 0.272045225 -0.388626963 0.238620698 0.114356786 -0.010180950 -0.014063627 0.993287981
1341846324.351917 0.289460689 -0.388264477 0.213924289 0.110087812 -0.015300154 -0.014005014 0.993705392
1341846324.388001 0.297249585 -0.383838296 0.210880503 0.105441779 -0.015295189 -0.018291274 0.994139612
1341846324.419908 0.288857102 -0.347474307 0.230234504 0.102770790 -0.013127150 -0.020554969 0.994405985
1341846324.452027 0.290235639 -0.353195965 0.236523911 0.097663991 -0.013373386 -0.021048246 0.994906962
1341846324.487928 0.269869119 -0.351401746 0.241716325 0.095576391 -0.011225135 -0.020092841 0.995155990
1341846324.519985 0.273511171 -0.330800474 0.252278477 0.095195137 -0.014128945 -0.016168941 0.995227039
1341846324.556001 0.277783573 -0.316621870 0.249371976 0.093217865 -0.019806001 -0.011079356 0.995387077
1341846324.587888 0.282621622 -0.302863657 0.247093216 0.089895755 -0.023218559 -0.008906846 0.995640695
1341846324.620086 0.280654490 -0.301028401 0.250926554 0.087523840 -0.025574902 -0.011867730 0.995763361
1341846324.655955 0.288468778 -0.288280696 0.246120587 0.086396076 -0.027128767 -0.012393630 0.995814323
1341846324.688082 0.283812672 -0.283910483 0.252413839 0.085808404 -0.026609380 -0.011822195 0.995886087
1341846324.755922 0.261902452 -0.241144329 0.253968775 0.088441730 -0.028726604 -0.008144966 0.995633721
1341846324.814016 0.285011679 -0.203633383 0.251780301 0.084417887 -0.035503972 -0.011537035 0.995730877
1341846324.849979 0.273161530 -0.195858434 0.262120873 0.078583024 -0.031688321 -0.013805373 0.996308208
1341846324.881924 0.264754742 -0.195535928 0.264963090 0.075094022 -0.032698210 -0.014071058 0.996540904
1341846324.913902 0.272432804 -0.187925935 0.260920942 0.074167699 -0.034485888 -0.010622167 0.996592700
1341846324.949999 0.270114303 -0.191211358 0.263774961 0.073949136 -0.034510173 -0.007758850 0.996634543
1341846324.981922 0.246583775 -0.184868023 0.259310424 0.078960590 -0.035277016 -0.004397225 0.996243656
1341846325.018013 0.259831309 -0.174104497 0.253890067 0.082645550 -0.041456737 -0.002761737 0.995712519
1341846325.050079 0.254525632 -0.154198647 0.252068609 0.085211277 -0.046235517 -0.003119304 0.995284677
1341846325.081901 0.247112855 -0.135722607 0.252134860 0.085340127 -0.050809000 -0.004527530 0.995045245
1341846325.118531 0.263885081 -0.115231365 0.259734839 0.081908405 -0.053554021 -0.006172916 0.995180845
1341846325.149933 0.251104474 -0.119388610 0.265421033 0.075934678 -0.050076302 -0.009559287 0.995808661
1341846325.181925 0.253450960 -0.118604660 0.259805232 0.072056703 -0.049154956 -0.006422451 0.996167839
1341846325.218055 0.253687918 -0.111453250 0.263213158 0.069183022 -0.049325660 -0.001673435 0.996382415
1341846325.249811 0.254308730 -0.098767072 0.271324873 0.067368135 -0.049755588 0.002807630 0.996482849
1341846325.285925 0.247148827 -0.090493709 0.275026441 0.065245859 -0.049638744 0.004206335 0.996624947
1341846325.317988 0.263775885 -0.092621543 0.278698981 0.062578410 -0.048484512 0.006705957 0.996839106
1341846325.349844 0.250210136 -0.094546780 0.283227831 0.065417439 -0.042500596 0.008591308 0.996915460
1341846325.387302 0.253897607 -0.082288489 0.286563814 0.070492961 -0.040232345 0.011261873 0.996636987
1341846325.417931 0.266846299 -0.078507036 0.266314030 0.073015302 -0.036352500 0.015225550 0.996551752
1341846325.450747 0.275294095 -0.086359516 0.269120425 0.077057108 -0.028698144 0.017794749 0.996454716
1341846325.485954 0.263776183 -0.059371214 0.325643986 0.087182209 -0.021162245 0.018609298 0.995793700
1341846325.517875 0.267566293 -0.050906092 0.282429844 0.090066269 -0.018581757 0.020346975 0.995554507
1341846325.553859 0.263479203 -0.043493666 0.323169768 0.094006196 -0.014983988 0.020469185 0.995248377
1341846325.585855 0.256167948 -0.026794568 0.324654937 0.096785747 -0.011591092 0.018201308 0.995071292
1341846325.617990 0.255018085 -0.004324786 0.325272381 0.094661891 -0.009805985 0.017438887 0.995308399
1341846325.653982 0.254846692 -0.019788150 0.333067745 0.090953432 -0.007911166 0.014347655 0.995720327
1341846325.685819 0.253251970 -0.022513561 0.329042405 0.095529020 -0.006603118 0.016069481 0.995275021
1341846325.717857 0.246878743 -0.003494583 0.335994482 0.101040244 -0.005192991 0.022708502 0.994609594
1341846325.754083 0.242659599 -0.004182316 0.332068890 0.103420295 -0.004739860 0.026299989 0.994278669
1341846325.786087 0.247963637 0.001775965 0.335143864 0.109838396 -0.004866281 0.028514694 0.993528426
1341846325.821856 0.244581401 0.021170102 0.334645659 0.114534006 -0.002737648 0.029593607 0.992974639
1341846325.853827 0.235835493 0.028338879 0.335695177 0.115220718 -0.001591566 0.033059746 0.992788374
1341846325.885958 0.227460518 0.042354412 0.335164875 0.116156340 -0.003841418 0.038683128 0.992469966
1341846325.921984 0.233291879 0.049477518 0.342311770 0.115217507 -0.008360577 0.043393839 0.992356777
1341846325.953899 0.245932564 0.054253861 0.348860055 0.118387155 -0.008967268 0.044730924 0.991918981
1341846325.985823 0.242342427 0.070797220 0.352526784 0.121754147 -0.005916817 0.048988834 0.991332948
1341846326.021991 0.237595797 0.071056940 0.349569589 0.124129675 -0.005369917 0.054917671 0.990730524
1341846326.054055 0.240689531 0.087822951 0.352365196 0.129909277 -0.006486436 0.058282387 0.989790201
1341846326.089984 0.235957846 0.094455503 0.347621679 0.131904483 -0.004548538 0.058751337 0.989509404
1341846326.121822 0.237179294 0.108133838 0.360328376 0.131996572 -0.000214524 0.056011915 0.989666402
1341846326.154079 0.236609057 0.113191552 0.361731917 0.132395342 0.002109868 0.054474697 0.989696681
1341846326.190178 0.231755748 0.124754310 0.360882372 0.134961858 0.002023874 0.056220889 0.989252448
1341846326.222162 0.230428249 0.152772680 0.356693178 0.135546520 -0.000234412 0.062655970 0.988787830
1341846326.259181 0.225630462 0.160782009 0.358281314 0.132039011 -0.002268157 0.066213913 0.989027977
1341846326.322766 0.235541895 0.188076466 0.364350528 0.125441089 -0.003341378 0.064711332 0.989982724
1341846326.359773 0.233466923 0.193631023 0.371163547 0.121692017 -0.001864791 0.062872179 0.990572929
1341846326.392109 0.238543049 0.185803443 0.373810112 0.119315661 0.000117391 0.063315868 0.990835488
1341846326.423985 0.222582698 0.194483399 0.379025787 0.124816895 0.002472515 0.066274516 0.989960790
1341846326.459869 0.214761198 0.212356001 0.382072091 0.127680793 0.000454237 0.069884486 0.989350080
1341846326.526163 0.246037364 0.232050687 0.380380094 0.127245396 -0.000407579 0.071005903 0.989326298
1341846326.560211 0.227094039 0.248984054 0.394503951 0.122811809 0.005051881 0.070299909 0.989924073
1341846326.591828 0.223475873 0.253270745 0.375208288 0.119352102 0.006895372 0.072340533 0.990189075
1341846326.627027 0.240753308 0.259774864 0.399002999 0.119584978 0.007555893 0.071066976 0.990248322
1341846326.658442 0.229270145 0.279038727 0.361994594 0.116988853 0.011441067 0.070955597 0.990529180
1341846326.694856 0.223376170 0.290581048 0.366443276 0.113621846 0.015118810 0.071794569 0.990811288
1341846326.726206 0.223869324 0.313577712 0.365542889 0.109154843 0.016345467 0.070909940 0.991357565
1341846326.762753 0.225589037 0.316783160 0.365159094 0.102271698 0.018861335 0.065895848 0.992392302
1341846326.826821 0.221439332 0.355462253 0.369671673 0.089016087 0.024820274 0.063088089 0.993720293
1341846326.858887 0.220163673 0.354085922 0.390797794 0.080306470 0.026517231 0.060202796 0.994597077
1341846326.895360 0.212440729 0.354492784 0.397561550 0.077813722 0.026807800 0.062787622 0.994627595
1341846326.926897 0.213150069 0.361251980 0.396309882 0.079473555 0.022791313 0.064496540 0.994487166
1341846326.958888 0.218338519 0.378237784 0.394216150 0.082726181 0.020363042 0.067574188 0.994070172
1341846326.994594 0.226568222 0.392913640 0.387367070 0.083476976 0.019718146 0.070638202 0.993807375
1341846327.026301 0.228149220 0.405632734 0.391968489 0.081783056 0.021186251 0.068467908 0.994069815
1341846327.063945 0.220886767 0.410662651 0.399051934 0.079179913 0.024527656 0.064140096 0.994492352
1341846327.094662 0.206212550 0.421478599 0.396063536 0.079416044 0.028916512 0.061257616 0.994537294
1341846327.128901 0.211642355 0.432737380 0.401925504 0.078783028 0.027975624 0.060378943 0.994668305
1341846327.161940 0.221033543 0.453586906 0.415168792 0.078591131 0.025407357 0.060981311 0.994715631
1341846327.193867 0.189369112 0.460616708 0.401110232 0.077874847 0.032427266 0.055961192 0.994862974
1341846327.229885 0.225522399 0.471759439 0.422329992 0.078700818 0.030563833 0.056732073 0.994813323
1341846327.262014 0.185193852 0.473981827 0.417298883 0.076775029 0.042260420 0.050233472 0.994885027
1341846327.294023 0.115587868 0.476155937 0.424533904 0.080450214 0.067572698 0.044340972 0.993476510
1341846327.330015 0.083750263 0.474720836 0.412490159 0.078792058 0.082576782 0.039041597 0.992697656
1341846327.361939 0.025506325 0.465828240 0.416755080 0.071990281 0.098288395 0.031771339 0.992042005
1341846327.393887 -0.023483522 0.463812470 0.424235761 0.068851009 0.109373569 0.025257260 0.991291583
1341846327.429966 -0.078771390 0.471899152 0.430089027 0.066842668 0.118556641 0.025407923 0.990369022
1341846327.461965 -0.121367067 0.461843789 0.428274572 0.054872584 0.120178863 0.025570856 0.990904689
1341846327.497931 -0.169011414 0.444847971 0.460054040 0.045152467 0.128953844 0.019671211 0.990426779
1341846327.530068 -0.236902684 0.459893405 0.471399516 0.045964092 0.141192824 0.023365946 0.988638401
1341846327.561895 -0.286341131 0.477047741 0.484898269 0.047044203 0.147443876 0.027357642 0.987572134
1341846327.598010 -0.286069661 0.483495951 0.480747640 0.049095538 0.143924862 0.031413581 0.987870634
1341846327.629945 -0.298953146 0.517773330 0.486408383 0.053328652 0.140481710 0.028189115 0.988244057
1341846327.662003 -0.294875145 0.527834296 0.489399880 0.054889757 0.137278229 0.024567777 0.988705337
1341846327.697919 -0.286815882 0.573663950 0.491196007 0.062346045 0.135138586 0.023471732 0.988584638
1341846327.730075 -0.320202976 0.573697627 0.491500676 0.054095957 0.139995366 0.023657449 0.988390267
1341846327.766017 -0.343144238 0.572332501 0.496121377 0.048247702 0.143401161 0.024015084 0.988196135
1341846327.797917 -0.301924825 0.612925410 0.496919692 0.048264917 0.135999858 0.027817506 0.989141405
1341846327.830054 -0.336713493 0.605064094 0.505781770 0.039854083 0.142118901 0.027651362 0.988660336
1341846327.865944 -0.290672630 0.623295248 0.499726474 0.037979737 0.135771707 0.028537117 0.989600539
1341846327.898010 -0.299348563 0.633729994 0.503659487 0.035233755 0.137883157 0.029194379 0.989390969
1341846327.929991 -0.292330861 0.642197907 0.504536271 0.030015528 0.135140911 0.028750995 0.989954233
1341846327.966065 -0.287732244 0.658866346 0.502409875 0.026871108 0.134726599 0.027700534 0.990131021
1341846327.998073 -0.291983426 0.662623584 0.506989837 0.019162366 0.137047216 0.023615930 0.990097523
1341846328.034045 -0.299524814 0.659211159 0.503012121 0.011149270 0.138990179 0.022294959 0.989979982
1341846328.065993 -0.291897148 0.654732168 0.497358382 0.004990470 0.138079986 0.024083301 0.990115643
1341846328.098045 -0.293008506 0.631890416 0.500274718 0.001753087 0.138869449 0.026839223 0.989945412
1341846328.133967 -0.300026208 0.651580215 0.500346780 0.008596080 0.138455927 0.028632963 0.989917278
1341846328.166023 -0.296986938 0.638462543 0.493695468 0.005768923 0.134122670 0.030228451 0.990486801
1341846328.198018 -0.296366960 0.626639426 0.493889630 0.005364310 0.131711438 0.027914783 0.990880430
1341846328.234044 -0.301310003 0.613483548 0.497065812 0.008399317 0.131556585 0.026436619 0.990920484
1341846328.265899 -0.295333683 0.597386837 0.493563175 0.009419653 0.128632888 0.029143674 0.991219163
1341846328.302051 -0.310182661 0.584760666 0.496174634 0.012443029 0.131258547 0.028217277 0.990868390
1341846328.333917 -0.319005191 0.564571679 0.498426318 0.015333164 0.132553160 0.030115059 0.990599632
1341846328.366008 -0.303033322 0.529267550 0.491201937 0.017329596 0.129408002 0.029296080 0.991007090
1341846328.402010 -0.332919568 0.508949041 0.499104738 0.029336695 0.135896295 0.031551145 0.989785850
1341846328.433920 -0.347509146 0.467937708 0.498757690 0.026252760 0.136572808 0.031328876 0.989786386
1341846328.470003 -0.381636500 0.445013016 0.523452818 0.024576165 0.141994819 0.027449161 0.989181459
1341846328.502194 -0.339788139 0.442024320 0.512409627 0.029299045 0.136680990 0.021989541 0.989937544
1341846328.534033 -0.385966599 0.415159136 0.531256080 0.028577354 0.148254603 0.018635171 0.988360584
1341846328.570125 -0.423130423 0.373155564 0.552301705 0.025797101 0.155199453 0.022441436 0.987291276
1341846328.602804 -0.444023192 0.349041939 0.564989626 0.031968109 0.152505159 0.023695219 0.987501264
1341846328.672663 -0.481195867 0.347379208 0.568913221 0.048241280 0.147699922 0.020162947 0.987649202
1341846328.702975 -0.498962939 0.333827674 0.584136724 0.050635692 0.148707554 0.013959832 0.987485290
1341846328.770129 -0.480343819 0.298735768 0.557762980 0.058354884 0.142582282 0.014874555 0.987949252
1341846328.802331 -0.494370967 0.288147837 0.570757031 0.060056467 0.142660707 0.011597008 0.987879872
1341846328.838051 -0.483373374 0.290057331 0.558303237 0.067731656 0.139066145 0.009812802 0.987915337
1341846328.869939 -0.475052774 0.257939547 0.551572502 0.060293134 0.135835826 0.010992043 0.988833904
1341846328.904486 -0.478296101 0.246346265 0.561348915 0.056710348 0.133749008 0.010766366 0.989332736
1341846328.939814 -0.476047039 0.262479633 0.552791834 0.067843184 0.131327242 0.010018122 0.988964140
1341846328.970217 -0.487160504 0.242728978 0.544020057 0.068949662 0.131098181 0.014250046 0.988866091
1341846329.006232 -0.519037843 0.223183781 0.510976374 0.068949588 0.133090839 0.015809001 0.988576174
1341846329.038243 -0.503417134 0.218939617 0.507880390 0.074687719 0.130139560 0.014900113 0.988566339
1341846329.106125 -0.517880797 0.205898359 0.495591253 0.075926811 0.131836668 0.013997839 0.988260210
1341846329.138340 -0.504175127 0.199152216 0.494963944 0.079136252 0.129021674 0.011224682 0.988415301
1341846329.169991 -0.522687435 0.181324467 0.492440820 0.077591226 0.130714610 0.010195348 0.988326550
1341846329.208656 -0.536204100 0.185738876 0.485343695 0.080491349 0.132348344 0.010339332 0.987875581
1341846329.238169 -0.535361171 0.187031358 0.478784293 0.080662772 0.131254256 0.011294158 0.987997115
1341846329.273827 -0.530608237 0.170790270 0.478259832 0.078328997 0.129562050 0.012839037 0.988389313
1341846329.306052 -0.541993618 0.191782847 0.477478385 0.083129175 0.128778264 0.010487143 0.988127410
1341846329.338104 -0.536257744 0.197541267 0.479409993 0.080656886 0.126570195 0.008661333 0.988635123
1341846329.373907 -0.532099068 0.150364146 0.466478229 0.071849182 0.125051469 0.007261588 0.989518642
1341846329.405985 -0.532288015 0.147585079 0.469122767 0.073774911 0.123810641 0.004444191 0.989549637
1341846329.442057 -0.534835398 0.147263169 0.467274070 0.073180847 0.123860180 -0.000045426 0.989597499
1341846329.473950 -0.516347229 0.117053583 0.425678790 0.069243699 0.118399680 -0.003127482 0.990543783
1341846329.506147 -0.516294897 0.106447868 0.422798693 0.068236679 0.116391458 -0.004533054 0.990846217
1341846329.542121 -0.536733329 0.105199784 0.454994351 0.067269944 0.117223300 -0.006292274 0.990804613
1341846329.574086 -0.538478673 0.086138040 0.446154296 0.069224469 0.115610451 -0.010488034 0.990823984
1341846329.606387 -0.531794488 0.091154099 0.449478894 0.072350584 0.113920830 -0.010514220 0.990796089
1341846329.641955 -0.539597034 0.087754577 0.453028888 0.072443679 0.113668427 -0.009954081 0.990824044
1341846329.681570 -0.537238777 0.065619558 0.449681103 0.069446102 0.110146292 -0.009466795 0.991441071
1341846329.748113 -0.537068009 0.074711651 0.451957524 0.074264459 0.110653847 -0.013945772 0.990982294
1341846329.810175 -0.535703003 0.042208727 0.445343316 0.071236707 0.113398947 -0.006303817 0.990972400
1341846329.842255 -0.531615496 0.038884073 0.453402489 0.074298821 0.112469345 -0.005310893 0.990859270
1341846329.874044 -0.531008482 0.033834822 0.450231284 0.076583616 0.112243742 -0.001435287 0.990724087
1341846329.910073 -0.539654493 0.033636611 0.445126593 0.076358229 0.113059036 0.002055809 0.990647674
1341846329.942009 -0.547789395 0.045359585 0.449197978 0.075043492 0.114076018 0.007161464 0.990607798
1341846329.978087 -0.536250889 0.009128112 0.449548781 0.070326708 0.111795314 0.009537000 0.991193652
1341846330.016305 -0.554514110 0.012670606 0.448360384 0.071655937 0.116486870 0.005652985 0.990587831
1341846330.048192 -0.544966102 0.011372507 0.442821562 0.067236960 0.115339905 0.008742168 0.991009295
1341846330.080418 -0.542212248 0.001553159 0.436755121 0.064234503 0.114642091 0.011459658 0.991261721
1341846330.115886 -0.549856782 -0.021638192 0.436688006 0.065142974 0.117883287 0.012621605 0.990808010
1341846330.147839 -0.547743142 -0.003572810 0.433487982 0.069410518 0.116933569 0.013664113 0.990616977
1341846330.181257 -0.549729586 0.015200544 0.434229583 0.066617236 0.116407149 0.016969241 0.990819573
1341846330.215852 -0.553484559 -0.006459987 0.425748289 0.058514524 0.118026875 0.016782731 0.991142809
1341846330.247833 -0.550878525 -0.000956587 0.431073755 0.058273427 0.117647976 0.015792249 0.991218328
1341846330.283913 -0.545443952 0.000201268 0.417159706 0.053870935 0.115115531 0.018173365 0.991723776
1341846330.316011 -0.556253493 -0.004972711 0.429175675 0.048249360 0.116805017 0.017239686 0.991832316
1341846330.347868 -0.557773590 -0.021575429 0.425724536 0.044446394 0.115196757 0.016350849 0.992213070
1341846330.383835 -0.541422606 -0.030058326 0.408677399 0.042151216 0.111549489 0.018407244 0.992693841
1341846330.415934 -0.544269919 -0.035941985 0.420628667 0.042382278 0.112887599 0.016543351 0.992565572
1341846330.452561 -0.552998781 -0.036957778 0.417849422 0.044961993 0.113258414 0.015420428 0.992427886
1341846330.483903 -0.557442427 -0.035670429 0.414699942 0.045167077 0.111555122 0.018392850 0.992560863
1341846330.515970 -0.548448920 -0.041007876 0.412993073 0.044359010 0.107811131 0.021708561 0.992943943
1341846330.552099 -0.552293479 -0.049721468 0.413180262 0.044938162 0.107462861 0.023771910 0.992908418
1341846330.583876 -0.552601635 -0.040897511 0.408732682 0.044789612 0.106519483 0.023961274 0.993012249
1341846330.619992 -0.570872247 -0.037068516 0.404250026 0.040019158 0.107516982 0.023854248 0.993111074
1341846330.652136 -0.558529973 -0.036909036 0.406585932 0.034498923 0.104457051 0.024200955 0.993636131
1341846330.683796 -0.562112749 -0.047473200 0.395767927 0.028037306 0.104120716 0.024007289 0.993879497
1341846330.719991 -0.571106732 -0.063540183 0.387512028 0.024992349 0.102686189 0.025269540 0.994078696
1341846330.752103 -0.581067920 -0.065289415 0.399662614 0.027487386 0.100289062 0.028326703 0.994175136
1341846330.787952 -0.582309723 -0.065412849 0.392997980 0.028434632 0.095286027 0.032168955 0.994523644
1341846330.819823 -0.575338840 -0.057600670 0.384003580 0.029239483 0.088968322 0.033421826 0.995044053
1341846330.852208 -0.583426058 -0.057689026 0.387556672 0.028213462 0.089045741 0.032980520 0.995081484
1341846330.914111 -0.592747569 -0.041085184 0.384465486 0.020397026 0.086625829 0.032543249 0.995500326
1341846330.949903 -0.597948015 -0.060047816 0.373808980 0.015448903 0.085600868 0.034072440 0.995626926
1341846330.981986 -0.601136863 -0.051584136 0.383583546 0.017878922 0.080888942 0.034552984 0.995963573
1341846331.014111 -0.608292401 -0.046837807 0.378575087 0.017459169 0.078267410 0.033041280 0.996231735
1341846331.082139 -0.601457000 -0.049164984 0.375230283 0.019007549 0.073955141 0.031894941 0.996570170
1341846331.114334 -0.603171468 -0.047715206 0.375009984 0.018520968 0.071777694 0.031507276 0.996750832
1341846331.149989 -0.599289417 -0.056842245 0.376787186 0.018142218 0.070502281 0.030266073 0.996887267
1341846331.181954 -0.608905435 -0.053310271 0.372343391 0.021695890 0.071285680 0.028451553 0.996814013
1341846331.218151 -0.615452111 -0.037962236 0.369449288 0.022658769 0.068098031 0.029238177 0.996992648
1341846331.249914 -0.606367171 -0.042377479 0.357119530 0.020320622 0.065018751 0.027060043 0.997310042
1341846331.318141 -0.597416937 -0.043767843 0.354291946 0.029846773 0.073667228 0.022417488 0.996583998
1341846331.349926 -0.598719716 -0.044924598 0.364257336 0.028359374 0.077938512 0.021863675 0.996314883
1341846331.382003 -0.590051413 -0.068370238 0.379893035 0.029253991 0.087664448 0.016632218 0.995581508
1341846331.418008 -0.592895508 -0.062648989 0.370017231 0.035966534 0.096291631 0.016753325 0.994562030
1341846331.450327 -0.604426146 -0.052488044 0.368279129 0.038376581 0.100708514 0.017887879 0.994014621
1341846331.486219 -0.602082491 -0.041382153 0.387240976 0.040100433 0.102532089 0.019887395 0.993722141
1341846331.518344 -0.583126605 -0.043007404 0.382999659 0.038501490 0.101746745 0.019328924 0.993877053
1341846331.550202 -0.584669769 -0.041027222 0.405633450 0.041917238 0.107908718 0.016999425 0.993131280
1341846331.586139 -0.589647830 -0.041842699 0.396971881 0.042654790 0.108913213 0.017498493 0.992981553
1341846331.617931 -0.581374943 -0.035603769 0.399195075 0.042376827 0.108226478 0.018439841 0.993051469
1341846331.654027 -0.570429504 -0.040495645 0.406678528 0.042954460 0.110238582 0.019120000 0.992792428
1341846331.686123 -0.570822120 -0.034942608 0.415151805 0.045542225 0.112905294 0.020401901 0.992351770
1341846331.717954 -0.574349105 -0.024499532 0.423201859 0.042946462 0.112119779 0.020618705 0.992552102
1341846331.754076 -0.563455224 -0.034861833 0.427005768 0.040021662 0.112224966 0.020340417 0.992668152
1341846331.785920 -0.553025424 -0.026014263 0.445944846 0.044347197 0.114418186 0.019212916 0.992256343
1341846331.818053 -0.555137813 -0.015247159 0.455598593 0.045365460 0.116372958 0.019277550 0.991981685
1341846331.853849 -0.547460854 -0.031142989 0.465192467 0.042202257 0.116239130 0.017996399 0.992161095
1341846331.885987 -0.536852002 -0.029992368 0.477328897 0.045303319 0.118391372 0.015747702 0.991807997
1341846331.922014 -0.540567160 -0.026877318 0.484746069 0.046657048 0.122319758 0.014296341 0.991290390
1341846331.954037 -0.536682844 -0.024057481 0.492058694 0.046892971 0.125046104 0.014907642 0.990930021
1341846331.986135 -0.537953138 -0.032599926 0.496171087 0.048790611 0.131155953 0.015371690 0.990041077
1341846332.022364 -0.542113602 -0.037212916 0.516836822 0.055585053 0.136824220 0.014801213 0.988923848
1341846332.054175 -0.536482871 -0.030483406 0.529466510 0.062456898 0.136151433 0.015575039 0.988594651
1341846332.086502 -0.530959725 -0.026503064 0.544642806 0.065539576 0.136012405 0.016822498 0.988393784
1341846332.122051 -0.530427396 -0.021277525 0.558162451 0.067473546 0.137285113 0.014779617 0.988120317
1341846332.153983 -0.531129718 -0.006064668 0.571883678 0.066315614 0.136888072 0.013354046 0.988274038
1341846332.190165 -0.533520222 0.002124652 0.588497877 0.061010808 0.136319086 0.011914847 0.988712728
1341846332.254145 -0.517773926 -0.028097572 0.612636507 0.058055580 0.135150686 0.010441458 0.989067674
1341846332.289948 -0.519785464 -0.025713112 0.623289943 0.060156833 0.135412365 0.012518194 0.988882184
1341846332.322172 -0.515125990 -0.022014607 0.630225420 0.061803542 0.134438500 0.013692447 0.988897920
1341846332.354003 -0.504024625 -0.027322508 0.632424355 0.063774168 0.135296881 0.012406561 0.988672733
1341846332.390180 -0.505100608 -0.016968407 0.640799284 0.065062255 0.140330434 0.007640078 0.987935185
1341846332.422055 -0.505092621 -0.015340716 0.657623351 0.062902533 0.142966345 0.004928757 0.987714350
1341846332.458114 -0.499376357 -0.020265084 0.666769862 0.061310414 0.145197183 0.000918547 0.987500906
1341846332.489993 -0.502463877 -0.012569793 0.677713513 0.063355401 0.147122443 0.003565666 0.987080753
1341846332.522130 -0.507869601 -0.013079368 0.688608289 0.063095622 0.144017294 0.009474456 0.987516165
1341846332.558114 -0.502463698 -0.012619834 0.703156590 0.064472698 0.138614118 0.016387310 0.988109708
1341846332.589874 -0.488507926 0.001508087 0.702068985 0.065847322 0.134303808 0.019730857 0.988553166
1341846332.621889 -0.493131280 0.010439545 0.719824553 0.061789781 0.136488214 0.021039637 0.988488913
1341846332.658202 -0.501673937 0.005987365 0.728627920 0.057255708 0.139275372 0.018017383 0.988432884
1341846332.690001 -0.481965363 0.008264866 0.744186521 0.055625275 0.137868837 0.021351086 0.988656759
1341846332.726000 -0.482032776 0.004402377 0.754682779 0.055159736 0.137143582 0.026119949 0.988669217
1341846332.758386 -0.477021247 0.006120134 0.759490907 0.055852160 0.134561673 0.026438687 0.988976598
1341846332.789937 -0.461872935 0.013153329 0.761455178 0.055289846 0.133688867 0.025259957 0.989157319
1341846332.825925 -0.459355235 0.008638840 0.773591340 0.052039314 0.136587426 0.024299540 0.988961756
1341846332.857898 -0.457079411 0.011587072 0.780888081 0.053852923 0.138154969 0.023877950 0.988657117
1341846332.894069 -0.452389002 0.021852300 0.788048685 0.054400604 0.137613744 0.024682637 0.988682866
1341846332.926029 -0.442262590 0.027359813 0.795238376 0.050838917 0.137749329 0.022872187 0.988897085
1341846332.958015 -0.457984954 0.024127722 0.798223615 0.046675481 0.142906040 0.020701980 0.988418281
1341846332.994073 -0.443662405 0.031537432 0.813210011 0.044466220 0.143158495 0.019161057 0.988514662
1341846333.026545 -0.433655024 0.030672561 0.815984428 0.041350253 0.143133849 0.017239418 0.988688886
1341846333.057998 -0.421380877 0.031781584 0.821998119 0.040410332 0.144226879 0.018041193 0.988554537
1341846333.094024 -0.417750895 0.029663518 0.826559961 0.041193139 0.145653516 0.022843992 0.988213718
1341846333.126095 -0.411027402 0.035814174 0.832808971 0.042518310 0.147160649 0.024458138 0.987895608
1341846333.161973 -0.409611195 0.040747326 0.837170899 0.041593555 0.150566757 0.025119955 0.987405002
1341846333.195660 -0.400964677 0.039633553 0.839332342 0.039356660 0.150942549 0.028813912 0.987338424
1341846333.226331 -0.401263505 0.044311240 0.840982795 0.038549714 0.151897877 0.027863687 0.987251043
1341846333.262056 -0.388556421 0.056331400 0.860793293 0.036343418 0.151649162 0.024367334 0.987465441
1341846333.294147 -0.389227331 0.051699892 0.867119431 0.032533828 0.152079254 0.024744330 0.987522781
1341846333.326100 -0.386160582 0.053589780 0.870024443 0.030770743 0.150744453 0.023621187 0.987811387
1341846333.362100 -0.379901290 0.062751174 0.869917274 0.028546980 0.149299279 0.022810934 0.988116622
1341846333.394119 -0.377929986 0.055549361 0.881702185 0.024218019 0.148971319 0.022566535 0.988287330
1341846333.429974 -0.376438320 0.054625958 0.877477884 0.023234652 0.146639407 0.023134720 0.988646448
1341846333.462115 -0.368849695 0.054309614 0.871666372 0.023052778 0.145403579 0.021887908 0.988861620
1341846333.494040 -0.386300027 0.049505997 0.872571111 0.022814795 0.149599984 0.020668849 0.988267243
1341846333.529953 -0.365709811 0.055132687 0.869664848 0.024709405 0.147351712 0.020220727 0.988568664
1341846333.562063 -0.366034091 0.058626089 0.870498598 0.026063085 0.149414152 0.021992581 0.988186419
1341846333.594090 -0.375882983 0.067040831 0.872441232 0.025735199 0.149993792 0.022401551 0.988098025
1341846333.629994 -0.379204690 0.071203269 0.873184323 0.022752400 0.147985280 0.021743547 0.988488674
1341846333.662127 -0.377842188 0.069194615 0.870622754 0.019358745 0.146755904 0.021572076 0.988748014
1341846333.697964 -0.372317672 0.058640581 0.869942069 0.016449424 0.145998731 0.023312371 0.988873243
1341846333.730092 -0.372801602 0.056350984 0.868162453 0.018839967 0.146215945 0.023910597 0.988784194
1341846333.762089 -0.372921020 0.057213522 0.865967691 0.020653520 0.146675333 0.024965707 0.988653898
1341846333.798006 -0.372095346 0.052142471 0.862201810 0.021357391 0.146860823 0.024166001 0.988631248
1341846333.830055 -0.374015749 0.056349929 0.856105566 0.024439145 0.148173556 0.021984160 0.988414884
1341846333.866045 -0.380630195 0.055669144 0.853717744 0.025174057 0.150153548 0.020271780 0.988134205
1341846333.897987 -0.382319748 0.052287180 0.853000045 0.026419563 0.150352627 0.018920934 0.988098204
1341846333.930099 -0.404682428 0.052764948 0.849705696 0.029754499 0.154915363 0.017018605 0.987332940
1341846333.965889 -0.420864165 0.049365018 0.846863389 0.031171234 0.158066452 0.016755680 0.986794114
1341846333.997985 -0.454567254 0.051120646 0.845612884 0.035228461 0.164665833 0.016032701 0.985589683
1341846334.030076 -0.389924228 0.044300508 0.827755332 0.036477849 0.153520748 0.017359804 0.987319291
1341846334.066000 -0.409318447 0.048143748 0.821967244 0.039524309 0.155611068 0.018192261 0.986859679
1341846334.097932 -0.423912704 0.050906535 0.823070765 0.041448209 0.157994032 0.017637542 0.986412108
1341846334.133884 -0.407621324 0.042525396 0.809058964 0.041482735 0.155210897 0.017747574 0.986850441
1341846334.166115 -0.422888935 0.042751990 0.808838427 0.042013235 0.155708954 0.017938681 0.986746073
1341846334.198072 -0.433194160 0.047487047 0.801130772 0.043588430 0.155130744 0.016419265 0.986795306
1341846334.234097 -0.416283906 0.040124595 0.788305640 0.041982885 0.152474061 0.016886717 0.987270951
1341846334.266045 -0.429681122 0.039398488 0.788907170 0.042273074 0.155460492 0.017885998 0.986775100
1341846334.297946 -0.436295331 0.042730995 0.778299212 0.044329174 0.153814957 0.018453768 0.986932278
1341846334.334036 -0.444381654 0.043078411 0.777847111 0.044488940 0.153473839 0.018751947 0.986972570
1341846334.365871 -0.464561343 0.050187837 0.780936480 0.045357134 0.156853259 0.017103026 0.986431599
1341846334.401845 -0.463502347 0.042328853 0.769884348 0.042109709 0.156457722 0.015735451 0.986661077
1341846334.433864 -0.476169825 0.041836709 0.769762039 0.042607635 0.156911463 0.016722476 0.986551464
1341846334.466105 -0.488410890 0.038502824 0.772356510 0.042210191 0.157726049 0.017819721 0.986419439
1341846334.502142 -0.492660403 0.043097518 0.760926127 0.042006340 0.155263364 0.017369280 0.986826777
1341846334.540153 -0.498816609 0.043822870 0.760608315 0.041703772 0.154627323 0.015722258 0.986967087
1341846334.602351 -0.498738319 0.048107665 0.734958529 0.036477502 0.148547426 0.010523458 0.988176286
1341846334.670161 -0.499351084 0.052830223 0.716295779 0.032252371 0.144367933 0.003693138 0.988991439
1341846334.702085 -0.504843116 0.051799655 0.712953925 0.031171661 0.142086759 0.005214248 0.989349544
1341846334.734751 -0.504168510 0.041643694 0.703634024 0.029554157 0.138833314 0.006568156 0.989852846
1341846334.770889 -0.491915762 0.048766103 0.691047788 0.031356011 0.133662149 0.010926613 0.990470469
1341846334.802194 -0.524569511 0.034527153 0.681570292 0.028203415 0.136231393 0.010926152 0.990215182
1341846334.833908 -0.521644056 0.046088211 0.669551671 0.029797183 0.133718282 0.008384534 0.990535796
1341846334.869874 -0.521206796 0.037217896 0.657057881 0.026129723 0.132238895 0.009847893 0.990824461
1341846334.902006 -0.527289271 0.046622690 0.647905409 0.026723061 0.130170122 0.011360671 0.991066337
1341846334.938010 -0.521825254 0.039252594 0.630602598 0.025073087 0.125497490 0.009119115 0.991735160
1341846334.970032 -0.529531360 0.035526909 0.629567802 0.024367938 0.125893757 0.008015160 0.991712034
1341846335.002203 -0.549772203 0.023141116 0.626220584 0.024157315 0.128942445 0.010359188 0.991303623
1341846335.037880 -0.556001127 0.023213657 0.607624650 0.026853709 0.125931099 0.012811952 0.991592705
1341846335.069990 -0.547516108 0.034698293 0.601920962 0.029046385 0.121393666 0.011075553 0.992117524
1341846335.106038 -0.539185286 0.021687517 0.588873565 0.027103432 0.120697811 0.009120917 0.992277265
1341846335.138045 -0.568183303 0.021213466 0.582594097 0.028862353 0.125491634 0.008810998 0.991635561
1341846335.169900 -0.558429360 0.015814330 0.562312841 0.027463080 0.120212898 0.009020202 0.992327213
1341846335.206091 -0.545495689 0.018940145 0.549862504 0.027038181 0.115675099 0.007078798 0.992893815
1341846335.239365 -0.538751423 0.016662996 0.537520349 0.027024593 0.115294345 0.003772465 0.992956519
1341846335.269948 -0.580272973 0.021954911 0.548559070 0.029164946 0.122535072 0.003031526 0.992030919
1341846335.305972 -0.589243352 0.020246536 0.536786020 0.030768516 0.121392004 0.003997561 0.992119610
1341846335.338012 -0.581148386 0.020313157 0.529100001 0.032577164 0.118560463 0.005769770 0.992395520
1341846335.374005 -0.546097994 0.023592448 0.510717750 0.038483508 0.113631554 0.007229245 0.992751062
1341846335.406025 -0.541734099 0.019747294 0.505720675 0.044587169 0.114572354 0.008479453 0.992377579
1341846335.438079 -0.543921292 0.021672431 0.487375677 0.049553875 0.115051381 0.011416537 0.992057085
1341846335.473998 -0.546238184 0.030512132 0.483884484 0.052857578 0.116615444 0.010758438 0.991711259
1341846335.507038 -0.602419257 0.037181802 0.484489083 0.054016579 0.128652468 0.007346345 0.990190268
1341846335.538040 -0.606936574 0.040756252 0.475840271 0.053222496 0.130782798 0.005411627 0.989966631
1341846335.574119 -0.618634105 0.041173380 0.465892613 0.050417189 0.131271139 0.006472270 0.990042508
1341846335.605970 -0.617241263 0.034815148 0.457575440 0.048440434 0.130144358 0.005896542 0.990293503
1341846335.641978 -0.619621158 0.038752981 0.451060683 0.049902111 0.131318167 0.002712008 0.990079761
1341846335.673993 -0.630934477 0.039065808 0.440134972 0.049240217 0.132803470 0.003661030 0.989911735
1341846335.706178 -0.633217454 0.041895296 0.432901323 0.049257532 0.131115496 0.004234247 0.990133584
1341846335.741982 -0.632747531 0.039480917 0.420518637 0.049516000 0.130514279 0.003251238 0.990203798
1341846335.773960 -0.638841391 0.044701725 0.408973426 0.049827754 0.131101459 0.002436865 0.990112960
1341846335.806271 -0.642158806 0.047205921 0.401643455 0.047743332 0.130406812 0.002668911 0.990306795
1341846335.842031 -0.642053664 0.041009463 0.386818886 0.045376949 0.130988806 0.003803566 0.990337491
1341846335.873966 -0.654264510 0.044104069 0.389064133 0.046753243 0.133802369 0.001764830 0.989902973
1341846335.910005 -0.654807806 0.045616955 0.366447091 0.045986310 0.132567942 0.005599823 0.990090728
1341846335.941936 -0.647789717 0.041193176 0.350092471 0.044461377 0.128566131 0.006934639 0.990679502
1341846335.974198 -0.663971663 0.046234585 0.345169306 0.045002509 0.130039319 0.003946609 0.990479171
1341846336.010032 -0.671301663 0.046250012 0.336095959 0.044501815 0.130290583 0.002833932 0.990472555
1341846336.042129 -0.676707566 0.046355456 0.326629281 0.043630730 0.128811359 0.003707330 0.990701914
1341846336.078076 -0.678874314 0.044733435 0.322053254 0.043538816 0.126882881 0.002889299 0.990957499
1341846336.110739 -0.685027897 0.047717668 0.312719494 0.044123001 0.127090707 0.000941582 0.990908802
1341846336.142002 -0.693593025 0.041315384 0.296327978 0.043140344 0.127065167 0.002634484 0.990952253
1341846336.183953 -0.697822809 0.045266993 0.286454827 0.043025088 0.124268778 0.004277424 0.991306126
1341846336.241891 -0.701165259 0.050013278 0.279771119 0.041744646 0.123657592 0.003627341 0.991439879
1341846336.277946 -0.710866511 0.044483140 0.277561665 0.042081706 0.124459468 0.005518255 0.991316557
1341846336.309977 -0.716150641 0.043056283 0.264473855 0.044900551 0.121896893 0.007708593 0.991496682
1341846336.346143 -0.721737921 0.042556915 0.251059741 0.046424408 0.120951571 0.008544165 0.991535425
1341846336.377975 -0.706848264 0.051012613 0.214137405 0.048143253 0.118614487 0.010534397 0.991716623
1341846336.410032 -0.663127422 0.060368549 0.192243427 0.050538015 0.111462615 0.011212996 0.992419422
1341846336.446041 -0.605016291 0.067064531 0.178171813 0.050343201 0.100476176 0.011730696 0.993595779
1341846336.477990 -0.552103102 0.073884733 0.166027561 0.050491709 0.091852352 0.010658495 0.994434595
1341846336.510056 -0.502654970 0.077948764 0.161569640 0.051378418 0.084377483 0.011267837 0.995044589
1341846336.546024 -0.454591960 0.074798808 0.151286244 0.051779740 0.076702885 0.012004407 0.995636165
1341846336.578003 -0.406382293 0.080825247 0.134244740 0.052025292 0.068256266 0.012944457 0.996226311
1341846336.614020 -0.366860479 0.085507326 0.127854869 0.051686566 0.062837988 0.010801172 0.996625900
1341846336.645982 -0.322468579 0.082278766 0.113362983 0.049639273 0.056675613 0.009670810 0.997110963
1341846336.678036 -0.330648661 0.074661128 0.114822760 0.046729792 0.056326710 0.009632488 0.997271717
1341846336.714024 -0.311829686 0.087747991 0.121772721 0.050680779 0.051506747 0.007792003 0.997355402
1341846336.746016 -0.304317057 0.092575900 0.118039466 0.055615734 0.047453374 0.010045287 0.997273386
1341846336.778014 -0.252098143 0.097451448 0.104602993 0.057948194 0.034687724 0.014490152 0.997611523
1341846336.820006 -0.194973260 0.099007778 0.094194673 0.058385279 0.021814579 0.015269043 0.997938931
1341846336.882056 -0.070218101 0.094986647 0.102057166 0.059828483 -0.001224974 0.017172644 0.998060167
1341846336.914273 0.032127488 0.093434021 0.102356449 0.062178154 -0.028568013 0.021051658 0.997434020
1341846336.945998 0.075057089 0.103710517 0.086385831 0.069496945 -0.038483810 0.023012651 0.996573925
1341846336.981980 0.098708853 0.118743278 0.035414159 0.072270259 -0.044620737 0.023654584 0.996105671
1341846337.014238 0.133493856 0.125248209 0.049530879 0.069856867 -0.049864285 0.022697609 0.996051371
1341846337.046017 0.154776022 0.132689327 0.050971940 0.067819320 -0.051978145 0.017258650 0.996193230
1341846337.082104 0.176293612 0.139580071 0.031774491 0.067307688 -0.052870575 0.013125475 0.996244013
1341846337.114317 0.199065283 0.142507866 0.045158289 0.065885156 -0.056417137 0.012585268 0.996151507
1341846337.150037 0.225039303 0.145853907 0.066151619 0.064835466 -0.059937362 0.011102601 0.996032417
1341846337.181873 0.244622782 0.150463417 0.058393180 0.064337656 -0.060733248 0.008783763 0.996039629
1341846337.214073 0.266790152 0.160396203 0.052791238 0.062853165 -0.060169309 0.005967057 0.996189475
1341846337.250087 0.280692011 0.155843228 0.060427040 0.059999961 -0.061995551 0.005891885 0.996253908
1341846337.282028 0.301607966 0.156994402 0.059428804 0.061124612 -0.067307435 0.008985210 0.995817602
1341846337.317920 0.319645375 0.158166960 0.058571346 0.060709313 -0.069896623 0.009898010 0.995656013
1341846337.350018 0.333753884 0.159009114 0.049052998 0.059185516 -0.069992863 0.010024576 0.995739698
1341846337.382159 0.336062819 0.148221210 0.061024040 0.056067374 -0.069785662 0.007683053 0.995955527
1341846337.417941 0.332587302 0.143867999 0.058381639 0.056677405 -0.068992376 0.008022698 0.995973587
1341846337.450137 0.333555520 0.150207162 0.047312990 0.057499647 -0.070972316 0.009052161 0.995778501
1341846337.482096 0.344181299 0.148955941 0.037820794 0.055570990 -0.071560398 0.009048075 0.995845914
1341846337.518008 0.334670752 0.141936660 0.050464757 0.056376860 -0.071758144 0.010174725 0.995775521
1341846337.549978 0.333034456 0.149696350 0.041468620 0.057034276 -0.072121859 0.007981343 0.995731771
1341846337.585971 0.333585739 0.145115376 0.046189852 0.054168537 -0.072613202 0.007166340 0.995862305
1341846337.617903 0.336534470 0.135507405 0.053566292 0.054970574 -0.073450841 0.007518819 0.995754302
1341846337.650141 0.336656719 0.148193672 0.045635410 0.058004450 -0.073805951 0.007254018 0.995557904
1341846337.686352 0.335883766 0.151418060 0.046818085 0.056380972 -0.073468670 0.007547611 0.995673954
1341846337.718002 0.338404119 0.148729026 0.053044729 0.054541554 -0.073172688 0.007385525 0.995799363
1341846337.749920 0.343983889 0.150858045 0.052011885 0.054254029 -0.071632162 0.006774453 0.995931447
1341846337.786157 0.342858732 0.157654122 0.055260941 0.051573016 -0.068658739 0.006713408 0.996283650
1341846337.817945 0.344174594 0.148719534 0.062938437 0.048645567 -0.066699855 0.008260260 0.996552289
1341846337.854071 0.347506702 0.156635091 0.068372414 0.048104368 -0.063630812 0.007588433 0.996784568
1341846337.885951 0.342208862 0.163582802 0.069148965 0.045489624 -0.060749497 0.005453796 0.997101068
1341846337.918223 0.344320238 0.161207855 0.075478092 0.041137211 -0.059503987 0.002741717 0.997376263
1341846337.954120 0.343580812 0.159796178 0.082905963 0.038916770 -0.058030874 0.002294940 0.997553349
1341846337.985994 0.350717843 0.166305155 0.088605940 0.036424316 -0.057864863 0.003280255 0.997654319
1341846338.018107 0.352020413 0.159552306 0.095566913 0.032547012 -0.056113832 0.003972254 0.997885823
1341846338.054055 0.352629334 0.165279627 0.099848457 0.030585922 -0.054584216 0.002591155 0.998037279
1341846338.085986 0.357619882 0.165152878 0.112181917 0.027255557 -0.051713597 0.002499719 0.998286843
1341846338.121875 0.354719967 0.160745606 0.117336005 0.025158538 -0.049291816 0.004386464 0.998457849
1341846338.154089 0.352849364 0.161020666 0.124139868 0.024353582 -0.048665661 0.007910260 0.998486817
1341846338.186029 0.355985343 0.162172616 0.134943947 0.023018913 -0.049265452 0.010039796 0.998469949
1341846338.222071 0.363541752 0.164080501 0.143040866 0.021772159 -0.048474159 0.009592349 0.998541057
1341846338.254107 0.362262249 0.160367608 0.157031223 0.019928426 -0.046645753 0.010239200 0.998660207
1341846338.290130 0.366456419 0.157855362 0.165764093 0.020183472 -0.047040880 0.012359867 0.998612523
1341846338.321952 0.370370805 0.159917384 0.171930686 0.019954812 -0.046648938 0.014382426 0.998608470
1341846338.354022 0.366996139 0.163098857 0.184149489 0.020015957 -0.045455206 0.014046407 0.998667061
1341846338.389969 0.368816316 0.163824260 0.191056073 0.019277915 -0.044668388 0.014813505 0.998705983
1341846338.422377 0.364017338 0.165452480 0.202958629 0.017756300 -0.043816701 0.014410906 0.998777807
1341846338.454010 0.366689980 0.164862603 0.212544397 0.016663875 -0.044582102 0.013267050 0.998778641
1341846338.489894 0.365519315 0.164216205 0.225017965 0.014966995 -0.044795021 0.013593864 0.998791575
1341846338.522066 0.362543225 0.163991585 0.231964767 0.015985908 -0.043871246 0.012904155 0.998825967
1341846338.558058 0.362278461 0.165359512 0.235568374 0.014788871 -0.043933261 0.012966543 0.998840809
1341846338.589842 0.363246650 0.167325318 0.245913565 0.013361502 -0.044297155 0.011721968 0.998860300
1341846338.622019 0.359985292 0.162445024 0.254298389 0.013815300 -0.042551521 0.012440676 0.998921275
1341846338.657984 0.362619042 0.164330482 0.256489903 0.013862929 -0.043457281 0.015024787 0.998846114
1341846338.690198 0.360547483 0.163069993 0.261780471 0.011870242 -0.043632109 0.014393257 0.998873472
1341846338.722454 0.379695982 0.170813739 0.291528851 0.012014691 -0.044308666 0.014583502 0.998839140
1341846338.757945 0.377354503 0.176615253 0.294947535 0.012501867 -0.044255339 0.016655242 0.998803198
1341846338.790039 0.378400564 0.175870389 0.307904571 0.010315564 -0.046299454 0.016875213 0.998731792
1341846338.826048 0.374737084 0.168846995 0.336189926 0.011088800 -0.044685289 0.014210969 0.998838484
1341846338.858027 0.377448618 0.176940858 0.330883771 0.010990900 -0.043803956 0.014153595 0.998879433
1341846338.889902 0.382657111 0.178281769 0.335179508 0.008244927 -0.044895802 0.013814945 0.998862147
1341846338.925948 0.385302365 0.179795653 0.350184083 0.008437075 -0.044500604 0.010761134 0.998915792
1341846338.958108 0.383512735 0.181677222 0.357766926 0.008957947 -0.042016510 0.009768710 0.999028981
1341846338.990057 0.393271834 0.173718110 0.372574568 0.008106699 -0.043119308 0.012595500 0.998957634
1341846339.025928 0.394033581 0.174327478 0.388685495 0.010675930 -0.042013105 0.012123697 0.998986483
1341846339.057939 0.399200171 0.177720115 0.397041529 0.013296535 -0.040233184 0.012978858 0.999017537
1341846339.093927 0.390525579 0.188459739 0.399329692 0.012889554 -0.039634880 0.013119776 0.999044955
1341846339.126562 0.395608276 0.185627505 0.405845255 0.009249319 -0.040892661 0.012259381 0.999045551
1341846339.157969 0.405095637 0.187482849 0.423998147 0.007207597 -0.039194811 0.010341903 0.999152064
1341846339.194113 0.399425894 0.195820481 0.432657659 0.006205444 -0.037455015 0.011091077 0.999217510
1341846339.228165 0.399005145 0.200523183 0.441186279 0.002874029 -0.039270833 0.012692728 0.999143839
1341846339.257998 0.414672107 0.193156108 0.458863467 -0.000509799 -0.040225938 0.014204372 0.999089539
1341846339.294132 0.415101677 0.196744993 0.464215815 -0.000387705 -0.037634987 0.015487587 0.999171436
1341846339.326577 0.411650747 0.194004804 0.465181977 -0.005927994 -0.039360989 0.019656269 0.999014139
1341846339.362269 0.417613298 0.199858099 0.481047153 -0.008784848 -0.041692290 0.015926108 0.998964965
1341846339.394725 0.422793984 0.203059569 0.489803582 -0.008952841 -0.039877411 0.015190723 0.999049008
1341846339.462186 0.428786755 0.197881982 0.514152229 -0.013240699 -0.041371688 0.015250695 0.998939693
1341846339.496743 0.437753856 0.200570941 0.526303113 -0.009866017 -0.038300026 0.013188280 0.999130547
1341846339.562052 0.432320386 0.196062610 0.542912304 -0.008933462 -0.034427721 0.015273663 0.999250531
1341846339.595122 0.437306672 0.202779368 0.552264094 -0.005822147 -0.033895254 0.014028640 0.999309957
1341846339.632085 0.447124660 0.205918267 0.565423429 -0.004395680 -0.031207118 0.011982086 0.999431431
1341846339.664568 0.450782090 0.204250097 0.567572951 -0.004345844 -0.028710073 0.010564240 0.999522507
1341846339.698896 0.444809556 0.200306371 0.576070070 -0.004185405 -0.026764514 0.008806120 0.999594212
1341846339.731977 0.446349978 0.202994406 0.583141863 -0.003284025 -0.026270524 0.006698479 0.999626994
1341846339.762241 0.450697809 0.195663467 0.592431545 -0.004153681 -0.025276950 0.007549136 0.999643326
1341846339.797873 0.452689201 0.192116648 0.602362692 -0.004952238 -0.025084987 0.009169157 0.999630988
1341846339.830245 0.457379997 0.195927098 0.611380160 -0.004501448 -0.025930954 0.009045802 0.999612689
1341846339.862015 0.457949311 0.196099415 0.615613878 -0.004802751 -0.025427721 0.008639836 0.999627769
1341846339.897797 0.461478144 0.198427469 0.627575219 -0.005221554 -0.024566630 0.007733259 0.999654651
1341846339.929916 0.461938292 0.192997873 0.634867609 -0.006127052 -0.023475084 0.009830044 0.999657333
1341846339.961960 0.465009242 0.190623954 0.643036306 -0.005153669 -0.024275271 0.010642223 0.999635398
1341846339.997845 0.468100429 0.196372688 0.646918654 -0.002500090 -0.022938138 0.009649175 0.999687195
1341846340.029925 0.471549153 0.194496557 0.657496810 -0.001812915 -0.020999795 0.011058563 0.999716699
1341846340.066044 0.473232627 0.189393848 0.660498500 -0.000790086 -0.019850818 0.013462304 0.999711990
1341846340.098009 0.473188907 0.192354813 0.659224749 0.000562838 -0.018918034 0.013884303 0.999724507
1341846340.130102 0.478121221 0.189186826 0.670943558 -0.000655572 -0.019666398 0.013491575 0.999715328
1341846340.166041 0.488153607 0.185662255 0.675531566 0.000099849 -0.018508289 0.011687002 0.999760389
1341846340.197867 0.485156745 0.189407349 0.681279123 0.001649351 -0.015588447 0.011789294 0.999807596
1341846340.229904 0.487590313 0.186820999 0.687231302 -0.000312930 -0.015974404 0.012150248 0.999798536
1341846340.265859 0.490967870 0.182644114 0.694992363 -0.000953021 -0.014938725 0.010604764 0.999831736
1341846340.298061 0.492901474 0.181920558 0.700092733 0.000911766 -0.012763763 0.011600577 0.999850810
1341846340.334063 0.490046412 0.185473517 0.704376042 -0.000122186 -0.013445736 0.014116927 0.999809921
1341846340.366064 0.499505043 0.179296136 0.713262081 -0.002403837 -0.016510788 0.013505277 0.999769568
1341846340.397995 0.497101039 0.182509020 0.716943324 0.000452891 -0.014894350 0.012433732 0.999811649
1341846340.433895 0.499073833 0.182999596 0.722186685 0.000803318 -0.015429499 0.013786905 0.999785602
1341846340.465959 0.500008881 0.176998138 0.721489131 0.000317842 -0.017825533 0.015796417 0.999716282
1341846340.501858 0.504371405 0.182199523 0.726013601 0.002154869 -0.021560322 0.015677406 0.999642313
1341846340.534329 0.508762896 0.182999656 0.724360526 0.002581102 -0.023147294 0.014907136 0.999617577
1341846340.566041 0.510582864 0.179387629 0.728529155 0.003530003 -0.023821319 0.015688419 0.999586880
1341846340.601909 0.519812286 0.181071430 0.726423740 0.006270221 -0.025589081 0.016461130 0.999517322
1341846340.634005 0.520685315 0.186930269 0.724686146 0.007989128 -0.025728265 0.014343403 0.999534130
1341846340.666028 0.524561405 0.183968559 0.721109927 0.007239424 -0.025576267 0.012908393 0.999563336
1341846340.701946 0.529982030 0.181026816 0.719224393 0.009095880 -0.024567077 0.010554752 0.999601126
1341846340.733954 0.534562409 0.186571375 0.717295825 0.010779760 -0.023491262 0.009029352 0.999625146
1341846340.770081 0.533531725 0.187990576 0.718126535 0.010147477 -0.022750597 0.007051122 0.999664843
1341846340.801980 0.537182331 0.185223892 0.712361276 0.010259258 -0.021726917 0.000728361 0.999711037
1341846340.833999 0.540456712 0.188857809 0.716430426 0.010327312 -0.019902471 -0.002306184 0.999745905
1341846340.870013 0.534690619 0.184794873 0.715385854 0.008494341 -0.019166935 -0.003622761 0.999773681
1341846340.901955 0.537075877 0.179142579 0.715541363 0.008714093 -0.019673007 -0.003653582 0.999761820
1341846340.933918 0.538367748 0.177756295 0.713422537 0.010130904 -0.020697443 -0.000644029 0.999734282
1341846340.970122 0.531173050 0.184020013 0.709208786 0.012444342 -0.022493530 0.003714158 0.999662638
1341846341.001922 0.540203154 0.180508286 0.704184771 0.013238944 -0.027820170 0.008369016 0.999490261
1341846341.037923 0.538198769 0.181828350 0.701728046 0.014536792 -0.029847065 0.011145773 0.999386609
1341846341.070300 0.536752045 0.181503743 0.698247373 0.014930462 -0.030335596 0.010986328 0.999367893
1341846341.102028 0.534228265 0.181700110 0.693786860 0.014737093 -0.031474311 0.011253392 0.999332547
1341846341.137982 0.533413470 0.178884104 0.691460729 0.014282065 -0.033006672 0.010800689 0.999294698
1341846341.170048 0.539150178 0.176844478 0.690457046 0.014764506 -0.034224901 0.012114548 0.999231637
1341846341.202110 0.539937913 0.179783493 0.689612269 0.016947137 -0.034653772 0.013128929 0.999169409
1341846341.237996 0.538818240 0.179329708 0.685388446 0.018544592 -0.034115769 0.013813786 0.999150336
1341846341.269883 0.537100434 0.178174749 0.679886997 0.019348470 -0.033239353 0.014314839 0.999157548
1341846341.306107 0.539109528 0.176077858 0.678707898 0.019476127 -0.034353346 0.014086875 0.999120653
1341846341.338109 0.538935363 0.182894930 0.683403730 0.021593867 -0.033835631 0.011774812 0.999124706
1341846341.370120 0.539563358 0.183363006 0.682657659 0.022330457 -0.032772299 0.008709400 0.999175429
1341846341.406074 0.534160972 0.182247564 0.684595823 0.022139667 -0.031717353 0.008217169 0.999217868
1341846341.438113 0.534095883 0.177425608 0.686245739 0.022869309 -0.033685703 0.008282355 0.999136448
1341846341.470024 0.536487401 0.177247748 0.678389132 0.025661143 -0.034039948 0.007141891 0.999065459
1341846341.506077 0.534996450 0.183581412 0.675452471 0.026158758 -0.033183757 0.006409332 0.999086320
1341846341.538156 0.530890822 0.179195315 0.676850736 0.024863040 -0.034520958 0.006508332 0.999073446
1341846341.574016 0.534515500 0.177200094 0.672724187 0.025369575 -0.037206255 0.007747349 0.998955488
1341846341.612466 0.532149613 0.180672556 0.669947803 0.026235420 -0.037349127 0.007922979 0.998926401
1341846341.643972 0.531652451 0.184071392 0.669168115 0.025853118 -0.038798817 0.006874614 0.998888910
1341846341.679982 0.529417276 0.177913263 0.667324543 0.024727507 -0.040014159 0.007435615 0.998865426
1341846341.712332 0.527036190 0.182722658 0.664368093 0.026039120 -0.042133603 0.010022217 0.998722315
1341846341.744185 0.532686293 0.184007958 0.663196921 0.026539940 -0.044937901 0.012113594 0.998563707
1341846341.780061 0.532298207 0.185599253 0.662348866 0.027218346 -0.045462441 0.013250960 0.998507261
1341846341.842595 0.534412742 0.178812921 0.659473062 0.028720064 -0.046360489 0.018596075 0.998338640
1341846341.906227 0.536980569 0.171645001 0.656884551 0.031101583 -0.047613762 0.023713740 0.998099864
1341846341.942069 0.536679447 0.170937493 0.650067866 0.034507159 -0.047216412 0.025397610 0.997965336
1341846341.974775 0.538424253 0.171302468 0.650354981 0.037812632 -0.047841914 0.027173400 0.997768998
1341846342.010161 0.532982290 0.172167689 0.645690680 0.038465720 -0.048283458 0.029090745 0.997668684
1341846342.042024 0.540950298 0.160498440 0.637025833 0.038659718 -0.049594168 0.029410647 0.997587502
1341846342.080032 0.543242216 0.168113098 0.638311386 0.041739311 -0.047790233 0.029791007 0.997540176
1341846342.112265 0.536344171 0.163496226 0.639177084 0.041667957 -0.046337977 0.031234793 0.997567534
1341846342.147954 0.540006280 0.160143435 0.636279523 0.043702919 -0.048110437 0.033429101 0.997325420
1341846342.179852 0.545804262 0.161894158 0.634076238 0.046546470 -0.048066314 0.035216801 0.997137308
1341846342.211848 0.543753743 0.166710451 0.634292424 0.047925666 -0.047388662 0.034748409 0.997120857
1341846342.247920 0.544399381 0.158642307 0.631077111 0.048090577 -0.047204111 0.033714361 0.997157156
1341846342.279870 0.544133961 0.160249248 0.633744180 0.049825475 -0.046575699 0.034189843 0.997085333
1341846342.316068 0.545806646 0.160554662 0.631146193 0.051079500 -0.046569217 0.035422221 0.996979177
1341846342.347894 0.549139917 0.163742647 0.631157637 0.051693421 -0.047082633 0.035075873 0.996935666
1341846342.379953 0.548762083 0.163111567 0.631690562 0.051837429 -0.046211693 0.035187818 0.996964991
1341846342.416195 0.545005143 0.162751853 0.633183420 0.052312348 -0.045623738 0.036107667 0.996934354
