1341846313.592026 0.000000000 0.000000000 0.000000000 0.000000000 0.000000000 0.000000000 1.000000000
1341846313.654184 0.013770751 -0.008250954 -0.002330946 -0.001642605 -0.004007899 0.006176530 0.999971509
1341846313.686156 0.019465076 -0.006073483 -0.002113444 -0.000541938 -0.005996524 0.005306567 0.999967813
1341846313.721918 0.023894412 -0.000225622 -0.003565466 0.000186045 -0.006721323 0.005951330 0.999959707
1341846313.753994 0.033950541 -0.003955205 -0.006699786 -0.000889455 -0.007946166 0.007498890 0.999939919
1341846313.789969 0.041223597 -0.004667293 -0.007818940 0.000196231 -0.008702144 0.005872388 0.999944866
1341846313.822075 0.055288106 -0.001913730 -0.008411721 0.000430548 -0.008970986 0.005830052 0.999942660
1341846313.853928 0.054760929 -0.001236410 0.003714941 0.000040152 -0.006081600 0.003964355 0.999973595
1341846313.890011 0.066938780 0.005218448 -0.005712815 0.000485859 -0.005080550 0.005100837 0.999973953
1341846313.922055 0.068056412 0.008068969 -0.003918849 -0.001390081 -0.004393793 0.005852331 0.999972224
1341846313.957927 0.087562427 0.009496325 -0.006324067 -0.003665139 -0.002834609 0.004528941 0.999979019
1341846313.990058 0.081385456 0.011367894 0.001853118 -0.004626200 0.005560737 0.003567723 0.999967515
1341846314.022042 0.086244121 0.016815944 -0.018371172 -0.006275021 0.007001504 0.007313105 0.999929070
1341846314.057816 0.088623181 0.013329229 0.006605603 -0.010169607 0.009845034 0.007310911 0.999873042
1341846314.089801 0.083863087 0.018485921 0.025577508 -0.008590151 0.017424691 0.004749873 0.999799967
1341846314.122037 0.131152079 0.020553907 0.001441493 -0.009545360 0.014968106 0.015309425 0.999725163
1341846314.157989 0.127648965 0.020921176 0.014812147 -0.011510280 0.019249789 0.014478905 0.999643624
1341846314.190094 0.129770085 0.021810304 0.024312273 -0.011243048 0.023777151 0.014876845 0.999543309
1341846314.225969 0.147980720 0.022764551 0.006128135 -0.014115983 0.023697553 0.019916840 0.999421060
1341846314.257923 0.147511885 0.012427943 0.014345027 -0.017048314 0.026616285 0.018994799 0.999319851
1341846314.290052 0.155817658 0.016819065 0.014458894 -0.015272269 0.027262580 0.018854616 0.999333799
1341846314.325981 0.169061407 0.024915339 0.009566596 -0.015319259 0.027429698 0.018123066 0.999342024
1341846314.357905 0.174339861 0.029499644 0.025943328 -0.015304884 0.030532498 0.015360004 0.999298573
1341846314.389899 0.173146307 0.029883062 0.029025357 -0.013751335 0.034142755 0.014382073 0.999218881
1341846314.427905 0.180505186 0.032993183 0.020312592 -0.013584030 0.035622176 0.014029827 0.999174535
1341846314.493987 0.189236432 0.007593278 0.003083456 -0.014951166 0.045248471 0.005441986 0.998849034
1341846314.526085 0.184066951 0.009264568 -0.012446611 -0.014693351 0.048693359 0.002406441 0.998702824
1341846314.558292 0.197571620 0.010311026 0.000510348 -0.016073249 0.050217014 0.003701306 0.998602152
1341846314.594085 0.204871982 0.006131786 0.007922441 -0.015103529 0.054109331 0.003304796 0.998415351
1341846314.626096 0.228769079 0.017328445 -0.001862049 -0.013530781 0.056336798 0.006142615 0.998301268
1341846314.658455 0.233153462 0.018613866 0.001073835 -0.015264605 0.058210533 0.006121082 0.998168886
1341846314.694004 0.248001665 0.008273454 0.012575286 -0.016136225 0.061042298 0.004149545 0.997996092
1341846314.725910 0.251404822 0.002963590 0.018523209 -0.012935838 0.064115196 0.009464461 0.997813761
1341846314.761942 0.246932745 0.008808176 0.014404494 -0.008379326 0.065402135 0.013288357 0.997735322
1341846314.794030 0.251645207 0.012570526 0.014061056 -0.005129156 0.067781858 0.013254386 0.997598946
1341846314.826092 0.263092667 0.012692178 0.009773482 -0.002978926 0.071491130 0.013190595 0.997349560
1341846314.862145 0.267797232 0.012297883 0.010421883 -0.002896819 0.075282790 0.014017182 0.997059464
1341846314.894072 0.275907397 0.012324640 0.016428623 -0.003298651 0.078505740 0.017009735 0.996763051
1341846314.925969 0.296474636 0.013465915 -0.003490347 -0.003407006 0.079346441 0.022380548 0.996590018
1341846314.961937 0.298690200 0.021563217 -0.009890866 -0.005081228 0.079910353 0.026314057 0.996441722
1341846314.994564 0.306397438 0.018245187 0.002350837 -0.009433729 0.080402419 0.025407325 0.996393979
1341846315.029900 0.317073822 0.018657830 0.009505745 -0.009206250 0.082984298 0.022018503 0.996265054
1341846315.061965 0.311182082 0.023038736 0.004648637 -0.009559028 0.086627148 0.025248010 0.995874941
1341846315.094388 0.322806090 0.014759126 0.009931426 -0.010187816 0.084814534 0.027062975 0.995977044
1341846315.129851 0.324034214 0.024728263 0.006006226 -0.007058932 0.085401997 0.024637593 0.996016860
1341846315.161941 0.316824734 0.029164623 -0.017067440 -0.008792039 0.086268008 0.027367357 0.995857179
1341846315.197984 0.323777765 0.027565293 -0.004240643 -0.016014347 0.083639510 0.024980173 0.996054173
1341846315.230076 0.331176043 0.024255048 0.002814036 -0.019923786 0.082339190 0.021344416 0.996176541
1341846315.262069 0.329791903 0.022424847 -0.007345397 -0.023130503 0.079766363 0.024628242 0.996240795
1341846315.298000 0.339839518 0.018609099 0.021112055 -0.025548715 0.075985469 0.025619222 0.996452272
1341846315.329931 0.353176355 0.018462736 0.037887823 -0.022517517 0.073843420 0.026987579 0.996650279
1341846315.361981 0.351204991 0.021971518 0.034778494 -0.016864277 0.073663861 0.029928541 0.996691287
1341846315.397962 0.357162863 0.029151233 0.043562114 -0.013158388 0.073797822 0.032067094 0.996670663
1341846315.429923 0.361037314 0.027187590 0.036034744 -0.010504650 0.075081013 0.033243615 0.996567786
1341846315.466047 0.403023779 0.033636991 0.017732408 -0.008791671 0.073782079 0.040081501 0.996429801
1341846315.497883 0.401223332 0.032698631 0.016493510 -0.009585715 0.077400565 0.045326188 0.995923102
1341846315.530008 0.405244172 0.031974260 0.020147972 -0.009743118 0.078545995 0.046462171 0.995779514
1341846315.566108 0.404006302 0.031962138 0.019940995 -0.010690455 0.080258839 0.047539901 0.995582342
1341846315.597986 0.409295619 0.031153928 0.026449949 -0.010804494 0.081294097 0.047031410 0.995521247
1341846315.630109 0.409253418 0.032303859 0.026347771 -0.010617537 0.082529731 0.045419328 0.995496452
1341846315.666042 0.400899619 0.035893075 0.011918642 -0.011426212 0.085073031 0.042039391 0.995421886
1341846315.698114 0.397719502 0.038100675 0.008392915 -0.016645823 0.089216672 0.039150234 0.995103300
1341846315.733985 0.407317102 0.030975690 0.019980185 -0.019818194 0.090235531 0.042815179 0.994802296
1341846315.766041 0.398050338 0.031274267 0.013035282 -0.019304559 0.089151241 0.043333266 0.994887769
1341846315.798188 0.400543392 0.032610424 0.014694378 -0.020270955 0.088138811 0.042324949 0.995002151
1341846315.834140 0.400088906 0.020679131 0.019143894 -0.020646062 0.090434432 0.040945470 0.994846106
1341846315.866751 0.392610937 0.018573247 0.017655030 -0.018494241 0.092618719 0.039450295 0.994747877
1341846315.898492 0.388488621 0.020623140 0.021003261 -0.016592586 0.093658671 0.039835613 0.994668722
1341846315.936901 0.378355801 0.016242692 0.019330442 -0.014427357 0.096211903 0.037903033 0.994534314
1341846315.966572 0.368991584 0.017003084 0.019543119 -0.010687969 0.098285377 0.036871377 0.994417548
1341846316.034204 0.358140588 0.013476132 0.019761249 -0.007567199 0.098650590 0.035787869 0.994449615
1341846316.066113 0.353967190 0.015909836 0.027282141 -0.004850596 0.098445222 0.035735771 0.994488776
1341846316.101867 0.347989112 0.019977652 0.017864808 -0.002834091 0.097336166 0.037442874 0.994542956
1341846316.134066 0.334248960 0.019479716 0.021047711 -0.003721436 0.095369577 0.032722812 0.994897008
1341846316.202049 0.317940861 0.011761774 0.015141323 -0.004016708 0.090949364 0.030255154 0.995387733
1341846316.233979 0.325484604 0.012269270 0.006164387 -0.003760526 0.087902829 0.028982854 0.995700240
1341846316.270052 0.321689010 0.012257130 0.008906838 -0.005104584 0.089085050 0.025915546 0.995673716
1341846316.301915 0.310743362 0.003791634 0.015608694 -0.005275381 0.090862282 0.024277272 0.995553553
1341846316.334208 0.289805412 0.003090956 0.019698851 -0.003730524 0.092133470 0.024640782 0.995434761
1341846316.370006 0.297842503 0.003839159 0.018268116 -0.001539965 0.088929102 0.026765071 0.995677054
1341846316.401994 0.291055322 0.004195321 0.017623294 0.000133428 0.088501215 0.028521497 0.995667636
1341846316.438069 0.269418001 -0.004074775 0.009403564 0.001608936 0.090163089 0.029807648 0.995479524
1341846316.470076 0.256731331 -0.006217684 0.007004086 0.006162167 0.090383418 0.032884605 0.995344877
1341846316.502034 0.261022538 0.003679944 -0.013270997 0.009136728 0.086117335 0.035515510 0.995609820
1341846316.537975 0.240110829 0.004903391 -0.010026727 0.006514818 0.084865287 0.033239342 0.995816529
1341846316.570121 0.235632733 0.001278248 -0.010334702 0.006491668 0.084911369 0.028486537 0.995960057
1341846316.601885 0.228299066 -0.007597913 -0.001593888 0.007222414 0.084381349 0.028106833 0.996010840
1341846316.638009 0.221603498 -0.005616264 0.003165007 0.009944307 0.083142489 0.029665589 0.996046364
1341846316.669925 0.215133771 -0.009645289 0.005309440 0.011688110 0.082412787 0.029201340 0.996101797
1341846316.705941 0.214904487 -0.012091426 0.000308156 0.016333235 0.081788577 0.030791614 0.996040046
1341846316.738062 0.196900502 -0.000610700 -0.012376199 0.019661132 0.082683757 0.032938093 0.995837271
1341846316.770433 0.190575823 0.000535004 -0.009588692 0.018576274 0.081755616 0.032907017 0.995935798
1341846316.805932 0.184270874 -0.008298230 -0.004960436 0.018462120 0.081743613 0.031372972 0.995988369
1341846316.838029 0.178160727 -0.004878286 -0.000694113 0.020485638 0.080575690 0.035453796 0.995907068
1341846316.870034 0.164387405 -0.010460593 0.004243545 0.020184031 0.077819251 0.035782818 0.996120691
1341846316.906344 0.151139021 -0.011489585 0.004176812 0.021095933 0.075858980 0.033671699 0.996326566
1341846316.937940 0.147200093 -0.005652329 -0.010786089 0.021423619 0.073969364 0.031710271 0.996525943
1341846316.973994 0.139454409 -0.010954441 -0.004039614 0.019967653 0.072435237 0.031947073 0.996661305
1341846317.005913 0.125970125 -0.009637349 0.009464696 0.019152382 0.070735231 0.030827189 0.996834695
1341846317.037936 0.116334178 -0.011817624 0.024110127 0.019421250 0.069066510 0.029373232 0.996990383
1341846317.073972 0.119208001 -0.009252212 0.022958478 0.021321045 0.066207051 0.032101363 0.997061431
1341846317.106113 0.117700249 -0.011223293 0.040426470 0.023385109 0.064121857 0.034566831 0.997069001
1341846317.137887 0.110704273 -0.013748367 0.031444650 0.026930485 0.057531837 0.038959168 0.997219622
1341846317.173970 0.091177434 -0.011503718 0.026517877 0.028006855 0.052668471 0.041341130 0.997362792
1341846317.205887 0.089985020 -0.013659715 0.020443775 0.027423527 0.048566308 0.041301824 0.997588813
1341846317.248131 0.069491364 -0.009209049 0.032786198 0.029442750 0.047977526 0.043798555 0.997453213
1341846317.306289 0.044398978 -0.012598118 0.013848709 0.029952906 0.043580316 0.045697987 0.997554660
1341846317.348137 0.034947317 -0.015174915 0.008206114 0.030991156 0.045118995 0.045554060 0.997461140
1341846317.410120 0.028955214 -0.017349450 0.003966964 0.032687914 0.043234047 0.053690866 0.997085571
1341846317.442569 0.026619568 -0.025269326 0.000289946 0.035116211 0.043311462 0.056075681 0.996868312
1341846317.474010 0.014161466 -0.021327863 0.028606370 0.040851027 0.044802062 0.058171719 0.996463776
1341846317.509927 0.001574770 -0.024533348 0.024663398 0.042796116 0.043463141 0.060726132 0.996289015
1341846317.542282 -0.001247826 -0.010525925 0.023270436 0.043751534 0.039824881 0.063335277 0.996237159
1341846317.573943 -0.007880946 -0.024996899 0.000243775 0.042055141 0.040845502 0.062051386 0.996349633
1341846317.610159 -0.017572077 -0.034750685 0.031973790 0.043362148 0.043910813 0.060150385 0.996279836
1341846317.643553 -0.031793296 -0.021861607 0.015968768 0.047660213 0.043502461 0.064310446 0.995841444
1341846317.677993 -0.035546154 -0.021699911 0.024850724 0.048552621 0.039651711 0.066496268 0.995815575
1341846317.709996 -0.044140335 -0.020032257 0.016451430 0.051298421 0.037387006 0.068560690 0.995625496
1341846317.741834 -0.038509212 -0.008737217 0.014518823 0.052689910 0.034774955 0.070581406 0.995506287
1341846317.777923 -0.030919211 -0.003367072 0.017209418 0.052236684 0.031411432 0.071671866 0.995564044
1341846317.810021 -0.037326079 -0.003916855 0.037314083 0.052182421 0.030555572 0.070862651 0.995651484
1341846317.841886 0.003530003 -0.009478739 0.013413824 0.049066961 0.020224385 0.065703623 0.996426821
1341846317.878017 0.031560961 -0.009181930 0.004630051 0.046111315 0.013417910 0.061768476 0.996934474
1341846317.909910 0.040268965 -0.007662410 -0.000456141 0.046342451 0.012238041 0.058620710 0.997128963
1341846317.946031 0.031652927 -0.007281419 -0.000043206 0.047716603 0.013191142 0.061512563 0.996877789
1341846317.978041 0.045607690 -0.019621668 0.013056826 0.047560319 0.008488720 0.061769281 0.996920526
1341846318.009897 0.048977740 -0.010108111 0.006429798 0.051428758 0.007889379 0.058970321 0.996902883
1341846318.045949 0.069847688 -0.027483273 0.002678260 0.047920208 0.004211815 0.057869565 0.997164488
1341846318.078074 0.083236545 -0.019389872 0.010200590 0.048705444 -0.000762634 0.055404104 0.997275054
1341846318.109894 0.090110980 -0.006422873 0.004084975 0.050951544 -0.007520251 0.054404028 0.997189820
1341846318.145957 0.096398018 -0.012773873 0.002334294 0.048787296 -0.011555387 0.051439524 0.997416794
1341846318.178001 0.103711054 -0.009977797 0.001688890 0.048511732 -0.013610721 0.048135497 0.997569203
1341846318.214074 0.140157223 -0.031039579 0.015695762 0.045643326 -0.023298820 0.047126107 0.997573555
1341846318.245970 0.162542239 -0.013897223 0.019411307 0.052275877 -0.034608345 0.047482036 0.996902704
1341846318.278018 0.163997412 -0.005203846 0.015838783 0.057584967 -0.040665325 0.048989542 0.996308386
1341846318.313937 0.195667118 -0.015247586 0.009932809 0.056695316 -0.053817764 0.048424538 0.995763183
1341846318.345989 0.195381075 -0.011247388 0.016351886 0.059316784 -0.062801659 0.048851866 0.995063305
1341846318.382046 0.209599778 -0.014534988 0.014516518 0.060415488 -0.073561914 0.046604510 0.994367421
1341846318.414072 0.209998146 -0.010510933 0.008672990 0.062679633 -0.081158057 0.049506705 0.993495703
1341846318.446035 0.227207422 0.000017605 0.011554239 0.067021608 -0.091621302 0.046509139 0.992446780
1341846318.482196 0.232523128 -0.008606237 0.011747271 0.066363312 -0.095293149 0.045870598 0.992174864
1341846318.514144 0.258632898 -0.011530711 0.007427059 0.065211125 -0.102331512 0.045011569 0.991589487
1341846318.546259 0.255375504 -0.011426378 0.015255444 0.067529023 -0.103646398 0.045481604 0.991276264
1341846318.582042 0.260578454 -0.008334573 0.003785159 0.068740755 -0.105696313 0.045753025 0.990963995
1341846318.614115 0.272536159 -0.003452577 -0.005130686 0.069167949 -0.109576367 0.047024377 0.990453184
1341846318.650038 0.276452214 0.001590867 -0.007970892 0.069926828 -0.112193614 0.044506352 0.990223229
1341846318.682350 0.281912237 0.006071968 -0.016238023 0.070502743 -0.114903711 0.045071203 0.989845991
1341846318.714063 0.290690988 0.010371896 -0.019103006 0.071022868 -0.118673645 0.045056365 0.989364564
1341846318.749905 0.283648133 0.006609562 -0.013605189 0.071427643 -0.118214831 0.046782367 0.989310205
1341846318.782036 0.286270708 0.012570703 -0.029998690 0.074020945 -0.120626710 0.052308589 0.988551438
1341846318.814121 0.257418096 0.022553951 -0.033669099 0.075326927 -0.122588888 0.052366722 0.988208234
1341846318.850072 0.236816540 0.018465349 -0.023372069 0.076118596 -0.127382785 0.047769800 0.987774074
1341846318.883516 0.197459266 0.015791701 -0.006456245 0.079313025 -0.130358785 0.044884346 0.987269700
1341846318.918047 0.199359179 0.021480311 -0.009300299 0.082953505 -0.143532395 0.047058042 0.985039413
1341846318.950044 0.196461841 0.012820464 -0.018293004 0.084188215 -0.153796896 0.044094563 0.983521461
1341846318.982028 0.200274959 0.015569894 -0.027951121 0.086497143 -0.159118339 0.040731300 0.982619226
1341846319.018123 0.176933587 0.016430005 -0.013903096 0.086937442 -0.162976220 0.039794914 0.981986225
1341846319.050745 0.199745893 0.014345725 -0.023657158 0.087380305 -0.171447203 0.039852999 0.980501056
1341846319.081905 0.186126933 0.010738993 -0.024326444 0.092759050 -0.171464175 0.037262049 0.980105758
1341846319.117976 0.166733250 0.017285515 -0.047290176 0.094770417 -0.169759214 0.042700045 0.979988277
1341846319.150093 0.144198775 0.011732986 -0.051045187 0.095806614 -0.172728136 0.049842484 0.979031026
1341846319.186069 0.121321566 0.018952157 -0.053408336 0.097392887 -0.170539737 0.046495359 0.979422808
1341846319.218149 0.113372639 0.027768459 -0.053993098 0.095337659 -0.168350622 0.049862217 0.979838014
1341846319.250034 0.134219885 0.052932143 -0.029885221 0.091961920 -0.164807722 0.047944799 0.980858147
1341846319.286594 0.120793670 0.042839170 -0.026271194 0.088771030 -0.161428973 0.052290350 0.981491745
1341846319.318034 0.114618421 0.043205887 -0.020859748 0.089365497 -0.160609305 0.055095486 0.981418848
1341846319.350268 0.098727845 0.028218474 -0.037164412 0.088064343 -0.158925220 0.061479922 0.981431425
1341846319.386163 0.069836408 0.029367119 -0.040466353 0.089369744 -0.161443174 0.069709159 0.980351865
1341846319.418386 0.069596604 0.029781319 -0.055309713 0.090577289 -0.166100562 0.070073083 0.979436636
1341846319.453961 0.073225595 0.046154138 -0.038637608 0.092759773 -0.169617087 0.067944989 0.978779376
1341846319.486271 0.048817988 0.043821968 -0.051889054 0.091704451 -0.167961299 0.066819392 0.979241729
1341846319.554083 0.083715290 0.025964648 -0.074890405 0.084023386 -0.177694425 0.065146379 0.978325486
1341846319.586296 0.045234829 0.026089381 -0.066103250 0.085386127 -0.175392851 0.060887095 0.978896976
1341846319.622031 0.024819732 0.028000657 -0.095640004 0.084597066 -0.176730588 0.057651062 0.978920817
1341846319.653962 0.020209139 0.004153516 -0.096301861 0.082107961 -0.182213962 0.056028038 0.978221416
1341846319.686352 0.014528931 0.011342329 -0.082504466 0.084250115 -0.186480150 0.058491066 0.977090538
1341846319.721992 0.009530118 0.016525880 -0.100154370 0.085113779 -0.190066129 0.059189186 0.976282299
1341846319.754063 0.005051795 0.026101720 -0.113691948 0.082902595 -0.191893175 0.057961389 0.976188838
1341846319.786397 0.009469206 0.023879096 -0.104249716 0.077910319 -0.193292573 0.061426923 0.976112008
1341846319.822008 -0.007486973 0.022124965 -0.111371681 0.074070394 -0.192128912 0.065772712 0.976357520
1341846319.853917 -0.017603505 0.028407462 -0.104325064 0.069675140 -0.193768799 0.068846591 0.976145089
1341846319.889942 -0.002227947 0.004613300 -0.101745933 0.062820934 -0.195673004 0.075618841 0.975729108
1341846319.922039 -0.009256914 0.009718454 -0.075030461 0.063743576 -0.201261669 0.076529332 0.974460781
1341846319.953946 -0.047474649 0.016454227 -0.117263734 0.065459527 -0.202929601 0.071803950 0.974360704
1341846319.990054 -0.023946855 0.007484749 -0.093715541 0.068074614 -0.208387390 0.065953791 0.973442674
1341846320.028122 -0.054629751 0.011119854 -0.101346791 0.070830867 -0.209739268 0.064215071 0.973071873
1341846320.090047 -0.016291892 0.022813924 -0.066759303 0.077142231 -0.220669776 0.066072665 0.970045507
1341846320.122011 -0.011081094 0.024359312 -0.076177314 0.077592447 -0.218356758 0.066834100 0.970480800
1341846320.157952 -0.000593726 0.026151732 -0.058138654 0.078357056 -0.216605783 0.067091003 0.970793962
1341846320.190003 0.028105780 -0.003061994 -0.056839190 0.079379782 -0.213705033 0.064345285 0.971539378
1341846320.221941 0.036927000 0.001001954 -0.055720046 0.083332583 -0.210827261 0.066200823 0.971712410
1341846320.258015 0.029529748 -0.005302850 -0.069581687 0.086368352 -0.208521143 0.069482431 0.971715808
1341846320.289887 0.046689492 -0.015092827 -0.055610508 0.090390727 -0.210513428 0.071450941 0.970777154
1341846320.321954 0.061563708 -0.009973582 -0.056032836 0.100212902 -0.211940438 0.070900157 0.969542027
1341846320.357890 0.068636075 0.007983260 -0.039978355 0.107273251 -0.212190941 0.071483009 0.968688607
1341846320.390064 0.100703485 -0.000605183 -0.040325377 0.107483514 -0.209451333 0.072871760 0.969157934
1341846320.426544 0.121750370 0.003159762 -0.024509549 0.111002430 -0.203070134 0.069148496 0.970391393
1341846320.458122 0.093502611 0.014265699 -0.021197563 0.113016732 -0.194062188 0.067531705 0.972114503
1341846320.490186 0.143121839 0.010629998 -0.010430682 0.115823679 -0.189901054 0.067585841 0.972601950
1341846320.525911 0.171216577 0.013386054 -0.018590845 0.119545117 -0.182530031 0.065239809 0.973722517
1341846320.558091 0.176975459 0.017599519 -0.024035621 0.120780595 -0.178498328 0.062369667 0.974505246
1341846320.594093 0.205531463 0.013673666 -0.007951207 0.122608982 -0.174469188 0.057865497 0.975284100
1341846320.631955 0.236733869 0.020478254 -0.004534759 0.125170991 -0.168411702 0.057029642 0.976072371
1341846320.664916 0.223975942 0.009597726 -0.017792843 0.124467701 -0.164542049 0.056655150 0.976843834
1341846320.699927 0.268775791 0.014169427 -0.003353000 0.124863937 -0.163715407 0.054000992 0.977082491
1341846320.731822 0.273260415 0.016419314 -0.002194777 0.127116546 -0.156914935 0.052650791 0.977981091
1341846320.763877 0.274652392 0.024398383 -0.037425600 0.124456808 -0.154067770 0.053668268 0.978720248
1341846320.799999 0.280751526 0.014934488 -0.011560917 0.117941856 -0.156768396 0.047971699 0.979393780
1341846320.831871 0.264480770 0.033752520 0.006634310 0.123433359 -0.142553076 0.042690337 0.981132150
1341846320.863887 0.266995549 0.026162377 -0.017436750 0.119805962 -0.135007009 0.045112167 0.982539833
1341846320.900014 0.289992362 0.012701878 -0.000083409 0.111228585 -0.141908243 0.050100099 0.982334077
1341846320.931889 0.306729972 0.007886806 0.023269828 0.112623975 -0.142572835 0.048148267 0.982176423
1341846320.967866 0.306801885 0.032405421 0.007186279 0.113795742 -0.136162654 0.044441134 0.983125210
1341846321.000017 0.306960016 0.032121759 -0.014906541 0.107689381 -0.135312244 0.041849665 0.984043777
1341846321.031860 0.331595391 0.020732157 0.017535396 0.105297804 -0.136426598 0.040937603 0.984187126
1341846321.068047 0.356964439 0.031275276 0.019664049 0.106445439 -0.134030879 0.038652774 0.984485149
1341846321.099840 0.355449617 0.028120901 0.011051029 0.103628337 -0.131837115 0.038611170 0.985083401
1341846321.131821 0.374792576 0.016044538 0.023987062 0.102983102 -0.131329194 0.038591921 0.985219657
1341846321.167887 0.389145881 0.022301916 0.029284507 0.106074981 -0.128230944 0.040532254 0.985221803
1341846321.200042 0.390542746 0.032295726 0.033017702 0.107416026 -0.125437200 0.039936572 0.985460460
1341846321.231950 0.398258954 0.017868051 0.020327590 0.105488524 -0.124033079 0.039289795 0.985872328
1341846321.267939 0.414291322 0.021451773 0.025663987 0.106610335 -0.122934446 0.035433158 0.986035407
1341846321.299948 0.422694564 0.025012948 0.043919604 0.106402211 -0.119075410 0.029528227 0.986725748
1341846321.331858 0.424173981 0.013464148 0.043138023 0.106190771 -0.115783058 0.025974637 0.987240136
1341846321.367913 0.445870459 0.008494373 0.033333473 0.107428432 -0.113925040 0.021162536 0.987437248
1341846321.399897 0.457477242 0.019774359 0.055093173 0.110491760 -0.109417059 0.020292709 0.987627268
1341846321.435994 0.447665036 0.007823095 0.041061476 0.110849701 -0.104619578 0.019483563 0.988123178
1341846321.467946 0.464182138 0.013800817 0.063936815 0.113612980 -0.103129573 0.020531060 0.987944782
1341846321.499882 0.486491442 0.016549528 0.071089730 0.114902169 -0.101247616 0.021246724 0.987975180
1341846321.536109 0.505673110 0.024206091 0.061234981 0.115449890 -0.096814364 0.018246561 0.988415599
1341846321.568960 0.489838183 0.034269720 0.075093701 0.113602825 -0.088485546 0.014284439 0.989474952
1341846321.603938 0.494142294 0.026185114 0.073195249 0.109843984 -0.085935317 0.013496677 0.990134954
1341846321.637163 0.529398799 0.046314243 0.058749706 0.108992197 -0.082501888 0.009922457 0.990563333
1341846321.668306 0.519452453 0.038104273 0.061742701 0.103277393 -0.073292553 0.014411964 0.991843820
1341846321.704411 0.497432232 0.030884292 0.079223476 0.098831177 -0.070167758 0.021794481 0.992387950
1341846321.736861 0.511253357 0.030543182 0.091478549 0.096817449 -0.073578686 0.030729443 0.992102921
1341846321.771881 0.529687166 0.052631587 0.090502501 0.094875149 -0.074789338 0.036424410 0.992007315
1341846321.804114 0.533443868 0.050318979 0.091649584 0.090655863 -0.072204836 0.037419137 0.992556155
1341846321.836152 0.539304256 0.051602125 0.093376845 0.087179378 -0.070514292 0.039717801 0.992899776
1341846321.871882 0.546953678 0.066301361 0.088530727 0.083467007 -0.069523454 0.035992667 0.993430555
1341846321.904074 0.550796151 0.062418658 0.089320615 0.076946326 -0.067964621 0.031391531 0.994220614
1341846321.939847 0.553276122 0.057437904 0.099053517 0.073067874 -0.065335035 0.028886214 0.994765282
1341846322.004094 0.544471085 0.050312757 0.102116264 0.066028588 -0.066708036 0.027468525 0.995206356
1341846322.066178 0.572281122 0.042130630 0.110595658 0.061148673 -0.063856825 0.023757041 0.995800555
1341846322.107979 0.565404117 0.027125027 0.112492844 0.058358047 -0.061334904 0.022485279 0.996155977
1341846322.166164 0.571324944 0.005105076 0.113080263 0.060507450 -0.062040519 0.023528453 0.995959938
1341846322.202932 0.571270823 -0.009411126 0.108831003 0.060080070 -0.064855255 0.024340536 0.995786965
1341846322.234093 0.573233187 -0.000862548 0.114078097 0.061447483 -0.065793589 0.021318547 0.995711267
1341846322.265941 0.573554695 -0.012909872 0.115734667 0.058506660 -0.069050014 0.022264516 0.995647192
1341846322.301996 0.578186154 -0.018901281 0.122530743 0.057122152 -0.070914119 0.022385361 0.995593846
1341846322.333949 0.571583629 -0.039143316 0.110870764 0.054988693 -0.071975701 0.021700880 0.995652914
1341846322.369871 0.582363188 -0.056304473 0.117119856 0.055813462 -0.078202598 0.018627429 0.995199621
1341846322.402292 0.602515817 -0.071541123 0.121175781 0.057506219 -0.078571573 0.012532773 0.995169640
1341846322.433955 0.569636464 -0.106512986 0.106876284 0.060715243 -0.073020525 0.006255719 0.995460987
1341846322.470030 0.586779535 -0.115187816 0.101300307 0.069259323 -0.079699934 0.014016849 0.994311094
1341846322.502433 0.602812886 -0.138647810 0.103283472 0.073295936 -0.084048666 0.018155724 0.993596435
1341846322.534002 0.618336022 -0.159440890 0.114630193 0.080865227 -0.085735761 0.019761560 0.992834151
1341846322.570196 0.602721989 -0.154999316 0.110547051 0.091143824 -0.083914675 0.022153944 0.992048562
1341846322.601920 0.584467947 -0.154695556 0.103726327 0.097643055 -0.084590152 0.024543118 0.991316319
1341846322.638119 0.610876560 -0.172883213 0.116488859 0.101941906 -0.090288788 0.025656579 0.990352213
1341846322.669947 0.619889319 -0.170606881 0.117768645 0.107867107 -0.087709039 0.024787709 0.989978492
1341846322.702026 0.599978268 -0.192734793 0.100654952 0.109434143 -0.084105998 0.027619213 0.990044236
1341846322.738006 0.602668703 -0.186077267 0.102710821 0.111736864 -0.086938694 0.029013118 0.989502311
1341846322.770087 0.616551697 -0.209172755 0.106074542 0.110517904 -0.087284446 0.028747549 0.989616513
1341846322.806047 0.621061862 -0.233844578 0.116744608 0.112202562 -0.088453874 0.032998662 0.989190340
1341846322.838063 0.583715200 -0.234711617 0.077503614 0.114358194 -0.089565769 0.033671297 0.988820672
1341846322.870081 0.618043125 -0.243499205 0.122230947 0.115597479 -0.097163402 0.032393068 0.988001585
1341846322.906018 0.636591613 -0.246965066 0.122145817 0.121210277 -0.099886619 0.035704602 0.986942708
1341846322.938349 0.634122908 -0.237251684 0.116307169 0.122745506 -0.098316297 0.036236096 0.986891270
1341846322.970069 0.633599281 -0.235364184 0.130463064 0.118073851 -0.099311791 0.038116213 0.987290680
1341846323.011820 0.626260519 -0.250851125 0.123429112 0.115072682 -0.097791076 0.038278978 0.987790406
1341846323.073951 0.622476757 -0.250666916 0.126093820 0.112212658 -0.097697467 0.042736515 0.987945914
1341846323.105962 0.625762939 -0.263999671 0.134050533 0.109361701 -0.097727597 0.041836832 0.988301098
1341846323.138158 0.643183708 -0.301952034 0.127383143 0.106853962 -0.099405631 0.037021037 0.988600075
1341846323.174092 0.619114637 -0.280105650 0.122361019 0.107212402 -0.097408764 0.037311245 0.988749146
1341846323.206059 0.630566120 -0.287362397 0.122797944 0.104222268 -0.099021994 0.034211438 0.989020705
1341846323.238053 0.628896594 -0.291958719 0.122747995 0.101834334 -0.095404007 0.031073939 0.989728332
1341846323.273997 0.614039242 -0.286926627 0.134385616 0.098309502 -0.095175967 0.033313993 0.990033805
1341846323.305946 0.620102286 -0.298870981 0.139039636 0.092889771 -0.099436298 0.032306749 0.990171790
1341846323.342027 0.654021502 -0.307520211 0.150937498 0.090639509 -0.100703806 0.032874789 0.990233481
1341846323.374048 0.623328209 -0.311751604 0.144575238 0.090914473 -0.094399109 0.033838071 0.990796804
1341846323.405987 0.622194648 -0.339072734 0.126755714 0.087728284 -0.098990425 0.040816035 0.990373015
1341846323.441956 0.633799911 -0.359940350 0.139050037 0.088031068 -0.103881866 0.040352348 0.989863992
1341846323.473878 0.636114180 -0.347111136 0.138493031 0.094792984 -0.102396153 0.039581362 0.989425361
1341846323.506129 0.626547813 -0.335742593 0.131440043 0.098583184 -0.101596542 0.037611995 0.989214242
1341846323.541972 0.631105363 -0.331988871 0.130180955 0.097968541 -0.101538911 0.034870464 0.989381671
1341846323.573913 0.648641109 -0.337076604 0.142246217 0.098413810 -0.098969184 0.029352587 0.989776850
1341846323.609927 0.639663696 -0.348844767 0.132030994 0.098023504 -0.091832988 0.026493741 0.990583718
1341846323.642014 0.633115768 -0.396770656 0.131951243 0.092721261 -0.090190955 0.025038330 0.991282761
1341846323.674081 0.631272972 -0.381757289 0.134918451 0.094698533 -0.091995627 0.029539611 0.990805924
1341846323.710069 0.629694462 -0.405486345 0.134398371 0.094298579 -0.093151003 0.033422835 0.990612686
1341846323.742111 0.631184280 -0.417945057 0.133301854 0.098033160 -0.095309682 0.034461603 0.990009069
1341846323.774928 0.635108411 -0.408797801 0.128894940 0.102674186 -0.097419336 0.032578778 0.989396811
1341846323.810012 0.644614279 -0.453218281 0.125996321 0.099549070 -0.099632792 0.027570475 0.989647985
1341846323.842207 0.632932782 -0.435509175 0.104554683 0.105862960 -0.097767450 0.022455556 0.989308000
1341846323.878019 0.627256691 -0.448396266 0.098847590 0.106683008 -0.098098643 0.018564014 0.989267826
1341846323.909826 0.627206743 -0.444688201 0.117835253 0.111272506 -0.100200184 0.014146945 0.988624394
1341846323.942459 0.621506214 -0.463597327 0.143862844 0.112026885 -0.100365236 0.009592260 0.988577127
1341846323.978055 0.616217792 -0.449831039 0.121984698 0.117348604 -0.102688663 0.016476164 0.987629950
1341846324.015934 0.625715494 -0.442837000 0.113430783 0.122037522 -0.104593769 0.015055739 0.986884177
1341846324.047722 0.631716549 -0.458713591 0.109931193 0.123013310 -0.103901841 0.015551293 0.986828387
1341846324.083904 0.644796133 -0.461964011 0.125508279 0.120547876 -0.103452288 0.016978107 0.987156332
1341846324.115968 0.644175529 -0.453115910 0.133113489 0.119416803 -0.102025948 0.014488284 0.987481892
1341846324.151967 0.641738653 -0.444112927 0.110654287 0.121838257 -0.098816246 0.008919355 0.987578511
1341846324.183941 0.631660581 -0.413965106 0.125462472 0.120184168 -0.093410023 0.005614363 0.988331318
1341846324.219984 0.627172709 -0.407544196 0.126765355 0.116053954 -0.091499195 0.007353005 0.988992035
1341846324.251968 0.626450539 -0.415687442 0.117845327 0.114547618 -0.091170162 0.006077263 0.989206731
1341846324.284052 0.610485017 -0.412121922 0.103878133 0.116866328 -0.090576589 0.003737216 0.989001632
1341846324.319880 0.609572589 -0.394858062 0.105184779 0.115715928 -0.094442680 0.003351526 0.988776624
1341846324.351917 0.612270653 -0.369685858 0.112699345 0.113712512 -0.098081335 0.001716435 0.988658965
1341846324.388001 0.615231156 -0.340870649 0.099379376 0.113568738 -0.098128237 0.002270505 0.988669753
1341846324.419908 0.616052091 -0.331139296 0.128612459 0.108493246 -0.096686445 -0.004223269 0.989375114
1341846324.452027 0.616747975 -0.333753496 0.128120959 0.101743244 -0.095811427 -0.004442428 0.990176082
1341846324.487928 0.613937497 -0.323019326 0.130860209 0.100688025 -0.096241117 -0.002181886 0.990249872
1341846324.519985 0.585836053 -0.302313149 0.100855432 0.102856077 -0.096456364 0.005220056 0.989994705
1341846324.556001 0.590766132 -0.286260098 0.135726780 0.100438036 -0.102432430 0.005813867 0.989639342
1341846324.587888 0.598899126 -0.273543149 0.134794325 0.097180173 -0.106321827 0.008092956 0.989538372
1341846324.620086 0.596311808 -0.266985059 0.135784388 0.095471539 -0.108372591 0.004866812 0.989503324
1341846324.655955 0.610216141 -0.262431562 0.138935953 0.091277152 -0.110956870 0.003820271 0.989617288
1341846324.688082 0.596694469 -0.243479431 0.146838501 0.094811246 -0.109556071 0.004692215 0.989437342
1341846324.755922 0.587078452 -0.226938292 0.141483918 0.091965668 -0.112694204 0.009101730 0.989322722
1341846324.814016 0.608714700 -0.180345565 0.145261660 0.089464366 -0.120019510 0.005940373 0.988714397
1341846324.849979 0.587314785 -0.154475644 0.151886865 0.086610407 -0.114983879 0.001863632 0.989582658
1341846324.881924 0.587072670 -0.172350973 0.149833262 0.080721416 -0.116975568 0.002904343 0.989844620
1341846324.913902 0.586943150 -0.161581427 0.153465241 0.080241889 -0.118307322 0.004996850 0.989716887
1341846324.949999 0.584499419 -0.165731117 0.151977733 0.079635113 -0.118111499 0.007839808 0.989770889
1341846324.981922 0.571035504 -0.159528822 0.149713486 0.083859317 -0.119484365 0.011528668 0.989220977
1341846325.018013 0.572271466 -0.145475045 0.157646999 0.087360643 -0.125460103 0.015085689 0.988129675
1341846325.050079 0.561281741 -0.125416160 0.143726006 0.091660328 -0.128359914 0.013205681 0.987394392
1341846325.081901 0.561887681 -0.099058300 0.141085371 0.092444077 -0.133530959 0.011291145 0.986658990
1341846325.118531 0.580005407 -0.078282990 0.147457302 0.088974848 -0.136874199 0.009285423 0.986540735
1341846325.149933 0.577484310 -0.089897655 0.156974941 0.081176125 -0.135018125 0.006512925 0.987490833
1341846325.181925 0.564296782 -0.072057165 0.152336657 0.080280341 -0.132054850 0.007951409 0.987954080
1341846325.218055 0.564859211 -0.064599626 0.157111526 0.077090964 -0.132400423 0.012524812 0.988114417
1341846325.249811 0.573815703 -0.063753963 0.158946455 0.073296405 -0.134796306 0.016334862 0.988023639
1341846325.285925 0.572375119 -0.059467725 0.160252213 0.069564439 -0.134543985 0.018890262 0.988282263
1341846325.317988 0.583119690 -0.064889215 0.167959794 0.066542029 -0.133041471 0.020862555 0.988654077
1341846325.349844 0.576768517 -0.067875355 0.176205501 0.068910703 -0.127856061 0.023329949 0.989120722
1341846325.387302 0.577578425 -0.051187381 0.173719391 0.074214667 -0.125144109 0.026248239 0.989010692
1341846325.417931 0.586781442 -0.042219937 0.178515956 0.076854788 -0.120897241 0.030013045 0.989230216
1341846325.450747 0.593228400 -0.047128450 0.191400111 0.080565825 -0.113577701 0.033411197 0.989693403
1341846325.485954 0.569117069 -0.026728904 0.188127309 0.090612866 -0.104535460 0.035102662 0.989762306
1341846325.517875 0.568827391 -0.014578324 0.180066288 0.094333336 -0.101871215 0.037136827 0.989618242
1341846325.553859 0.570453644 -0.006191375 0.183343023 0.097622335 -0.098612376 0.037184078 0.989627600
1341846325.585855 0.561831713 0.015317289 0.183700472 0.101209313 -0.094806954 0.035712555 0.989693344
1341846325.617990 0.561915159 0.044467695 0.183412120 0.100170359 -0.093030915 0.034418285 0.990013421
1341846325.653982 0.560980618 0.021336954 0.189335316 0.095356755 -0.091701351 0.031742066 0.990701973
1341846325.685819 0.565770447 0.019876262 0.188264728 0.100086704 -0.090534948 0.033204045 0.990294695
1341846325.717857 0.552809834 0.042640448 0.195396781 0.105650589 -0.088435963 0.039975014 0.989656031
1341846325.754083 0.544568300 0.042983830 0.191105619 0.108045451 -0.087884746 0.044387404 0.989258409
1341846325.786087 0.562972963 0.047039848 0.195188850 0.113704205 -0.089255862 0.048108235 0.988327026
1341846325.821856 0.544115603 0.072334789 0.185861766 0.119322814 -0.085065342 0.048319429 0.988023877
1341846325.853827 0.531608760 0.078971475 0.188392535 0.119836032 -0.083461419 0.051939495 0.987914860
1341846325.885958 0.520764053 0.094918817 0.178057939 0.120677367 -0.085325338 0.057339378 0.987354398
1341846325.921984 0.522987664 0.100082666 0.192463249 0.119373806 -0.089497335 0.061539907 0.986890554
1341846325.953899 0.546820521 0.093043104 0.200252920 0.119911022 -0.091852091 0.063741907 0.986469209
1341846325.985823 0.536671340 0.107866473 0.205524236 0.122875258 -0.088288650 0.068062440 0.986141086
1341846326.021991 0.532858074 0.105252974 0.197022617 0.124350086 -0.087672405 0.073483519 0.985622048
1341846326.054055 0.540450692 0.122781374 0.201948017 0.129815146 -0.089354374 0.078201458 0.984402537
1341846326.089984 0.545474648 0.143189594 0.205860823 0.133062884 -0.087603055 0.078256875 0.984121859
1341846326.121822 0.542184949 0.157586411 0.210008949 0.133357927 -0.083440475 0.076007448 0.984619856
1341846326.154079 0.538902938 0.158104718 0.215099961 0.133508235 -0.081056662 0.075390145 0.984846056
1341846326.190178 0.531977355 0.172190756 0.214578778 0.136336088 -0.080792651 0.077342853 0.984328747
1341846326.222162 0.523149073 0.190656632 0.218851030 0.135659307 -0.082276642 0.083739325 0.983775795
1341846326.259181 0.523438573 0.205424309 0.218145609 0.132544443 -0.084995337 0.087271333 0.983662307
1341846326.322766 0.530040562 0.229123309 0.225370318 0.126330107 -0.086210281 0.084594920 0.984607637
1341846326.359773 0.529767871 0.233754054 0.231450111 0.122306459 -0.084776036 0.082912840 0.985382974
1341846326.392109 0.533661664 0.226513609 0.242719829 0.119899489 -0.083631188 0.084263168 0.985662103
1341846326.423985 0.520306587 0.235657707 0.236696452 0.124266289 -0.081172071 0.088448010 0.984959900
1341846326.459869 0.522074163 0.252474248 0.236380190 0.126467705 -0.084126770 0.092594631 0.984050214
1341846326.526163 0.525630951 0.290444225 0.246300519 0.127952069 -0.082683399 0.092091754 0.984027863
1341846326.560211 0.524756849 0.296405494 0.253554344 0.123429902 -0.079093918 0.091077276 0.984994471
1341846326.591828 0.522315979 0.301319748 0.255669475 0.119950615 -0.076950468 0.092092842 0.985499561
1341846326.627027 0.521960378 0.318369150 0.258643806 0.119900338 -0.075385444 0.092493549 0.985589087
1341846326.658442 0.522814810 0.335274816 0.263829410 0.118703514 -0.071804464 0.090920091 0.986147642
1341846326.694856 0.529673398 0.332963169 0.264080405 0.112957396 -0.068481125 0.090809636 0.987068653
1341846326.726206 0.510394871 0.363617957 0.272845864 0.110768154 -0.066514671 0.087368883 0.987761557
1341846326.762753 0.536471784 0.358942211 0.261870503 0.102196366 -0.065464199 0.084806025 0.988978386
1341846326.826821 0.531550050 0.406805694 0.276034713 0.090959452 -0.060432918 0.080571428 0.990748465
1341846326.858887 0.520928264 0.389148265 0.281754643 0.080185898 -0.057659756 0.077003509 0.992127001
1341846326.895360 0.516772509 0.395962417 0.279280692 0.077755608 -0.057796605 0.078659698 0.992182553
1341846326.926897 0.504786074 0.399931908 0.288837016 0.079610959 -0.060530894 0.079483315 0.991806686
1341846326.958888 0.516724646 0.421445161 0.285097122 0.082830727 -0.063851021 0.083296761 0.991021574
1341846326.994594 0.520999193 0.441803515 0.286740631 0.084670402 -0.063840181 0.085005894 0.990721643
1341846327.026301 0.525149107 0.454995424 0.289766252 0.082727320 -0.063066252 0.084819391 0.990951300
1341846327.063945 0.498263776 0.472390413 0.267845988 0.081609547 -0.056500666 0.078220017 0.991982460
1341846327.094662 0.522314429 0.461302370 0.286307275 0.078511775 -0.058311008 0.080269292 0.991963983
1341846327.128901 0.516696215 0.468301296 0.285508096 0.077275738 -0.057594284 0.079268545 0.992183387
1341846327.161940 0.519297898 0.485974282 0.290086955 0.077284954 -0.059144769 0.078257956 0.992171705
1341846327.193867 0.523161173 0.491940916 0.302501440 0.076872528 -0.058125947 0.075812764 0.992453754
1341846327.229885 0.505495012 0.504241526 0.283613235 0.077781335 -0.051618274 0.072005920 0.993026078
1341846327.262014 0.500017107 0.529271662 0.265662551 0.080728330 -0.044969913 0.064954154 0.993600309
1341846327.294023 0.445997894 0.529338002 0.254093200 0.083040133 -0.023952294 0.059319064 0.994490743
1341846327.330015 0.417219192 0.548801899 0.235739768 0.086532488 -0.010362094 0.058767159 0.994460225
1341846327.361939 0.333019823 0.562040091 0.237376004 0.083055243 0.011133661 0.061097693 0.994607925
1341846327.393887 0.285484552 0.559820950 0.230944693 0.080288790 0.021350939 0.056410138 0.994945109
1341846327.429966 0.247216493 0.559430242 0.207889557 0.073928148 0.026702194 0.054437391 0.995418608
1341846327.461965 0.206637874 0.548736632 0.200974196 0.062423684 0.028428830 0.053244099 0.996222913
1341846327.497931 0.129121676 0.548995435 0.218044534 0.058038354 0.040809918 0.051684085 0.996139944
1341846327.530068 0.085080087 0.537328243 0.209259212 0.052572273 0.048870876 0.052921634 0.996015608
1341846327.561895 0.021697346 0.541589499 0.210476458 0.050486207 0.057275031 0.056796983 0.995462120
1341846327.598010 0.008145807 0.547084749 0.213441551 0.052200597 0.056324329 0.061035648 0.995177031
1341846327.629945 -0.016309844 0.564131081 0.207234785 0.053654894 0.055077445 0.058725972 0.995308399
1341846327.662003 -0.064284310 0.560697913 0.218801051 0.052947685 0.059837181 0.055232514 0.995271504
1341846327.697919 -0.077018835 0.587315202 0.217835978 0.058366846 0.061453018 0.052943777 0.994994342
1341846327.730075 -0.089097522 0.623054028 0.222619265 0.059619915 0.062402293 0.051714029 0.994925678
1341846327.766017 -0.094381295 0.624946177 0.226680309 0.054963056 0.063165426 0.050926480 0.995186269
1341846327.797917 -0.107476555 0.647278428 0.225412861 0.051897835 0.064963698 0.051533431 0.995203793
1341846327.830054 -0.116207227 0.650555730 0.228461698 0.045324612 0.065996401 0.049950216 0.995537639
1341846327.865944 -0.121285677 0.653967261 0.237921044 0.041498426 0.068928041 0.049286950 0.995538890
1341846327.898010 -0.136045918 0.663138390 0.235955477 0.038700193 0.072448768 0.049438167 0.995394051
1341846327.929991 -0.139955625 0.669950485 0.237159818 0.034301259 0.071563475 0.047002986 0.995737314
1341846327.966065 -0.138352916 0.673941851 0.233820871 0.029025055 0.071635328 0.043201625 0.996072054
1341846327.998073 -0.138616860 0.684667468 0.232238144 0.022168048 0.072656177 0.041487817 0.996247172
1341846328.034045 -0.146717161 0.688039899 0.233902961 0.016219635 0.075124837 0.039437290 0.996261954
1341846328.065993 -0.141214773 0.674245119 0.231675059 0.007890942 0.074613720 0.041190673 0.996330202
1341846328.098045 -0.148658767 0.663694322 0.231669217 0.006583792 0.076202706 0.041519269 0.996205747
1341846328.133967 -0.151111364 0.663021982 0.231586963 0.009184591 0.075613491 0.045906622 0.996037543
1341846328.166023 -0.170771658 0.657936692 0.233056307 0.008594550 0.075943768 0.045741193 0.996025324
1341846328.198018 -0.149394944 0.655586421 0.234409362 0.009644841 0.069215022 0.044318467 0.996570170
1341846328.234044 -0.145784289 0.633426487 0.229495317 0.009704295 0.066528909 0.044899553 0.996726513
1341846328.265899 -0.143095851 0.632551670 0.236597955 0.013490438 0.063685395 0.047216874 0.996761143
1341846328.302051 -0.131769314 0.604972064 0.229080111 0.013228423 0.061839074 0.049029585 0.996793389
1341846328.333917 -0.160646424 0.584637463 0.231185228 0.016008832 0.066753261 0.050104931 0.996382058
1341846328.366008 -0.135784045 0.575966835 0.230691165 0.021783808 0.061124187 0.051792461 0.996547461
1341846328.402010 -0.136355817 0.571400344 0.222823396 0.037689794 0.063895918 0.051902764 0.995893002
1341846328.433920 -0.150496051 0.545205355 0.218557864 0.038674012 0.064455852 0.052050792 0.995811462
1341846328.470003 -0.155525669 0.548540473 0.220350459 0.043408278 0.064562984 0.045069966 0.995949805
1341846328.502194 -0.047892861 0.501403272 0.204237074 0.038072411 0.048664402 0.038297370 0.997354269
1341846328.534033 -0.096460223 0.484818816 0.206848145 0.040376008 0.060094420 0.035041288 0.996760011
1341846328.570125 -0.139255762 0.466692120 0.211880267 0.043955665 0.068238214 0.033896867 0.996123672
1341846328.602804 -0.173603684 0.435951829 0.213935763 0.047953386 0.068618402 0.037841331 0.995771050
1341846328.672663 -0.088546522 0.367282540 0.197513148 0.050490420 0.042033803 0.036144793 0.997184753
1341846328.702975 -0.073787570 0.363506049 0.207373351 0.054644827 0.036227521 0.036220510 0.997190833
1341846328.770129 -0.053292312 0.315283120 0.183282942 0.059840560 0.031497486 0.031815868 0.997203469
1341846328.802331 -0.045426704 0.277668655 0.180008277 0.056806430 0.027454328 0.031422988 0.997512817
1341846328.838051 -0.033976667 0.263010293 0.166026533 0.060404364 0.024348149 0.026939677 0.997513235
1341846328.869939 -0.040412545 0.284867764 0.171786845 0.064325929 0.024011089 0.028925102 0.997220635
1341846328.904486 -0.044981223 0.259323418 0.172507882 0.058784544 0.021968275 0.027471242 0.997650802
1341846328.939814 -0.062766865 0.240891993 0.169782966 0.062488887 0.023138465 0.025485395 0.997451842
1341846328.970217 -0.033892538 0.231914878 0.169355214 0.065427780 0.016180931 0.032064393 0.997210741
1341846329.006232 -0.030792350 0.237130016 0.170537412 0.069227949 0.013540586 0.036806915 0.996829689
1341846329.038243 -0.030539850 0.208071247 0.155380651 0.070294961 0.013555006 0.035195138 0.996812999
1341846329.106125 -0.025180222 0.195913762 0.145878747 0.072869800 0.012957423 0.034650754 0.996655107
1341846329.138340 -0.019369001 0.177269608 0.145888016 0.073585853 0.011515074 0.032447699 0.996694386
1341846329.169991 -0.027514525 0.160426319 0.122195363 0.072443672 0.011744170 0.029163629 0.996876836
1341846329.208656 -0.019216556 0.169444412 0.134035036 0.076245531 0.009620829 0.030345868 0.996580780
1341846329.238169 -0.009334724 0.167979196 0.140054688 0.075497568 0.007536349 0.030485956 0.996651351
1341846329.273827 -0.016756587 0.151814237 0.127921566 0.073643520 0.007511326 0.031275902 0.996765792
1341846329.306052 -0.008706912 0.140147105 0.109352022 0.071918242 0.004470781 0.030761806 0.996926010
1341846329.338104 -0.008158224 0.154988110 0.123321518 0.072000645 0.002714195 0.029078545 0.996976912
1341846329.373907 -0.009600664 0.119897433 0.122266144 0.065653123 0.002274356 0.027796138 0.997452676
1341846329.405985 -0.008910894 0.108472653 0.117852934 0.066531740 0.001124307 0.024332473 0.997486949
1341846329.442057 -0.008328101 0.103724979 0.117925435 0.065774918 0.000495725 0.020802129 0.997617483
1341846329.473950 -0.014081193 0.081426591 0.112764977 0.063386604 0.000021584 0.013466869 0.997898161
1341846329.506147 -0.010437739 0.078938134 0.107902586 0.063351855 -0.002264603 0.012046251 0.997915983
1341846329.542121 -0.015057239 0.055720884 0.103396684 0.060241468 -0.004827274 0.010644416 0.998115420
1341846329.574086 -0.002334546 0.057451133 0.093153730 0.065569051 -0.008591504 0.010841784 0.997752130
1341846329.606387 -0.001553465 0.058897719 0.093463421 0.068728618 -0.009094664 0.009837761 0.997545421
1341846329.641955 -0.009304347 0.054837700 0.093088306 0.068628713 -0.009756370 0.009862892 0.997545779
1341846329.681570 -0.010011782 0.040912479 0.094401315 0.067491926 -0.012696762 0.010256806 0.997586310
1341846329.748113 0.002702824 0.031252444 0.088629156 0.068601847 -0.014269584 0.008446329 0.997506261
1341846329.810175 -0.007553842 -0.002865830 0.087663688 0.065482087 -0.009526273 0.011553007 0.997741342
1341846329.842255 -0.006376129 -0.019315630 0.083550937 0.065118536 -0.009622601 0.015521117 0.997710407
1341846329.874044 -0.036486030 -0.007736577 0.090621382 0.070564590 -0.005024145 0.017220072 0.997345865
1341846329.910073 -0.007445643 -0.004648604 0.085869618 0.070460342 -0.010085554 0.021279646 0.997236550
1341846329.942009 -0.014878644 -0.016163314 0.088371292 0.064693086 -0.009514380 0.025304534 0.997538924
1341846329.978087 -0.009568332 -0.030895744 0.090828225 0.062926501 -0.010569571 0.027044497 0.997595668
1341846330.016305 -0.001484782 -0.021717366 0.086892128 0.065748081 -0.010436056 0.025186848 0.997463763
1341846330.048192 -0.011120219 -0.015525367 0.086875677 0.062388115 -0.008167312 0.026936060 0.997654974
1341846330.080418 -0.008671052 -0.040059935 0.086931944 0.056370944 -0.008593215 0.028685706 0.997960687
1341846330.115886 -0.004290419 -0.060591385 0.086408168 0.057873592 -0.007661317 0.030216364 0.997837126
1341846330.147839 -0.014327348 -0.041637585 0.078353085 0.061638959 -0.006265135 0.031457558 0.997582972
1341846330.181257 -0.014349166 -0.024370410 0.077612758 0.058642313 -0.007192985 0.035217337 0.997631729
1341846330.215852 -0.010803317 -0.046132542 0.082937293 0.050218813 -0.006448418 0.033974409 0.998139381
1341846330.247833 -0.013655621 -0.051203407 0.083012715 0.048059542 -0.005925026 0.032968219 0.998282671
1341846330.283913 -0.027523004 -0.037119590 0.068076387 0.046674822 -0.004722987 0.031474873 0.998402953
1341846330.316011 -0.019173861 -0.057325982 0.084513128 0.037939936 -0.006708480 0.033646148 0.998690903
1341846330.347868 -0.026997320 -0.065931939 0.076048777 0.035902414 -0.007740999 0.031371202 0.998832762
1341846330.383835 -0.016276078 -0.070967026 0.075020798 0.033423554 -0.009172560 0.031985007 0.998887181
1341846330.415934 -0.024380986 -0.085204959 0.073882602 0.033024855 -0.007340563 0.029710269 0.998985827
1341846330.452561 -0.034920041 -0.091008730 0.072887085 0.034827501 -0.006698155 0.027614243 0.998989284
1341846330.483903 -0.032476433 -0.077975988 0.071653008 0.036702059 -0.009310074 0.031233985 0.998794615
1341846330.515970 -0.043144152 -0.097710073 0.065811232 0.033146717 -0.009900359 0.032737698 0.998865128
1341846330.552099 -0.028584117 -0.088520840 0.069782205 0.036547836 -0.013270918 0.036881957 0.998562872
1341846330.583876 -0.037224274 -0.078441471 0.063337326 0.037039973 -0.012523700 0.037284583 0.998539448
1341846330.619992 -0.041464496 -0.069377691 0.059293613 0.032717269 -0.013703384 0.036674317 0.998697519
1341846330.652136 -0.035427723 -0.081125587 0.059455071 0.025414420 -0.016081978 0.035517596 0.998916388
1341846330.683796 -0.038865201 -0.090289533 0.051735450 0.018667465 -0.015216434 0.035421625 0.999082267
1341846330.719991 -0.047595177 -0.108233571 0.043526921 0.015121176 -0.016861411 0.036064886 0.999092758
1341846330.752103 -0.047383435 -0.099129423 0.046767302 0.019632796 -0.021713860 0.040100861 0.998766720
1341846330.787952 -0.021262450 -0.119783975 0.051721822 0.016941532 -0.031543087 0.042746250 0.998444200
1341846330.819823 -0.050504398 -0.091700979 0.040797643 0.020937601 -0.030628216 0.044026244 0.998341203
1341846330.852208 -0.055776652 -0.086338505 0.037721537 0.021006415 -0.031711772 0.045708448 0.998230338
1341846330.914111 -0.055857729 -0.071831256 0.026486594 0.012542017 -0.035424303 0.044910595 0.998283923
1341846330.949903 -0.057772461 -0.089726306 0.021346778 0.008151156 -0.036101863 0.045112073 0.998296142
1341846330.981986 -0.065555841 -0.087468155 0.017383432 0.009196175 -0.040192563 0.044927578 0.998139024
1341846331.014111 -0.062400308 -0.080314025 0.020121399 0.009031888 -0.044813052 0.046137057 0.997888565
1341846331.082139 -0.068908617 -0.084071852 0.018439308 0.011102009 -0.046782140 0.042681035 0.997931123
1341846331.114334 -0.069659606 -0.080459885 0.018221499 0.011030715 -0.049144883 0.042462867 0.997827649
1341846331.149989 -0.067255326 -0.086454764 0.020469023 0.011074065 -0.050505225 0.041074112 0.997817338
1341846331.181954 -0.073119931 -0.092804357 0.008889198 0.013048259 -0.049997367 0.040178500 0.997855544
1341846331.218151 -0.079925761 -0.077016123 0.000149276 0.014497166 -0.052448589 0.040874861 0.997681439
1341846331.249914 -0.063777007 -0.083471835 0.012845894 0.011935758 -0.056137625 0.039869796 0.997555256
1341846331.318141 -0.079871550 -0.088666372 -0.010126039 0.021782065 -0.043531943 0.033888780 0.998239458
1341846331.349926 -0.052702568 -0.069902256 0.038790315 0.023054691 -0.044082906 0.033137567 0.998211920
1341846331.382003 -0.032327134 -0.085853189 0.043233257 0.024652423 -0.038219199 0.030122319 0.998510957
1341846331.418008 -0.047731850 -0.078146294 0.036892314 0.032276273 -0.026854375 0.030557901 0.998650730
1341846331.450327 -0.052232083 -0.073118500 0.038564499 0.034055930 -0.022308599 0.032193221 0.998652160
1341846331.486219 -0.060335889 -0.070365570 0.040666521 0.034027785 -0.019915747 0.033381850 0.998664677
1341846331.518344 -0.053219128 -0.070533767 0.038991984 0.032926776 -0.019310271 0.031346362 0.998779416
1341846331.550202 -0.047850434 -0.078075290 0.049119562 0.034747377 -0.014790922 0.029873667 0.998840034
1341846331.586139 -0.061125934 -0.062295206 0.052782569 0.037997451 -0.012718973 0.030786164 0.998722494
1341846331.617931 -0.038959943 -0.061345808 0.066744342 0.037016954 -0.014751446 0.031387854 0.998712659
1341846331.654027 -0.032370873 -0.066050150 0.077406451 0.037355125 -0.012475260 0.031362783 0.998731852
1341846331.686123 -0.034118202 -0.056196280 0.083354220 0.040136013 -0.009723346 0.034264524 0.998559237
1341846331.717954 -0.049797181 -0.054709021 0.077805102 0.036467597 -0.009270580 0.034575369 0.998693526
1341846331.754076 -0.032435484 -0.056085937 0.100809045 0.035014939 -0.010197439 0.032219861 0.998815238
1341846331.785920 -0.030556865 -0.054652303 0.111560479 0.038001385 -0.007509482 0.030942054 0.998770297
1341846331.818053 -0.034913812 -0.040534120 0.124268807 0.039659832 -0.005526738 0.031197997 0.998710811
1341846331.853849 -0.034838956 -0.065007202 0.123633295 0.035116576 -0.004951025 0.031704940 0.998867869
1341846331.885987 -0.026424637 -0.064576887 0.132988364 0.038002189 -0.003107139 0.029992139 0.998822629
1341846331.922014 -0.029404195 -0.053255077 0.144794479 0.041151442 0.000306855 0.028953290 0.998733282
1341846331.954037 -0.021468027 -0.040207855 0.164869606 0.042904146 0.002215202 0.028533390 0.998669207
1341846331.986135 -0.019932669 -0.062225305 0.172566369 0.042783361 0.008622038 0.030250417 0.998589098
1341846332.022364 -0.029006973 -0.067066200 0.184862390 0.048725303 0.014173574 0.029751861 0.998268366
1341846332.054175 -0.034917146 -0.056635909 0.198634237 0.056304161 0.015023670 0.031454463 0.997804940
1341846332.086502 -0.031247653 -0.050996177 0.214183852 0.059703421 0.014691640 0.033213489 0.997555256
1341846332.122051 -0.037714366 -0.044992082 0.229494587 0.062044140 0.016525147 0.031753838 0.997431278
1341846332.153983 -0.040531691 -0.026126754 0.239676610 0.061667942 0.016089240 0.030601688 0.997497737
1341846332.190165 -0.042922892 -0.028271638 0.256347090 0.055109877 0.014637489 0.028018134 0.997979760
1341846332.254145 -0.039655007 -0.047180973 0.285363346 0.053860676 0.014283895 0.026266616 0.998100698
1341846332.289948 -0.044430569 -0.038108107 0.300122708 0.056648299 0.014620704 0.028300339 0.997885942
1341846332.322172 -0.040853322 -0.040630486 0.307613373 0.057228241 0.013618737 0.030640192 0.997797906
1341846332.354003 -0.033467241 -0.049380612 0.307882965 0.058970992 0.015275884 0.026963674 0.997778535
1341846332.390180 -0.036627255 -0.027965840 0.324174941 0.062667534 0.019941971 0.024070868 0.997544825
1341846332.422055 -0.042091973 -0.025218708 0.335445911 0.060823020 0.022871951 0.021054246 0.997664332
1341846332.458114 -0.035501920 -0.031267181 0.344661355 0.059629597 0.024415769 0.017500823 0.997768462
1341846332.489993 -0.040735476 -0.025894370 0.357677937 0.060814898 0.026431486 0.019242391 0.997613490
1341846332.522130 -0.053401828 -0.032588825 0.370124698 0.058661979 0.023660164 0.023481794 0.997721195
1341846332.558114 -0.043628410 -0.036213681 0.373695731 0.058370031 0.017154051 0.030532330 0.997680545
1341846332.589874 -0.036648784 -0.023910047 0.375090510 0.059204187 0.013866046 0.035704587 0.997510791
1341846332.621889 -0.030974209 -0.016590707 0.381610900 0.055555481 0.013292025 0.036822852 0.997687817
1341846332.658202 -0.031262420 -0.021993790 0.409489900 0.051191323 0.014568985 0.035858199 0.997938573
1341846332.690001 -0.032619875 -0.021316336 0.416745096 0.049023714 0.015916387 0.037682522 0.997959614
1341846332.726000 -0.033332486 -0.025347847 0.433789790 0.047582731 0.015013368 0.041478880 0.997892797
1341846332.758386 -0.028389342 -0.020490507 0.447503269 0.048984412 0.012223814 0.042127881 0.997835815
1341846332.789937 -0.019101331 -0.013709804 0.453955144 0.048454694 0.012630755 0.040845964 0.997909904
1341846332.825925 -0.015479260 -0.012195887 0.468040049 0.046535630 0.014882230 0.039179552 0.998037040
1341846332.857898 -0.013376826 -0.015450133 0.474105597 0.046967205 0.015776416 0.038973033 0.998011172
1341846332.894069 -0.018291065 -0.001079723 0.481510818 0.048033308 0.016671011 0.038446028 0.997966290
1341846332.926029 -0.009454021 0.007105868 0.496737242 0.045128949 0.016498953 0.036078982 0.998193085
1341846332.958015 -0.002370642 0.009037476 0.502766550 0.042246670 0.017677886 0.035281524 0.998327553
1341846332.994073 -0.006099731 0.013610218 0.509960711 0.039792847 0.019872887 0.032472346 0.998482406
1341846333.026545 0.001730110 0.008696552 0.508458018 0.036316488 0.020085024 0.030654062 0.998668134
1341846333.057998 0.008924277 0.009113099 0.514454663 0.035180632 0.021724055 0.031366263 0.998652339
1341846333.094024 0.012389885 0.006395333 0.525498629 0.035147157 0.023208546 0.035525065 0.998480856
1341846333.126095 0.017391812 0.012902141 0.525351286 0.036157526 0.024476169 0.036856610 0.998366237
1341846333.161973 0.020024637 0.022806086 0.539262474 0.035938606 0.027353344 0.037313558 0.998282492
1341846333.195660 0.021640478 0.021802586 0.546146214 0.033183932 0.029272374 0.039746586 0.998229504
1341846333.226331 0.024607744 0.023871828 0.553625345 0.031981587 0.029810220 0.038992465 0.998282611
1341846333.262056 0.022705073 0.032331478 0.555017173 0.029692998 0.030766441 0.036518030 0.998417854
1341846333.294147 0.027133409 0.027955092 0.562769949 0.025593491 0.029921258 0.037721843 0.998512268
1341846333.326100 0.027861156 0.030593906 0.566384137 0.024180084 0.029072998 0.034457397 0.998690546
1341846333.362100 0.034021221 0.033467241 0.568964660 0.020605480 0.027612133 0.033567533 0.998842418
1341846333.394119 0.034730200 0.029326702 0.574488401 0.017301071 0.026414631 0.033421997 0.998942375
1341846333.429974 0.029165538 0.038797863 0.575401127 0.017825508 0.025889268 0.031794887 0.999000013
1341846333.462115 0.032550838 0.032304950 0.561366200 0.017259326 0.024587788 0.032266401 0.999027729
1341846333.494040 0.034243830 0.032865841 0.563148737 0.018367974 0.025228288 0.031051284 0.999030530
1341846333.529953 0.038779315 0.031962179 0.563979149 0.019146509 0.026147580 0.030642150 0.999004900
1341846333.562063 0.038614996 0.037006192 0.569081903 0.020769216 0.028341623 0.031894874 0.998873413
1341846333.594090 0.033191282 0.043030106 0.571371377 0.019848458 0.028194346 0.032585934 0.998874009
1341846333.629994 0.030936047 0.047019981 0.566863418 0.017001390 0.025875878 0.032117199 0.999004424
1341846333.662127 0.030422959 0.046463564 0.564769149 0.013785250 0.024978725 0.031563964 0.999094427
1341846333.697964 0.033323806 0.036978532 0.567334116 0.010591280 0.024605514 0.032699894 0.999106109
1341846333.730092 0.011449303 0.035265643 0.564740062 0.013339130 0.028791068 0.033141248 0.998946846
1341846333.762089 0.032851882 0.035502546 0.560577214 0.014639012 0.025569521 0.034702219 0.998963296
1341846333.798006 0.032970443 0.033279847 0.558013141 0.015919968 0.025930842 0.034548484 0.998939693
1341846333.830055 0.036120810 0.034292772 0.554033935 0.018571371 0.026510356 0.032934781 0.998933196
1341846333.866045 0.029891284 0.032936640 0.548562288 0.019433513 0.028640000 0.031482730 0.998904824
1341846333.897987 0.026905339 0.029690944 0.545144677 0.020927271 0.028978283 0.030196438 0.998904586
1341846333.930099 0.032055788 0.026649805 0.538690329 0.023303129 0.028799284 0.029503766 0.998877883
1341846333.965889 0.027553890 0.027235942 0.532361269 0.025876995 0.030295530 0.029197080 0.998779297
1341846333.997985 0.027312513 0.023636699 0.527496219 0.028360853 0.031177195 0.028773628 0.998696983
1341846334.030076 0.022288438 0.021944372 0.517976344 0.031019242 0.032994658 0.029540649 0.998537183
1341846334.066000 0.019635323 0.020115271 0.510576546 0.032449421 0.032809597 0.030803962 0.998459637
1341846334.097932 0.017671017 0.020306475 0.505955398 0.034550622 0.032970987 0.030554138 0.998391509
1341846334.133884 0.010822315 0.019594561 0.499881685 0.035999805 0.034643188 0.030785060 0.998276591
1341846334.166115 0.003928365 0.018893518 0.493088037 0.035968143 0.033742152 0.031859059 0.998274863
1341846334.198072 0.002608385 0.018175311 0.485178977 0.036597174 0.032311127 0.030586764 0.998339176
1341846334.234097 0.003936382 0.020877562 0.477722287 0.037291378 0.032496385 0.029479077 0.998340726
1341846334.266045 -0.001695137 0.014979396 0.470763743 0.036692791 0.034562256 0.030025410 0.998277307
1341846334.297946 -0.011445604 0.015051574 0.464304805 0.037994917 0.033747867 0.031543989 0.998209596
1341846334.334036 -0.010333233 0.018546395 0.457594037 0.038776655 0.031713288 0.031836610 0.998236954
1341846334.365871 -0.010486985 0.017495926 0.448175371 0.037888322 0.032010656 0.030210668 0.998312116
1341846334.401845 -0.012630777 0.017111845 0.443303674 0.036534686 0.032793906 0.029316837 0.998363793
1341846334.433864 -0.023643911 0.010336796 0.435226679 0.035983056 0.032738369 0.029756885 0.998372614
1341846334.466105 -0.014763193 0.014375763 0.418058962 0.037046224 0.029109575 0.032098062 0.998373628
1341846334.502142 -0.018979333 0.016146880 0.405759454 0.035928689 0.028139338 0.033455037 0.998397768
1341846334.540153 -0.017789293 0.016838580 0.397036970 0.035594236 0.026762785 0.032032214 0.998494208
1341846334.602351 -0.038383201 0.020469058 0.391400546 0.031146567 0.025092240 0.023408946 0.998925507
1341846334.670161 -0.041329328 0.020665454 0.381136954 0.026544029 0.022160051 0.016912738 0.999258816
1341846334.702085 -0.046178039 0.015421521 0.368671477 0.024580235 0.020304602 0.017323550 0.999341428
1341846334.734751 -0.050273307 0.014908990 0.364187837 0.024836216 0.017801771 0.018888440 0.999354482
1341846334.770889 -0.055421669 0.010172907 0.354796439 0.024382519 0.016587704 0.021694632 0.999329567
1341846334.802194 -0.058982708 0.011965852 0.337236553 0.024056477 0.014324109 0.022200894 0.999361396
1341846334.833908 -0.058894224 0.012945949 0.328649372 0.023614248 0.012441189 0.020812016 0.999427021
1341846334.869874 -0.064224362 0.014134800 0.321755171 0.022182709 0.012318742 0.020596582 0.999465764
1341846334.902006 -0.069215655 0.010850157 0.310776204 0.020188587 0.010813091 0.021540875 0.999505579
1341846334.938010 -0.074716687 0.007199548 0.303194940 0.019391144 0.008146648 0.020643730 0.999565601
1341846334.970032 -0.073060721 0.005708884 0.297416210 0.019274879 0.007108399 0.019481605 0.999599099
1341846335.002203 -0.076021738 0.000704570 0.286431193 0.020336304 0.007547227 0.020834548 0.999547541
1341846335.037880 -0.086124070 0.003734029 0.271812856 0.023227239 0.005267656 0.022776552 0.999456823
1341846335.069990 -0.082208134 0.007952061 0.266975790 0.023896711 0.001798461 0.022954972 0.999449193
1341846335.106038 -0.077452540 0.003075563 0.258278668 0.023776989 0.002381569 0.021103501 0.999491692
1341846335.138045 -0.085712053 0.001399305 0.246751651 0.025160655 0.004130447 0.020869887 0.999457002
1341846335.169900 -0.092880562 0.006027196 0.228425518 0.025720410 0.002079224 0.021247325 0.999441147
1341846335.206091 -0.090128072 0.003267242 0.222319171 0.024595212 -0.000265388 0.018634629 0.999523759
1341846335.239365 -0.085082039 -0.000313068 0.213580593 0.024245396 0.000045222 0.016352767 0.999572277
1341846335.269948 -0.092612982 -0.003343355 0.205253452 0.025711862 0.002018656 0.014757187 0.999558389
1341846335.305972 -0.098801240 -0.003301545 0.195955187 0.027646814 0.000908216 0.015351040 0.999499440
1341846335.338012 -0.093500271 -0.006516333 0.186394259 0.028922286 -0.001005365 0.017017132 0.999436259
1341846335.374005 -0.083987758 -0.018870642 0.170838550 0.031957816 -0.000402836 0.017265420 0.999339998
1341846335.406025 -0.091028363 -0.020029202 0.167477995 0.038523119 0.002670527 0.019700779 0.999059916
1341846335.438079 -0.093396135 -0.009348389 0.153983742 0.044658501 0.003711457 0.022785295 0.998735547
1341846335.473998 -0.092871994 -0.003433469 0.147229537 0.047271855 0.005194180 0.023953885 0.998581290
1341846335.507038 -0.093785241 0.000447910 0.135964498 0.048513409 0.007805930 0.022281123 0.998543441
1341846335.538040 -0.091619059 0.007147460 0.120600455 0.047848471 0.008845678 0.022778431 0.998555660
1341846335.574119 -0.099807806 0.009622531 0.109014720 0.045405377 0.009426990 0.023007531 0.998659194
1341846335.605970 -0.097537301 0.006200373 0.098866284 0.044102699 0.008393751 0.022153957 0.998746097
1341846335.641978 -0.092688285 0.010265983 0.093230508 0.046101492 0.009042367 0.018159069 0.998730719
1341846335.673993 -0.096862666 0.011418274 0.081994765 0.045591548 0.009620909 0.018505925 0.998742402
1341846335.706178 -0.099727906 0.010672202 0.073062524 0.045134015 0.008475815 0.019024599 0.998763800
1341846335.741982 -0.094406009 0.009071119 0.064800791 0.045402985 0.007640596 0.018477989 0.998768628
1341846335.773960 -0.100042410 0.014045978 0.053046267 0.045850649 0.008576740 0.018186854 0.998745918
1341846335.806271 -0.111852027 0.021583278 0.040820047 0.044300780 0.009460331 0.016842509 0.998831451
1341846335.842031 -0.108431585 0.013621526 0.032370076 0.041504614 0.009854401 0.017061371 0.998944044
1341846335.873966 -0.113108955 0.014227133 0.025345221 0.042623978 0.011725251 0.016306194 0.998889327
1341846335.910005 -0.120060168 0.018738903 0.012608483 0.042332757 0.012055272 0.018085895 0.998867095
1341846335.941936 -0.123567551 0.018727394 0.004584028 0.041379832 0.010199508 0.018930363 0.998912096
1341846335.974198 -0.122165278 0.017307598 -0.007860613 0.041031968 0.009199140 0.016715506 0.998975635
1341846336.010032 -0.127267987 0.019155275 -0.015213612 0.040919878 0.009447157 0.015469693 0.998997986
1341846336.042129 -0.130514368 0.020578867 -0.029292822 0.040034600 0.008000299 0.016588917 0.999028563
1341846336.078076 -0.133217350 0.016361728 -0.037352398 0.039834581 0.006379871 0.015168821 0.999070764
1341846336.110739 -0.134724602 0.020244420 -0.039138015 0.040659275 0.006147374 0.013614179 0.999061406
1341846336.142002 -0.142833069 0.019715916 -0.046860114 0.040370513 0.006433077 0.014886653 0.999053180
1341846336.183953 -0.140396729 0.018955193 -0.083009928 0.039661441 0.003724558 0.015986746 0.999078333
1341846336.241891 -0.140436754 0.020573277 -0.085268013 0.037980165 0.002804559 0.015276857 0.999157786
1341846336.277946 -0.149473235 0.013966233 -0.088447683 0.037827931 0.003456231 0.017307876 0.999128401
1341846336.309977 -0.152992204 0.013796378 -0.095387593 0.040650755 0.000975520 0.020122631 0.998970270
1341846336.346143 -0.154147342 0.021219917 -0.104451872 0.043000475 -0.000190381 0.020878982 0.998856843
1341846336.377975 -0.153117850 0.021333363 -0.110146850 0.043763041 -0.000177111 0.020416496 0.998833299
1341846336.410032 -0.157007635 0.023281867 -0.122026987 0.044748895 0.000738246 0.020366939 0.998790383
1341846336.446041 -0.160004184 0.026978323 -0.132370323 0.044342786 0.000248232 0.020663237 0.998802602
1341846336.477990 -0.160505369 0.026177237 -0.135417774 0.043306090 0.000145330 0.020094903 0.998859763
1341846336.510056 -0.162502125 0.024899486 -0.139045939 0.043568764 0.000816976 0.020838475 0.998832762
1341846336.546024 -0.162582487 0.023550002 -0.149268717 0.044399541 0.000866581 0.022648647 0.998756707
1341846336.578003 -0.167030811 0.030795995 -0.157917932 0.044426356 0.000627818 0.024649613 0.998708308
1341846336.614020 -0.164357364 0.032360934 -0.160370246 0.044017673 0.001192474 0.023319053 0.998757839
1341846336.645982 -0.170136273 0.037899390 -0.174369156 0.043274280 0.002841269 0.022673208 0.998801887
1341846336.678036 -0.178560585 0.030436799 -0.170531422 0.040832553 0.001277231 0.023485661 0.998889148
1341846336.714024 -0.173617110 0.024523396 -0.181382969 0.041825697 -0.001473277 0.023599206 0.998845100
1341846336.746016 -0.185359880 0.020386003 -0.187115401 0.045420878 -0.002627672 0.025456483 0.998640060
1341846336.778014 -0.157330811 0.022162672 -0.232646435 0.046935976 -0.008704225 0.031589027 0.998360336
1341846336.820006 -0.127834395 0.029978618 -0.270664692 0.047110062 -0.014850246 0.037802745 0.998063684
1341846336.882056 -0.084299028 0.027517617 -0.304322004 0.048449498 -0.021664964 0.044186071 0.997612596
1341846336.914273 -0.001202395 0.021999989 -0.268491805 0.048711162 -0.041942198 0.049211942 0.996717751
1341846336.945998 0.061858200 0.042845916 -0.274083048 0.058828950 -0.057401899 0.047812123 0.995468795
1341846336.981980 0.120652907 0.067801245 -0.290686131 0.064467490 -0.070019864 0.045166776 0.994435072
1341846337.014238 0.186322838 0.089661092 -0.284476072 0.064798221 -0.083391502 0.042746816 0.993488669
1341846337.046017 0.247883305 0.101177156 -0.262701213 0.064527981 -0.094256029 0.036595203 0.992780328
1341846337.082104 0.304153442 0.109948643 -0.240165994 0.065622337 -0.104582377 0.033830263 0.991772056
1341846337.114317 0.350702882 0.118134186 -0.225858241 0.065139316 -0.114588752 0.033233758 0.990717828
1341846337.150037 0.415246069 0.115054205 -0.201096684 0.061501052 -0.130554482 0.028167617 0.989130795
1341846337.181873 0.449900150 0.119730592 -0.169547647 0.063871384 -0.134927750 0.025299003 0.988471031
1341846337.214073 0.468873382 0.115603514 -0.169525176 0.061670166 -0.134467229 0.022565048 0.988739669
1341846337.250087 0.462628245 0.103387907 -0.173137188 0.058029301 -0.135659948 0.023355411 0.988778830
1341846337.282028 0.471875191 0.104780719 -0.174671307 0.058920614 -0.140646219 0.027599046 0.987919629
1341846337.317920 0.491690457 0.097660601 -0.146799475 0.058308739 -0.144108757 0.027379815 0.987462938
1341846337.350018 0.475115657 0.111166574 -0.182533115 0.057356842 -0.141411632 0.027259899 0.987911820
1341846337.382159 0.480527848 0.104035422 -0.179370821 0.054269001 -0.141630426 0.025230398 0.988108873
1341846337.417941 0.473169357 0.099730641 -0.180233896 0.054758761 -0.140391842 0.025112715 0.988261580
1341846337.450137 0.477666378 0.106831893 -0.188980043 0.055533785 -0.142539263 0.026711391 0.987868965
1341846337.482096 0.478328526 0.103337504 -0.188309267 0.053773686 -0.142863691 0.027391138 0.987900853
1341846337.518008 0.473492265 0.101586118 -0.184264958 0.054769307 -0.142743930 0.027007025 0.987874031
1341846337.549978 0.476620108 0.110233739 -0.193259656 0.055556342 -0.143714488 0.025787486 0.987721920
1341846337.585971 0.477572799 0.105732188 -0.192593604 0.052731037 -0.144294351 0.024650265 0.987821341
1341846337.617903 0.477631867 0.093336463 -0.182641074 0.053217106 -0.145000234 0.024958072 0.987684131
1341846337.650141 0.479569733 0.104996994 -0.189960539 0.056435999 -0.145284504 0.024833657 0.987466812
1341846337.686352 0.477855653 0.109303437 -0.192386582 0.054962732 -0.144874781 0.024782628 0.987611353
1341846337.718002 0.480422676 0.107322648 -0.187079996 0.052979182 -0.144717380 0.024755161 0.987743556
1341846337.749920 0.484595060 0.108306400 -0.181412116 0.052924465 -0.143131599 0.023954080 0.987997234
1341846337.786157 0.483904481 0.114799559 -0.180134922 0.050189093 -0.140410274 0.023888316 0.988531947
1341846337.817945 0.485423952 0.107905388 -0.174141169 0.047127038 -0.138542235 0.025005409 0.988918543
1341846337.854071 0.489573210 0.112326488 -0.171079829 0.046327978 -0.135584518 0.024424283 0.989380598
1341846337.885951 0.483594656 0.116839923 -0.172530860 0.043494049 -0.132706344 0.022416016 0.989946842
1341846337.918223 0.487060666 0.115247868 -0.165314317 0.039441839 -0.131864339 0.019445920 0.990291893
1341846337.954120 0.480979800 0.117314264 -0.160000533 0.037486594 -0.129934326 0.018465016 0.990641654
1341846337.985994 0.485745579 0.122355931 -0.155271038 0.035059515 -0.129604012 0.018929457 0.990764976
1341846338.018107 0.488309503 0.118231602 -0.139617234 0.031395145 -0.128452510 0.019467063 0.991027415
1341846338.054055 0.487902105 0.121430896 -0.140896440 0.029210711 -0.126927465 0.018611778 0.991307080
1341846338.085986 0.489873737 0.121455207 -0.127048433 0.025796993 -0.124055445 0.018121785 0.991774380
1341846338.121875 0.489029795 0.117101103 -0.121284492 0.023258459 -0.121793658 0.019901097 0.992083311
1341846338.154089 0.486651391 0.117730498 -0.117122903 0.022155197 -0.121173553 0.022986516 0.992117822
1341846338.186029 0.487664282 0.121057779 -0.106008813 0.021037428 -0.121803664 0.025286525 0.992009044
1341846338.222071 0.489971906 0.127412841 -0.100397617 0.020317093 -0.120627813 0.024347819 0.992191195
1341846338.254107 0.487643212 0.123224437 -0.088767670 0.018201815 -0.118880562 0.024895340 0.992429495
1341846338.290130 0.486737311 0.113945857 -0.084917776 0.017544298 -0.118782759 0.026571319 0.992409587
1341846338.321952 0.489919960 0.125084773 -0.062658630 0.018647663 -0.118461065 0.028525457 0.992373705
1341846338.354022 0.490984589 0.121778831 -0.045120165 0.017910901 -0.118137144 0.028193826 0.992435336
1341846338.389969 0.493606299 0.129487976 -0.043709688 0.017600585 -0.117739104 0.029681521 0.992444813
1341846338.422377 0.487773180 0.129492521 -0.030484095 0.016129881 -0.116804443 0.028992848 0.992600620
1341846338.454010 0.492383271 0.132571518 -0.024703182 0.015136814 -0.117974788 0.028796429 0.992483556
1341846338.489894 0.488261074 0.130982578 -0.014249206 0.013312552 -0.117940612 0.028285852 0.992528439
1341846338.522066 0.490851104 0.128697559 -0.001511700 0.014050475 -0.118141249 0.027935682 0.992504299
1341846338.558058 0.491409123 0.133287027 -0.000200994 0.013396014 -0.118270054 0.028058276 0.992494583
1341846338.589842 0.489872336 0.130730063 0.008842856 0.011290258 -0.118351266 0.026925582 0.992542446
1341846338.622019 0.485994339 0.129853070 0.018607609 0.012233946 -0.116738893 0.028139148 0.992688537
1341846338.657984 0.492470503 0.129945278 0.017174713 0.011926437 -0.117659949 0.029947184 0.992530644
1341846338.690198 0.492997825 0.135150820 0.032129630 0.010252893 -0.118729837 0.029774124 0.992427111
1341846338.722454 0.490925193 0.135185093 0.043567888 0.010249235 -0.117294736 0.028999023 0.992620766
1341846338.757945 0.489373893 0.136102021 0.050598592 0.009707163 -0.117508546 0.031606436 0.992521346
1341846338.790039 0.490055442 0.136938855 0.060530838 0.007931875 -0.119907595 0.030796619 0.992275596
1341846338.826048 0.490910321 0.135461539 0.066373974 0.008512885 -0.118620232 0.028524114 0.992493391
1341846338.858027 0.487279028 0.138747275 0.071796387 0.008362786 -0.116627134 0.028833706 0.992721915
1341846338.889902 0.486415744 0.140519485 0.078445926 0.006149227 -0.117605455 0.027951809 0.992647886
1341846338.925948 0.484819859 0.139154077 0.088249855 0.005623342 -0.116499975 0.025653392 0.992843449
1341846338.958108 0.484863222 0.140570462 0.094852597 0.006118309 -0.114509575 0.024395507 0.993103683
1341846338.990057 0.488811851 0.136852980 0.116755724 0.006099776 -0.115408629 0.025643330 0.992968321
1341846339.025928 0.497634947 0.135226861 0.145104334 0.007638257 -0.116041541 0.027763320 0.992826879
1341846339.057939 0.498671830 0.142776683 0.144437805 0.011240713 -0.113445356 0.027516907 0.993099511
1341846339.093927 0.491035253 0.149875358 0.149454042 0.010400091 -0.113150395 0.028452782 0.993115962
1341846339.126562 0.499040097 0.148776770 0.175997451 0.006886560 -0.115698755 0.028275406 0.992857933
1341846339.157969 0.502296209 0.148726523 0.188327789 0.004641174 -0.113622457 0.026363403 0.993163347
1341846339.194113 0.499116421 0.155511573 0.196058989 0.003251180 -0.112179786 0.027066328 0.993313909
1341846339.228165 0.494454920 0.160766438 0.191122442 -0.000104683 -0.113395140 0.028129011 0.993151724
1341846339.257998 0.503207624 0.153786108 0.210331231 -0.003424174 -0.113928266 0.028994648 0.993059874
1341846339.294132 0.502433479 0.158520475 0.223633975 -0.003278330 -0.111749008 0.030507388 0.993262649
1341846339.326577 0.493540078 0.174730882 0.218853727 -0.005125239 -0.112276874 0.032789245 0.993122578
1341846339.362269 0.502754688 0.170262009 0.234705597 -0.010110349 -0.115686484 0.029731210 0.992789268
1341846339.394725 0.504570484 0.168663427 0.246055335 -0.011043117 -0.113747463 0.028631080 0.993035674
1341846339.462186 0.510028124 0.166761845 0.269126654 -0.014976855 -0.115523078 0.028934777 0.992770314
1341846339.496743 0.519161105 0.165417165 0.281077802 -0.012473936 -0.112731598 0.027504278 0.993166387
1341846339.562052 0.519495487 0.160603434 0.294339776 -0.012014765 -0.109803788 0.030185143 0.993422210
1341846339.595122 0.524688303 0.163906828 0.317920327 -0.009291057 -0.110013470 0.029121278 0.993459940
1341846339.632085 0.524599254 0.168293253 0.326730430 -0.007376965 -0.105981417 0.027462794 0.993961453
1341846339.664568 0.522740066 0.169826970 0.331512481 -0.006232652 -0.102850437 0.024159925 0.994383872
1341846339.698896 0.522188127 0.164922416 0.337394476 -0.007090425 -0.101546630 0.023877900 0.994518876
1341846339.731977 0.523959935 0.162708014 0.346266985 -0.006772629 -0.101384632 0.021798084 0.994585395
1341846339.762241 0.524552405 0.160976216 0.355640709 -0.006509349 -0.099994518 0.021534475 0.994733632
1341846339.797873 0.525317192 0.161416665 0.364472359 -0.006647090 -0.099917501 0.023088802 0.994705617
1341846339.830245 0.529352129 0.159227073 0.374516070 -0.006773876 -0.100971557 0.022718443 0.994606853
1341846339.862015 0.526676774 0.161335945 0.379783481 -0.006824169 -0.100117430 0.021912074 0.994710922
1341846339.897797 0.532282352 0.160919324 0.394308865 -0.007804294 -0.099617995 0.021744736 0.994757533
1341846339.929916 0.530707657 0.153724462 0.403260291 -0.009132804 -0.098405644 0.023643037 0.994823575
1341846339.961960 0.527882576 0.155924633 0.412409216 -0.007256410 -0.098289311 0.024232388 0.994836330
1341846339.997845 0.539524674 0.158820197 0.412938327 -0.005668846 -0.098461531 0.024321273 0.994827449
1341846340.029925 0.542024195 0.156993404 0.422709554 -0.005187274 -0.096677251 0.026409937 0.994951785
1341846340.066044 0.543359458 0.155187786 0.429119468 -0.003583387 -0.095519118 0.028118122 0.995023966
1341846340.098009 0.538510919 0.157025620 0.432749152 -0.002709429 -0.093999058 0.028697560 0.995154917
1341846340.130102 0.538515449 0.156475842 0.440229237 -0.003210400 -0.093812823 0.027398005 0.995207608
1341846340.166041 0.547750533 0.154744968 0.450296223 -0.002212555 -0.093159363 0.026000069 0.995309174
1341846340.197867 0.545675218 0.156759232 0.455940485 -0.000808155 -0.090174563 0.025609201 0.995596349
1341846340.229904 0.542898655 0.160680324 0.460465789 -0.001720301 -0.089902662 0.025449092 0.995623887
1341846340.265859 0.545035243 0.154143423 0.470190614 -0.002710019 -0.088878579 0.024127496 0.995746493
1341846340.298061 0.548837125 0.158489212 0.478227645 -0.000093205 -0.087269813 0.024954602 0.995872080
1341846340.334063 0.541491330 0.158802792 0.482100725 -0.001555396 -0.086892150 0.026863884 0.995854259
1341846340.366064 0.550227284 0.154248670 0.501818597 -0.003309060 -0.090359449 0.025663460 0.995572984
1341846340.397995 0.549870372 0.148689583 0.497364789 -0.002398165 -0.089109473 0.025288574 0.995697856
1341846340.433895 0.549718857 0.152506828 0.500588119 -0.001362125 -0.089336313 0.026851999 0.995638549
1341846340.465959 0.550323129 0.149329498 0.504354477 -0.001501978 -0.091506697 0.027919412 0.995411873
1341846340.501858 0.556652248 0.155248195 0.507208765 0.000332290 -0.095718101 0.028505268 0.995000184
1341846340.534329 0.561984777 0.154353172 0.509393513 0.000913327 -0.097547404 0.027914148 0.994838893
1341846340.566041 0.568111658 0.151742697 0.513075054 0.001692601 -0.099434637 0.028902087 0.994622827
1341846340.601909 0.569852769 0.155596063 0.506726503 0.004856396 -0.099457793 0.029501095 0.994592488
1341846340.634005 0.570396245 0.159341708 0.503600001 0.006207961 -0.099391401 0.027920973 0.994637251
1341846340.666028 0.581383765 0.153975025 0.503743768 0.005226750 -0.100433856 0.026526662 0.994576335
1341846340.701946 0.580920756 0.148007289 0.497231066 0.006579117 -0.097881533 0.023775952 0.994892299
1341846340.733954 0.580291867 0.157088175 0.498411059 0.008973063 -0.096110567 0.023360858 0.995056033
1341846340.770081 0.580970585 0.160651892 0.493922591 0.008482934 -0.095597789 0.020909689 0.995164275
1341846340.801980 0.584557295 0.152965620 0.500319123 0.008376868 -0.094846033 0.015007425 0.995343566
1341846340.833999 0.584772527 0.152517870 0.489415556 0.007856429 -0.092047431 0.011603693 0.995656013
1341846340.870013 0.581146240 0.150908098 0.494335055 0.006559651 -0.091844238 0.009563506 0.995705843
1341846340.901955 0.582336247 0.147719905 0.505089462 0.007664703 -0.092463709 0.009067619 0.995645225
1341846340.933918 0.582504928 0.152359128 0.501219571 0.010023849 -0.093178011 0.012237842 0.995523810
1341846340.970122 0.580140054 0.152741954 0.496211469 0.010650222 -0.095487617 0.017519239 0.995219469
1341846341.001922 0.590039909 0.147929370 0.492697775 0.011097894 -0.101016425 0.021843813 0.994583011
1341846341.037923 0.586481750 0.149622917 0.490695059 0.012124508 -0.102728046 0.025210025 0.994316041
1341846341.070300 0.591685593 0.152521640 0.489070088 0.013178491 -0.104279220 0.025188336 0.994141698
1341846341.102028 0.589754522 0.149588510 0.482811451 0.012570161 -0.105349354 0.025329795 0.994033158
1341846341.137982 0.596515119 0.151384011 0.481353223 0.013034927 -0.108176783 0.025389003 0.993721902
1341846341.170048 0.597472012 0.150774136 0.482500732 0.013398844 -0.108730659 0.026786903 0.993619919
1341846341.202110 0.595181882 0.148531541 0.474731266 0.014551382 -0.108309850 0.028110638 0.993613124
1341846341.237996 0.600010037 0.148318738 0.476984322 0.016148238 -0.108830079 0.028901910 0.993508875
1341846341.269883 0.598116219 0.149813622 0.474556744 0.017389890 -0.108153224 0.029614126 0.993540883
1341846341.306107 0.595834613 0.149058878 0.470739424 0.017961038 -0.108361587 0.028995007 0.993526280
1341846341.338109 0.598291695 0.150218040 0.469288826 0.019098660 -0.108092561 0.027291631 0.993582606
1341846341.370120 0.598018229 0.151795089 0.466777176 0.020260507 -0.106842704 0.024282224 0.993772864
1341846341.406074 0.595194638 0.147720471 0.462333262 0.019606777 -0.106015891 0.023613546 0.993890643
1341846341.438113 0.595297575 0.143624112 0.462638259 0.020550095 -0.108103901 0.023931470 0.993639052
1341846341.470024 0.599049687 0.145981342 0.461982459 0.023881575 -0.108575091 0.022305572 0.993551016
1341846341.506077 0.593960881 0.150679886 0.456393778 0.024055216 -0.106824130 0.021453952 0.993755341
1341846341.538156 0.591228306 0.148694843 0.456187963 0.023028471 -0.108579077 0.021669688 0.993584752
1341846341.574016 0.592966735 0.148066655 0.453748405 0.023780178 -0.110747509 0.022809427 0.993302166
1341846341.612466 0.591081738 0.150756672 0.449419379 0.024369346 -0.110963389 0.023482604 0.993248105
1341846341.643972 0.587436557 0.150061622 0.444905221 0.023020532 -0.111650653 0.022379071 0.993228734
1341846341.679982 0.587807953 0.150760457 0.442831814 0.023200989 -0.113195598 0.022810701 0.993039846
1341846341.712332 0.584196329 0.154668346 0.446760297 0.024126459 -0.115280285 0.026006334 0.992699385
1341846341.744185 0.585794687 0.153128237 0.447635144 0.024258178 -0.117391646 0.027825607 0.992399335
1341846341.780061 0.585058630 0.149836823 0.441071957 0.023841027 -0.117546223 0.029386280 0.992346168
1341846341.842595 0.593010306 0.145881668 0.439043194 0.025497923 -0.119146988 0.034306344 0.991956115
1341846341.906227 0.594907641 0.146031544 0.435477316 0.028925810 -0.120099477 0.038819842 0.991580784
1341846341.942069 0.595342398 0.139682576 0.433415413 0.031236751 -0.119951665 0.041311402 0.991427898
1341846341.974775 0.598809004 0.144079864 0.426402330 0.034837477 -0.120480359 0.043663066 0.991142929
1341846342.010161 0.595000386 0.144592047 0.430958539 0.035534456 -0.121691234 0.045357574 0.990894139
1341846342.042024 0.603471577 0.134838969 0.433168828 0.036301795 -0.123197980 0.045010313 0.990695953
1341846342.080032 0.606909692 0.142076969 0.429948241 0.039345469 -0.121146061 0.045116179 0.990827978
1341846342.112265 0.601096988 0.136007443 0.424587309 0.038662445 -0.119695701 0.047830258 0.990903854
1341846342.147954 0.602184296 0.126359895 0.423211575 0.039469872 -0.120759279 0.050251599 0.990623116
1341846342.179852 0.608505726 0.132680386 0.422880113 0.043075092 -0.120895423 0.051562060 0.990388870
1341846342.211848 0.605665505 0.136819795 0.424778461 0.044270441 -0.120085798 0.051879726 0.990418136
1341846342.247920 0.606794477 0.130953923 0.420969903 0.044910278 -0.119716227 0.050183769 0.990521431
1341846342.279870 0.608443677 0.130854741 0.419000179 0.046149474 -0.119318232 0.050949678 0.990473390
1341846342.316068 0.609299600 0.128789008 0.412550509 0.046905220 -0.118993990 0.052381508 0.990402222
1341846342.347894 0.614533544 0.131249696 0.413909137 0.047448762 -0.119868204 0.052752908 0.990251124
1341846342.379953 0.613266289 0.132506073 0.417030722 0.048060074 -0.119052164 0.052291155 0.990344644
1341846342.416195 0.608704805 0.133267403 0.416749597 0.048519518 -0.118273623 0.053794295 0.990334988
