1341846313.592026 0.000000000 0.000000000 0.000000000 0.000000000 0.000000000 0.000000000 1.000000000
1341846313.654184 0.010793228 -0.005786353 0.006258340 -0.001368429 -0.003800810 0.005872010 0.999974608
1341846313.686156 0.020566987 -0.000030179 0.008435947 0.000196451 -0.006485588 0.005015069 0.999966383
1341846313.721918 0.025004195 0.005973988 0.006776343 0.000937213 -0.007230149 0.005707482 0.999957144
1341846313.753994 0.034610018 0.003965115 0.004952250 0.000104312 -0.008391061 0.007310782 0.999938071
1341846313.789969 0.043007124 0.003793022 0.002342600 0.001293281 -0.009350769 0.005754028 0.999938905
1341846313.822075 0.058575958 0.005469200 0.002662333 0.001241713 -0.009676567 0.005413061 0.999937773
1341846313.853928 0.058328588 0.007781983 0.014058985 0.001051263 -0.006791586 0.002994782 0.999971926
1341846313.890011 0.069146514 0.007204770 0.001332619 0.000575344 -0.005521473 0.004810102 0.999972999
1341846313.922055 0.074458353 0.010832798 0.004203877 -0.001184176 -0.005479125 0.005880002 0.999966979
1341846313.957927 0.106489949 0.013975889 0.024240283 -0.003157832 -0.004288890 0.007053709 0.999960899
1341846313.990058 0.096455023 0.015563758 0.034546107 -0.004131692 0.005020956 0.006454092 0.999957979
1341846314.022042 0.097488381 0.019180384 0.004471092 -0.005726789 0.006577728 0.007937634 0.999930441
1341846314.057816 0.099430867 0.014498364 0.030423159 -0.009757129 0.009539230 0.007479951 0.999878883
1341846314.089801 0.097273372 0.019147540 0.052145608 -0.008324744 0.016578441 0.005082988 0.999814987
1341846314.122037 0.126540035 0.024927206 0.025228756 -0.008969620 0.016457401 0.013086584 0.999738693
1341846314.157989 0.121591739 0.026589578 0.036817145 -0.010728230 0.021022199 0.012324257 0.999645472
1341846314.190094 0.125381947 0.026738985 0.051682718 -0.010635542 0.025260888 0.012297562 0.999548674
1341846314.225969 0.147964090 0.027968166 0.033394523 -0.013639548 0.024598679 0.019311011 0.999417782
1341846314.257923 0.151727408 0.016345175 0.029182054 -0.016449207 0.026267577 0.020430775 0.999310791
1341846314.290052 0.152703464 0.019629471 0.031090576 -0.014642222 0.028015232 0.018793782 0.999323547
1341846314.325981 0.158804923 0.025834149 0.025769388 -0.014793281 0.029060049 0.016927151 0.999324858
1341846314.357905 0.169390216 0.017601231 0.027606007 -0.016483407 0.031616077 0.016003450 0.999235988
1341846314.389899 0.169389710 0.018669197 0.028715432 -0.014954788 0.034884080 0.014829756 0.999169409
1341846314.427905 0.178656787 0.024734737 0.027364453 -0.014438032 0.036202189 0.013600827 0.999147594
1341846314.493987 0.187429398 0.020884931 0.045625605 -0.013534223 0.046091713 0.006521706 0.998824239
1341846314.526085 0.190412238 0.021954635 0.037474748 -0.013395239 0.048400335 0.004555953 0.998727798
1341846314.558292 0.193792924 0.024390057 0.048979051 -0.014363063 0.051688354 0.005250403 0.998546183
1341846314.594085 0.203245312 0.015199977 0.041890632 -0.013766660 0.055629745 0.004147312 0.998347938
1341846314.626096 0.203541428 0.021884691 0.028501593 -0.012871871 0.060131822 0.005503199 0.998092294
1341846314.658455 0.204642057 0.023754910 0.031948019 -0.014612273 0.062736757 0.004744148 0.997911870
1341846314.694004 0.231170520 0.012232920 0.034870185 -0.015609713 0.063918643 0.003235256 0.997827768
1341846314.725910 0.234083667 0.001969338 0.035477329 -0.012886185 0.066829100 0.009599123 0.997635007
1341846314.761942 0.225964367 0.008244302 0.028956708 -0.008428119 0.069081619 0.012551644 0.997496426
1341846314.794030 0.244987667 0.007751316 0.029654261 -0.005335290 0.069341309 0.012750173 0.997497261
1341846314.826092 0.256020546 0.018002655 0.019665714 -0.002242147 0.072561510 0.012876512 0.997278273
1341846314.862145 0.272910029 0.024757337 0.021053433 -0.001677008 0.074833974 0.015686184 0.997071207
1341846314.894072 0.280227900 0.024058793 0.026267335 -0.002131467 0.078347057 0.017904177 0.996763110
1341846314.925969 0.282774240 0.025810467 0.026310712 -0.002254382 0.081262760 0.022350289 0.996439517
1341846314.961937 0.276479274 0.034825016 0.021368068 -0.004284818 0.082810275 0.025528200 0.996229053
1341846314.994564 0.278211445 0.035046339 0.026535057 -0.007350484 0.084136173 0.023688629 0.996145546
1341846315.029900 0.294871539 0.031612098 0.036497872 -0.007740624 0.086201139 0.020743959 0.996031702
1341846315.061965 0.290525168 0.031126821 0.035534851 -0.008695649 0.089365594 0.024636762 0.995656192
1341846315.094388 0.300608009 0.028548148 0.046076655 -0.008858483 0.087839529 0.025338694 0.995772898
1341846315.129851 0.311005533 0.023296118 0.035406072 -0.007526404 0.087361008 0.024890067 0.995837271
1341846315.161941 0.298064977 0.044471845 0.016979080 -0.007355740 0.089088954 0.025066569 0.995681047
1341846315.197984 0.305989861 0.038604382 0.021077264 -0.015032502 0.086369604 0.022800054 0.995888770
1341846315.230076 0.315546215 0.036180384 0.031369235 -0.018571697 0.084448837 0.019519839 0.996063471
1341846315.262069 0.313496739 0.028824858 0.025796965 -0.022464290 0.082936816 0.022797449 0.996040702
1341846315.298000 0.328064293 0.026854552 0.040213060 -0.024654664 0.078016661 0.024856329 0.996337175
1341846315.329931 0.348976642 0.007593860 0.053780261 -0.023399619 0.074431799 0.027901407 0.996560991
1341846315.361981 0.347791851 0.018846298 0.043523103 -0.016782282 0.074232236 0.032089382 0.996583283
1341846315.397962 0.355445117 0.021570966 0.045797791 -0.013555728 0.074144572 0.033308960 0.996598899
1341846315.429923 0.367862999 0.021404412 0.040327266 -0.011004585 0.075211979 0.036152709 0.996451199
1341846315.466047 0.374546170 0.028930452 0.036332946 -0.009408631 0.078497201 0.038223218 0.996136844
1341846315.497883 0.366358489 0.024872819 0.035651743 -0.010999547 0.082999833 0.041851696 0.995609581
1341846315.530008 0.368346840 0.024553467 0.037310876 -0.010817786 0.084266894 0.042845417 0.995462894
1341846315.566108 0.380628645 0.026821749 0.034886044 -0.011407095 0.084304154 0.044880368 0.995363474
1341846315.597986 0.378898531 0.025099089 0.043209732 -0.011684584 0.085966438 0.043510467 0.995278895
1341846315.630109 0.390181839 0.038087353 0.045155734 -0.010287999 0.085475452 0.042603727 0.995375812
1341846315.666042 0.386117727 0.041943803 0.033955470 -0.010820388 0.087717094 0.041939966 0.995203316
1341846315.698114 0.412184894 0.051616304 0.029371530 -0.015018286 0.088056877 0.042825297 0.995081127
1341846315.733985 0.404526085 0.035888489 0.052736662 -0.019945649 0.092022948 0.043895245 0.994588912
1341846315.766041 0.394506097 0.039501324 0.054034092 -0.019175891 0.090969764 0.043959435 0.994698107
1341846315.798188 0.403629869 0.033958517 0.045466267 -0.020826034 0.089172572 0.043889664 0.994830728
1341846315.834140 0.403962463 0.029921100 0.053365834 -0.020248506 0.091224685 0.042942718 0.994697928
1341846315.866751 0.396187872 0.027941380 0.052265480 -0.017882081 0.093336768 0.041927468 0.994590640
1341846315.898492 0.391442657 0.026032351 0.053101115 -0.016793210 0.094381824 0.041494440 0.994529188
1341846315.936901 0.375408471 0.016656665 0.046435095 -0.014499364 0.097152144 0.037788849 0.994446158
1341846315.966572 0.366734058 0.016472718 0.044261098 -0.011014267 0.099205181 0.036775362 0.994326174
1341846316.034204 0.355543315 0.016976738 0.043397322 -0.007234228 0.099636391 0.035272148 0.994372249
1341846316.066113 0.344978750 0.018174825 0.049699605 -0.004693951 0.100243874 0.035006423 0.994335830
1341846316.101867 0.338748872 0.018425817 0.036283478 -0.003384539 0.099154286 0.037410203 0.994362831
1341846316.134066 0.324258208 0.022547530 0.034656804 -0.003369088 0.097081266 0.033779446 0.994697332
1341846316.202049 0.308179408 0.012647873 0.038287461 -0.004019962 0.092948981 0.029562924 0.995223761
1341846316.233979 0.311699927 0.014682204 0.023582045 -0.003176444 0.090465337 0.027521063 0.995514214
1341846316.270052 0.306155086 0.013734779 0.025876038 -0.004556057 0.091574922 0.024652587 0.995482564
1341846316.301915 0.301246345 0.007092327 0.032760158 -0.004898504 0.092591412 0.023190297 0.995422065
1341846316.334208 0.288594574 0.002103670 0.034684859 -0.003881858 0.092865929 0.024903787 0.995359540
1341846316.370006 0.281288981 -0.000569326 0.029064432 -0.002096160 0.091745630 0.025351021 0.995457530
1341846316.401994 0.278133810 0.000513759 0.030622154 -0.000358680 0.090719961 0.027649686 0.995492458
1341846316.438069 0.274895310 -0.002436908 0.031725939 0.001909732 0.090287179 0.029512091 0.995476604
1341846316.470076 0.256471366 -0.003102011 0.023915518 0.006409577 0.091082372 0.030602971 0.995352387
1341846316.502034 0.252318263 0.011879107 0.035580650 0.009989192 0.088447087 0.031367563 0.995536745
1341846316.537975 0.242903173 0.017418904 0.030524049 0.007949278 0.085977435 0.031173561 0.995777547
1341846316.570121 0.237263694 0.008714755 0.035776295 0.007104090 0.085826792 0.028363306 0.995880902
1341846316.601885 0.212684840 -0.000110831 0.024744414 0.008138670 0.087018423 0.025840886 0.995838225
1341846316.638009 0.211817160 -0.000635407 0.024539251 0.010451731 0.084861532 0.026963223 0.995972991
1341846316.669925 0.218750432 -0.000724755 0.040739685 0.012809025 0.082570314 0.026314739 0.996155381
1341846316.705941 0.219918221 0.000726948 0.053207237 0.017526347 0.082631633 0.026913585 0.996062517
1341846316.738062 0.183815345 -0.001422830 0.017658340 0.019209195 0.084958866 0.030323818 0.995737612
1341846316.770433 0.185288072 0.003338052 0.018118594 0.018948076 0.083329931 0.031609330 0.995840311
1341846316.805932 0.181075081 -0.005569427 0.026965167 0.018672399 0.083093047 0.030028274 0.995914221
1341846316.838029 0.165211380 -0.005208197 0.023653349 0.019999765 0.082468644 0.031770084 0.995886326
1341846316.870034 0.153733730 -0.007579205 0.022572841 0.020360919 0.079582646 0.033537406 0.996055841
1341846316.906344 0.147030473 -0.007115961 0.027911019 0.021508412 0.076266199 0.031817120 0.996347606
1341846316.937940 0.148289591 -0.006063702 0.015424417 0.021314435 0.074436508 0.030428372 0.996533453
1341846316.973994 0.138754964 -0.005213908 0.019505490 0.020879991 0.072809607 0.031059517 0.996643424
1341846317.005913 0.130906582 -0.007782928 0.026332384 0.019345768 0.070294909 0.030616524 0.996868610
1341846317.037936 0.122428842 -0.011892980 0.030520689 0.019853840 0.068155728 0.029849391 0.997030377
1341846317.073972 0.114786789 -0.011480899 0.029154159 0.020869287 0.066465899 0.030102920 0.997116089
1341846317.106113 0.099935502 -0.013917971 0.041495763 0.023030076 0.066170797 0.032898821 0.996999860
1341846317.137887 0.097197257 -0.017006770 0.036672641 0.025815198 0.059386190 0.037138492 0.997209907
1341846317.173970 0.089917138 -0.011729829 0.023162469 0.027704557 0.051989730 0.040384058 0.997446060
1341846317.205887 0.078012027 -0.012575995 0.021240663 0.027649235 0.049854282 0.040976387 0.997532427
1341846317.248131 0.070821859 -0.012237082 0.029683501 0.029430356 0.047509115 0.042332087 0.997539341
1341846317.306289 0.050851334 -0.015240251 0.012989914 0.029983286 0.042003065 0.045617077 0.997625113
1341846317.348137 0.043175858 -0.018789051 0.008208330 0.030744396 0.043286048 0.046252482 0.997517824
1341846317.410120 0.038285516 -0.011946371 0.024290778 0.033133160 0.042245973 0.052778650 0.997161925
1341846317.442569 0.036391132 -0.016458794 0.024739180 0.035781436 0.042247605 0.054862339 0.996957898
1341846317.474010 0.023913600 -0.017780459 0.026973607 0.041392069 0.043580540 0.058215138 0.996493101
1341846317.509927 0.014496388 -0.011547090 0.029308908 0.044504210 0.041478530 0.062430553 0.996193409
1341846317.542282 0.007169480 -0.005408152 0.031763550 0.044418626 0.038755424 0.062585860 0.996297121
1341846317.573943 0.008541657 -0.016501093 0.026670527 0.043011423 0.039133534 0.061066579 0.996438384
1341846317.610159 -0.006937470 -0.020655792 0.030523496 0.045316715 0.042068817 0.061320506 0.996200979
1341846317.643553 -0.020397643 -0.017686708 0.025812149 0.048002891 0.041913502 0.064577647 0.995875835
1341846317.677993 -0.022746921 -0.015360416 0.036682442 0.049160402 0.037844352 0.067446798 0.995792150
1341846317.709996 -0.048759721 -0.023352021 0.023533778 0.050651487 0.037632927 0.064839460 0.995898604
1341846317.741834 -0.052041713 -0.011088364 0.027271505 0.051971577 0.036256947 0.064620875 0.995895803
1341846317.777923 -0.060442917 -0.012892032 0.030811392 0.050181117 0.035026230 0.063825086 0.996083021
1341846317.810021 -0.061159398 -0.015551563 0.040640641 0.049699862 0.032975405 0.063143179 0.996220648
1341846317.841886 -0.074670166 -0.014127654 0.031144099 0.048991859 0.032168206 0.061433524 0.996388972
1341846317.878017 -0.066804200 -0.006707106 0.046159267 0.047556806 0.030321052 0.058498345 0.996693015
1341846317.909910 -0.081825189 -0.017962543 0.032157909 0.045473523 0.032350391 0.053946849 0.996983111
1341846317.946031 -0.089679234 -0.018364679 0.044381022 0.046569902 0.033672281 0.055267520 0.996816397
1341846317.978041 -0.089172922 -0.022299884 0.053048477 0.048304770 0.031661376 0.056750692 0.996716380
1341846318.009897 -0.105572619 -0.016097778 0.048857331 0.051791359 0.032869473 0.054291531 0.996639192
1341846318.045949 -0.119666889 -0.012183735 0.048720852 0.052384824 0.034361437 0.053796642 0.996584713
1341846318.078074 -0.127979785 -0.017454989 0.048757844 0.051001776 0.032855894 0.051626567 0.996821940
1341846318.109894 -0.139958560 -0.016680999 0.044037912 0.050705552 0.029331410 0.048411909 0.997108281
1341846318.145957 -0.143898994 -0.015914507 0.041991334 0.049997963 0.027147789 0.045669723 0.997335196
1341846318.178001 -0.150601149 -0.021023359 0.047408670 0.048899073 0.027635196 0.043383367 0.997478366
1341846318.214074 -0.164440438 -0.022031978 0.048620384 0.049599495 0.026184956 0.041265316 0.997572720
1341846318.245970 -0.174480692 -0.028298309 0.051461287 0.052399054 0.020658972 0.043464232 0.997465968
1341846318.278018 -0.184567913 -0.029485954 0.042525668 0.056131978 0.016160948 0.043395415 0.997348905
1341846318.313937 -0.180563241 -0.024738602 0.056925066 0.058368586 0.008824344 0.043159313 0.997322679
1341846318.345989 -0.202179968 -0.024553588 0.049289037 0.060000625 0.001062440 0.041087355 0.997351825
1341846318.382046 -0.208542123 -0.023445379 0.047958892 0.061972741 -0.005575981 0.040574465 0.997237146
1341846318.414072 -0.215873733 -0.022557788 0.057603125 0.063904949 -0.012007956 0.041746836 0.997010112
1341846318.446035 -0.222095996 -0.023688436 0.057799648 0.065732159 -0.017999751 0.040797532 0.996840417
1341846318.482196 -0.227970183 -0.023105253 0.058350880 0.067030892 -0.020105941 0.040520720 0.996724963
1341846318.514144 -0.235415965 -0.025406415 0.067758888 0.067020610 -0.020944640 0.041434653 0.996670783
1341846318.546259 -0.244279251 -0.030660950 0.056870844 0.067751139 -0.022037782 0.040856313 0.996621728
1341846318.582042 -0.252695978 -0.022547863 0.056651823 0.070089832 -0.021773215 0.040579677 0.996477127
1341846318.614115 -0.277249068 -0.031490065 0.038736586 0.068847008 -0.021109747 0.040593948 0.996577442
1341846318.650038 -0.285963714 -0.028613254 0.042619348 0.068740025 -0.021577701 0.037209194 0.996706903
1341846318.682350 -0.297359884 -0.033078328 0.036731455 0.067865893 -0.021925781 0.035438165 0.996823728
1341846318.714063 -0.312840939 -0.035455525 0.028799493 0.067241050 -0.022108356 0.034622889 0.996890724
1341846318.749905 -0.308497578 -0.035238788 0.030907331 0.068103828 -0.023114439 0.035723872 0.996770501
1341846318.782036 -0.323062718 -0.035450559 0.026687378 0.069835618 -0.023511091 0.038152378 0.996551335
1341846318.814121 -0.337828249 -0.034597296 0.025528897 0.069973908 -0.028335784 0.036587171 0.996474862
1341846318.850072 -0.355598390 -0.033689506 0.021032583 0.070622452 -0.033313252 0.033106130 0.996396840
1341846318.883516 -0.354643643 -0.035510834 0.049902909 0.073760070 -0.040785249 0.032049868 0.995926082
1341846318.918047 -0.355882376 -0.032752708 0.037202775 0.077190213 -0.054521754 0.031675037 0.995020509
1341846318.950044 -0.383981198 -0.045142770 0.034394305 0.077933602 -0.061929479 0.029066248 0.994608581
1341846318.982028 -0.382907748 -0.039579708 0.021059632 0.080161452 -0.066873670 0.027602866 0.994152963
1341846319.018123 -0.389878333 -0.043400757 0.042482469 0.079630487 -0.071959130 0.026318233 0.993875325
1341846319.050745 -0.388925135 -0.046774462 0.050331146 0.080512024 -0.079302572 0.025249310 0.993273079
1341846319.081905 -0.392287046 -0.042870589 0.032758810 0.086125843 -0.079295471 0.022818381 0.992861450
1341846319.117976 -0.414936751 -0.037892666 0.019310437 0.088540860 -0.077356890 0.028519684 0.992654562
1341846319.150093 -0.433031470 -0.041222438 0.019958086 0.090080701 -0.080725819 0.034467511 0.992058873
1341846319.186069 -0.440015197 -0.035015050 -0.006410018 0.091940001 -0.081468590 0.035301082 0.991798222
1341846319.218149 -0.428140908 -0.015954461 0.011684008 0.090707235 -0.078524292 0.033833832 0.992200255
1341846319.250034 -0.437936753 -0.018206272 0.020425878 0.083889328 -0.072042145 0.032924481 0.993321955
1341846319.286594 -0.442594022 -0.027555119 0.022708587 0.081326470 -0.069459192 0.037669029 0.993550420
1341846319.318034 -0.448777020 -0.032404967 0.021438699 0.081643529 -0.068760678 0.041190978 0.993433237
1341846319.350268 -0.465437412 -0.030969642 0.017646614 0.082628995 -0.067404196 0.046845157 0.993194163
1341846319.386163 -0.472957164 -0.037815053 0.022226758 0.083773144 -0.072386667 0.055720363 0.992289007
1341846319.418386 -0.476927608 -0.037634060 0.027616970 0.084659882 -0.078310490 0.056977637 0.991692364
1341846319.453961 -0.480063915 -0.025468344 0.017451197 0.086368188 -0.079534806 0.052268676 0.991706967
1341846319.486271 -0.493102342 -0.027004465 0.006268278 0.085100502 -0.079283953 0.051852003 0.991858482
1341846319.554083 -0.507616043 -0.029134797 0.020184390 0.079978503 -0.085756131 0.050205234 0.991831005
1341846319.586296 -0.524785519 -0.031077262 0.013002403 0.080499656 -0.084781446 0.045888521 0.992081702
1341846319.622031 -0.548459709 -0.027819090 -0.003887594 0.079184055 -0.086807810 0.042784546 0.992151082
1341846319.653962 -0.549958229 -0.037356637 0.017085597 0.077818662 -0.092881836 0.042397339 0.991725624
1341846319.686352 -0.556399584 -0.035642602 0.019580550 0.079837695 -0.096862525 0.044601560 0.991087437
1341846319.721992 -0.555950046 -0.031227810 0.001912765 0.080632217 -0.101259395 0.045384016 0.990547955
1341846319.754063 -0.571633220 -0.011361189 0.027349308 0.079417862 -0.103142135 0.044881649 0.990474701
1341846319.786397 -0.574834585 -0.015227789 0.035872407 0.074656501 -0.103302650 0.048497256 0.990657866
1341846319.822008 -0.586885929 -0.016555902 0.027669929 0.071223669 -0.103255399 0.052664142 0.990702808
1341846319.853917 -0.583848298 -0.019634524 0.019119561 0.065843388 -0.104822353 0.056991737 0.990670919
1341846319.889942 -0.587625921 -0.032194771 0.024980955 0.061805967 -0.105598606 0.061929867 0.990552187
1341846319.922039 -0.600184381 -0.038740113 0.018550709 0.061062414 -0.109061517 0.062357061 0.990196228
1341846319.953946 -0.592481613 -0.042444728 0.025390550 0.061444711 -0.116282851 0.059092335 0.989550889
1341846319.990054 -0.593854785 -0.044007346 0.008037344 0.064211756 -0.118294001 0.051669158 0.989552259
1341846320.028122 -0.599511266 -0.043937877 0.018543214 0.066015415 -0.122014113 0.050940327 0.989019513
1341846320.090047 -0.582572699 -0.031167435 0.028275549 0.072353967 -0.130539164 0.051348817 0.987465322
1341846320.122011 -0.572389245 -0.031521738 0.029833034 0.072736166 -0.128758386 0.052020464 0.987635851
1341846320.157952 -0.566910923 -0.032068491 0.033020884 0.073133729 -0.125951767 0.052314680 0.987952828
1341846320.190003 -0.547279596 -0.038735941 0.034824207 0.075757302 -0.123221591 0.050869569 0.988174796
1341846320.221941 -0.543101072 -0.042001870 0.031583086 0.079531774 -0.119876638 0.052713044 0.988193095
1341846320.258015 -0.531954765 -0.047426060 0.027320847 0.083137147 -0.119083315 0.055541828 0.987837255
1341846320.289887 -0.524156094 -0.054710966 0.026152238 0.088139653 -0.119753204 0.055695381 0.987313807
1341846320.321954 -0.509139240 -0.053830497 0.032799840 0.097090997 -0.121505916 0.055846628 0.986250877
1341846320.357890 -0.492234379 -0.042012766 0.031040043 0.102943592 -0.121448293 0.056019951 0.985654473
1341846320.390064 -0.476452142 -0.038209807 0.026273943 0.104551084 -0.118314996 0.057019312 0.985809028
1341846320.426544 -0.437111288 -0.040498272 0.040742666 0.106945664 -0.112790264 0.053717043 0.986385047
1341846320.458122 -0.440803915 -0.041093044 0.040268265 0.108212747 -0.104422867 0.050464172 0.987339497
1341846320.490186 -0.435505688 -0.049789652 0.056839891 0.111377664 -0.097481266 0.050155632 0.987712920
1341846320.525911 -0.402410388 -0.040477686 0.033603787 0.114927210 -0.090588592 0.048993599 0.988020778
1341846320.558091 -0.368382394 -0.038752921 0.013243884 0.115785591 -0.087575682 0.044634864 0.988398671
1341846320.594093 -0.314608455 -0.033525541 0.061595060 0.117440142 -0.085560739 0.040940110 0.988539875
1341846320.631955 -0.388364643 -0.037670009 0.057133365 0.120301269 -0.073456310 0.039909184 0.989211321
1341846320.664916 -0.375474095 -0.035795320 0.036595389 0.120301738 -0.070939638 0.037963323 0.989471555
1341846320.699927 -0.344413102 -0.036854502 0.047106087 0.120303750 -0.068995304 0.036786892 0.989653170
1341846320.731822 -0.329570770 -0.029715637 0.060468875 0.122914396 -0.062711492 0.036238946 0.989770710
1341846320.763877 -0.338600874 -0.008017400 0.053716082 0.121813737 -0.060624775 0.036524840 0.990026236
1341846320.799999 -0.321575850 -0.028181046 0.038294006 0.112980179 -0.062388625 0.031594358 0.991133153
1341846320.831871 -0.312882692 -0.030362478 0.041199595 0.115110718 -0.051865727 0.025326585 0.991674364
1341846320.863887 -0.335681856 -0.024850711 0.024718273 0.113850974 -0.040655561 0.027317742 0.992289662
1341846320.900014 -0.311959088 -0.033892646 0.035745360 0.106123887 -0.046910051 0.033376880 0.992684782
1341846320.931889 -0.279600143 -0.035230901 0.058842216 0.107951567 -0.048042774 0.032361824 0.992467165
1341846320.967866 -0.288857371 -0.011315823 0.031053592 0.108579665 -0.041435972 0.028546222 0.992813468
1341846321.000017 -0.274120003 -0.018392187 0.048211843 0.101752795 -0.042012736 0.027125696 0.993551970
1341846321.031860 -0.255912513 -0.029487502 0.047408056 0.099230759 -0.041694377 0.024615539 0.993885756
1341846321.068047 -0.240334153 -0.020750090 0.060466897 0.100308277 -0.038800962 0.022652077 0.993941426
1341846321.099840 -0.240757003 -0.021698847 0.049837787 0.097931959 -0.036909539 0.022832341 0.994246304
1341846321.131821 -0.218547195 -0.032397743 0.055894397 0.097614422 -0.036231522 0.024691615 0.994258046
1341846321.167887 -0.215169355 -0.038473729 0.043817692 0.099525750 -0.032033533 0.026140913 0.994175613
1341846321.200042 -0.211398929 -0.022895392 0.052516814 0.100794442 -0.029107822 0.024572680 0.994177759
1341846321.231950 -0.204453364 -0.038756922 0.036382351 0.099257417 -0.028201720 0.024059555 0.994370997
1341846321.267939 -0.191348761 -0.036392767 0.014640611 0.099409267 -0.026356429 0.019498015 0.994506359
1341846321.299948 -0.174489543 -0.033345141 0.049688362 0.098918915 -0.022623597 0.013419354 0.994747758
1341846321.331858 -0.167893514 -0.033053923 0.063196950 0.099345461 -0.019667219 0.009882344 0.994809508
1341846321.367913 -0.153277040 -0.043876983 0.044629898 0.099800989 -0.017693000 0.006093300 0.994831443
1341846321.399897 -0.141409338 -0.037380043 0.056682788 0.102119260 -0.012768310 0.004312594 0.994680822
1341846321.435994 -0.141038924 -0.043645259 0.049051274 0.103487357 -0.008914542 0.004286610 0.994581580
1341846321.467946 -0.132203087 -0.038779452 0.056512579 0.105600856 -0.006582233 0.003973964 0.994378865
1341846321.499882 -0.111697130 -0.036734749 0.067642234 0.107106604 -0.004533803 0.005670220 0.994221032
1341846321.536109 -0.087074891 -0.029881479 0.053931035 0.107077435 -0.000496688 0.004184973 0.994241714
1341846321.568960 -0.096212156 -0.016793331 0.072432287 0.105074912 0.006990495 0.001083583 0.994439185
1341846321.603938 -0.095512256 -0.026298117 0.066364780 0.101120099 0.010051497 0.000277238 0.994823396
1341846321.637163 -0.062268142 -0.014812635 0.061752312 0.098983467 0.013094463 -0.000641346 0.995002747
1341846321.668306 -0.071670391 -0.017318714 0.069770291 0.094429247 0.023054006 0.001299242 0.995263755
1341846321.704411 -0.085735433 -0.025107522 0.068218134 0.090545066 0.025187207 0.009894840 0.995524585
1341846321.736861 -0.079617642 -0.023640722 0.067873105 0.089382932 0.023465928 0.017584935 0.995565593
1341846321.771881 -0.063679352 -0.005524757 0.066680320 0.088228792 0.022783400 0.022374298 0.995588243
1341846321.804114 -0.053231101 -0.016030677 0.076310731 0.083098337 0.024991455 0.024426758 0.995928407
1341846321.836152 -0.056177415 -0.006815374 0.072675675 0.080679215 0.027494960 0.025697643 0.996029377
1341846321.871882 -0.052224964 0.003080433 0.077966988 0.076056033 0.028749548 0.022664107 0.996431291
1341846321.904074 -0.043346740 0.002760972 0.077798747 0.069853693 0.029493125 0.020088768 0.996918797
1341846321.939847 -0.042709053 -0.006515836 0.082022190 0.065014742 0.033104621 0.016441930 0.997199476
1341846322.004094 -0.050781310 -0.009261287 0.087613985 0.058159247 0.031717468 0.015972164 0.997675478
1341846322.066178 -0.031003378 -0.015630232 0.082447045 0.053308103 0.035574164 0.012532234 0.997865558
1341846322.107979 -0.036413439 -0.031126233 0.083005264 0.050243419 0.038102843 0.011625791 0.997942209
1341846322.166164 -0.035333056 -0.050934318 0.080222309 0.053144172 0.037648577 0.012566415 0.997797787
1341846322.202932 -0.033933625 -0.051721152 0.082700111 0.055021513 0.035411168 0.011740026 0.997788012
1341846322.234093 -0.030269660 -0.059096478 0.076620176 0.053491600 0.033284154 0.010849546 0.997954488
1341846322.265941 -0.034303062 -0.073813364 0.077575147 0.050642632 0.031135121 0.010641426 0.998174667
1341846322.301996 -0.022258213 -0.087284677 0.080664396 0.048611127 0.028414274 0.012183713 0.998339236
1341846322.333949 -0.034253076 -0.101592116 0.075972475 0.047240973 0.027553137 0.011664107 0.998435318
1341846322.369871 -0.022979490 -0.117812984 0.077939577 0.047908153 0.021426665 0.008687483 0.998584092
1341846322.402292 0.002283800 -0.129102468 0.085573301 0.049534760 0.020451764 0.003429247 0.998557091
1341846322.433955 -0.020255307 -0.154630989 0.082816534 0.054274637 0.024267917 -0.001361715 0.998230159
1341846322.470030 -0.025691591 -0.158176929 0.085385911 0.063086182 0.020286415 0.002205807 0.997799456
1341846322.502433 -0.013959301 -0.179390997 0.083945684 0.067813173 0.016354598 0.005442432 0.997549117
1341846322.534002 -0.005512566 -0.191514388 0.088237196 0.077122308 0.015829358 0.006435280 0.996875226
1341846322.570196 -0.011864623 -0.199340105 0.087549239 0.087021016 0.016141964 0.007648164 0.996046305
1341846322.601920 -0.014727348 -0.207567289 0.084462039 0.092367098 0.012874523 0.011434549 0.995576143
1341846322.638119 0.001248808 -0.217158347 0.084592246 0.098113865 0.008930214 0.010594527 0.995078743
1341846322.669947 0.017954081 -0.227060944 0.088852420 0.101730272 0.011522787 0.011502089 0.994678795
1341846322.702026 0.001819116 -0.245557562 0.080409050 0.103690863 0.013962904 0.012718249 0.994430244
1341846322.738006 0.007373014 -0.241593286 0.083675906 0.105856039 0.010725127 0.013935657 0.994225919
1341846322.770087 0.013346183 -0.263878584 0.084802940 0.105342150 0.011597183 0.014570556 0.994261682
1341846322.806047 0.005787618 -0.279987574 0.081869513 0.108171590 0.011463306 0.016707363 0.993925750
1341846322.838063 0.008804383 -0.284186810 0.080085337 0.110042661 0.006568548 0.019856788 0.993706822
1341846322.870081 0.007616676 -0.301254928 0.085897997 0.111457787 0.002229662 0.019860346 0.993568182
1341846322.906018 0.025573520 -0.296263993 0.091942832 0.117460288 -0.000858815 0.018841250 0.992898464
1341846322.938349 0.017885117 -0.285543174 0.093561545 0.118582942 0.001090246 0.021545731 0.992709756
1341846322.970069 0.018123208 -0.292945981 0.093911089 0.113340117 0.000855791 0.022744490 0.993295550
1341846323.011820 0.024103956 -0.308430731 0.099564642 0.110435933 0.000705760 0.023023812 0.993616283
1341846323.073951 0.022376245 -0.306321025 0.110124744 0.107965358 0.000461630 0.027337896 0.993778586
1341846323.105962 0.025527371 -0.332211167 0.107555553 0.104051806 0.000352385 0.027608665 0.994188547
1341846323.138158 0.021574374 -0.328187823 0.100481257 0.105286695 0.000747087 0.023309318 0.994168460
1341846323.174092 0.021692956 -0.338737369 0.095587827 0.102361977 0.000348831 0.022393871 0.994495094
1341846323.206059 0.032080814 -0.343660444 0.099879459 0.099564433 -0.000673732 0.020290108 0.994823992
1341846323.238053 0.031190651 -0.348421544 0.100946642 0.096729852 0.002579487 0.017601328 0.995151699
1341846323.273997 0.024599737 -0.352133393 0.102486387 0.092363968 0.002371068 0.020282563 0.995515883
1341846323.305946 0.021600662 -0.355515987 0.106799960 0.087992720 -0.001043192 0.019665932 0.995926440
1341846323.342027 0.052589875 -0.367917120 0.122470722 0.085886292 -0.001165711 0.018771075 0.996127427
1341846323.374048 0.028182926 -0.378492802 0.113580093 0.085871883 0.003888855 0.019718420 0.996103466
1341846323.405987 0.011824115 -0.389434516 0.100794993 0.085914545 0.000627581 0.024909468 0.995990872
1341846323.441956 0.030414177 -0.398110747 0.113324724 0.087115541 -0.004480137 0.027262256 0.995815039
1341846323.473878 0.027082652 -0.401673198 0.104833230 0.091902912 -0.002218404 0.024040502 0.995475233
1341846323.506129 0.022918588 -0.396643519 0.098382503 0.094428435 -0.002342624 0.021830836 0.995289505
1341846323.541972 0.028770609 -0.397462159 0.105504036 0.093110062 -0.002766594 0.019376384 0.995463371
1341846323.573913 0.060675807 -0.415785551 0.104400910 0.091811977 -0.001104530 0.015598557 0.995653570
1341846323.609927 0.043944918 -0.419486463 0.101326428 0.092467062 0.006788881 0.012126983 0.995618761
1341846323.642014 0.032251418 -0.430683404 0.104049958 0.090770684 0.008617310 0.012611347 0.995754659
1341846323.674081 0.028709549 -0.443057746 0.103341736 0.090609990 0.007238194 0.014831922 0.995749652
1341846323.710069 0.033941146 -0.461366296 0.100705519 0.091817319 0.005375637 0.019677442 0.995566964
1341846323.742111 0.025983766 -0.471390128 0.100848012 0.096376188 0.004438167 0.020175753 0.995130599
1341846323.774928 0.023391983 -0.463884294 0.092256472 0.100322247 0.002693728 0.015906703 0.994824171
1341846323.810012 0.029235128 -0.476305902 0.096626393 0.100655332 0.001011749 0.012407388 0.994843483
1341846323.842207 0.030125443 -0.478272319 0.089784950 0.102183029 0.001169974 0.007895996 0.994733572
1341846323.878019 0.021704992 -0.492391527 0.084791914 0.102581382 0.000735706 0.002937219 0.994719982
1341846323.909826 0.030546268 -0.505207777 0.093709476 0.105945162 -0.001816038 0.000130140 0.994370282
1341846323.942459 0.021250837 -0.499398321 0.084179379 0.110140428 -0.000847872 -0.000963567 0.993915200
1341846323.978055 0.016448908 -0.510050118 0.079913266 0.111558653 -0.003667779 0.000549520 0.993750930
1341846324.015934 0.024759756 -0.508162618 0.093237460 0.115956806 -0.006506231 0.000428164 0.993232846
1341846324.047722 0.027224636 -0.505340219 0.078339048 0.119001694 -0.005122521 -0.001261899 0.992880046
1341846324.083904 0.037456162 -0.489372343 0.090524174 0.119904555 -0.004728815 0.001623737 0.992772818
1341846324.115968 0.035734918 -0.489808440 0.082597360 0.117300987 -0.002210484 -0.002141856 0.993091643
1341846324.151967 0.041095763 -0.484227389 0.083855018 0.117081791 0.000159204 -0.006528975 0.993100822
1341846324.183941 0.031415794 -0.464830577 0.093401574 0.115280606 0.004951973 -0.010908469 0.993260741
1341846324.219984 0.030993039 -0.463673711 0.094077177 0.111180596 0.006419513 -0.008652211 0.993741810
1341846324.251968 0.025540253 -0.462374777 0.102147698 0.109978192 0.006967194 -0.009131110 0.993867636
1341846324.284052 0.019772626 -0.445983917 0.101009458 0.111197822 0.006576863 -0.010830336 0.993717492
1341846324.319880 0.017061139 -0.431836188 0.095520563 0.110301726 0.003062100 -0.010662160 0.993836224
1341846324.351917 0.024415268 -0.424243838 0.093737334 0.106090307 -0.000930454 -0.011292216 0.994291961
1341846324.388001 0.031160655 -0.405679613 0.096880376 0.103196166 -0.000985748 -0.015821896 0.994534671
1341846324.419908 0.023140982 -0.394649446 0.099081449 0.098217368 0.001734255 -0.018692177 0.994987905
1341846324.452027 0.023512255 -0.391655505 0.107681297 0.093706392 0.001690398 -0.017710024 0.995440960
1341846324.487928 0.017352670 -0.387484133 0.116080843 0.092397369 0.001768683 -0.016431399 0.995585024
1341846324.519985 0.003810425 -0.377071023 0.107383534 0.091108225 0.000382314 -0.011924350 0.995769560
1341846324.556001 0.008153319 -0.359787971 0.105002657 0.089387164 -0.005121581 -0.007385093 0.995956421
1341846324.587888 0.012203727 -0.346798420 0.104636975 0.086098164 -0.008410869 -0.005395683 0.996236563
1341846324.620086 0.014863378 -0.342095494 0.103448004 0.083628148 -0.011027072 -0.007518236 0.996407688
1341846324.655955 0.022572160 -0.328723669 0.104420215 0.082555391 -0.012619045 -0.008365792 0.996471465
1341846324.688082 0.015438044 -0.327177614 0.108838491 0.081752658 -0.011954051 -0.007535584 0.996552467
1341846324.755922 -0.008387083 -0.282481134 0.113650225 0.084574088 -0.013602253 -0.005442676 0.996309459
1341846324.814016 0.016188897 -0.245354757 0.100581378 0.080085762 -0.020765645 -0.008042339 0.996539176
1341846324.849979 0.002310631 -0.246324688 0.111039370 0.073438808 -0.016859077 -0.010307351 0.997103930
1341846324.881924 -0.006471928 -0.232897222 0.119491272 0.071387261 -0.017570591 -0.010989497 0.997233331
1341846324.913902 0.000307216 -0.220231369 0.120029338 0.070586301 -0.019550744 -0.007486388 0.997285962
1341846324.949999 -0.000247504 -0.222281411 0.123897143 0.070764512 -0.019589853 -0.004298976 0.997291386
1341846324.981922 -0.017790414 -0.220188245 0.114050843 0.075008802 -0.020922996 -0.001590173 0.996962011
1341846325.018013 -0.020522211 -0.203333020 0.120704018 0.079907067 -0.025885100 0.000952534 0.996465683
1341846325.050079 -0.021465916 -0.192290798 0.122578427 0.081401832 -0.031053742 0.000317827 0.996197462
1341846325.081901 -0.012265131 -0.176109403 0.112588637 0.080832578 -0.037316121 -0.001142267 0.996028304
1341846325.118531 -0.005484120 -0.157230556 0.109700590 0.077255554 -0.039093480 -0.002769653 0.996240735
1341846325.149933 -0.007716355 -0.155318961 0.122647077 0.071185187 -0.036447920 -0.005890425 0.996779561
1341846325.181925 -0.011951622 -0.145979270 0.122391216 0.068491340 -0.035139777 -0.003281469 0.997027278
1341846325.218055 -0.011113165 -0.140327379 0.124633931 0.065669745 -0.035197955 0.000864936 0.997220039
1341846325.249811 -0.015162881 -0.138135567 0.122787885 0.063100755 -0.034884069 0.004814356 0.997385681
1341846325.285925 -0.009149050 -0.127044946 0.129328385 0.060778596 -0.036232874 0.008755497 0.997455001
1341846325.317988 0.004616048 -0.132575065 0.128744304 0.057845134 -0.034746490 0.011800790 0.997650921
1341846325.349844 -0.005607797 -0.132789224 0.129445449 0.060699258 -0.028673289 0.012442818 0.997666597
1341846325.387302 -0.004972314 -0.117414854 0.128496364 0.066098876 -0.025950611 0.015316717 0.997357965
1341846325.417931 0.004069253 -0.109422900 0.130521253 0.068761595 -0.022315089 0.018046707 0.997220278
1341846325.450747 0.014490323 -0.119632617 0.139102668 0.072557174 -0.014173792 0.019802190 0.997066915
1341846325.485954 -0.016973950 -0.091244109 0.136692122 0.083207473 -0.005042232 0.021361526 0.996290505
1341846325.517875 -0.018880198 -0.080343246 0.133390099 0.086887822 -0.002312157 0.023432547 0.995939791
1341846325.553859 -0.016724927 -0.075871214 0.132922605 0.089838617 0.000958929 0.023265677 0.995684087
1341846325.585855 -0.024996787 -0.057057746 0.133779779 0.092540629 0.004541899 0.021563981 0.995465040
1341846325.617990 -0.028174486 -0.036245145 0.135289535 0.090255804 0.006550930 0.019817375 0.995699883
1341846325.653982 -0.027679460 -0.053263009 0.142543465 0.086310461 0.008030899 0.017384388 0.996084213
1341846325.685819 -0.028576294 -0.051366579 0.144061193 0.091748126 0.009492115 0.018627835 0.995562792
1341846325.717857 -0.034507509 -0.036167603 0.145061463 0.096479215 0.010983936 0.025436563 0.994949281
1341846325.754083 -0.038210567 -0.036179189 0.148394942 0.099310808 0.011188098 0.029454466 0.994557500
1341846325.786087 -0.031432491 -0.030528482 0.144230261 0.105795130 0.011065206 0.031760756 0.993818998
1341846325.821856 -0.037357368 -0.009189634 0.146569371 0.110430732 0.013506971 0.032331020 0.993265986
1341846325.853827 -0.042770449 -0.002545349 0.151556030 0.111086562 0.014073606 0.036256608 0.993049443
1341846325.885958 -0.052046981 0.010123655 0.149593905 0.111787088 0.011917233 0.041682411 0.992786109
1341846325.921984 -0.043830674 0.013246186 0.152651936 0.110731445 0.007126432 0.046309769 0.992745280
1341846325.953899 -0.035845157 0.017707005 0.155604661 0.113679275 0.007325378 0.047460593 0.992356241
1341846325.985823 -0.039009038 0.032478884 0.157954589 0.116837323 0.010465391 0.051979631 0.991734684
1341846326.021991 -0.044664171 0.032097217 0.152509987 0.119267218 0.010923265 0.057918023 0.991111279
1341846326.054055 -0.039125968 0.046866477 0.158966392 0.124799564 0.009579376 0.060817439 0.990269959
1341846326.089984 -0.034186758 0.066030681 0.159316719 0.127902806 0.011206362 0.059854049 0.989915550
1341846326.121822 -0.027893122 0.073070601 0.178431377 0.126878202 0.014845720 0.057766452 0.990123510
1341846326.154079 -0.032275073 0.074058838 0.181486279 0.127099738 0.017427200 0.056438927 0.990129590
1341846326.190178 -0.035925034 0.086019948 0.183744654 0.129723951 0.017080856 0.059086055 0.989640713
1341846326.222162 -0.040047988 0.104473412 0.186641634 0.129522935 0.015361306 0.065220326 0.989309907
1341846326.259181 -0.043148074 0.114406370 0.187148064 0.126207367 0.013281748 0.068409234 0.989553154
1341846326.322766 -0.035726119 0.140601948 0.196345612 0.119649738 0.012024235 0.067971654 0.990413666
1341846326.359773 -0.032268345 0.144853622 0.195596188 0.115333647 0.013151988 0.066120207 0.991036475
1341846326.392109 -0.030402739 0.140260562 0.205211431 0.113544725 0.014939194 0.067014724 0.991157591
1341846326.423985 -0.035060152 0.149015456 0.206893772 0.118079089 0.016020944 0.072764881 0.990204990
1341846326.459869 -0.039338984 0.162832186 0.204846412 0.120330855 0.013651882 0.075910799 0.989733100
1341846326.526163 -0.031298190 0.191202223 0.216547310 0.120933369 0.015252372 0.073611878 0.989809990
1341846326.560211 -0.035882395 0.202897549 0.216837302 0.115834162 0.019352864 0.074653365 0.990270078
1341846326.591828 -0.034710675 0.206485420 0.225144759 0.112683408 0.021632692 0.075079687 0.990554154
1341846326.627027 -0.034429505 0.215017170 0.222040504 0.112164095 0.023246232 0.074638993 0.990609825
1341846326.658442 -0.026994929 0.240619019 0.225257903 0.110948689 0.026159851 0.073980190 0.990723431
1341846326.694856 -0.040944126 0.248764202 0.230291486 0.107526049 0.030894045 0.072742261 0.991056144
1341846326.726206 -0.044152319 0.266085684 0.232296109 0.102205031 0.032343347 0.070747562 0.991717100
1341846326.762753 -0.031475123 0.269644350 0.236588761 0.096173964 0.033622544 0.068395622 0.992442489
1341846326.826821 -0.038721226 0.303493023 0.243565962 0.081732407 0.039909553 0.064211622 0.993782640
1341846326.858887 -0.042829223 0.288284302 0.252761245 0.070618868 0.041786127 0.064296596 0.994551599
1341846326.895360 -0.046177551 0.294750184 0.251576781 0.069579832 0.041753035 0.064499676 0.994613051
1341846326.926897 -0.042874895 0.314274251 0.249790952 0.071754165 0.037225116 0.067684263 0.994426668
1341846326.958888 -0.043142691 0.320613742 0.257797271 0.075217098 0.035162300 0.069508277 0.994120002
1341846326.994594 -0.036502644 0.342434317 0.250297457 0.076225609 0.034910172 0.072136424 0.993864834
1341846327.026301 -0.038589299 0.359510660 0.249686554 0.074987531 0.036523715 0.070286639 0.994033575
1341846327.063945 -0.036900636 0.360850006 0.258173734 0.071143813 0.039241426 0.066880971 0.994447410
1341846327.094662 -0.035017565 0.367637008 0.266433775 0.070680819 0.041180603 0.065499045 0.994493961
1341846327.128901 -0.084690750 0.376975179 0.264160007 0.070249528 0.049100410 0.063845128 0.994272590
1341846327.161940 -0.140385479 0.382460117 0.262981415 0.068419099 0.057467915 0.065299802 0.993857265
1341846327.193867 -0.185366154 0.371360630 0.280637443 0.065754429 0.067667328 0.061305054 0.993649423
1341846327.229885 -0.229608536 0.372092426 0.278525412 0.064506203 0.078505866 0.058363423 0.993111014
1341846327.262014 -0.305014253 0.381790072 0.291456014 0.064810246 0.097493775 0.056984641 0.991487443
1341846327.294023 -0.358958900 0.401010156 0.287942111 0.070423484 0.118184924 0.056919634 0.988854408
1341846327.330015 -0.390580475 0.413788199 0.276963919 0.071886741 0.131401420 0.055538815 0.987158239
1341846327.361939 -0.448897660 0.423243582 0.302540541 0.067584075 0.146360055 0.052966166 0.985497713
1341846327.393887 -0.494410664 0.420661628 0.308617204 0.064136013 0.156065777 0.047097623 0.984536350
1341846327.429966 -0.558881044 0.460388780 0.330388933 0.066010818 0.168041065 0.041253470 0.982701838
1341846327.461965 -0.573897600 0.458980560 0.335085005 0.055941574 0.165989950 0.041791860 0.983652055
1341846327.497931 -0.563094437 0.445928484 0.326012999 0.047604602 0.162380159 0.038927089 0.984810233
1341846327.530068 -0.604856372 0.443140239 0.327461153 0.044172890 0.169536874 0.040977586 0.983680248
1341846327.561895 -0.661684155 0.442367792 0.339998543 0.042109925 0.176709086 0.047016419 0.982237279
1341846327.598010 -0.716985881 0.437172055 0.365773141 0.042928655 0.184514612 0.051408269 0.980545104
1341846327.629945 -0.767917514 0.442653537 0.379513264 0.041408133 0.188960925 0.048824985 0.979895532
1341846327.662003 -0.827939332 0.433522999 0.416511625 0.038182493 0.198656052 0.043696523 0.978349864
1341846327.697919 -0.877598703 0.440671653 0.411312670 0.037886415 0.204108119 0.041128501 0.977349997
1341846327.730075 -0.926373065 0.436016500 0.423072845 0.030752372 0.211263344 0.041057929 0.976082146
1341846327.766017 -0.969643354 0.433355242 0.447602153 0.024331857 0.219213083 0.042587351 0.974443376
1341846327.797917 -1.026904345 0.449135512 0.462049603 0.020487426 0.227804840 0.042239737 0.972574472
1341846327.830054 -1.080802798 0.458572447 0.493362993 0.014693427 0.237576306 0.042894103 0.970310092
1341846327.865944 -1.097500324 0.457122535 0.507429242 0.008186851 0.243055463 0.041408867 0.969093561
1341846327.898010 -1.105517507 0.467771381 0.513046682 0.005792083 0.244988143 0.042874981 0.968560278
1341846327.929991 -1.112585306 0.489668787 0.512478352 0.004256427 0.244588062 0.039671183 0.968805850
1341846327.966065 -1.122381687 0.500653863 0.512733757 -0.000771508 0.246758446 0.035779219 0.968415976
1341846327.998073 -1.116401553 0.501277268 0.507739663 -0.007967196 0.245988816 0.038449962 0.968476951
1341846328.034045 -1.134889483 0.489351302 0.521596670 -0.018629452 0.250955939 0.036124289 0.967144787
1341846328.065993 -1.136949301 0.483846396 0.525272250 -0.025166141 0.251987159 0.038664982 0.966630280
1341846328.098045 -1.140017033 0.463113636 0.530025482 -0.027826460 0.253610015 0.039616887 0.966094255
1341846328.133967 -1.149092436 0.464106947 0.530208051 -0.023736458 0.253602475 0.042231634 0.966094613
1341846328.166023 -1.146722794 0.455056101 0.523357868 -0.025307620 0.249817535 0.044047166 0.966959417
1341846328.198018 -1.142277241 0.448696405 0.525804698 -0.025158089 0.246323243 0.042731419 0.967918336
1341846328.234044 -1.140208721 0.426731914 0.517488718 -0.025118867 0.243881986 0.042932685 0.968528509
1341846328.265899 -1.136846185 0.418727845 0.515209913 -0.022774218 0.241391510 0.043896414 0.969166994
1341846328.302051 -1.130953789 0.425611705 0.514717221 -0.014174667 0.241003662 0.045588624 0.969349265
1341846328.333917 -1.158855796 0.409347534 0.529027462 -0.010284332 0.246375978 0.047753680 0.967942536
1341846328.366008 -1.149487376 0.414317816 0.522662222 -0.002300523 0.243697748 0.046149462 0.968749881
1341846328.402010 -1.122293711 0.451390743 0.519741833 0.022366058 0.240202174 0.050702870 0.969139755
1341846328.433920 -1.138182878 0.442202002 0.532244861 0.026225789 0.241132542 0.050976913 0.968797505
1341846328.470003 -1.147080898 0.452194452 0.520655930 0.031014603 0.241406202 0.037958767 0.969185352
1341846328.502194 -1.176158190 0.435463399 0.533813953 0.033048462 0.249233931 0.027339321 0.967493057
1341846328.534033 -1.148210645 0.414582998 0.516120613 0.033048972 0.246815801 0.025824886 0.968154311
1341846328.570125 -1.147931337 0.379444122 0.515245199 0.032006860 0.246793613 0.031907830 0.968013585
1341846328.602804 -1.141969323 0.341289252 0.499253899 0.035449531 0.239528000 0.036844622 0.969542205
1341846328.672663 -1.124735117 0.350515813 0.491194457 0.052546702 0.224619076 0.031591132 0.972515881
1341846328.702975 -1.112799168 0.352151185 0.494347751 0.058060661 0.219915882 0.030362163 0.973316014
1341846328.770129 -1.105668187 0.288060486 0.465360016 0.059044320 0.215991020 0.024985874 0.974288106
1341846328.802331 -1.093513250 0.286388904 0.475244910 0.063035972 0.211320177 0.023872433 0.975089908
1341846328.838051 -1.106861472 0.268587798 0.471364051 0.065944664 0.211740717 0.018100347 0.974930525
1341846328.869939 -1.123113155 0.243884876 0.459954202 0.061705884 0.213194922 0.018218875 0.974888921
1341846328.904486 -1.130667567 0.225867391 0.466304362 0.057574674 0.211648762 0.019241892 0.975458741
1341846328.939814 -1.095547795 0.217485532 0.455927759 0.061457466 0.203694731 0.018939843 0.976920009
1341846328.970217 -1.110241055 0.215596870 0.461298585 0.067995913 0.203842416 0.021422083 0.976404607
1341846329.006232 -1.099716425 0.205168754 0.447967678 0.069716536 0.199665159 0.025354294 0.977052033
1341846329.038243 -1.094579816 0.206838042 0.439874262 0.076869294 0.198308364 0.022992995 0.976850152
1341846329.106125 -1.104986072 0.185584217 0.436416864 0.076346621 0.199502841 0.021426369 0.976683557
1341846329.138340 -1.094584227 0.192864433 0.429635018 0.081862524 0.196883902 0.019382704 0.976810932
1341846329.169991 -1.102326393 0.173210591 0.426486373 0.080118805 0.197140440 0.017868213 0.976932645
1341846329.208656 -1.099297166 0.154418007 0.416996509 0.078385733 0.195804298 0.017965157 0.977340102
1341846329.238169 -1.101008892 0.157194525 0.415496677 0.078889102 0.195287496 0.017795339 0.977406085
1341846329.273827 -1.104541302 0.122344933 0.408244312 0.073378846 0.194923788 0.019865707 0.977867901
1341846329.306052 -1.101675510 0.139142007 0.402919114 0.076898761 0.191446498 0.018291464 0.978314996
1341846329.338104 -1.099893570 0.140781417 0.403668135 0.073658109 0.189755097 0.016716506 0.978921890
1341846329.373907 -1.094443917 0.121567152 0.400799185 0.070202731 0.188151747 0.016337624 0.979491472
1341846329.405985 -1.092885852 0.115152173 0.405355692 0.071364738 0.186564624 0.012070183 0.979772925
1341846329.442057 -1.098010778 0.109304614 0.397432595 0.069526292 0.186759382 0.008744290 0.979903340
1341846329.473950 -1.097874403 0.113664240 0.394444853 0.070548803 0.185380533 0.003406549 0.980125189
1341846329.506147 -1.105352879 0.077447295 0.391910672 0.064999953 0.184544086 0.001338300 0.980671525
1341846329.542121 -1.107593417 0.079261735 0.386975586 0.064938724 0.181490198 0.000862449 0.981245935
1341846329.574086 -1.114062667 0.071120270 0.389952362 0.068218656 0.181088924 -0.001481814 0.981096745
1341846329.606387 -1.105614066 0.042193111 0.378066421 0.066952430 0.178489178 -0.002469388 0.981658280
1341846329.641955 -1.112291455 0.040849634 0.379849195 0.067328095 0.178313076 -0.002833281 0.981663585
1341846329.681570 -1.102072120 0.032144822 0.365638286 0.066708647 0.172872901 -0.001219345 0.982681751
1341846329.748113 -1.094278336 0.029298965 0.360932082 0.069030538 0.172169358 -0.003650227 0.982638836
1341846329.810175 -1.097076535 0.002059423 0.362806469 0.067044549 0.175740197 0.001378270 0.982149959
1341846329.842255 -1.097149491 -0.007355794 0.362712622 0.069240853 0.175769746 0.004116539 0.981984615
1341846329.874044 -1.114125490 -0.025709331 0.379202068 0.069551125 0.178939864 0.006025955 0.981380105
1341846329.910073 -1.103798747 -0.007816680 0.358038992 0.072454177 0.175793305 0.008697405 0.981718659
1341846329.942009 -1.104532242 -0.008350881 0.360627711 0.069015816 0.175406352 0.015170975 0.981956840
1341846329.978087 -1.106719136 -0.033775274 0.352461100 0.066497073 0.175169572 0.015737260 0.982164025
1341846330.016305 -1.107375741 -0.020228133 0.355488867 0.069375895 0.176615819 0.012584186 0.981751204
1341846330.048192 -1.105756998 -0.022100562 0.353235096 0.065154567 0.177110359 0.016875407 0.981886923
1341846330.080418 -1.108219147 -0.043087315 0.353896320 0.060450766 0.177629083 0.019068358 0.982053936
1341846330.115886 -1.109270096 -0.052255113 0.351277381 0.063858785 0.179192945 0.018624846 0.981562555
1341846330.147839 -1.116118193 -0.046264030 0.351648390 0.066049740 0.179884583 0.021050330 0.981242001
1341846330.181257 -1.110576153 -0.033364024 0.346831739 0.062454041 0.178106457 0.025107436 0.981706262
1341846330.215852 -1.111841798 -0.044859659 0.348501205 0.056249309 0.179531083 0.026489994 0.981785536
1341846330.247833 -1.112292647 -0.053802218 0.346963942 0.053774863 0.179682136 0.026039723 0.981908619
1341846330.283913 -1.114332676 -0.042279594 0.344832301 0.051253300 0.178896829 0.027257949 0.982153773
1341846330.316011 -1.120073915 -0.049354758 0.346688569 0.044361532 0.178682178 0.025421478 0.982577443
1341846330.347868 -1.118131876 -0.062167484 0.350862414 0.041624684 0.176958442 0.026153576 0.982989848
1341846330.383835 -1.118597746 -0.063417643 0.347834140 0.039481010 0.176709011 0.025400968 0.983142912
1341846330.415934 -1.115739226 -0.081612222 0.352634132 0.038495418 0.177456290 0.024782842 0.983063161
1341846330.452561 -1.119740129 -0.081496783 0.351752996 0.041182861 0.177010149 0.023989471 0.983054399
1341846330.483903 -1.130256176 -0.076615617 0.349886209 0.042063016 0.176278025 0.026099015 0.983094871
1341846330.515970 -1.122077465 -0.089821279 0.347231090 0.040307466 0.172911078 0.030535417 0.983638525
1341846330.552099 -1.120228648 -0.091263443 0.343924522 0.042224050 0.171268970 0.032256901 0.983790398
1341846330.583876 -1.126870990 -0.081619710 0.341902792 0.042435769 0.171416491 0.032466359 0.983748734
1341846330.619992 -1.132871985 -0.073409669 0.338688731 0.038819760 0.170316860 0.034218933 0.984029651
1341846330.652136 -1.137093544 -0.081041940 0.339243978 0.031323161 0.169426501 0.031423446 0.984543562
1341846330.683796 -1.129033804 -0.085311212 0.334500790 0.026809240 0.168019474 0.034211177 0.984825015
1341846330.719991 -1.147670984 -0.099987350 0.337244779 0.023650484 0.167898148 0.033664424 0.984945476
1341846330.752103 -1.154163361 -0.109473594 0.329104722 0.024941182 0.164361671 0.037707884 0.985363543
1341846330.787952 -1.157437682 -0.098733924 0.327498317 0.028108260 0.159133181 0.040837321 0.986011624
1341846330.819823 -1.156762958 -0.098029174 0.329060167 0.028095065 0.155112267 0.041421197 0.986628175
1341846330.852208 -1.158896208 -0.092514493 0.321547836 0.028053435 0.153187990 0.042882953 0.986867547
1341846330.914111 -1.169046879 -0.076047920 0.318373054 0.019780779 0.150548041 0.042355858 0.987496853
1341846330.949903 -1.179250598 -0.092999980 0.321888566 0.015396947 0.150703117 0.042320065 0.987552822
1341846330.981986 -1.177427411 -0.092051253 0.314519137 0.017122349 0.144835770 0.045269549 0.988271236
1341846331.014111 -1.177895904 -0.084102005 0.317935735 0.017618239 0.141293600 0.045303348 0.988773644
1341846331.082139 -1.177292943 -0.085862905 0.311435580 0.018435972 0.137898788 0.041843958 0.989390254
1341846331.114334 -1.186145186 -0.083443776 0.307408065 0.018508809 0.136435702 0.041115224 0.989622295
1341846331.149989 -1.181368947 -0.091119274 0.313062012 0.018373881 0.135241807 0.040596884 0.989810050
1341846331.181954 -1.186788321 -0.091340452 0.307299256 0.021239059 0.135267004 0.038493615 0.989833295
1341846331.218151 -1.191435337 -0.077811778 0.304097086 0.021616176 0.131922916 0.039677616 0.990229666
1341846331.249914 -1.192374468 -0.086509459 0.295032799 0.018486738 0.130956680 0.037197124 0.990517497
1341846331.318141 -1.174844980 -0.082982391 0.306982428 0.028461384 0.139233932 0.031764783 0.989340663
1341846331.349926 -1.176412821 -0.082537860 0.304328740 0.026808122 0.142123953 0.030201791 0.989024758
1341846331.382003 -1.182056308 -0.101322308 0.301349789 0.027824532 0.152162209 0.025287338 0.987640142
1341846331.418008 -1.161294818 -0.090753078 0.312733173 0.035826050 0.158541188 0.027832126 0.986309588
1341846331.450327 -1.154566288 -0.084125087 0.324483037 0.037648562 0.162406191 0.027422803 0.985624075
1341846331.486219 -1.161186934 -0.077531353 0.330401868 0.038401343 0.164959088 0.028175047 0.985149741
1341846331.518344 -1.150423646 -0.080770105 0.328988612 0.036577068 0.165213212 0.027776172 0.985187948
1341846331.550202 -1.141085505 -0.086602896 0.334850788 0.038346313 0.169347376 0.025517661 0.984479547
1341846331.586139 -1.151240706 -0.070747435 0.344569862 0.041733295 0.171720281 0.025819361 0.983922720
1341846331.617931 -1.141706824 -0.069492996 0.349896401 0.040774345 0.171326607 0.025904780 0.984029293
1341846331.654027 -1.130042315 -0.079163708 0.341998160 0.040432073 0.172843128 0.027254893 0.983741641
1341846331.686123 -1.133372307 -0.066578336 0.355109811 0.043943021 0.176194191 0.029022193 0.982945740
1341846331.717954 -1.130017996 -0.050435137 0.364863276 0.042460445 0.174590319 0.029590501 0.983280122
1341846331.754076 -1.119952440 -0.070184268 0.375809222 0.038189169 0.175051451 0.027679702 0.983428955
1341846331.785920 -1.117570996 -0.071385756 0.382184893 0.040666122 0.178123847 0.026077235 0.982821584
1341846331.818053 -1.113465190 -0.055967797 0.388906837 0.042246111 0.179602534 0.027150784 0.982456625
1341846331.853849 -1.109766722 -0.065622203 0.400142521 0.040060606 0.180310771 0.025848256 0.982453585
1341846331.885987 -1.098739028 -0.061429240 0.406958759 0.043213353 0.182170123 0.023902316 0.982026160
1341846331.922014 -1.096461296 -0.054793861 0.421102017 0.045075208 0.185557529 0.022555513 0.981339872
1341846331.954037 -1.089199901 -0.057159051 0.423179448 0.044685077 0.187935293 0.023339961 0.980886757
1341846331.986135 -1.078821182 -0.069579922 0.432627499 0.046472866 0.193152249 0.024069073 0.979771972
1341846332.022364 -1.084379554 -0.071786329 0.449475110 0.053235460 0.198958144 0.022491256 0.978302479
1341846332.054175 -1.084890246 -0.066979468 0.465318322 0.059716795 0.199495181 0.023249814 0.977801085
1341846332.086502 -1.079432249 -0.061975718 0.473550498 0.063014202 0.199583605 0.023876101 0.977560997
1341846332.122051 -1.075598001 -0.055599060 0.487822115 0.064979382 0.200837195 0.021895241 0.977221906
1341846332.153983 -1.071195722 -0.043746311 0.502783298 0.063633904 0.199447200 0.021727599 0.977598846
1341846332.190165 -1.073292017 -0.040961854 0.517556787 0.056852762 0.199289024 0.018936696 0.978106856
1341846332.254145 -1.057728291 -0.060388524 0.542041540 0.055442762 0.198850647 0.017810816 0.978298128
1341846332.289948 -1.056086779 -0.055679951 0.556163251 0.057886019 0.198742822 0.019403974 0.978148222
1341846332.322172 -1.050651789 -0.057458267 0.561323941 0.059013851 0.197973788 0.021567125 0.978191495
1341846332.354003 -1.045554996 -0.063620642 0.559033036 0.060233753 0.199773699 0.017317617 0.977835596
1341846332.390180 -1.041092634 -0.045587752 0.570728183 0.062831588 0.204173431 0.014586386 0.976807356
1341846332.422055 -1.037891269 -0.045026910 0.587874115 0.060088016 0.206413582 0.011163725 0.976554275
1341846332.458114 -1.033081651 -0.049160980 0.592967331 0.058465138 0.208773583 0.007471501 0.976186216
1341846332.489993 -1.036940217 -0.045142945 0.604266942 0.059972491 0.211094126 0.009938817 0.975573540
1341846332.522130 -1.044018865 -0.041105963 0.611938715 0.060334597 0.208366409 0.014436196 0.976081312
1341846332.558114 -1.028524518 -0.043173812 0.630928814 0.062199973 0.201506808 0.023673100 0.977223456
1341846332.589874 -1.019464850 -0.033743441 0.628597915 0.063229650 0.198027298 0.027894869 0.977757156
1341846332.621889 -1.016268492 -0.029675758 0.633944869 0.059366539 0.198006958 0.030153975 0.977936387
1341846332.658202 -1.011809349 -0.032573499 0.642392159 0.054928180 0.198834568 0.028969895 0.978063583
1341846332.690001 -1.007369876 -0.030121943 0.656331897 0.053273804 0.200069413 0.030755518 0.977848768
1341846332.726000 -1.006700993 -0.032114320 0.668802023 0.053234208 0.199531943 0.034874059 0.977822542
1341846332.758386 -0.992326140 -0.030440366 0.676346421 0.054308437 0.195733100 0.036459744 0.978473186
1341846332.789937 -0.982686102 -0.024127567 0.683778226 0.052998021 0.196949914 0.034091301 0.978386283
1341846332.825925 -0.987049520 -0.027589099 0.694297373 0.049733393 0.200904563 0.032217864 0.977816939
1341846332.857898 -0.978088975 -0.019867243 0.694960773 0.051827393 0.201094776 0.031851806 0.977681041
1341846332.894069 -0.972870350 -0.009359222 0.704291224 0.052142587 0.201069549 0.031891152 0.977668226
1341846332.926029 -0.960229993 -0.005719630 0.714458466 0.049062781 0.200335637 0.031204997 0.978000343
1341846332.958015 -0.948950052 -0.004303057 0.725293875 0.045604698 0.201899469 0.029843543 0.977888644
1341846332.994073 -0.956087112 -0.000487220 0.737088084 0.042592652 0.205447018 0.028049838 0.977338552
1341846333.026545 -0.938806355 -0.001421517 0.734155059 0.039655905 0.203879774 0.027515486 0.977805376
1341846333.057998 -0.931568921 -0.001112793 0.746172786 0.038796049 0.206710011 0.028137384 0.977227747
1341846333.094024 -0.923647761 0.000764480 0.754080951 0.039728913 0.207656741 0.030824125 0.976908445
1341846333.126095 -0.916344225 0.004009543 0.748125792 0.041114595 0.208265215 0.034001794 0.976616144
1341846333.161973 -0.912404001 0.017953461 0.751789808 0.041801006 0.211119816 0.035104644 0.975934803
1341846333.195660 -0.912587523 0.014787609 0.764495611 0.038354818 0.214271665 0.036143575 0.975351334
1341846333.226331 -0.906942487 0.019891316 0.764774799 0.037423700 0.214048997 0.035717085 0.975452065
1341846333.262056 -0.902015984 0.025262678 0.769479811 0.034355115 0.214048311 0.035154980 0.975585520
1341846333.294147 -0.899366260 0.019734757 0.776536107 0.030226205 0.214141175 0.035487331 0.975689769
1341846333.326100 -0.895362973 0.025404749 0.778224111 0.028984098 0.212555662 0.034229446 0.976119041
1341846333.362100 -0.890783429 0.027630324 0.780634284 0.025317242 0.211728886 0.033526883 0.976425052
1341846333.394119 -0.897716165 0.020812858 0.781078815 0.021361761 0.211672261 0.032965053 0.976550996
1341846333.429974 -0.897387028 0.022811528 0.783864677 0.020829368 0.210248321 0.032470424 0.976886630
1341846333.462115 -0.890655041 0.019394424 0.781666219 0.020011805 0.209630474 0.032271612 0.977043033
1341846333.494040 -0.886748135 0.021052292 0.786298990 0.020838719 0.210559905 0.030169871 0.976893067
1341846333.529953 -0.909796596 0.015569706 0.793450356 0.020475192 0.216245398 0.029548110 0.975676954
1341846333.562063 -0.883062363 0.027318418 0.785133302 0.023789337 0.213152811 0.030875545 0.976241052
1341846333.594090 -0.910294473 0.030392788 0.795656025 0.022623800 0.216920987 0.031937230 0.975404263
1341846333.629994 -0.936277092 0.031634983 0.805740595 0.019066574 0.219184056 0.031263389 0.974996090
1341846333.662127 -0.958887756 0.032924555 0.815012693 0.016594991 0.222620204 0.030784247 0.974277794
1341846333.697964 -0.978717208 0.018267691 0.819807291 0.012581822 0.225578785 0.033878479 0.973554373
1341846333.730092 -1.006208062 0.022291807 0.829931259 0.016311754 0.230824158 0.033814065 0.972270906
1341846333.762089 -0.891967058 0.026240334 0.780023575 0.018599384 0.210797131 0.034721360 0.976735950
1341846333.798006 -0.889748871 0.023565598 0.775716603 0.019591242 0.210580528 0.034664515 0.976765275
1341846333.830055 -0.883181155 0.022582548 0.769295692 0.021476749 0.210140198 0.032561298 0.976892829
1341846333.866045 -0.855329335 0.032471381 0.752817988 0.024218692 0.205609798 0.030362418 0.977863073
1341846333.897987 -0.847898304 0.029958704 0.747438729 0.025355743 0.203999192 0.029012285 0.978212535
1341846333.930099 -0.842957914 0.027002845 0.742458344 0.027675090 0.203686491 0.027893314 0.978247344
1341846333.965889 -0.850583434 0.031416968 0.738762259 0.030723609 0.205226094 0.027051575 0.977858126
1341846333.997985 -0.901553094 0.005119358 0.751253486 0.028918808 0.214923084 0.027780591 0.975807369
1341846334.030076 -0.841371238 0.028205911 0.727992177 0.035995688 0.204397902 0.027616741 0.977835953
1341846334.066000 -0.849128962 0.025323832 0.723632455 0.037465189 0.204671115 0.029423349 0.977670908
1341846334.097932 -0.917543828 0.007827509 0.739710391 0.036211427 0.216245830 0.030043500 0.975204527
1341846334.133884 -0.922480941 0.008018317 0.737232447 0.037806466 0.217610285 0.029504869 0.974856853
1341846334.166115 -0.928530455 0.005166408 0.730781794 0.037594568 0.216485575 0.030710867 0.975078166
1341846334.198072 -0.932286918 0.008257359 0.724979758 0.038941287 0.214565173 0.029712899 0.975480676
1341846334.234097 -0.940014958 0.020742513 0.730454087 0.041085608 0.216113940 0.028407317 0.975089610
1341846334.266045 -0.948045254 0.009225041 0.720505655 0.039470147 0.217974231 0.028827291 0.974729896
1341846334.297946 -0.950166225 0.007500904 0.710803092 0.040727567 0.215505809 0.030348595 0.975180745
1341846334.334036 -0.950861037 0.003658944 0.702135384 0.040271424 0.213406861 0.031283155 0.975631654
1341846334.365871 -0.955033541 0.005691753 0.699487209 0.040007442 0.213650346 0.029085262 0.975657165
1341846334.401845 -0.962210894 0.000710496 0.698668301 0.037735876 0.215047210 0.028945686 0.975444913
1341846334.433864 -0.967276573 -0.006511907 0.687921107 0.037041560 0.213634282 0.030045779 0.975748718
1341846334.466105 -0.971589386 0.002053105 0.682803988 0.039244328 0.212072134 0.029973242 0.976005554
1341846334.502142 -0.984186172 0.006044775 0.678551197 0.038791113 0.211946681 0.030349832 0.976039290
1341846334.540153 -0.986900806 0.001428666 0.675425887 0.037628982 0.210717529 0.029511826 0.976376593
1341846334.602351 -1.001977563 0.009363124 0.661309958 0.032274012 0.206973717 0.024625944 0.977503836
1341846334.670161 -1.011565447 0.016788373 0.661933422 0.027920973 0.204807207 0.018504664 0.978228986
1341846334.702085 -1.017638803 0.011346430 0.654298663 0.026052788 0.202615440 0.019938670 0.978708684
1341846334.734751 -1.024973273 -0.002752917 0.627754688 0.024035994 0.199704006 0.021262074 0.979330599
1341846334.770889 -1.031138182 -0.004131616 0.624824822 0.024513256 0.198441476 0.023944089 0.979513526
1341846334.802194 -1.049693942 -0.000363757 0.605451465 0.024842115 0.197667867 0.023017215 0.979683816
1341846334.833908 -1.059091330 -0.000709156 0.589552999 0.024440184 0.196927994 0.018771736 0.979933500
1341846334.869874 -1.066886187 -0.001148522 0.581457257 0.022720121 0.196889743 0.018845480 0.979981124
1341846334.902006 -1.075236440 -0.005277958 0.574169993 0.020685934 0.195243165 0.020385208 0.980324745
1341846334.938010 -1.082557082 -0.005132153 0.569148839 0.020513419 0.192597225 0.018887008 0.980881631
1341846334.970032 -1.083183885 -0.007530825 0.561532497 0.020146323 0.191500694 0.017726071 0.981125534
1341846335.002203 -1.090908408 -0.010348465 0.554814875 0.021713253 0.192096174 0.019910607 0.980933785
1341846335.037880 -1.099576592 -0.011922011 0.550073862 0.024580361 0.189106882 0.022860665 0.981382549
1341846335.069990 -1.103298426 -0.002833970 0.545437515 0.025827851 0.186574325 0.020954706 0.981877685
1341846335.106038 -1.099371076 0.001900477 0.526914001 0.026693469 0.186417460 0.019044913 0.981923282
1341846335.138045 -1.108449459 -0.007769467 0.532458186 0.027152997 0.188075215 0.018982509 0.981595695
1341846335.169900 -1.119226575 -0.001722711 0.506658256 0.027617857 0.185204193 0.019636823 0.982115626
1341846335.206091 -1.123436928 0.001663619 0.503265440 0.027149603 0.183743879 0.016776843 0.982455909
1341846335.239365 -1.123859763 -0.004608329 0.494692743 0.026278870 0.184459105 0.013922017 0.982390165
1341846335.269948 -1.131078839 -0.006451663 0.484439313 0.027353996 0.185795277 0.013055634 0.982120872
1341846335.305972 -1.138005137 -0.007889624 0.472895831 0.029080149 0.184091538 0.013992246 0.982379198
1341846335.338012 -1.138977885 -0.007860046 0.468266219 0.031040315 0.182733387 0.014735875 0.982561886
1341846335.374005 -1.141651988 -0.018788401 0.465285838 0.035310179 0.185182720 0.013072276 0.981982529
1341846335.406025 -1.144914627 -0.021247173 0.456779748 0.041924182 0.187241852 0.015039826 0.981303573
1341846335.438079 -1.151723385 -0.011382985 0.446321815 0.048093881 0.188203022 0.016682668 0.980809987
1341846335.473998 -1.154045343 -0.006836210 0.434640586 0.050525721 0.189573064 0.017036226 0.980417788
1341846335.507038 -1.157181025 0.000726625 0.425463587 0.051894031 0.191956222 0.014644452 0.979921103
1341846335.538040 -1.166726589 0.001771570 0.420021772 0.050342213 0.194657236 0.013116384 0.979490757
1341846335.574119 -1.176867127 0.003439155 0.412889361 0.047962371 0.194894820 0.014677745 0.979540825
1341846335.605970 -1.178590775 -0.003388280 0.403645366 0.045876466 0.193985417 0.013872473 0.979832947
1341846335.641978 -1.182909250 -0.000425007 0.396338016 0.046778817 0.195195749 0.010239271 0.979594588
1341846335.673993 -1.192119837 0.003931309 0.375837505 0.046605662 0.195537463 0.012437964 0.979509234
1341846335.706178 -1.199130893 0.001239389 0.365185708 0.045908269 0.194315046 0.013240930 0.979774892
1341846335.741982 -1.196271539 0.003437968 0.356603652 0.046647768 0.193320960 0.012465628 0.979946733
1341846335.773960 -1.205236077 0.005094303 0.345629036 0.046469580 0.194122717 0.012216826 0.979799867
1341846335.806271 -1.211642385 0.009013252 0.337125123 0.044747163 0.193645552 0.012116428 0.979975641
1341846335.842031 -1.210096598 0.003832957 0.330519140 0.042412188 0.193906680 0.013238606 0.980013371
1341846335.873966 -1.216594815 0.004142790 0.322256863 0.043374538 0.195533648 0.011905615 0.979664981
1341846335.910005 -1.233717203 0.005746794 0.315496981 0.043144472 0.196702555 0.013202574 0.979424536
1341846335.941936 -1.236934781 0.005831494 0.303513944 0.042261206 0.194138512 0.014699068 0.979953170
1341846335.974198 -1.238472700 0.006659541 0.298420638 0.041940596 0.193183392 0.012404900 0.980187356
1341846336.010032 -1.244976282 0.009680534 0.292448521 0.041671678 0.193234146 0.011501036 0.980199873
1341846336.042129 -1.253306866 0.010549396 0.281918943 0.040911987 0.192065060 0.012421641 0.980450392
1341846336.078076 -1.258551359 0.004875198 0.270301759 0.040361695 0.190195113 0.011499306 0.980848908
1341846336.110739 -1.261664152 0.008363206 0.269082785 0.040910017 0.190240726 0.009773894 0.980836034
1341846336.142002 -1.272864223 0.006050702 0.256939352 0.040623777 0.190376446 0.010482593 0.980814278
1341846336.183953 -1.279804587 0.009461541 0.242305741 0.040685412 0.187701151 0.011239463 0.981318831
1341846336.241891 -1.282091379 0.010860274 0.237991303 0.038927685 0.186934665 0.011188749 0.981536984
1341846336.277946 -1.292794228 0.004584663 0.230425045 0.039330732 0.187481448 0.013358998 0.981389463
1341846336.309977 -1.297188282 0.004489169 0.224887237 0.042532552 0.185076758 0.016084775 0.981671393
1341846336.346143 -1.303129077 0.008829549 0.212912530 0.044565249 0.183786839 0.016313255 0.981819808
1341846336.377975 -1.305802703 0.009871280 0.207078338 0.045374867 0.183935419 0.015005608 0.981775761
1341846336.410032 -1.310934424 0.012447875 0.197764635 0.046358991 0.184450760 0.015518490 0.981625140
1341846336.446041 -1.319785833 0.015122650 0.186661005 0.045980006 0.184346452 0.014738771 0.981674552
1341846336.477990 -1.320810795 0.014617000 0.185427815 0.045015197 0.184082642 0.014789390 0.981768012
1341846336.510056 -1.325942755 0.008938750 0.179151446 0.044845119 0.184952304 0.014929160 0.981610239
1341846336.546024 -1.326458693 0.011563402 0.183536708 0.046513889 0.184798956 0.017131496 0.981525481
1341846336.578003 -1.331865430 0.020244129 0.174769521 0.047175143 0.184472948 0.018626656 0.981528044
1341846336.614020 -1.331477284 0.019684155 0.166063040 0.046114746 0.184861347 0.018033985 0.981516421
1341846336.645982 -1.341367602 0.024934921 0.160132974 0.045208406 0.186630204 0.017708551 0.981229722
1341846336.678036 -1.344416738 0.017942416 0.180097699 0.043170281 0.184811860 0.019081768 0.981639862
1341846336.714024 -1.345085859 0.014314825 0.165712506 0.044471648 0.182263508 0.018797673 0.982063591
1341846336.746016 -1.364059448 0.009234358 0.139903486 0.047930468 0.181354076 0.018969532 0.982065916
1341846336.778014 -1.345282078 0.007274359 0.095037460 0.050059117 0.173858792 0.026731297 0.983134091
1341846336.820006 -1.326646686 0.000729594 0.057290852 0.049361899 0.166940004 0.032914978 0.984180391
1341846336.882056 -1.261596441 0.000897821 -0.011031359 0.049401294 0.153529420 0.039592907 0.986113906
1341846336.914273 -1.349516273 0.010070469 0.126661777 0.056662895 0.162456557 0.032675993 0.984545290
1341846336.945998 -1.349034786 0.001570441 0.110446632 0.062690072 0.156223759 0.033502709 0.985160708
1341846336.981980 -1.357390404 0.032021794 0.104453117 0.068099350 0.152741700 0.029430635 0.985477686
1341846337.014238 -1.379484534 0.033870608 0.092985153 0.064688995 0.152805701 0.024909463 0.985822141
1341846337.046017 -1.368065596 0.028093752 0.098228812 0.061322812 0.150134102 0.022018356 0.986516356
1341846337.082104 -1.366141438 0.026645131 0.089598119 0.059884138 0.148473635 0.020757155 0.986883283
1341846337.114317 -1.379918456 0.026025526 0.088595092 0.057940867 0.147510991 0.020078972 0.987157643
1341846337.150037 -1.346642256 0.025676716 0.082008928 0.055975828 0.141384840 0.021643508 0.988133907
1341846337.181873 -1.454716206 0.024755336 0.064654022 0.054939073 0.155487180 0.009506145 0.986263156
1341846337.214073 -1.411689639 0.019360747 0.078818291 0.050784759 0.150177136 0.014577772 0.987246275
1341846337.250087 -1.389266968 0.017792355 0.092208594 0.049189970 0.146145508 0.017784400 0.987879336
1341846337.282028 -1.366089702 0.020753244 0.078222215 0.051203120 0.139369115 0.020913627 0.988694668
1341846337.317920 -1.346597195 0.022190353 0.069015026 0.050938454 0.135662064 0.021721143 0.989206374
1341846337.350018 -1.333465338 0.022646360 0.063779175 0.049359966 0.134716123 0.023382615 0.989377797
1341846337.382159 -1.321274757 0.018102638 0.069857419 0.046303146 0.133825600 0.021937843 0.989679456
1341846337.417941 -1.307456851 0.015267614 0.068536639 0.047081780 0.131698981 0.022373002 0.989918232
1341846337.450137 -1.318111539 0.013610624 0.057635218 0.047315899 0.132523715 0.022448404 0.989795268
1341846337.482096 -1.314453244 0.017320190 0.062587678 0.046382967 0.132037312 0.023149770 0.989888310
1341846337.518008 -1.356010437 0.008126842 0.066659242 0.046320476 0.135463387 0.023028728 0.989431024
1341846337.549978 -1.356399536 0.021132799 0.061130583 0.047571499 0.134458631 0.020901440 0.989555955
1341846337.585971 -1.354871273 0.017195029 0.062255532 0.044395123 0.134003863 0.020750817 0.989768386
1341846337.617903 -1.349920154 0.004913643 0.071055621 0.044518020 0.133350372 0.020942289 0.989847064
1341846337.650141 -1.346763134 0.014474211 0.059649050 0.047559675 0.131979600 0.020374117 0.989901185
1341846337.686352 -1.351107836 0.019269286 0.059493601 0.046325311 0.132962689 0.020504111 0.989825487
1341846337.718002 -1.347433448 0.018249141 0.065309674 0.044590916 0.133282572 0.020614788 0.989859819
1341846337.749920 -1.343138576 0.023403995 0.067583412 0.044626143 0.134934455 0.019678285 0.989653468
1341846337.786157 -1.344058275 0.032449193 0.070463240 0.042153917 0.137927338 0.020303912 0.989336550
1341846337.817945 -1.338022947 0.024543352 0.074167669 0.039238870 0.139412224 0.022104353 0.989209712
1341846337.854071 -1.331642389 0.033246227 0.073683083 0.038943101 0.142130747 0.021670999 0.988844097
1341846337.885951 -1.338037014 0.040204499 0.078082025 0.036087908 0.145247266 0.020162435 0.988531411
1341846337.918223 -1.335328698 0.038413621 0.081968069 0.031272605 0.146521896 0.017938899 0.988550246
1341846337.954120 -1.330786705 0.038522609 0.089620382 0.029059125 0.147741958 0.018120451 0.988432884
1341846337.985994 -1.325157285 0.043873426 0.090791196 0.026777314 0.148259878 0.018818010 0.988406718
1341846338.018107 -1.315052629 0.043669485 0.096610576 0.023862084 0.148936093 0.020503106 0.988346219
1341846338.054055 -1.316787124 0.050223846 0.099189818 0.021664845 0.150944486 0.019456688 0.988113284
1341846338.085986 -1.309781551 0.047463268 0.107719988 0.018018149 0.153646499 0.019692443 0.987765312
1341846338.121875 -1.307038188 0.045433164 0.115067005 0.016556416 0.155882314 0.022048935 0.987390697
1341846338.154089 -1.313029170 0.044002794 0.121379077 0.016234292 0.157249317 0.025080958 0.987106919
1341846338.186029 -1.301509857 0.045614611 0.123592317 0.015654594 0.155924797 0.027709138 0.987256110
1341846338.222071 -1.295563221 0.052593481 0.129517376 0.014738020 0.157092541 0.026599811 0.987115562
1341846338.254107 -1.290611982 0.048477802 0.140428573 0.012919036 0.158624366 0.027626365 0.986867845
1341846338.290130 -1.281877875 0.048582077 0.148076415 0.013858757 0.158039778 0.029241093 0.986902416
1341846338.321952 -1.280356050 0.054789219 0.153501242 0.014697340 0.159111872 0.030970011 0.986665189
1341846338.354022 -1.269724250 0.055836134 0.158288091 0.014873638 0.158378273 0.030812807 0.986785531
1341846338.389969 -1.272353411 0.060380757 0.168117404 0.014346417 0.160456002 0.031265114 0.986443400
1341846338.422377 -1.266851187 0.060874403 0.180355921 0.012685508 0.160611674 0.032012306 0.986416817
1341846338.454010 -1.258686781 0.071124800 0.192027509 0.013363689 0.159758821 0.030053962 0.986607969
1341846338.489894 -1.255453110 0.064422548 0.197703183 0.010377325 0.159440786 0.031770274 0.986641526
1341846338.522066 -1.254708171 0.066120729 0.208466426 0.011322338 0.160633504 0.030419936 0.986480236
1341846338.558058 -1.250238538 0.070657559 0.207874998 0.010709646 0.159853801 0.029809617 0.986632347
1341846338.589842 -1.251508236 0.066835977 0.216246441 0.008438836 0.160601199 0.030107312 0.986523986
1341846338.622019 -1.252906322 0.063000038 0.234319076 0.008855752 0.163410857 0.030853147 0.986035764
1341846338.657984 -1.241594076 0.071752116 0.231617540 0.010184804 0.161047295 0.032306749 0.986365199
1341846338.690198 -1.238116264 0.073307499 0.235855043 0.008266738 0.160318226 0.031634744 0.986523688
1341846338.722454 -1.216102004 0.072873749 0.253844529 0.007826101 0.159924313 0.032854777 0.986551344
1341846338.757945 -1.214598417 0.078406759 0.259195626 0.008717502 0.159616977 0.034772463 0.986527920
1341846338.790039 -1.208470702 0.081930600 0.269489944 0.007144723 0.157502100 0.034746032 0.986881316
1341846338.826048 -1.176046371 0.100543953 0.251453429 0.010170271 0.153313309 0.032413218 0.987593532
1341846338.858027 -1.181193829 0.105108880 0.249196976 0.010460792 0.155269265 0.031481065 0.987314999
1341846338.889902 -1.194854617 0.087504417 0.294912159 0.004966417 0.159070238 0.032312639 0.986725867
1341846338.925948 -1.204770088 0.070959285 0.321791410 0.001146861 0.163140163 0.027338384 0.986223400
1341846338.958108 -1.195021629 0.082142562 0.324688643 0.002971177 0.164613917 0.028803879 0.985932946
1341846338.990057 -1.172863603 0.077906534 0.327321917 0.003343059 0.161461189 0.030929357 0.986388564
1341846339.025928 -1.172583461 0.064471342 0.347616583 0.002486931 0.164549828 0.030437065 0.985895872
1341846339.057939 -1.172718644 0.065426633 0.354807943 0.004758495 0.167308375 0.031172398 0.985400200
1341846339.093927 -1.175133586 0.073281333 0.366297722 0.004771448 0.167357191 0.033450864 0.985317111
1341846339.126562 -1.169120193 0.072448403 0.364922196 0.000535992 0.166198954 0.031512424 0.985588431
1341846339.157969 -1.148097396 0.088322230 0.367945015 0.001034824 0.166321933 0.029117063 0.985641003
1341846339.194113 -1.145804644 0.095492020 0.364976913 0.000543194 0.166389152 0.031616669 0.985553026
1341846339.228165 -1.141823411 0.100934185 0.374778956 -0.002151469 0.164597243 0.033704169 0.985782504
1341846339.257998 -1.140645862 0.086787656 0.401394159 -0.007925668 0.167928532 0.032651376 0.985226393
1341846339.294132 -1.134600282 0.095030762 0.401684523 -0.006137880 0.169241309 0.035651967 0.984910488
1341846339.326577 -1.118204117 0.130508438 0.397030145 -0.003860749 0.163962647 0.040258996 0.985637128
1341846339.362269 -1.122399092 0.113390498 0.428508729 -0.011855236 0.165409803 0.036882944 0.985463679
1341846339.394725 -1.101323605 0.119763024 0.423394561 -0.011313487 0.164485320 0.037088603 0.985617101
1341846339.462186 -1.112615824 0.108052783 0.464164048 -0.017526213 0.168552250 0.036554601 0.984858751
1341846339.496743 -1.090730190 0.104884624 0.460974634 -0.015407707 0.169673190 0.034530845 0.984774709
1341846339.562052 -1.091188073 0.101799838 0.490903944 -0.014123166 0.174261406 0.036797181 0.983910263
1341846339.595122 -1.079409957 0.100418657 0.491547287 -0.012716538 0.174177274 0.034940071 0.984012067
1341846339.632085 -1.079981089 0.100236610 0.501688898 -0.012527160 0.179425493 0.030998006 0.983203292
1341846339.664568 -1.073935509 0.108975284 0.507260799 -0.010707165 0.181330726 0.029422130 0.982923627
1341846339.698896 -1.066798806 0.101745382 0.515997410 -0.012038264 0.182143778 0.029553723 0.982753932
1341846339.731977 -1.035393238 0.107236333 0.499921113 -0.010768441 0.176894262 0.029318010 0.983734131
1341846339.762241 -1.037442565 0.102117963 0.510082126 -0.010905927 0.179926768 0.029714076 0.983170629
1341846339.797873 -1.036478400 0.105589293 0.514461935 -0.010109286 0.180698469 0.030417491 0.983016074
1341846339.830245 -1.029456139 0.107869439 0.520882070 -0.009877480 0.179736018 0.029725464 0.983216047
1341846339.862015 -1.026946545 0.109945409 0.525807023 -0.010205291 0.180184111 0.029029354 0.983151436
1341846339.897797 -1.015232444 0.106686547 0.533894956 -0.011650034 0.180302978 0.029087920 0.983111918
1341846339.929916 -1.011631489 0.102628507 0.543534040 -0.011788446 0.181644708 0.031066639 0.982802689
1341846339.961960 -1.009035349 0.100533031 0.548702359 -0.010595642 0.181436718 0.031392068 0.982844353
1341846339.997845 -0.990300357 0.101701178 0.547888875 -0.009685977 0.180222675 0.030757446 0.983097136
1341846340.029925 -1.001541376 0.095921099 0.558046222 -0.009572487 0.185513690 0.031521570 0.982089281
1341846340.066044 -0.997390151 0.102395095 0.569297552 -0.006404227 0.187487468 0.031199913 0.981750488
1341846340.098009 -0.990395963 0.103220046 0.573605180 -0.005467708 0.187390938 0.031586938 0.981762171
1341846340.130102 -0.995837569 0.097585633 0.587915540 -0.007263926 0.189602435 0.030022679 0.981374979
1341846340.166041 -0.978413463 0.094317928 0.589538813 -0.007175560 0.189775020 0.029010657 0.981372654
1341846340.197867 -0.985133529 0.094090149 0.593557596 -0.006177140 0.193547651 0.028262077 0.980664253
1341846340.229904 -0.984711349 0.098989457 0.596263945 -0.006779202 0.193514735 0.027981205 0.980674803
1341846340.265859 -0.974081516 0.101731539 0.608128488 -0.006536792 0.193828806 0.027613765 0.980624855
1341846340.298061 -0.962852895 0.096972287 0.607895732 -0.004900608 0.194730222 0.029017026 0.980415285
1341846340.334063 -0.938675582 0.116543390 0.620220900 -0.002245304 0.190149456 0.033214297 0.981190562
1341846340.366064 -0.960632145 0.094349988 0.619974852 -0.007994595 0.192981124 0.029954221 0.980712533
1341846340.397995 -0.954213619 0.096411422 0.621250033 -0.005700242 0.193030134 0.029254545 0.980740070
1341846340.433895 -0.953427970 0.101008624 0.624585509 -0.004086351 0.193013698 0.030520489 0.980712771
1341846340.465959 -0.950568855 0.099603981 0.620577455 -0.003253945 0.189988151 0.032627042 0.981238723
1341846340.501858 -0.941109061 0.101491734 0.625557244 -0.002135377 0.186034516 0.032422639 0.982005775
1341846340.534329 -0.943168223 0.101707831 0.623503923 -0.001601144 0.185466379 0.032026470 0.982127249
1341846340.566041 -0.934169888 0.100482136 0.625609279 -0.000432705 0.183650121 0.032669093 0.982448518
1341846340.601909 -0.937092364 0.092330508 0.623016477 0.000678353 0.184269413 0.032411192 0.982340991
1341846340.634005 -0.930031776 0.100830086 0.615299344 0.002422711 0.182393759 0.030464903 0.982750535
1341846340.666028 -0.924468517 0.094404355 0.607906759 0.000719741 0.181919485 0.029693842 0.982864738
1341846340.701946 -0.919669747 0.092231676 0.604638815 0.002151124 0.182783350 0.026788805 0.982785821
1341846340.733954 -0.921641767 0.097752318 0.604669213 0.003495427 0.184955060 0.024836432 0.982426882
1341846340.770081 -0.925597787 0.094255947 0.603295207 0.001384459 0.186106920 0.023041287 0.982258320
1341846340.801980 -0.920431018 0.090127721 0.595421791 -0.000270210 0.186158329 0.016946746 0.982373595
1341846340.833999 -0.923279822 0.093228713 0.594227254 -0.000979512 0.188996047 0.013138886 0.981889427
1341846340.870013 -0.921474099 0.095948130 0.595351696 -0.002057216 0.188510343 0.011833133 0.981997788
1341846340.901955 -0.920615315 0.095039979 0.596146226 -0.000652741 0.188473403 0.011821190 0.982006907
1341846340.933918 -0.941432595 0.082750767 0.596275747 -0.000854469 0.191646963 0.015032821 0.981348395
1341846340.970122 -0.947674990 0.081135228 0.595245540 0.001025631 0.189716905 0.019753816 0.981639564
1341846341.001922 -0.949227870 0.075368382 0.597612500 0.002714547 0.186210871 0.023954051 0.982214034
1341846341.037923 -0.946706176 0.083084799 0.592845619 0.005627979 0.183070093 0.026832184 0.982717514
1341846341.070300 -0.947805285 0.081574336 0.591804564 0.005790052 0.182502925 0.026412152 0.982833445
1341846341.102028 -0.952007115 0.079914324 0.593824148 0.005602993 0.181704402 0.026047023 0.982992172
1341846341.137982 -0.950558782 0.080730297 0.585993052 0.005680738 0.179203972 0.026490910 0.983438849
1341846341.170048 -0.950231433 0.078789853 0.585402727 0.006336558 0.178947911 0.026985819 0.983467996
1341846341.202110 -0.951095343 0.074092373 0.577390134 0.007519416 0.178223744 0.029418280 0.983521402
1341846341.237996 -0.949242294 0.080320530 0.574430823 0.010425911 0.177960262 0.029663149 0.983535230
1341846341.269883 -0.955663800 0.080184907 0.572148919 0.011400080 0.179406956 0.029049862 0.983279884
1341846341.306107 -0.958772302 0.079978488 0.573570371 0.011814080 0.179104730 0.028466510 0.983347178
1341846341.338109 -0.954214036 0.080281995 0.566826165 0.012394287 0.178725958 0.026135849 0.983473599
1341846341.370120 -0.957310438 0.079062879 0.570680618 0.012285200 0.180590510 0.023227822 0.983207285
1341846341.406074 -0.960999012 0.076803140 0.565967321 0.011802277 0.181065872 0.022703139 0.983138084
1341846341.438113 -0.962560177 0.071169391 0.568754375 0.012515359 0.179455504 0.022993285 0.983417690
1341846341.470024 -0.961864054 0.074766792 0.565942168 0.015490075 0.179458648 0.020386681 0.983432293
1341846341.506077 -0.965632260 0.078828752 0.560493112 0.015254598 0.180312321 0.019489935 0.983298004
1341846341.538156 -0.968063951 0.076587439 0.573818266 0.014421045 0.179467291 0.019718306 0.983460605
1341846341.574016 -0.962990582 0.077851638 0.562882125 0.015868906 0.175832868 0.020868542 0.984070897
1341846341.612466 -0.970958889 0.081084900 0.564561963 0.016679164 0.176479653 0.020716542 0.983944893
1341846341.643972 -0.971768260 0.079899989 0.557519674 0.015311422 0.174657360 0.020565432 0.984295428
1341846341.679982 -0.971507609 0.077482782 0.559975684 0.014889941 0.173378393 0.020520695 0.984528899
1341846341.712332 -0.971715927 0.080411620 0.559098542 0.016612252 0.170987144 0.023536693 0.984852016
1341846341.744185 -0.971635580 0.076138943 0.557083488 0.016867012 0.168913946 0.026054773 0.985141993
1341846341.780061 -0.973882496 0.078178786 0.552646756 0.017677965 0.168543354 0.027039343 0.985164702
1341846341.842595 -0.972288072 0.075220913 0.552259922 0.020909550 0.167660892 0.031253744 0.985127330
1341846341.906227 -0.973529041 0.069674321 0.544830799 0.024639485 0.166688770 0.035427310 0.985064805
1341846341.942069 -0.972551763 0.065773927 0.540143967 0.027962035 0.166398525 0.036647659 0.984980524
1341846341.974775 -0.972754240 0.066631593 0.537537754 0.031721823 0.166323483 0.037688483 0.984840035
1341846342.010161 -0.978601575 0.066522844 0.540454447 0.032346137 0.165815905 0.039268348 0.984843552
1341846342.042024 -0.970958889 0.059609290 0.533398271 0.033478998 0.164213151 0.039244208 0.985075176
1341846342.080032 -0.965513468 0.066420682 0.530876517 0.036312442 0.165384367 0.040131021 0.984743118
1341846342.112265 -0.975834072 0.059469778 0.530703187 0.036287457 0.167360544 0.042011578 0.984331608
1341846342.147954 -0.973356009 0.056376386 0.532301009 0.038852297 0.166264638 0.042919002 0.984380305
1341846342.179852 -0.973537564 0.057320550 0.527395308 0.041807331 0.166777998 0.043342553 0.984153807
1341846342.211848 -0.971876204 0.060969021 0.532794833 0.042928867 0.167236164 0.043353036 0.984027267
1341846342.247920 -0.973723412 0.055974741 0.527081549 0.043436095 0.167410031 0.041537639 0.984053791
1341846342.279870 -0.974699080 0.057380792 0.528518915 0.045032479 0.168431550 0.040555496 0.983848631
1341846342.316068 -0.975309491 0.054925203 0.526384175 0.046175528 0.168274239 0.042280417 0.983749986
1341846342.347894 -0.972732842 0.058808822 0.523313880 0.046905544 0.167946681 0.042186391 0.983775437
1341846342.379953 -0.969235778 0.056384273 0.519917190 0.046600904 0.167959005 0.042616855 0.983769238
1341846342.416195 -0.973286092 0.056968678 0.520897150 0.047589947 0.168656364 0.043649066 0.983557343
