1341846313.592026 0.000000000 0.000000000 0.000000000 0.000000000 0.000000000 0.000000000 1.000000000
1341846313.654184 0.000119858 -0.006456912 -0.006522905 -0.001387856 -0.002458697 0.005251878 0.999982238
1341846313.686156 0.012554579 -0.004522332 0.000806135 -0.000376749 -0.005433722 0.005890888 0.999967813
1341846313.721918 0.017085463 0.001349624 -0.000708970 0.000348944 -0.006203799 0.006616947 0.999958813
1341846313.753994 0.027643843 -0.001536420 -0.003500859 -0.000594842 -0.007481508 0.008100256 0.999939024
1341846313.789969 0.034896620 -0.003789808 -0.005454192 0.000223557 -0.008261669 0.006745192 0.999943078
1341846313.822075 0.047950778 0.002278087 -0.005515976 0.000894034 -0.008270500 0.005818838 0.999948442
1341846313.853928 0.048287001 0.003751334 0.007119027 0.000542703 -0.005509453 0.003679716 0.999977887
1341846313.890011 0.060233016 0.003328364 -0.008036075 0.000144942 -0.004297990 0.005057735 0.999977946
1341846313.922055 0.063885696 0.007299825 -0.005269155 -0.001612752 -0.004012727 0.006081499 0.999972165
1341846313.957927 0.097409397 0.008670559 0.000595114 -0.003354018 -0.003393366 0.007575386 0.999959886
1341846313.990058 0.083708547 0.011060415 0.008622266 -0.004239356 0.006422193 0.006583782 0.999948680
1341846314.022042 0.092266075 0.017439898 -0.009496311 -0.006069357 0.006658264 0.010593785 0.999903321
1341846314.057816 0.094016165 0.013625520 0.016977314 -0.010048803 0.009809538 0.009876526 0.999852598
1341846314.089801 0.090951867 0.018742645 0.035448834 -0.008553409 0.016846344 0.007191218 0.999795616
1341846314.122037 0.123435706 0.026788371 0.014984168 -0.008840718 0.016485065 0.016015865 0.999696732
1341846314.157989 0.132357344 0.014172888 0.007315389 -0.012573831 0.019014666 0.016913692 0.999597073
1341846314.190094 0.133589029 0.016205806 0.009314646 -0.012194121 0.023441667 0.017782155 0.999492705
1341846314.225969 0.136368603 0.021473663 0.003033210 -0.014165217 0.025555639 0.021131823 0.999349654
1341846314.257923 0.140484259 0.013543686 0.011295166 -0.016803101 0.027748441 0.020385824 0.999265790
1341846314.290052 0.145045817 0.013964261 0.006175725 -0.015463363 0.029187694 0.019306047 0.999267817
1341846314.325981 0.153443933 0.022965981 0.004968212 -0.015410924 0.029741047 0.018165672 0.999273717
1341846314.357905 0.162918761 0.011632468 0.007665575 -0.017470410 0.032283932 0.016857315 0.999183834
1341846314.389899 0.164635569 0.014155595 0.009961411 -0.015661037 0.035391629 0.015948888 0.999123514
1341846314.427905 0.177172676 0.023105696 0.010748399 -0.014846664 0.036052324 0.015006591 0.999126911
1341846314.493987 0.189049497 0.011505879 0.009197973 -0.014903131 0.045425471 0.007676152 0.998827100
1341846314.526085 0.190247029 0.021061197 0.010187853 -0.013556211 0.047969643 0.005074701 0.998743892
1341846314.558292 0.192984000 0.024267482 0.018812835 -0.014213668 0.051365826 0.004738955 0.998567522
1341846314.594085 0.212598100 0.010549531 0.008173939 -0.014477421 0.054047152 0.005504626 0.998418272
1341846314.626096 0.218498871 0.019741205 0.001342278 -0.013231200 0.057687461 0.006874885 0.998223364
1341846314.658455 0.218766972 0.018522212 0.003788223 -0.015464651 0.060563412 0.006094891 0.998025954
1341846314.694004 0.236038893 0.012691926 0.021448703 -0.015751947 0.062605359 0.004365469 0.997904480
1341846314.725910 0.230638430 0.008937973 0.025018239 -0.012031772 0.066649146 0.009057009 0.997662783
1341846314.761942 0.228378698 0.009688279 0.016341554 -0.008431708 0.068418950 0.011907147 0.997550011
1341846314.794030 0.231796011 0.013053069 0.017505523 -0.005058423 0.071124718 0.012242797 0.997379482
1341846314.826092 0.263421923 0.015106686 0.001250248 -0.003000280 0.071460374 0.014366326 0.997335494
1341846314.862145 0.267701656 0.017649952 0.002648819 -0.002595085 0.075131252 0.015175469 0.997054815
1341846314.894072 0.272229314 0.014511126 0.005541954 -0.003290314 0.079144493 0.016665466 0.996718407
1341846314.925969 0.277328193 0.017247763 -0.000462767 -0.002902028 0.081594512 0.021213321 0.996435583
1341846314.961937 0.274584204 0.026772518 -0.000458159 -0.004591963 0.082978062 0.024172824 0.996247590
1341846314.994564 0.285715312 0.023788992 0.010417923 -0.008585900 0.082996070 0.023955291 0.996224940
1341846315.029900 0.305186808 0.028596690 0.018726230 -0.008352131 0.084639974 0.022043476 0.996132731
1341846315.061965 0.303864032 0.018797919 0.004816059 -0.010153953 0.087609351 0.027135095 0.995733500
1341846315.094388 0.306209087 0.021900445 0.007614776 -0.009635004 0.086957552 0.027765803 0.995778382
1341846315.129851 0.312761754 0.023641095 0.012713719 -0.007476904 0.086828709 0.025650088 0.995864928
1341846315.161941 0.316661119 0.042182233 -0.009630397 -0.008333410 0.086303711 0.030622305 0.995763302
1341846315.197984 0.317303926 0.043212913 -0.003421534 -0.014897324 0.084490456 0.027123155 0.995943666
1341846315.230076 0.327192932 0.035410468 -0.000523344 -0.019305304 0.082811683 0.023818327 0.996093452
1341846315.262069 0.329891980 0.033441041 0.002890177 -0.022664566 0.080018282 0.027436096 0.996157944
1341846315.298000 0.334863603 0.024824062 0.014576837 -0.025257448 0.076303482 0.027928630 0.996373355
1341846315.329931 0.351438999 0.009124998 0.021761823 -0.022825703 0.073712550 0.029683990 0.996576309
1341846315.361981 0.348859370 0.013891629 0.015963357 -0.017194444 0.073962614 0.032021996 0.996598482
1341846315.397962 0.359027535 0.019833826 0.018570647 -0.013636102 0.073244102 0.034899332 0.996609926
1341846315.429923 0.358830184 0.020036886 0.014648195 -0.010907046 0.075853281 0.035901826 0.996412754
1341846315.466047 0.380536407 0.030224426 0.011538900 -0.008880457 0.077229336 0.038769733 0.996219695
1341846315.497883 0.375710487 0.029296290 0.011777077 -0.010244893 0.080858774 0.042635772 0.995760560
1341846315.530008 0.374768168 0.030403426 0.014218252 -0.010092269 0.082618564 0.043251067 0.995591104
1341846315.566108 0.375591010 0.031284668 0.015911277 -0.010855352 0.084350847 0.043752901 0.995415866
1341846315.597986 0.380920917 0.026364194 0.015057921 -0.011510487 0.085041031 0.044160660 0.995331764
1341846315.630109 0.384013057 0.027976416 0.019135207 -0.011281499 0.085986547 0.042438954 0.995328069
1341846315.666042 0.384157807 0.033502556 0.012094818 -0.011609461 0.087585166 0.041952260 0.995205581
1341846315.698114 0.392074078 0.047628529 0.002285555 -0.015066928 0.090311050 0.038874902 0.995040536
1341846315.733985 0.385701150 0.032651670 0.015992694 -0.019109134 0.094061852 0.041624658 0.994512260
1341846315.766041 0.381451547 0.032538675 0.014143378 -0.018853797 0.092020772 0.043072570 0.994646430
1341846315.798188 0.388639688 0.028754316 0.011178888 -0.020459834 0.090397358 0.042009033 0.994809031
1341846315.834140 0.378291368 0.020673221 0.015625678 -0.020219659 0.093991205 0.039489057 0.994584024
1341846315.866751 0.375125170 0.022702212 0.013997875 -0.017642178 0.095772766 0.039038174 0.994480968
1341846315.898492 0.365266114 0.018925495 0.015302487 -0.016963184 0.096825123 0.037720367 0.994441688
1341846315.936901 0.364695638 0.012319089 0.016711138 -0.015046133 0.098143131 0.037605364 0.994347692
1341846315.966572 0.365221649 0.011277408 0.012728587 -0.011545341 0.099011846 0.038023371 0.994292498
1341846316.034204 0.349820226 0.008774664 0.011642314 -0.008152285 0.099733256 0.036078952 0.994326472
1341846316.066113 0.340923697 0.008083984 0.016170904 -0.005808173 0.100275613 0.035418656 0.994312108
1341846316.101867 0.338342369 0.012997755 0.016766101 -0.004237424 0.098478839 0.037835449 0.994410574
1341846316.134066 0.325086325 0.018229289 0.017458145 -0.004271376 0.096315302 0.034441497 0.994745672
1341846316.202049 0.305495769 0.003635831 0.012424856 -0.005039790 0.092978150 0.029273920 0.995224953
1341846316.233979 0.297679842 0.005505551 0.002009515 -0.004397264 0.092299640 0.026180612 0.995377302
1341846316.270052 0.294268191 0.005442014 -0.001530509 -0.005595329 0.093065597 0.023684595 0.995362520
1341846316.301915 0.285672516 -0.004312456 0.002838504 -0.006244707 0.094696879 0.021543592 0.995253444
1341846316.334208 0.278637081 -0.006757219 0.009115789 -0.005082416 0.094073884 0.024047565 0.995261788
1341846316.370006 0.272159576 -0.006343360 0.011930283 -0.002736491 0.092990100 0.024490951 0.995362043
1341846316.401994 0.268409103 -0.002060305 0.004901126 -0.000521526 0.091795869 0.027543021 0.995396733
1341846316.438069 0.262042612 -0.004973377 0.008729670 0.001546383 0.091603339 0.029219333 0.995365620
1341846316.470076 0.253651768 -0.008548127 0.007276595 0.005752959 0.091270484 0.031535886 0.995310068
1341846316.502034 0.246484086 0.009448704 0.000804648 0.009578830 0.088803619 0.033722047 0.995432019
1341846316.537975 0.244126052 0.009423745 0.005513906 0.007054254 0.085452996 0.033073317 0.995768130
1341846316.570121 0.233135298 -0.006602350 -0.007378936 0.005348663 0.085947707 0.029070098 0.995861113
1341846316.601885 0.228523031 -0.008147023 -0.010097018 0.007353600 0.084942110 0.028904893 0.995939374
1341846316.638009 0.209781468 -0.005052018 0.008464664 0.010001902 0.085523844 0.027509741 0.995906055
1341846316.669925 0.203367025 -0.006686459 0.016125631 0.012199415 0.084713660 0.026488122 0.995978475
1341846316.705941 0.205463365 -0.014879133 0.012614153 0.015634382 0.083715998 0.028328136 0.995964229
1341846316.738062 0.187026501 -0.006191407 -0.008585626 0.018842051 0.084289290 0.031273864 0.995772183
1341846316.770433 0.183872268 -0.001590682 -0.012043612 0.018259041 0.083188899 0.032765724 0.995827615
1341846316.805932 0.178678095 -0.008264206 -0.001744822 0.018375242 0.083190888 0.030782033 0.995888591
1341846316.838029 0.161079437 -0.008594293 0.001193868 0.019679980 0.082823470 0.031592879 0.995868921
1341846316.870034 0.151976898 -0.011791166 0.000390420 0.019912519 0.079611681 0.033583377 0.996061027
1341846316.906344 0.142613277 -0.015334446 0.000315085 0.020342723 0.076816253 0.031750962 0.996331930
1341846316.937940 0.145667523 -0.010767214 -0.002602708 0.020777738 0.074445613 0.029223388 0.996580243
1341846316.973994 0.134043694 -0.006164451 0.001260061 0.020736886 0.073304132 0.030464103 0.996628523
1341846317.005913 0.121803083 -0.012595335 0.008028548 0.018783139 0.071334988 0.029601462 0.996836126
1341846317.037936 0.126218721 -0.012166646 0.000816101 0.019866711 0.067431852 0.031154517 0.997039437
1341846317.073972 0.111586861 -0.017805681 0.005075710 0.020108825 0.066864505 0.031367231 0.997066140
1341846317.106113 0.099750891 -0.019036062 0.012208143 0.022489738 0.065896921 0.033605248 0.997006774
1341846317.137887 0.092626520 -0.017251385 0.007660112 0.026458643 0.059766676 0.038221776 0.997129381
1341846317.173970 0.083989173 -0.017666431 -0.002435194 0.027230676 0.052421421 0.041824449 0.997377157
1341846317.205887 0.073649459 -0.016564470 -0.004095498 0.027757097 0.050398443 0.040778179 0.997510254
1341846317.248131 0.067597479 -0.019996697 0.000401234 0.028218385 0.047674075 0.043368138 0.997521996
1341846317.306289 0.055001564 -0.020067573 0.003789194 0.029558599 0.041698955 0.046839930 0.997593820
1341846317.348137 0.046552986 -0.022346724 -0.002186385 0.030624835 0.043309521 0.046995003 0.997485757
1341846317.410120 0.031113580 -0.015425940 0.004098702 0.032955885 0.043047298 0.053575009 0.997091055
1341846317.442569 0.033216804 -0.017741304 0.006615988 0.035679210 0.042432919 0.056136936 0.996882677
1341846317.474010 0.014158885 -0.026424542 0.008831191 0.040243916 0.044650521 0.058682382 0.996465325
1341846317.509927 0.011512951 -0.018800793 -0.005171549 0.043802720 0.041368894 0.063553333 0.996158063
1341846317.542282 0.004068303 -0.016884364 -0.000187228 0.043238249 0.038774818 0.064210333 0.996244907
1341846317.573943 -0.001484092 -0.023638910 0.000125281 0.042217351 0.039949417 0.062608182 0.996344268
1341846317.610159 -0.006314628 -0.023665929 0.004110140 0.045014311 0.041406758 0.064345859 0.996051610
1341846317.643553 -0.032052640 -0.024789017 -0.001798711 0.046970833 0.042941939 0.064172678 0.995907426
1341846317.677993 -0.037336640 -0.024044674 0.006835730 0.048196353 0.039257836 0.066724867 0.995833218
1341846317.709996 -0.044798229 -0.024013195 0.009623914 0.050608765 0.037163895 0.066291556 0.995822787
1341846317.741834 -0.043519001 -0.013749133 0.013972444 0.051989511 0.035171553 0.067299925 0.995756388
1341846317.777923 -0.043660264 -0.013531207 0.023385732 0.050403405 0.033454340 0.067560747 0.995879471
1341846317.810021 -0.069295600 -0.020465259 0.016302230 0.049120817 0.033703521 0.064462841 0.996140420
1341846317.841886 -0.071763135 -0.012847313 0.014620673 0.049297765 0.032222491 0.063076600 0.996269405
1341846317.878017 -0.083066061 -0.011731355 0.016817413 0.046936326 0.032533098 0.058459122 0.996654987
1341846317.909910 -0.079056300 -0.017902095 0.018451219 0.045638468 0.032590322 0.055915512 0.996859252
1341846317.946031 -0.096428104 -0.021863777 0.018233061 0.046590939 0.034519047 0.056776538 0.996701658
1341846317.978041 -0.103937022 -0.023233712 0.023358852 0.048784748 0.033162471 0.056881931 0.996636689
1341846318.009897 -0.106500201 -0.020250347 0.018366076 0.051262334 0.033086203 0.054856017 0.996628463
1341846318.045949 -0.121857129 -0.014845658 0.023284258 0.051849484 0.035150096 0.053293508 0.996612191
1341846318.078074 -0.133524507 -0.017928034 0.020809706 0.050734095 0.033877607 0.051633976 0.996801019
1341846318.109894 -0.135878280 -0.016742470 0.025457300 0.050676979 0.029009882 0.050943892 0.996992946
1341846318.145957 -0.148545593 -0.018807998 0.023447072 0.049586270 0.027964085 0.047070235 0.997268081
1341846318.178001 -0.154259413 -0.021762973 0.023940520 0.048767503 0.028024791 0.044243034 0.997436166
1341846318.214074 -0.166069299 -0.029909851 0.017901681 0.049026843 0.026010754 0.043491617 0.997511029
1341846318.245970 -0.172812283 -0.036871932 0.026906744 0.051531397 0.020669097 0.044685550 0.997457027
1341846318.278018 -0.185394570 -0.033456706 0.032832578 0.055605937 0.016441971 0.044083294 0.997343600
1341846318.313937 -0.196485609 -0.031153891 0.025416216 0.057678420 0.010400649 0.043320660 0.997340620
1341846318.345989 -0.203352720 -0.026311658 0.044319890 0.059789840 0.001151104 0.042355310 0.997311294
1341846318.382046 -0.213365495 -0.031038765 0.048514903 0.061267320 -0.004670055 0.041005798 0.997267783
1341846318.414072 -0.221615404 -0.034030482 0.038406704 0.062551394 -0.011031562 0.041724559 0.997108161
1341846318.446035 -0.231008545 -0.034223624 0.042418450 0.064748555 -0.016933348 0.041649804 0.996888220
1341846318.482196 -0.240789756 -0.032335907 0.038526483 0.066167094 -0.018898334 0.041268039 0.996775687
1341846318.514144 -0.247431606 -0.032223254 0.041282281 0.066307038 -0.020292269 0.043086831 0.996662021
1341846318.546259 -0.258892357 -0.041761201 0.014250881 0.066838033 -0.021447062 0.042260539 0.996637702
1341846318.582042 -0.263913929 -0.034626991 0.016181031 0.068940766 -0.021387041 0.042379830 0.996490717
1341846318.614115 -0.277569234 -0.041890055 0.016337361 0.067672990 -0.021454694 0.041852925 0.996598363
1341846318.650038 -0.285069466 -0.036295291 0.012253014 0.067847610 -0.021926329 0.038898420 0.996695936
1341846318.682350 -0.309204370 -0.040566832 0.000713386 0.067062117 -0.020835677 0.036506131 0.996863008
1341846318.714063 -0.308330923 -0.038782611 0.009295266 0.066730924 -0.022768233 0.035767347 0.996869743
1341846318.749905 -0.324983388 -0.042530969 0.004972365 0.067521542 -0.021771584 0.037354060 0.996780574
1341846318.782036 -0.329206347 -0.036522288 0.010292076 0.069714479 -0.022995941 0.038986597 0.996539533
1341846318.814121 -0.338415831 -0.044852756 -0.002707887 0.069216043 -0.028130922 0.038002584 0.996480584
1341846318.850072 -0.354493588 -0.062269788 -0.029084746 0.067988321 -0.033381727 0.035525613 0.996494412
1341846318.883516 -0.344460428 -0.054458573 0.002829116 0.071991734 -0.041720457 0.033117387 0.995981872
1341846318.918047 -0.464083076 -0.052221581 -0.032393388 0.074740678 -0.048814822 0.034241606 0.995418727
1341846318.950044 -0.427100360 -0.053236339 -0.038708072 0.076266825 -0.059929874 0.031989098 0.994770586
1341846318.982028 -0.388541669 -0.062365938 -0.022965390 0.077745013 -0.065574795 0.026961859 0.994448960
1341846319.018123 -0.414556980 -0.059727479 -0.021317687 0.077784665 -0.069903046 0.026361460 0.994167089
1341846319.050745 -0.398430467 -0.046379097 -0.023479328 0.079241164 -0.077729456 0.026042681 0.993479133
1341846319.081905 -0.410521030 -0.049038738 -0.015559964 0.084975958 -0.078444161 0.024513490 0.992987752
1341846319.117976 -0.429013282 -0.043922015 -0.027259778 0.087851457 -0.076371513 0.028242325 0.992799997
1341846319.150093 -0.448050410 -0.048685648 -0.025791794 0.089116476 -0.080331765 0.036837440 0.992092788
1341846319.186069 -0.456864595 -0.042604640 -0.026926640 0.091160022 -0.081866920 0.037479416 0.991757512
1341846319.218149 -0.464178294 0.008597416 -0.002497382 0.091090061 -0.077480316 0.036826778 0.992140710
1341846319.250034 -0.489104778 0.001179258 0.018043660 0.085269928 -0.070370674 0.034546535 0.993269086
1341846319.286594 -0.519955575 -0.002928621 0.005956694 0.082719088 -0.065935604 0.038547195 0.993641913
1341846319.318034 -0.488174647 0.005984236 0.010917511 0.084057473 -0.067391165 0.041968063 0.993293226
1341846319.350268 -0.481770098 -0.005380439 -0.011442918 0.083523609 -0.066872649 0.048054244 0.993097484
1341846319.386163 -0.504236937 -0.013485022 -0.038547300 0.084771834 -0.069875851 0.054919288 0.992428839
1341846319.418386 -0.503812373 -0.030257978 -0.032354806 0.084746420 -0.076140314 0.057206843 0.991840780
1341846319.453961 -0.506912768 -0.024100836 -0.033408392 0.085858501 -0.078047484 0.053188004 0.991820574
1341846319.486271 -0.522111833 -0.026300400 -0.033931296 0.084665217 -0.077861249 0.052625541 0.991967738
1341846319.554083 -0.535836220 -0.029290590 -0.030924890 0.079448581 -0.084090173 0.050831798 0.991984308
1341846319.586296 -0.552607477 -0.027035896 -0.020414494 0.080326490 -0.083208196 0.046681192 0.992192030
1341846319.622031 -0.552002013 -0.033729501 -0.038310252 0.078159548 -0.086891718 0.044875763 0.992132604
1341846319.653962 -0.556723654 -0.041872401 -0.029375352 0.076875672 -0.092032447 0.042920310 0.991855860
1341846319.686352 -0.561834335 -0.042956669 -0.028337702 0.078670941 -0.096085027 0.044643722 0.991254508
1341846319.721992 -0.569837987 -0.038848586 -0.040094659 0.079840191 -0.099910103 0.045296405 0.990753114
1341846319.754063 -0.579325855 -0.021761805 -0.037867203 0.078119755 -0.101922266 0.043812983 0.990751982
1341846319.786397 -0.574203670 -0.031648062 -0.054133698 0.072285332 -0.102169186 0.048657469 0.990943372
1341846319.822008 -0.593386650 -0.024321605 -0.036765479 0.069962770 -0.102609418 0.052556001 0.990865469
1341846319.853917 -0.597220659 -0.023987843 -0.036840938 0.065165021 -0.103396893 0.056017093 0.990921080
1341846319.889942 -0.599534392 -0.038347285 -0.033523470 0.060880892 -0.104326703 0.061671730 0.990760326
1341846319.922039 -0.610176921 -0.045009866 -0.035093904 0.060132477 -0.108207144 0.063470855 0.990276098
1341846319.953946 -0.604868531 -0.047555186 -0.024875037 0.060663421 -0.115170881 0.059752800 0.989689410
1341846319.990054 -0.606711030 -0.044620894 -0.023876667 0.063621752 -0.117952079 0.052284997 0.989598811
1341846320.028122 -0.611860335 -0.047631018 -0.032353364 0.065473899 -0.121133976 0.051531274 0.989133060
1341846320.090047 -0.590554655 -0.034509495 -0.013516828 0.071978964 -0.130261824 0.051938295 0.987498462
1341846320.122011 -0.582732439 -0.030675661 -0.010958016 0.073045172 -0.128013551 0.052250341 0.987697721
1341846320.157952 -0.576768458 -0.034868337 -0.009334713 0.072852127 -0.125574723 0.052837767 0.987993777
1341846320.190003 -0.558608711 -0.039523888 0.001434490 0.075647742 -0.122837849 0.051170792 0.988215446
1341846320.221941 -0.554796219 -0.043270439 -0.004195601 0.078980573 -0.119262293 0.053225808 0.988284111
1341846320.258015 -0.549064815 -0.043261640 0.003872499 0.083490908 -0.118442416 0.055249568 0.987900853
1341846320.289887 -0.537155986 -0.053282820 -0.003072590 0.087821066 -0.119306274 0.056082193 0.987374425
1341846320.321954 -0.520906568 -0.052780960 -0.011563018 0.096941039 -0.120739043 0.055715851 0.986367226
1341846320.357890 -0.506072760 -0.040243540 0.005602516 0.103038140 -0.121093042 0.056667842 0.985651255
1341846320.390064 -0.489228070 -0.038035594 0.015503801 0.104684807 -0.117903881 0.057215426 0.985832691
1341846320.426544 -0.473010272 -0.039800696 0.025167555 0.107707679 -0.110736102 0.053085867 0.986569047
1341846320.458122 -0.459284693 -0.043890707 0.014829427 0.107813329 -0.103819020 0.051185414 0.987409711
1341846320.490186 -0.422498226 -0.046067446 -0.021878354 0.110100210 -0.097522318 0.051992182 0.987757146
1341846320.525911 -0.437318355 -0.047476746 0.016315371 0.114412270 -0.088968433 0.049613286 0.988196850
1341846320.558091 -0.406122476 -0.041867733 -0.002060391 0.115480445 -0.086109146 0.046219431 0.988490403
1341846320.594093 -0.404739290 -0.049156345 0.012879297 0.116673715 -0.080950417 0.041857392 0.988980412
1341846320.631955 -0.387280732 -0.045447383 0.010118589 0.119215384 -0.073294640 0.041143443 0.989304185
1341846320.664916 -0.376681238 -0.041787941 0.004962809 0.119338371 -0.070979238 0.039676145 0.989518106
1341846320.699927 -0.351940662 -0.043258555 0.019794047 0.119485565 -0.068561628 0.037863284 0.989741862
1341846320.731822 -0.336104751 -0.037839241 0.027461283 0.121961556 -0.062041230 0.036845490 0.989908397
1341846320.763877 -0.349647611 -0.012050333 0.001920592 0.120997094 -0.059535328 0.037665170 0.990149796
1341846320.799999 -0.333889902 -0.040792421 -0.003310446 0.112032302 -0.061661098 0.033133760 0.991235971
1341846320.831871 -0.306156784 -0.034661200 -0.016002363 0.115072154 -0.049637426 0.026329841 0.991766751
1341846320.863887 -0.294649243 -0.025911670 0.017305028 0.113436319 -0.042995840 0.029035576 0.992189765
1341846320.900014 -0.309760988 -0.037571598 0.032888260 0.106048882 -0.047240488 0.033986446 0.992656469
1341846320.931889 -0.280206442 -0.046340492 0.027179759 0.106801756 -0.047947794 0.032267403 0.992599249
1341846320.967866 -0.287451416 -0.019203041 0.015775945 0.107807532 -0.041563064 0.029529402 0.992863536
1341846321.000017 -0.288699299 -0.025485126 0.021344982 0.101440176 -0.040759236 0.027524449 0.993625164
1341846321.031860 -0.261892349 -0.043543145 0.009601042 0.097967975 -0.041327421 0.026379663 0.993981063
1341846321.068047 -0.253926873 -0.032061052 0.013332849 0.099077947 -0.037608497 0.023219084 0.994097590
1341846321.099840 -0.254157305 -0.032599784 0.010420155 0.096622497 -0.035917759 0.023976641 0.994383812
1341846321.131821 -0.229004323 -0.040891733 0.015792198 0.096479058 -0.035399836 0.025271503 0.994384229
1341846321.167887 -0.208628848 -0.035188295 0.043111883 0.099905729 -0.032225586 0.026686903 0.994116783
1341846321.200042 -0.213609859 -0.032264244 0.031111414 0.100135788 -0.028904174 0.025788140 0.994219482
1341846321.231950 -0.209768146 -0.041831244 0.013503328 0.098842062 -0.027593380 0.024732232 0.994412959
1341846321.267939 -0.194136798 -0.041262075 -0.006444224 0.098999068 -0.025966175 0.019957280 0.994548440
1341846321.299948 -0.177752331 -0.038968273 0.020717628 0.098075040 -0.022325955 0.014421611 0.994824052
1341846321.331858 -0.175948054 -0.041988797 0.027148098 0.098329239 -0.018896248 0.010594370 0.994918108
1341846321.367913 -0.149881944 -0.047828138 0.033530638 0.099537894 -0.017505113 0.006335203 0.994859576
1341846321.399897 -0.154062927 -0.047096681 0.013733581 0.101144128 -0.011864847 0.005072171 0.994788110
1341846321.435994 -0.154077068 -0.050891850 0.015295185 0.102334887 -0.007805379 0.004167913 0.994710624
1341846321.467946 -0.139405340 -0.049773034 0.017954296 0.104317673 -0.005929453 0.005357946 0.994511902
1341846321.499882 -0.126484945 -0.051553614 0.018490752 0.105640337 -0.003520940 0.006364441 0.994377792
1341846321.536109 -0.093644798 -0.035298757 0.019902404 0.106346011 0.000118831 0.003357450 0.994323552
1341846321.568960 -0.121422112 -0.033919476 0.012142046 0.103006370 0.009218543 0.000034766 0.994637966
1341846321.603938 -0.105978198 -0.035696395 0.024036113 0.099854156 0.010882930 -0.000000070 0.994942546
1341846321.637163 -0.072646290 -0.025317924 -0.003976302 0.097616613 0.013468601 -0.000754177 0.995132685
1341846321.668306 -0.092410430 -0.031860936 0.018731656 0.092679851 0.025389677 0.001738685 0.995370626
1341846321.704411 -0.098891258 -0.029328547 0.034413412 0.089778736 0.027243596 0.008930245 0.995549023
1341846321.736861 -0.084583916 -0.029316889 0.039466787 0.088742420 0.024130715 0.017379262 0.995610595
1341846321.771881 -0.070745893 -0.014022969 0.037926260 0.087067358 0.023565954 0.022887288 0.995660603
1341846321.804114 -0.061124794 -0.020077739 0.040071283 0.082410440 0.025721088 0.025542218 0.995939016
1341846321.836152 -0.063098371 -0.010647913 0.045193449 0.080146886 0.028621839 0.025733359 0.996039689
1341846321.871882 -0.059365418 -0.005979228 0.041423392 0.075000085 0.029494761 0.024252150 0.996452153
1341846321.904074 -0.052458614 -0.007023579 0.050284222 0.068509281 0.030858969 0.020160738 0.996969223
1341846321.939847 -0.043174893 -0.014360888 0.054821339 0.064023323 0.033191413 0.018115275 0.997231722
1341846322.004094 -0.050149210 -0.019150054 0.049454983 0.057116721 0.031682160 0.017447175 0.997712135
1341846322.066178 -0.037180077 -0.024869116 0.049295180 0.051820468 0.036312632 0.013659799 0.997902513
1341846322.107979 -0.040702950 -0.041241150 0.050751425 0.048656244 0.038616110 0.012312360 0.997992873
1341846322.166164 -0.042641249 -0.064034663 0.049846355 0.051353522 0.038610809 0.012237868 0.997858822
1341846322.202932 -0.034747202 -0.068645112 0.049398907 0.052709311 0.035487369 0.012992534 0.997894585
1341846322.234093 -0.037111226 -0.070150688 0.048968114 0.052049272 0.034348480 0.010712578 0.997996092
1341846322.265941 -0.035861038 -0.079994082 0.048756588 0.049640652 0.031251471 0.011783549 0.998208582
1341846322.301996 -0.028170506 -0.095897101 0.048950076 0.046898853 0.028940223 0.012859659 0.998397529
1341846322.333949 -0.040469781 -0.112758689 0.045431741 0.045620307 0.028297028 0.011330195 0.998493671
1341846322.369871 -0.016274448 -0.127764881 0.052442353 0.046296138 0.020550001 0.009741037 0.998668849
1341846322.402292 -0.011385583 -0.136402935 0.049110521 0.049000308 0.022437857 0.003305521 0.998541236
1341846322.433955 -0.027032336 -0.157332301 0.050921373 0.053310316 0.025028914 -0.000919623 0.998263896
1341846322.470030 -0.026714288 -0.169328406 0.054211274 0.061558262 0.020780722 0.003186581 0.997882068
1341846322.502433 -0.011838247 -0.180122763 0.049193919 0.067765854 0.016645586 0.006170989 0.997543275
1341846322.534002 -0.005719021 -0.193053558 0.048773997 0.076480053 0.016317308 0.008003565 0.996905446
1341846322.570196 -0.008705355 -0.211378649 0.053475920 0.084500276 0.016165074 0.010542246 0.996236563
1341846322.601920 -0.011979954 -0.216894940 0.047129516 0.090439357 0.013377858 0.014145084 0.995711684
1341846322.638119 -0.002891595 -0.234532446 0.053095017 0.095262229 0.009860115 0.012238328 0.995328128
1341846322.669947 0.019133367 -0.235546619 0.056454148 0.100568049 0.011376575 0.013495521 0.994773567
1341846322.702026 0.005969681 -0.254275858 0.057640590 0.102368250 0.013883733 0.015869386 0.994523048
1341846322.738006 0.003095394 -0.249697506 0.053204250 0.104965471 0.011547633 0.015931791 0.994281173
1341846322.770087 0.014669435 -0.274273157 0.054755554 0.103754275 0.011569595 0.016174193 0.994404137
1341846322.806047 0.002044167 -0.282171071 0.057516012 0.107499659 0.012355041 0.017809553 0.993968844
1341846322.838063 0.008438990 -0.292731792 0.059266604 0.109276913 0.006951916 0.020151105 0.993782759
1341846322.870081 0.005260515 -0.305338651 0.060105540 0.111137025 0.002660889 0.020907192 0.993581593
1341846322.906018 0.019892558 -0.307904392 0.063234955 0.116158471 0.000398145 0.021129154 0.993005872
1341846322.938349 0.015418476 -0.296595454 0.063622244 0.117611803 0.001748678 0.022070171 0.992812872
1341846322.970069 0.018279023 -0.296622932 0.067146800 0.112869665 0.001127184 0.023780212 0.993324578
1341846323.011820 0.019991465 -0.315696210 0.072837055 0.109659687 0.001633344 0.024222037 0.993672669
1341846323.073951 0.021024721 -0.314508915 0.075426742 0.106932253 0.001178821 0.029145405 0.993838370
1341846323.105962 0.022768976 -0.338981837 0.079348736 0.103294455 0.001023898 0.028476136 0.994242609
1341846323.138158 0.020918190 -0.339182466 0.079164051 0.104174793 0.001316255 0.024627060 0.994253159
1341846323.174092 0.019177457 -0.341054857 0.078000538 0.102120124 0.000784212 0.023259681 0.994499803
1341846323.206059 0.028117118 -0.346411616 0.076185666 0.099063717 0.000000908 0.022631539 0.994823694
1341846323.238053 0.030955656 -0.347465336 0.078444116 0.096858613 0.002790417 0.019479983 0.995103657
1341846323.273997 0.011260699 -0.347786665 0.072233565 0.093284309 0.004309024 0.019951208 0.995430291
1341846323.305946 0.019058796 -0.354929686 0.078732684 0.088119015 -0.000020274 0.020954069 0.995889544
1341846323.342027 0.045132440 -0.367956698 0.082663134 0.086316012 0.000121154 0.019168414 0.996083379
1341846323.374048 0.024118153 -0.387560099 0.081596941 0.084544666 0.004785955 0.021597805 0.996174157
1341846323.405987 0.011013365 -0.391588449 0.070441872 0.085564271 0.001450425 0.026025977 0.995991588
1341846323.441956 0.025233122 -0.402496874 0.081817262 0.086633414 -0.003410826 0.028299335 0.995832384
1341846323.473878 0.025868494 -0.414154679 0.081844635 0.090866067 -0.001764887 0.026061427 0.995520473
1341846323.506129 0.021486184 -0.406388730 0.077931017 0.093464904 -0.001792875 0.023881635 0.995334506
1341846323.541972 0.026617173 -0.404939026 0.070094779 0.092318602 -0.001930812 0.020832254 0.995509684
1341846323.573913 0.049211279 -0.420217007 0.076945305 0.091545895 0.000691220 0.016400171 0.995665550
1341846323.609927 0.037048548 -0.428985894 0.075916976 0.091402709 0.007731121 0.012901162 0.995700419
1341846323.642014 0.030093804 -0.444221079 0.077560328 0.088871054 0.009191962 0.014194785 0.995899618
1341846323.674081 0.028853927 -0.456188112 0.078130037 0.088513181 0.007602174 0.016836012 0.995903730
1341846323.710069 0.029566014 -0.464310586 0.077247724 0.090873756 0.006543447 0.020072548 0.995638609
1341846323.742111 0.022969998 -0.483172178 0.074206792 0.095058925 0.005002406 0.020597154 0.995245993
1341846323.774928 0.032260574 -0.483551621 0.065860175 0.097329631 0.001990443 0.019247554 0.995064080
1341846323.810012 0.032809369 -0.489575148 0.066097409 0.098681465 0.000904691 0.015187602 0.995002806
1341846323.842207 0.035667259 -0.489523053 0.063046701 0.101036638 0.000956108 0.009613237 0.994835794
1341846323.878019 0.028908154 -0.504630744 0.057924449 0.101140834 0.000562183 0.005751966 0.994855285
1341846323.909826 0.034164373 -0.510735750 0.058646165 0.104529537 -0.001349470 0.002124799 0.994518578
1341846323.942459 0.027212033 -0.516091466 0.058206812 0.108230062 -0.001027408 0.000546257 0.994125187
1341846323.978055 0.023039693 -0.519181907 0.046320811 0.110405013 -0.003533869 0.002468385 0.993877351
1341846324.015934 0.029423410 -0.527291298 0.057826482 0.113241009 -0.006373346 0.002990274 0.993542612
1341846324.047722 0.030194396 -0.514172792 0.063188426 0.118132629 -0.004655289 0.001364972 0.992985964
1341846324.083904 0.031638701 -0.499394923 0.063031137 0.118746467 -0.003319873 0.001931889 0.992917180
1341846324.115968 0.035164267 -0.494428933 0.059240595 0.116635568 -0.001972720 -0.000321996 0.993172765
1341846324.151967 0.036545273 -0.492424846 0.053753726 0.115963563 0.001120006 -0.005530103 0.993237436
1341846324.183941 0.028418418 -0.477061301 0.063250855 0.113482915 0.005783885 -0.008689596 0.993485093
1341846324.219984 0.023464359 -0.472307175 0.062352404 0.109617658 0.007790731 -0.008133975 0.993910015
1341846324.251968 0.023888126 -0.474672079 0.062329143 0.108434618 0.007748881 -0.007724584 0.994043350
1341846324.284052 0.018184198 -0.460884333 0.064490065 0.109534584 0.007294275 -0.008787480 0.993917346
1341846324.319880 0.013988462 -0.442224532 0.057819411 0.109219670 0.003999044 -0.010076381 0.993958533
1341846324.351917 0.023143258 -0.423715681 0.056884445 0.106097676 -0.000112538 -0.010127206 0.994304121
1341846324.388001 0.029054578 -0.413812876 0.059102632 0.102391906 -0.000014289 -0.015308791 0.994626343
1341846324.419908 0.019458745 -0.403896034 0.067557506 0.097040236 0.002810440 -0.017571684 0.995121360
1341846324.452027 0.019368168 -0.403867483 0.072973661 0.092461497 0.002745081 -0.017132523 0.995565057
1341846324.487928 0.015127370 -0.395225704 0.075865433 0.091240995 0.002503528 -0.014859230 0.995714843
1341846324.519985 0.001922121 -0.373949409 0.076693304 0.091777705 0.001084262 -0.011424741 0.995713413
1341846324.556001 0.002446428 -0.360964060 0.075164936 0.089195535 -0.003963110 -0.006964223 0.995981932
1341846324.587888 0.006214589 -0.351749539 0.075107493 0.085737221 -0.007294879 -0.005045669 0.996278286
1341846324.620086 0.009285131 -0.345551789 0.078692153 0.083328277 -0.010127978 -0.007028617 0.996445894
1341846324.655955 0.010172785 -0.330472171 0.082321033 0.082591347 -0.010906619 -0.008022517 0.996491551
1341846324.688082 0.011481225 -0.329146534 0.082598872 0.081705712 -0.011246768 -0.007268466 0.996566534
1341846324.755922 -0.007788417 -0.291938752 0.086599156 0.083511449 -0.013548534 -0.003266973 0.996409357
1341846324.814016 0.010445233 -0.255955637 0.080270521 0.079066008 -0.020129694 -0.006311171 0.996646166
1341846324.849979 -0.000729851 -0.246893138 0.091748513 0.073310502 -0.016323395 -0.008748124 0.997137189
1341846324.881924 -0.011865720 -0.243589982 0.097322330 0.070379354 -0.016967742 -0.009308194 0.997332573
1341846324.913902 -0.006689785 -0.232762873 0.098003156 0.069478996 -0.018669700 -0.005897327 0.997391284
1341846324.949999 -0.006871845 -0.236271888 0.103020780 0.069743380 -0.018911926 -0.002498685 0.997382581
1341846324.981922 -0.017732514 -0.232776523 0.100189164 0.073800139 -0.020774027 0.000599275 0.997056484
1341846325.018013 -0.021230284 -0.216701090 0.094706602 0.078612998 -0.025628917 0.002864607 0.996571600
1341846325.050079 -0.021981575 -0.201239333 0.096862279 0.080743000 -0.030820202 0.001889980 0.996256590
1341846325.081901 -0.018217806 -0.179257542 0.093013823 0.080521703 -0.036417078 0.000186814 0.996087372
1341846325.118531 -0.007683630 -0.160546392 0.094505861 0.076931253 -0.038502999 -0.002023844 0.996290624
1341846325.149933 -0.011608968 -0.161792174 0.096034564 0.070969433 -0.035962712 -0.004052127 0.996821821
1341846325.181925 -0.015411144 -0.157263413 0.095186174 0.067434870 -0.034547299 -0.001163484 0.997124732
1341846325.218055 -0.016701963 -0.151577160 0.101598412 0.064825386 -0.034498330 0.002928497 0.997295856
1341846325.249811 -0.018998424 -0.145096943 0.098308124 0.062126894 -0.034373265 0.005298694 0.997462094
1341846325.285925 -0.016905403 -0.133631364 0.095239908 0.060036898 -0.035138845 0.009387268 0.997533381
1341846325.317988 -0.004682520 -0.138005167 0.104487263 0.056944821 -0.033270452 0.011044782 0.997761667
1341846325.349844 -0.004548448 -0.138733909 0.116175696 0.060366847 -0.028674621 0.014423919 0.997660041
1341846325.387302 -0.004127810 -0.125175983 0.117910191 0.065579064 -0.026063064 0.016711606 0.997366905
1341846325.417931 0.005609480 -0.118593395 0.122401007 0.068257965 -0.021897806 0.019726072 0.997232258
1341846325.450747 0.008430927 -0.127714127 0.108242586 0.071992621 -0.012946277 0.021337170 0.997092843
1341846325.485954 -0.007941757 -0.102163807 0.127646863 0.082254164 -0.005743845 0.023114586 0.996326745
1341846325.517875 -0.007588429 -0.093137018 0.122868478 0.085800692 -0.003219939 0.025714718 0.995975196
1341846325.553859 -0.005971739 -0.086774290 0.124633700 0.088855527 0.000226524 0.025371410 0.995721281
1341846325.585855 -0.015223305 -0.068720438 0.124067664 0.091513090 0.003874691 0.023297979 0.995523691
1341846325.617990 -0.017381625 -0.046060719 0.125785664 0.089615792 0.005648602 0.021980233 0.995717764
1341846325.653982 -0.020166190 -0.065886967 0.130095273 0.085143782 0.007643357 0.019157059 0.996155143
1341846325.685819 -0.018849075 -0.060616896 0.135968953 0.091038428 0.008861841 0.020348642 0.995599985
1341846325.717857 -0.023119420 -0.046183072 0.137755573 0.095723376 0.010045437 0.027372282 0.994980812
1341846325.754083 -0.028276676 -0.046573859 0.137857184 0.098356724 0.010481428 0.031282406 0.994604170
1341846325.786087 -0.021909997 -0.043637618 0.129465446 0.104253970 0.010726858 0.033584759 0.993925631
1341846325.821856 -0.023737580 -0.021686655 0.135111332 0.109339297 0.012325638 0.034361191 0.993333876
1341846325.853827 -0.032302774 -0.016436314 0.140614569 0.109736256 0.013343830 0.038461193 0.993126690
1341846325.885958 -0.040632356 -0.001540229 0.137351692 0.110747218 0.010867125 0.044225313 0.992804646
1341846325.921984 -0.036782734 0.003744226 0.142835334 0.109929398 0.006843638 0.048222680 0.992745280
1341846325.953899 -0.025807319 0.007045723 0.142972931 0.112824418 0.006914882 0.049722102 0.992345929
1341846325.985823 -0.031102590 0.022396386 0.148824900 0.116121501 0.009992070 0.053570505 0.991738975
1341846326.021991 -0.034071784 0.020704318 0.145110935 0.118123882 0.010105911 0.059575349 0.991158605
1341846326.054055 -0.029314408 0.033461962 0.147803515 0.123619609 0.008942842 0.063211843 0.990273893
1341846326.089984 -0.025718924 0.054751329 0.143637523 0.126536965 0.011107951 0.062235191 0.989945352
1341846326.121822 -0.028887445 0.059556432 0.149920404 0.125343025 0.015161213 0.059110865 0.990234911
1341846326.154079 -0.035948977 0.063769326 0.155864641 0.126082107 0.018128358 0.057134438 0.990207195
1341846326.190178 -0.037689663 0.075709611 0.157281756 0.128641501 0.017456029 0.059915207 0.989725649
1341846326.222162 -0.041309580 0.094634391 0.153332323 0.128367096 0.015970778 0.066182621 0.989387035
1341846326.259181 -0.045080204 0.107366361 0.158521175 0.125432894 0.013591793 0.069614410 0.989563406
1341846326.322766 -0.040113974 0.129550010 0.170435548 0.118248865 0.012840672 0.068594694 0.990528703
1341846326.359773 -0.037949793 0.131261915 0.167740062 0.113940977 0.013970267 0.066608422 0.991153657
1341846326.392109 -0.035808720 0.126744434 0.178119957 0.112231217 0.015802801 0.067229584 0.991279304
1341846326.423985 -0.038180172 0.133750543 0.178035736 0.116513476 0.016640095 0.073055878 0.990358829
1341846326.459869 -0.044999890 0.151278526 0.179708093 0.119373940 0.014604900 0.075776309 0.989845693
1341846326.526163 -0.034441367 0.179919749 0.178158030 0.119325019 0.015856914 0.076009735 0.989814460
1341846326.560211 -0.039858412 0.193098202 0.190009192 0.115051836 0.020137038 0.074928649 0.990324855
1341846326.591828 -0.039011803 0.203572884 0.192209736 0.112386972 0.021819739 0.076775856 0.990453720
1341846326.627027 -0.036080882 0.213978097 0.194482803 0.112169333 0.023120625 0.076484397 0.990471423
1341846326.658442 -0.035717148 0.232911870 0.197092399 0.110457502 0.027065897 0.074496105 0.990715384
1341846326.694856 -0.044002924 0.236181378 0.190852880 0.105913050 0.030877978 0.075012878 0.991061091
1341846326.726206 -0.042233620 0.253327012 0.197655991 0.100582123 0.031774610 0.073542990 0.991698086
1341846326.762753 -0.041930098 0.257689595 0.192066759 0.094126925 0.034397993 0.069590613 0.992529154
1341846326.826821 -0.047907583 0.286546230 0.196761996 0.078957506 0.040794507 0.065915063 0.993859529
1341846326.858887 -0.052710906 0.294013888 0.206302077 0.071223184 0.042283859 0.064616993 0.994466722
1341846326.895360 -0.051017739 0.294473290 0.215604722 0.068993308 0.041518003 0.066830657 0.994509876
1341846326.926897 -0.054049913 0.298121870 0.223866791 0.070727050 0.038015466 0.068523958 0.994412959
1341846326.958888 -0.049479328 0.318982780 0.216377586 0.074468344 0.035433743 0.070943877 0.994065404
1341846326.994594 -0.043219361 0.336449534 0.217732728 0.075360835 0.035451695 0.073759593 0.993792474
1341846327.026301 -0.046867557 0.344326168 0.210738003 0.072954811 0.037161537 0.071528547 0.994072616
1341846327.063945 -0.040957600 0.344966054 0.216875792 0.069305770 0.038913839 0.069179438 0.994432867
1341846327.094662 -0.044590518 0.355857819 0.223024592 0.069324307 0.041598182 0.067475274 0.994440019
1341846327.128901 -0.040830716 0.372190535 0.221024364 0.068996765 0.040889814 0.067462623 0.994493008
1341846327.161940 -0.062673151 0.385653943 0.203156218 0.067991413 0.042692520 0.065035954 0.994648099
1341846327.193867 -0.035920456 0.392099708 0.226106703 0.066834942 0.040773328 0.063892402 0.994881094
1341846327.229885 -0.017638592 0.408918470 0.238214046 0.068105042 0.041537385 0.064844094 0.994701743
1341846327.262014 -0.020600591 0.415725142 0.225269943 0.067368530 0.047342386 0.059643712 0.994817972
1341846327.294023 -0.018016467 0.429842353 0.235183895 0.071838729 0.060227644 0.053985197 0.994131505
1341846327.330015 -0.024218749 0.448105842 0.210279778 0.073783875 0.069740437 0.050962955 0.993526518
1341846327.361939 -0.027840139 0.464331239 0.234430298 0.071646951 0.075280093 0.046477623 0.993498564
1341846327.393887 -0.021003809 0.474878043 0.231112063 0.070183724 0.076226868 0.040961578 0.993773520
1341846327.429966 -0.040639222 0.503909767 0.240025416 0.069989607 0.077719197 0.041615058 0.993644476
1341846327.461965 -0.039978288 0.522533417 0.259511858 0.063081108 0.073416233 0.041015264 0.994458914
1341846327.497931 -0.050221950 0.510002494 0.262170553 0.054515541 0.074287735 0.037587706 0.995035946
1341846327.530068 -0.031300217 0.543599427 0.261936188 0.057403088 0.071036674 0.042673804 0.994905829
1341846327.561895 -0.091423772 0.538036585 0.274312705 0.053958248 0.079220533 0.047171764 0.994277358
1341846327.598010 -0.056062620 0.559606433 0.280787528 0.058818195 0.069839403 0.051864859 0.994471192
1341846327.629945 -0.103019074 0.557135046 0.269834310 0.055693883 0.071952149 0.049259461 0.994632900
1341846327.662003 -0.175976008 0.548941672 0.299023926 0.053429287 0.082369760 0.043678977 0.994209588
1341846327.697919 -0.230185837 0.543564022 0.296762764 0.051729918 0.090375178 0.040494278 0.993738651
1341846327.730075 -0.175683394 0.621933639 0.292541683 0.060753949 0.079191156 0.040314950 0.994189322
1341846327.766017 -0.159866661 0.619261205 0.302036136 0.054346662 0.075668618 0.041671898 0.994778454
1341846327.797917 -0.194011420 0.642400384 0.294049621 0.052116230 0.081883714 0.040718876 0.994445026
1341846327.830054 -0.205690071 0.646478891 0.298697412 0.045496572 0.083570592 0.039433047 0.994681358
1341846327.865944 -0.208615676 0.649371743 0.304891944 0.041494403 0.085905686 0.038922042 0.994677544
1341846327.898010 -0.221751243 0.658683538 0.308728516 0.039023668 0.089131564 0.038206913 0.994521439
1341846327.929991 -0.229919001 0.670321584 0.314122468 0.035533406 0.089134485 0.035565156 0.994749963
1341846327.966065 -0.224307090 0.673807681 0.308924556 0.029946549 0.088762186 0.032494705 0.995072186
1341846327.998073 -0.222548008 0.677526534 0.308452308 0.022865441 0.089890763 0.028622400 0.995277643
1341846328.034045 -0.228571936 0.683757782 0.306183219 0.016825490 0.091447122 0.028573763 0.995257676
1341846328.065993 -0.236292660 0.684337258 0.309796304 0.011724389 0.093688138 0.028945928 0.995111644
1341846328.098045 -0.235516697 0.680626750 0.314614236 0.012092697 0.093808912 0.030950315 0.995035529
1341846328.133967 -0.240754202 0.670231938 0.306255549 0.012986295 0.093315229 0.034282330 0.994961500
1341846328.166023 -0.240408108 0.659847379 0.304076582 0.010691870 0.089764096 0.035286453 0.995280325
1341846328.198018 -0.234064713 0.643562317 0.300588191 0.009131880 0.085682586 0.034533624 0.995681942
1341846328.234044 -0.213287875 0.611517668 0.294417977 0.006929988 0.080853641 0.034876257 0.996091545
1341846328.265899 -0.212628141 0.599712849 0.293178976 0.008383279 0.078811012 0.035489988 0.996222377
1341846328.302051 -0.205126002 0.580143511 0.295017391 0.009497046 0.077469282 0.038032666 0.996223807
1341846328.333917 -0.196415991 0.583678544 0.295761198 0.016640257 0.075497366 0.042902265 0.996083617
1341846328.366008 -0.162684500 0.531879604 0.291072309 0.013247903 0.069540530 0.042594131 0.996581316
1341846328.402010 -0.187090620 0.511646986 0.298606753 0.024542913 0.076139905 0.046007693 0.995732725
1341846328.433920 -0.163625300 0.549466193 0.286835104 0.038869675 0.069457695 0.048225433 0.995660126
1341846328.470003 -0.086014330 0.472731560 0.257812649 0.026936300 0.055108123 0.039716639 0.997326493
1341846328.502194 -0.138962314 0.472810537 0.260993421 0.034205165 0.066916265 0.029009402 0.996750057
1341846328.534033 -0.091278672 0.447452694 0.254900903 0.032797281 0.061398774 0.028187998 0.997175992
1341846328.570125 -0.113581441 0.414077520 0.267273933 0.032868221 0.065226108 0.031238401 0.996839702
1341846328.602804 -0.152152523 0.377724439 0.269021332 0.036303081 0.066154599 0.033740599 0.996577740
1341846328.672663 -0.128926784 0.366268396 0.254387081 0.050521944 0.050706279 0.031205280 0.996946692
1341846328.702975 -0.160052702 0.347938716 0.263624907 0.052760091 0.053928126 0.028118566 0.996753454
1341846328.770129 -0.124448031 0.323598564 0.242059261 0.061262295 0.045436092 0.027683889 0.996702611
1341846328.802331 -0.110852651 0.318724513 0.247031555 0.063512444 0.039953455 0.029465917 0.996745527
1341846328.838051 -0.082358763 0.282953441 0.233077109 0.064391941 0.033676405 0.025534226 0.997029364
1341846328.869939 -0.088667646 0.286215961 0.223098844 0.064788327 0.033916458 0.024561215 0.997020006
1341846328.904486 -0.041825123 0.265688568 0.217804998 0.059802324 0.023454495 0.024164952 0.997642040
1341846328.939814 -0.045083240 0.228141531 0.221040368 0.060953211 0.021568058 0.022725949 0.997648776
1341846328.970217 -0.037151773 0.261195898 0.202949628 0.070939109 0.019026080 0.029673882 0.996857643
1341846329.006232 -0.007243671 0.213932067 0.199542671 0.065313399 0.011422929 0.032163117 0.997280896
1341846329.038243 -0.001176793 0.206348658 0.209344506 0.070344269 0.009737648 0.031207543 0.996986926
1341846329.106125 0.009183993 0.196502447 0.199031100 0.072497919 0.008033115 0.029157797 0.996909916
1341846329.138340 0.003560165 0.181710392 0.200552300 0.074482158 0.008481463 0.028334079 0.996783674
1341846329.169991 0.007419702 0.183676109 0.193526760 0.076975979 0.006973159 0.027558114 0.996627629
1341846329.208656 0.006483600 0.170961604 0.195692480 0.076606192 0.006387748 0.026524058 0.996688128
1341846329.238169 0.018410148 0.139273316 0.179721683 0.070682533 0.004069994 0.026016548 0.997151256
1341846329.273827 0.022126986 0.101210751 0.176868379 0.064452715 0.002806191 0.027175117 0.997546732
1341846329.306052 0.014089104 0.152192965 0.177024081 0.074886940 0.001272986 0.026471063 0.996839821
1341846329.338104 0.016038897 0.153519094 0.178703308 0.071606793 -0.000338734 0.024082098 0.997142136
1341846329.373907 0.022126459 0.116826400 0.195527315 0.065372646 -0.002474784 0.022621399 0.997601390
1341846329.405985 0.029296558 0.093172014 0.186799660 0.063750640 -0.004781560 0.019693850 0.997760057
1341846329.442057 0.051429704 0.076742455 0.146282762 0.060292501 -0.008417448 0.015630135 0.998022854
1341846329.473950 0.071691692 0.046160128 0.157141417 0.056409873 -0.013356395 0.010672548 0.998261273
1341846329.506147 0.074819811 0.053184912 0.187769115 0.059330542 -0.016004462 0.009241964 0.998067260
1341846329.542121 0.015944598 0.081462674 0.159196094 0.064387053 -0.009193894 0.007671523 0.997853160
1341846329.574086 0.064699858 -0.006009539 0.149257064 0.053358678 -0.019107793 0.006429120 0.998371899
1341846329.606387 0.080281317 -0.007298330 0.178217292 0.056162257 -0.022518970 0.005619011 0.998151839
1341846329.641955 0.017706782 0.057608612 0.149931073 0.068963930 -0.013179609 0.005438698 0.997517228
1341846329.681570 0.058802232 -0.075269893 0.163916886 0.045973454 -0.023421288 0.005647247 0.998652101
1341846329.748113 0.047603644 0.017801853 0.149013281 0.065589435 -0.020400802 0.003518954 0.997631907
1341846329.810175 0.016538231 0.014087362 0.145597011 0.067614697 -0.012332313 0.007639545 0.997606039
1341846329.842255 0.013158812 -0.000528436 0.144620687 0.067768894 -0.011667623 0.010356532 0.997579038
1341846329.874044 0.014927187 -0.012732722 0.145739973 0.068405889 -0.012097186 0.014613640 0.997477174
1341846329.910073 0.015015069 0.001372661 0.145220548 0.070928127 -0.012791988 0.016891407 0.997256339
1341846329.942009 0.006947037 -0.000674672 0.148325697 0.065911777 -0.012297584 0.022837611 0.997488260
1341846329.978087 0.010188699 -0.047561605 0.146884039 0.060034476 -0.012903667 0.023142485 0.997844577
1341846330.016305 0.018864343 -0.033053063 0.146400139 0.063608155 -0.012885040 0.020926958 0.997672319
1341846330.048192 0.032667313 0.052164976 0.134641558 0.074156635 -0.014496994 0.025299724 0.996820211
1341846330.080418 0.036989350 0.008740546 0.123461097 0.065284535 -0.015207797 0.027850039 0.997362018
1341846330.115886 0.042802136 -0.011872647 0.128114596 0.066827148 -0.014174660 0.028552480 0.997255206
1341846330.147839 0.024051661 0.013505848 0.126193509 0.071725227 -0.011889183 0.030140854 0.996898055
1341846330.181257 0.021364657 0.044199523 0.127451465 0.070936546 -0.012215859 0.031697355 0.996902227
1341846330.215852 0.007496370 -0.038101278 0.128658876 0.051773906 -0.008506403 0.029323535 0.998191953
1341846330.247833 -0.001220639 -0.062829964 0.143881559 0.045383047 -0.006992021 0.028786760 0.998530328
1341846330.283913 0.008036396 -0.017363584 0.133701414 0.049258925 -0.009513955 0.029933440 0.998292089
1341846330.316011 -0.001493183 -0.055523403 0.121519797 0.038267605 -0.008803851 0.029252879 0.998800457
1341846330.347868 0.000415609 -0.079201184 0.118728310 0.033378992 -0.011114824 0.028979903 0.998960674
1341846330.383835 0.017599918 -0.081757806 0.120666184 0.031415261 -0.013540504 0.029532632 0.998978257
1341846330.415934 -0.000521994 -0.097976305 0.119942330 0.030128879 -0.009976800 0.025405858 0.999173284
1341846330.452561 -0.006607111 -0.098852143 0.118051581 0.033020515 -0.010183701 0.024777666 0.999095559
1341846330.483903 -0.013519479 -0.090548657 0.115666293 0.033782922 -0.011182943 0.027121067 0.998998523
1341846330.515970 -0.015723970 -0.105900891 0.113960683 0.031346418 -0.013109987 0.030092962 0.998969436
1341846330.552099 0.000938455 -0.091976941 0.117383718 0.035233539 -0.017006045 0.034072801 0.998653293
1341846330.583876 -0.008062509 -0.076962672 0.111808181 0.036357917 -0.016188730 0.034133274 0.998624504
1341846330.619992 -0.016507536 -0.061365157 0.113040641 0.033683065 -0.016794557 0.032757089 0.998754382
1341846330.652136 0.005269117 -0.042402435 0.112372667 0.031396355 -0.021954913 0.031689391 0.998763263
1341846330.683796 0.004313089 -0.045095596 0.108757101 0.026802786 -0.021862229 0.030887887 0.998924196
1341846330.719991 0.000228339 -0.060168874 0.101018935 0.023648104 -0.024060538 0.032222677 0.998911202
1341846330.752103 -0.004143914 -0.063335769 0.096350662 0.025275618 -0.027838185 0.036124881 0.998639643
1341846330.787952 -0.010618005 -0.061135512 0.082981683 0.026386233 -0.032016832 0.039572984 0.998354971
1341846330.819823 -0.005396967 -0.057640575 0.092664421 0.026394641 -0.037133370 0.040628623 0.998135149
1341846330.852208 -0.007352570 -0.048229832 0.085905530 0.026447309 -0.038443167 0.041603647 0.998043954
1341846330.914111 -0.028166391 -0.059764814 0.083941020 0.014210534 -0.038802426 0.040901467 0.998308301
1341846330.949903 -0.036766570 -0.076374859 0.081294730 0.009940691 -0.039223064 0.040434558 0.998362482
1341846330.981986 -0.046788018 -0.073913805 0.074205652 0.011243926 -0.043091964 0.040538818 0.998184979
1341846331.014111 -0.037717015 -0.068045437 0.074545257 0.011006480 -0.048142750 0.041968878 0.997897625
1341846331.082139 -0.039035916 -0.073172443 0.065956436 0.012489137 -0.050939295 0.038954753 0.997863531
1341846331.114334 -0.042234197 -0.067757495 0.066167258 0.012646209 -0.052860547 0.038899079 0.997763813
1341846331.149989 -0.040687114 -0.076788276 0.067993313 0.012448265 -0.053759232 0.037536301 0.997770488
1341846331.181954 -0.045568172 -0.077046052 0.063390471 0.015656961 -0.053625289 0.036078211 0.997786283
1341846331.218151 -0.052954368 -0.063805275 0.061434329 0.015869778 -0.056330848 0.037006371 0.997599840
1341846331.249914 -0.041739196 -0.076322891 0.055616830 0.012974516 -0.058867600 0.035523962 0.997549117
1341846331.318141 -0.032301974 -0.067184493 0.066044427 0.024463667 -0.049809020 0.031465873 0.997963130
1341846331.349926 -0.025996158 -0.066179015 0.066742018 0.023285752 -0.047648780 0.030627141 0.998122871
1341846331.382003 0.008883967 -0.085726745 0.082649052 0.024231544 -0.044300959 0.031557169 0.998225629
1341846331.418008 -0.013528790 -0.081103206 0.082230642 0.031608190 -0.031639490 0.030541942 0.998532474
1341846331.450327 -0.021186536 -0.075016104 0.076134108 0.033666559 -0.026136275 0.029784521 0.998647273
1341846331.486219 -0.025654705 -0.063862912 0.086486042 0.034407537 -0.024092201 0.031194290 0.998630345
1341846331.518344 -0.018368164 -0.070116252 0.088484272 0.032710731 -0.023579456 0.029695446 0.998745322
1341846331.550202 -0.014251616 -0.073969625 0.094933212 0.035162792 -0.018898616 0.028032545 0.998809576
1341846331.586139 -0.023973262 -0.062366743 0.098861426 0.037781980 -0.016905768 0.028404985 0.998739183
1341846331.617931 -0.015749324 -0.058806755 0.107819952 0.036898576 -0.017674241 0.028942576 0.998743474
1341846331.654027 -0.008011092 -0.066411346 0.117853016 0.036908362 -0.015391216 0.029017115 0.998778701
1341846331.686123 -0.016583171 -0.055860665 0.120710723 0.039915223 -0.011982344 0.031213239 0.998643577
1341846331.717954 -0.023590386 -0.044272833 0.128414363 0.037586659 -0.012491135 0.030670354 0.998744488
1341846331.754076 -0.011074118 -0.059656419 0.142521471 0.034118906 -0.012811001 0.029886557 0.998888671
1341846331.785920 -0.011074843 -0.061499506 0.152933255 0.036833290 -0.009755654 0.028072869 0.998879433
1341846331.818053 -0.013327035 -0.046573065 0.164438024 0.038361840 -0.008013525 0.028791234 0.998816907
1341846331.853849 -0.014237433 -0.057523958 0.178844497 0.036192495 -0.007445207 0.027661128 0.998934209
1341846331.885987 -0.008432179 -0.056449950 0.191115111 0.039223809 -0.005188405 0.025389927 0.998894393
1341846331.922014 -0.010447592 -0.051416665 0.200927302 0.041141041 -0.001804046 0.024004629 0.998863339
1341846331.954037 -0.003505509 -0.051735774 0.207692131 0.040890723 0.000478983 0.025018662 0.998850286
1341846331.986135 0.003582431 -0.064070024 0.212855428 0.042347006 0.005711615 0.025888890 0.998751163
1341846332.022364 -0.010563167 -0.065884463 0.235468462 0.049429029 0.011806633 0.025335757 0.998386443
1341846332.054175 -0.012893872 -0.058555372 0.248834103 0.056181274 0.011668332 0.028073229 0.997957647
1341846332.086502 -0.009914724 -0.052827284 0.262762308 0.059322409 0.011536984 0.029229937 0.997744143
1341846332.122051 -0.012926621 -0.049198050 0.275786251 0.061213847 0.013030604 0.028073393 0.997644722
1341846332.153983 -0.017277401 -0.035879575 0.283159286 0.059984770 0.012629207 0.026407616 0.997770011
1341846332.190165 -0.019435514 -0.033521533 0.300858557 0.053835440 0.011196580 0.024323136 0.998190761
1341846332.254145 -0.020048797 -0.052905902 0.329365760 0.052917298 0.011586579 0.021573387 0.998298645
1341846332.289948 -0.013714609 -0.034238700 0.340067238 0.057241205 0.010042766 0.024851739 0.998000503
1341846332.322172 -0.016158067 -0.041380011 0.353808194 0.057019930 0.010114165 0.026390731 0.997972906
1341846332.354003 -0.005436224 -0.048852257 0.356490552 0.058818650 0.011353695 0.024075976 0.997913718
1341846332.390180 -0.004006438 -0.025710803 0.364291430 0.062763900 0.015398346 0.021340065 0.997681439
1341846332.422055 -0.018888351 -0.036894117 0.375548512 0.058769837 0.019731326 0.016899416 0.997933447
1341846332.458114 -0.000707641 -0.028770057 0.385342628 0.059940238 0.019436823 0.014290337 0.997910380
1341846332.489993 -0.016055208 -0.028423192 0.401211768 0.060342301 0.022987178 0.015425470 0.997793794
1341846332.522130 -0.019059768 -0.019705417 0.410703123 0.060718566 0.018903719 0.021884877 0.997735918
1341846332.558114 -0.017479058 -0.023482800 0.415237486 0.060430519 0.013410090 0.028350994 0.997679591
1341846332.589874 -0.006891639 -0.015907604 0.425539583 0.060309187 0.009892910 0.032886345 0.997588813
1341846332.621889 -0.005230593 -0.010019328 0.432496786 0.056475256 0.009856000 0.035088141 0.997738540
1341846332.658202 -0.001345201 -0.009719577 0.441462249 0.053191777 0.010038287 0.033502847 0.997971594
1341846332.690001 0.001414509 -0.004638605 0.450962603 0.051442001 0.010872224 0.034363028 0.998025358
1341846332.726000 -0.005654840 -0.021415733 0.467904598 0.047966726 0.010655436 0.038606055 0.998045683
1341846332.758386 -0.003415279 -0.019062456 0.469370484 0.048711583 0.008111877 0.039117727 0.998013616
1341846332.789937 0.009940980 -0.009535182 0.478634447 0.048795916 0.007693576 0.038877979 0.998022199
1341846332.825925 0.007813761 -0.011000089 0.495146573 0.046392385 0.010938613 0.036694966 0.998189092
1341846332.857898 0.013720175 -0.010338675 0.506224990 0.047446825 0.011380414 0.036391333 0.998145759
1341846332.894069 0.014641650 0.004857615 0.516680002 0.048601680 0.011238423 0.036628667 0.998083115
1341846332.926029 0.022474229 0.006629288 0.520389915 0.044865657 0.011129870 0.034781236 0.998325348
1341846332.958015 0.025830610 0.010105323 0.529402673 0.042440362 0.013063973 0.032615185 0.998481035
1341846332.994073 0.023301192 0.011973515 0.535093009 0.039339200 0.015029583 0.030420741 0.998649657
1341846333.026545 0.029645540 0.010775477 0.542498112 0.036590915 0.015726348 0.028385900 0.998803318
1341846333.057998 0.040478162 0.012574695 0.554533422 0.035667356 0.016770687 0.029207703 0.998796046
1341846333.094024 0.040260479 0.012030452 0.562289774 0.035896011 0.018878758 0.032406744 0.998651505
1341846333.126095 0.045147903 0.015531130 0.565580547 0.036522448 0.020387150 0.034237467 0.998538077
1341846333.161973 0.047215357 0.024032876 0.573008716 0.036082882 0.023202864 0.035105567 0.998462439
1341846333.195660 0.046841901 0.023130793 0.579322994 0.033190992 0.025401358 0.037552357 0.998420238
1341846333.226331 0.050186597 0.023038980 0.582256615 0.031775914 0.025544988 0.037222978 0.998474896
1341846333.262056 0.048364356 0.033195674 0.592426121 0.029353011 0.026713276 0.034658056 0.998610854
1341846333.294147 0.049008414 0.028942879 0.600268424 0.025547663 0.026563644 0.034272041 0.998732746
1341846333.326100 0.051873699 0.032046184 0.604117930 0.023806470 0.025299193 0.032450981 0.998869419
1341846333.362100 0.053426273 0.039544143 0.601854146 0.021178018 0.024620239 0.030841013 0.998996556
1341846333.394119 0.052293453 0.033302568 0.614851534 0.017402723 0.024102237 0.030507585 0.999092340
1341846333.429974 0.055367552 0.031964947 0.613013506 0.016212441 0.021868156 0.030233439 0.999172091
1341846333.462115 0.041470762 0.023427734 0.605452657 0.014304024 0.024470421 0.028240258 0.999199212
1341846333.494040 0.061279692 0.034859277 0.624048471 0.017772198 0.022762069 0.027705744 0.999198914
1341846333.529953 0.068159074 0.031003347 0.620873749 0.017864095 0.022996414 0.027953943 0.999184966
1341846333.562063 0.064202644 0.032565415 0.622188807 0.018847588 0.025928369 0.029751584 0.999043226
1341846333.594090 0.055313729 0.038061239 0.624370873 0.018117685 0.026341524 0.030780444 0.999014735
1341846333.629994 0.058644541 0.044562109 0.624712169 0.015451107 0.022976341 0.029497782 0.999181271
1341846333.662127 0.060966007 0.043778680 0.620082378 0.012190040 0.021698534 0.028647140 0.999279678
1341846333.697964 0.064115182 0.037049405 0.620726228 0.009791898 0.021240814 0.029674215 0.999285936
1341846333.730092 0.063990422 0.032028276 0.614861012 0.011623211 0.021551736 0.030539075 0.999233603
1341846333.762089 0.062640838 0.034612045 0.609645069 0.013710463 0.022192916 0.032364760 0.999135613
1341846333.798006 0.061957560 0.032277472 0.607993007 0.015022957 0.022896722 0.032266323 0.999104083
1341846333.830055 0.059483252 0.030583313 0.601756334 0.017109200 0.024620714 0.029776506 0.999106824
1341846333.866045 0.055411048 0.032215044 0.597735047 0.018581629 0.026198139 0.028482296 0.999078155
1341846333.897987 0.047520816 0.028366251 0.594018877 0.019957418 0.027370032 0.027009837 0.999061108
1341846333.930099 0.051316693 0.029622702 0.589952767 0.023278560 0.027498337 0.026274098 0.999005318
1341846333.965889 0.050312452 0.027523044 0.583920598 0.025226085 0.028117917 0.026031645 0.998947144
1341846333.997985 0.049737349 0.021037757 0.578190982 0.027245561 0.029194418 0.025962017 0.998865008
1341846334.030076 0.048258111 0.024313886 0.571757317 0.030714121 0.030290926 0.026627455 0.998714209
1341846334.066000 0.042156931 0.021458209 0.563658118 0.032031305 0.030343313 0.028114129 0.998630524
1341846334.097932 0.040640920 0.020286463 0.555867672 0.033837732 0.030568654 0.027791906 0.998573065
1341846334.133884 0.039113607 0.019767661 0.549410582 0.035189584 0.031239584 0.028282316 0.998491824
1341846334.166115 0.029648678 0.020810515 0.544579148 0.035702772 0.030843504 0.028846102 0.998469770
1341846334.198072 0.029709874 0.018046066 0.537964463 0.035915453 0.028992373 0.028162466 0.998537123
1341846334.234097 0.031653825 0.021124929 0.531610548 0.036795188 0.029120609 0.026878078 0.998536766
1341846334.266045 0.025397640 0.016193159 0.520927489 0.036359422 0.031449459 0.026925333 0.998480797
1341846334.297946 0.014032483 0.015929591 0.516874671 0.037602838 0.030837081 0.028194735 0.998418808
1341846334.334036 0.013550002 0.017561644 0.512651443 0.038250756 0.028900573 0.028681230 0.998438299
1341846334.365871 0.017530166 0.021517534 0.499865621 0.037988178 0.028323144 0.027753593 0.998491049
1341846334.401845 0.013776414 0.019258186 0.494805187 0.036348104 0.029266119 0.026487723 0.998559296
1341846334.433864 0.005520886 0.014505688 0.487150401 0.036099128 0.028924044 0.027065406 0.998562813
1341846334.466105 0.003579732 0.017433900 0.480415702 0.037113018 0.027288705 0.027434470 0.998561621
1341846334.502142 -0.002310010 0.018751014 0.472410381 0.035961710 0.026413189 0.028558427 0.998595774
1341846334.540153 -0.000685651 0.017249733 0.462482095 0.035351310 0.024872702 0.027399220 0.998689592
1341846334.602351 -0.010105969 0.025556166 0.443360537 0.031421397 0.021366240 0.019389493 0.999089718
1341846334.670161 -0.010736121 0.020913538 0.425988019 0.025966233 0.018093554 0.012974199 0.999414861
1341846334.702085 -0.020451576 0.015955376 0.420354545 0.024424469 0.016672775 0.013323814 0.999473810
1341846334.734751 -0.021723755 0.015953824 0.411089808 0.024660474 0.014063184 0.015105946 0.999482810
1341846334.770889 -0.024809349 0.014776930 0.398679852 0.024420897 0.012454124 0.017985469 0.999462366
1341846334.802194 -0.032304078 0.015738482 0.388539642 0.024119649 0.010585560 0.018629437 0.999479413
1341846334.833908 -0.030104117 0.016477581 0.381634116 0.023695195 0.008327196 0.017300596 0.999534845
1341846334.869874 -0.030677035 0.018132513 0.366734535 0.022219297 0.007923664 0.017023878 0.999576807
1341846334.902006 -0.038650714 0.016285747 0.361137956 0.020450287 0.006669783 0.017567331 0.999614298
1341846334.938010 -0.045255303 0.016082447 0.351694554 0.020027416 0.004258609 0.016393939 0.999655962
1341846334.970032 -0.034371454 0.013171388 0.342332274 0.019576179 0.001901805 0.016363462 0.999672651
1341846335.002203 -0.046985496 0.008578194 0.334255695 0.020918235 0.003845845 0.017187394 0.999626040
1341846335.037880 -0.050794382 0.009681054 0.320882648 0.023545537 0.000620698 0.019891394 0.999524653
1341846335.069990 -0.049315821 0.013255102 0.311842591 0.024071909 -0.002637903 0.019731503 0.999512017
1341846335.106038 -0.041393202 0.010280683 0.302159846 0.024135856 -0.002484135 0.018079631 0.999542117
1341846335.138045 -0.050462469 0.006680869 0.295294851 0.025556857 -0.000762431 0.017529640 0.999519348
1341846335.169900 -0.057703119 0.012122521 0.279491276 0.026183184 -0.002890556 0.017485956 0.999500036
1341846335.206091 -0.055560086 0.013292890 0.272152722 0.025805073 -0.004979644 0.014372203 0.999551237
1341846335.239365 -0.049617380 0.006918279 0.261235148 0.024992205 -0.004722753 0.012574728 0.999597430
1341846335.269948 -0.053719204 0.005032735 0.249758989 0.026489679 -0.003236725 0.011368203 0.999579191
1341846335.305972 -0.062787041 0.003829905 0.239420727 0.028236626 -0.003985321 0.012448582 0.999515831
1341846335.338012 -0.057824016 0.004955488 0.231346339 0.030063560 -0.005908932 0.013510982 0.999439240
1341846335.374005 -0.051215142 -0.011592565 0.216030389 0.032504629 -0.004583577 0.015278473 0.999344289
1341846335.406025 -0.056584269 -0.004787104 0.211422727 0.040456463 -0.001680954 0.016042234 0.999051094
1341846335.438079 -0.062187620 0.003545474 0.198922887 0.045988653 -0.000550794 0.020400044 0.998733461
1341846335.473998 -0.061926942 0.008398734 0.191026524 0.048375577 0.001076322 0.021455435 0.998598218
1341846335.507038 -0.064129978 0.012008227 0.179485530 0.049568996 0.003915856 0.019412512 0.998574317
1341846335.538040 -0.063682511 0.015600957 0.168731138 0.048836526 0.005629116 0.017357729 0.998640120
1341846335.574119 -0.067899063 0.018397922 0.162861750 0.046347633 0.005430107 0.017955136 0.998749256
1341846335.605970 -0.071133852 0.013957741 0.155532211 0.045134898 0.005103713 0.016508125 0.998831451
1341846335.641978 -0.073564053 0.013579208 0.139986143 0.045972630 0.006817672 0.014462730 0.998814762
1341846335.673993 -0.077840284 0.016243281 0.127693564 0.045826115 0.007622203 0.014294816 0.998818040
1341846335.706178 -0.080242768 0.014955103 0.119288906 0.045069043 0.006293857 0.014978235 0.998851776
1341846335.741982 -0.076189049 0.013700242 0.109285623 0.045465920 0.005732605 0.014338008 0.998846531
1341846335.773960 -0.080822788 0.017345749 0.097389169 0.045716975 0.006469249 0.013725596 0.998839200
1341846335.806271 -0.081181005 0.025073135 0.084360987 0.044425849 0.005636777 0.014073641 0.998897612
1341846335.842031 -0.080717348 0.015558017 0.079136208 0.041498948 0.006450195 0.013989497 0.999019802
1341846335.873966 -0.079429202 0.018030103 0.066458225 0.042968314 0.007759551 0.013468734 0.998955488
1341846335.910005 -0.086189829 0.020296736 0.055363692 0.042525917 0.008050013 0.015266409 0.998946309
1341846335.941936 -0.091012672 0.020826064 0.042245757 0.041461464 0.006293547 0.016189370 0.998989105
1341846335.974198 -0.089510277 0.019395674 0.031451281 0.041181609 0.005281010 0.014010780 0.999039471
1341846336.010032 -0.094365574 0.023173261 0.023659766 0.041184928 0.005492032 0.012675598 0.999056041
1341846336.042129 -0.101965427 0.021349823 0.012440181 0.040177297 0.004575116 0.013218700 0.999094665
1341846336.078076 -0.099248901 0.018637447 0.002655562 0.039905366 0.002269840 0.012729348 0.999119818
1341846336.110739 -0.102120876 0.020069532 0.000101891 0.040551107 0.002306830 0.010896126 0.999115407
1341846336.142002 -0.109036066 0.020708410 -0.015319582 0.040411782 0.002570068 0.012023821 0.999107480
1341846336.183953 -0.113972768 0.026297739 -0.024806876 0.040528636 0.000162382 0.012759996 0.999096870
1341846336.241891 -0.110651396 0.024560660 -0.036387797 0.038206983 -0.001127387 0.012880285 0.999186218
1341846336.277946 -0.120912932 0.018645391 -0.042760286 0.038329955 -0.000080132 0.014507350 0.999159813
1341846336.309977 -0.122412957 0.018856926 -0.054617006 0.041140951 -0.002667143 0.017196234 0.999001801
1341846336.346143 -0.122649625 0.023045804 -0.064852484 0.043027803 -0.004141453 0.018522542 0.998893559
1341846336.377975 -0.121774077 0.022529911 -0.073180333 0.043728568 -0.003947969 0.017678957 0.998879194
1341846336.410032 -0.125355005 0.026240876 -0.083772779 0.044953376 -0.003097335 0.017802533 0.998825669
1341846336.446041 -0.128615797 0.030541174 -0.094465062 0.044644650 -0.003441698 0.017611695 0.998841763
1341846336.477990 -0.128583536 0.028614487 -0.097610362 0.043454941 -0.003638737 0.017204942 0.998900592
1341846336.510056 -0.128790215 0.025944166 -0.104090594 0.043609235 -0.003088561 0.017963238 0.998882413
1341846336.546024 -0.134321541 0.025906062 -0.109999955 0.044552512 -0.002646456 0.019542230 0.998812377
1341846336.578003 -0.136353463 0.034440521 -0.120891087 0.044806294 -0.002974875 0.021375779 0.998762548
1341846336.614020 -0.131237194 0.033104509 -0.128230900 0.044001035 -0.002678613 0.020166824 0.998824358
1341846336.645982 -0.138673812 0.037877697 -0.134000659 0.043143008 -0.001001356 0.019690994 0.998874307
1341846336.678036 -0.146619394 0.033324234 -0.134947866 0.041143835 -0.002521273 0.020202704 0.998945773
1341846336.714024 -0.144375280 0.025597326 -0.136291400 0.042149704 -0.005128628 0.020316040 0.998891592
1341846336.746016 -0.148843691 0.020043259 -0.148629963 0.045567602 -0.006950931 0.022217717 0.998689950
1341846336.778014 -0.156725511 0.030756926 -0.160938442 0.048874050 -0.010383780 0.025342220 0.998429418
1341846336.820006 -0.155244544 0.034897741 -0.158426806 0.049688336 -0.014346111 0.027698021 0.998277605
1341846336.882056 -0.160586089 0.033837125 -0.172142267 0.052338079 -0.016283661 0.026371764 0.998148322
1341846336.914273 -0.180232108 0.023934215 -0.171123236 0.054127548 -0.019407557 0.027343757 0.997970879
1341846336.945998 -0.140242025 0.029065950 -0.192453071 0.059963126 -0.028906576 0.032732390 0.997244895
1341846336.981980 -0.177394316 0.043183707 -0.174209625 0.064800426 -0.030582126 0.028930642 0.997009873
1341846337.014238 -0.259873509 0.036070619 -0.209286749 0.061336350 -0.029451769 0.027524319 0.997302771
1341846337.046017 -0.236397147 0.034303609 -0.197086871 0.058827389 -0.032081582 0.023406655 0.997477949
1341846337.082104 -0.214384302 0.036708578 -0.203066856 0.058211379 -0.033358794 0.019481344 0.997556567
1341846337.114317 -0.185407907 0.042785913 -0.206259787 0.056768369 -0.036795165 0.018789256 0.997532189
1341846337.150037 -0.155981585 0.048641570 -0.205213323 0.055310059 -0.040054597 0.017492328 0.997512102
1341846337.181873 -0.127502874 0.053376861 -0.215250373 0.054712731 -0.041417379 0.015734928 0.997518659
1341846337.214073 -0.155583695 0.058140367 -0.203545853 0.053218316 -0.038554400 0.012456360 0.997760594
1341846337.250087 -0.170126230 0.044128366 -0.209313571 0.049738646 -0.038955968 0.012961727 0.997918069
1341846337.282028 -0.161966056 0.045522895 -0.221896738 0.050977487 -0.043732915 0.016674237 0.997602463
1341846337.317920 -0.132188469 0.050371345 -0.225249812 0.050549913 -0.046653867 0.017838409 0.997471750
1341846337.350018 -0.156073704 0.056882836 -0.220519483 0.049619742 -0.044976290 0.017498476 0.997601509
1341846337.382159 -0.149820223 0.046421066 -0.218786687 0.046214614 -0.045183569 0.015997330 0.997780919
1341846337.417941 -0.158359870 0.038804878 -0.224015385 0.046591479 -0.043828540 0.015407520 0.997833073
1341846337.450137 -0.160632223 0.047448762 -0.237544358 0.047623493 -0.045561954 0.016598286 0.997687638
1341846337.482096 -0.160414755 0.044594631 -0.227201194 0.046220936 -0.046009682 0.017257020 0.997721851
1341846337.518008 -0.156914696 0.037107438 -0.233632937 0.046613265 -0.046579842 0.017923167 0.997665405
1341846337.549978 -0.160468355 0.050140329 -0.243238330 0.047477242 -0.047017869 0.015898312 0.997638464
1341846337.585971 -0.159224838 0.041572850 -0.241373286 0.044262655 -0.047493849 0.014932983 0.997778594
1341846337.617903 -0.155404046 0.034071140 -0.229800478 0.045218244 -0.048356351 0.015166735 0.997690797
1341846337.650141 -0.152777582 0.048945386 -0.231728733 0.048526652 -0.048855279 0.015155846 0.997511208
1341846337.686352 -0.154752076 0.051399831 -0.233197555 0.046847485 -0.048421402 0.015191680 0.997612119
1341846337.718002 -0.151401863 0.046951767 -0.222744688 0.044750132 -0.048323423 0.015361242 0.997710526
1341846337.749920 -0.146623477 0.050245643 -0.224537134 0.044589698 -0.046612762 0.014691354 0.997809172
1341846337.786157 -0.148092449 0.057339534 -0.221946433 0.041957084 -0.043740220 0.014928006 0.998049855
1341846337.817945 -0.135483876 0.055638947 -0.208739132 0.039378360 -0.042331144 0.015869532 0.998201191
1341846337.854071 -0.137197763 0.059213549 -0.213968217 0.038368385 -0.038979501 0.016062103 0.998373866
1341846337.885951 -0.145131201 0.061780345 -0.209820956 0.035359453 -0.036080860 0.013902156 0.998626351
1341846337.918223 -0.143636599 0.060779467 -0.200888425 0.031147992 -0.034973200 0.011334703 0.998838425
1341846337.954120 -0.143350899 0.059150063 -0.192009196 0.028679999 -0.033435974 0.010747937 0.998971462
1341846337.985994 -0.140254915 0.067015111 -0.191619098 0.026399782 -0.032873414 0.011198046 0.999048054
1341846338.018107 -0.137287945 0.063249752 -0.181235567 0.022783615 -0.031312931 0.012299429 0.999174237
1341846338.054055 -0.134682134 0.066780642 -0.174611241 0.020611342 -0.029993422 0.011547935 0.999270856
1341846338.085986 -0.131690666 0.066248626 -0.164712846 0.017036885 -0.026942270 0.011102720 0.999430120
1341846338.121875 -0.131854266 0.063065708 -0.153748557 0.015033869 -0.024638023 0.012924214 0.999499857
1341846338.154089 -0.135650039 0.064059570 -0.151207432 0.014400770 -0.024134433 0.016158134 0.999474406
1341846338.186029 -0.132620186 0.063155457 -0.141903520 0.013000627 -0.024346985 0.018728597 0.999443591
1341846338.222071 -0.124634787 0.066146001 -0.136501387 0.011934757 -0.023643276 0.018020334 0.999486744
1341846338.254107 -0.126534313 0.063147619 -0.125003457 0.009953154 -0.021656787 0.018230259 0.999549687
1341846338.290130 -0.125541031 0.060847294 -0.113475218 0.010374908 -0.021663928 0.020067021 0.999510050
1341846338.321952 -0.125382364 0.066970319 -0.107310206 0.010794598 -0.020673955 0.021737553 0.999491632
1341846338.354022 -0.126609430 0.063191056 -0.099884152 0.009994470 -0.019555015 0.020950470 0.999539316
1341846338.389969 -0.121882938 0.071569934 -0.088234670 0.009994886 -0.019351454 0.022410562 0.999511540
1341846338.422377 -0.121337682 0.071020007 -0.075632736 0.008220770 -0.019141955 0.022812940 0.999522626
1341846338.454010 -0.125418425 0.076084472 -0.067376733 0.007395937 -0.018967206 0.021399073 0.999563694
1341846338.489894 -0.117232755 0.067691520 -0.056421649 0.005101494 -0.020078368 0.022169963 0.999539554
1341846338.522066 -0.119174793 0.067021020 -0.049319889 0.006124192 -0.019387726 0.021255760 0.999567330
1341846338.558058 -0.117541537 0.075931951 -0.044272959 0.005841497 -0.019602174 0.020819964 0.999574006
1341846338.589842 -0.118379541 0.069925874 -0.033732586 0.003331739 -0.019658133 0.019728443 0.999606550
1341846338.622019 -0.113156438 0.070339389 -0.016901923 0.004442068 -0.018888546 0.020773055 0.999595881
1341846338.657984 -0.114328802 0.075947054 -0.016502203 0.004808528 -0.018888984 0.023229573 0.999540150
1341846338.690198 -0.112357989 0.082731470 -0.010998273 0.003408101 -0.019497128 0.022194164 0.999557734
1341846338.722454 -0.099924050 0.074015401 0.013742154 0.002031275 -0.019543095 0.023217566 0.999537349
1341846338.757945 -0.106136352 0.080264457 0.018762197 0.002509342 -0.019012695 0.025063822 0.999501884
1341846338.790039 -0.102808923 0.079006046 0.027858451 0.000363526 -0.021241302 0.025531860 0.999448240
1341846338.826048 -0.085467644 0.083901577 0.053975534 0.001095199 -0.021564888 0.025037836 0.999453306
1341846338.858027 -0.088903174 0.090700194 0.053088952 0.001532526 -0.019556955 0.023530163 0.999530673
1341846338.889902 -0.096968800 0.080778420 0.057444561 -0.002100214 -0.020040205 0.022776626 0.999537468
1341846338.925948 -0.110465974 0.078945711 0.062111832 -0.002724892 -0.018620471 0.019915322 0.999624550
1341846338.958108 -0.096329600 0.079897948 0.072420157 -0.002335612 -0.017252563 0.019767661 0.999652982
1341846338.990057 -0.085782908 0.079208784 0.094684877 -0.002006506 -0.017950226 0.020864636 0.999619126
1341846339.025928 -0.086365297 0.076210253 0.101802222 -0.000470720 -0.017034508 0.020945990 0.999635339
1341846339.057939 -0.085749812 0.080575466 0.105684534 0.002656991 -0.014438782 0.020805655 0.999675751
1341846339.093927 -0.086345427 0.090461113 0.114667900 0.002292573 -0.014671026 0.021708090 0.999654055
1341846339.126562 -0.078429811 0.095134251 0.131569341 -0.000647081 -0.016168790 0.021125643 0.999645889
1341846339.157969 -0.075036660 0.090632349 0.133924678 -0.003253245 -0.013583793 0.018720489 0.999727190
1341846339.194113 -0.079010107 0.096907012 0.146909282 -0.004999345 -0.011897904 0.020478690 0.999706984
1341846339.228165 -0.075826943 0.103420869 0.158121482 -0.008030949 -0.014464828 0.022723434 0.999604881
1341846339.257998 -0.063652165 0.098040737 0.178132325 -0.011148689 -0.014928016 0.024280977 0.999531567
1341846339.294132 -0.061867092 0.100898407 0.182059303 -0.011188777 -0.012406146 0.024553118 0.999558926
1341846339.326577 -0.058178201 0.103841439 0.182357013 -0.015394511 -0.014688362 0.029245773 0.999345720
1341846339.362269 -0.056090605 0.106904715 0.204846591 -0.019025182 -0.016712500 0.025659511 0.999349952
1341846339.394725 -0.044195600 0.109364681 0.220262170 -0.019275740 -0.015428830 0.025558593 0.999368370
1341846339.462186 -0.050577037 0.099769115 0.226018623 -0.024100909 -0.015594751 0.025327396 0.999266982
1341846339.496743 -0.062083088 0.099374458 0.257460892 -0.021139355 -0.012405361 0.022903340 0.999437153
1341846339.562052 -0.040184427 0.102899045 0.255001098 -0.019698167 -0.009134098 0.024783045 0.999457002
1341846339.595122 -0.031486712 0.103932969 0.263736367 -0.017593194 -0.009258159 0.023999706 0.999514282
1341846339.632085 -0.026014287 0.108932845 0.276817828 -0.015686974 -0.006077316 0.022000214 0.999616385
1341846339.664568 -0.025863972 0.108056493 0.285300821 -0.015350367 -0.003126163 0.019282293 0.999691367
1341846339.698896 -0.024298444 0.105232537 0.293602407 -0.015969565 -0.002048393 0.018853808 0.999692619
1341846339.731977 -0.018495491 0.103168897 0.308436781 -0.015981795 -0.002042311 0.017274655 0.999720931
1341846339.762241 -0.015391393 0.102494255 0.313132614 -0.015628258 -0.000820935 0.017105540 0.999731183
1341846339.797873 -0.011883116 0.101066761 0.314359009 -0.015835436 -0.000530980 0.018568207 0.999702036
1341846339.830245 -0.008994721 0.099728420 0.320944995 -0.016111115 -0.001095228 0.018808825 0.999692678
1341846339.862015 -0.009607447 0.103385106 0.336742967 -0.016014649 -0.000702837 0.018278142 0.999704421
1341846339.897797 0.006162874 0.100056775 0.342654318 -0.017531013 -0.001121702 0.019022755 0.999664724
1341846339.929916 0.002238969 0.093014099 0.344978333 -0.018676681 0.000606854 0.020291405 0.999619484
1341846339.961960 -0.023974735 0.090629913 0.351256877 -0.017326398 0.001447696 0.021221422 0.999623597
1341846339.997845 -0.020250760 0.092089608 0.352242947 -0.015853293 0.002208929 0.021429438 0.999642193
1341846340.029925 0.011445783 0.092321500 0.361957371 -0.015118948 0.002988840 0.022569237 0.999626517
1341846340.066044 0.011497063 0.094181404 0.368378758 -0.012667652 0.004693585 0.023171177 0.999640226
1341846340.098009 0.010709761 0.094929069 0.370603174 -0.011912826 0.005431746 0.023740746 0.999632418
1341846340.130102 0.016358666 0.096583843 0.378432095 -0.012277705 0.004769915 0.023310462 0.999641478
1341846340.166041 0.022101713 0.092871562 0.384955794 -0.011696271 0.006693086 0.021662012 0.999674559
1341846340.197867 0.021405283 0.095138870 0.395745516 -0.010209014 0.009542439 0.020829178 0.999685407
1341846340.229904 0.020556096 0.096375853 0.396781206 -0.011606666 0.009360942 0.021254096 0.999662876
1341846340.265859 0.028030079 0.095102824 0.418481499 -0.011911212 0.010259368 0.019983834 0.999676704
1341846340.298061 0.014710780 0.090739042 0.411117584 -0.010476511 0.013258908 0.020477332 0.999647498
1341846340.334063 0.008636612 0.096433163 0.411703378 -0.011065112 0.012973222 0.022048669 0.999611497
1341846340.366064 0.018044244 0.089171976 0.431657910 -0.013398305 0.009877961 0.022352936 0.999611557
1341846340.397995 0.022610554 0.089816540 0.436648488 -0.011357553 0.010071260 0.022375267 0.999634385
1341846340.433895 0.019961972 0.092736624 0.436373055 -0.010421038 0.010497773 0.021973137 0.999649107
1341846340.465959 0.017829318 0.091209978 0.435607582 -0.009941615 0.008583209 0.023931080 0.999627292
1341846340.501858 0.022387382 0.089359827 0.436636806 -0.009384179 0.004707182 0.024126466 0.999653757
1341846340.534329 0.029609617 0.090504698 0.430878401 -0.008766293 0.003022024 0.023807188 0.999673545
1341846340.566041 0.035800271 0.087194905 0.445556372 -0.007824495 0.001517827 0.025304910 0.999647975
1341846340.601909 0.039022896 0.090068258 0.442015469 -0.004898319 0.000927312 0.025930110 0.999651313
1341846340.634005 0.040241286 0.090957075 0.428748965 -0.004174413 0.000211260 0.024511548 0.999690771
1341846340.666028 0.047202926 0.088579930 0.427725077 -0.004783960 0.000009611 0.022910140 0.999726057
1341846340.701946 0.045870811 0.086975396 0.422849178 -0.002897634 0.001537818 0.020700365 0.999780357
1341846340.733954 0.051002644 0.091945387 0.430250973 -0.001197909 0.002809166 0.019315848 0.999808788
1341846340.770081 0.042762712 0.090821058 0.422526956 -0.002187280 0.003815456 0.017546859 0.999836385
1341846340.801980 0.050640449 0.089993976 0.425465852 -0.002116618 0.004513051 0.011157909 0.999925315
1341846340.833999 0.050884411 0.092544630 0.413883507 -0.002438233 0.007102166 0.006752716 0.999948978
1341846340.870013 0.066744499 0.094457723 0.405511618 -0.003577068 0.006207216 0.005025912 0.999961674
1341846340.901955 0.043574587 0.090446897 0.404721439 -0.002984880 0.007028233 0.004243850 0.999961853
1341846340.933918 0.040009771 0.088054836 0.407327741 -0.001076868 0.007065027 0.006344114 0.999954343
1341846340.970122 0.040938724 0.090560243 0.410522997 0.000499139 0.003804097 0.010805255 0.999934256
1341846341.001922 0.045291014 0.087964207 0.409554154 0.001551690 0.000076282 0.015871018 0.999872804
1341846341.037923 0.049692977 0.088161550 0.405081064 0.002781999 -0.003019124 0.019293372 0.999805450
1341846341.070300 0.067357808 0.089969724 0.414193422 0.003380963 -0.004721330 0.019926444 0.999784589
1341846341.102028 0.066158101 0.091512971 0.414570391 0.003493898 -0.006041301 0.020166038 0.999772310
1341846341.137982 0.069084771 0.090262763 0.412083447 0.003558781 -0.008365045 0.020514347 0.999748230
1341846341.170048 0.067880467 0.089794680 0.412933767 0.004037804 -0.008451333 0.020897368 0.999737740
1341846341.202110 0.068774886 0.086805023 0.404680818 0.005068730 -0.009020579 0.023226874 0.999676645
1341846341.237996 0.070386022 0.087599479 0.405032635 0.007070515 -0.008793329 0.023781808 0.999653459
1341846341.269883 0.068175003 0.088551790 0.402854681 0.008214917 -0.008126544 0.024262389 0.999638855
1341846341.306107 0.066204242 0.088868588 0.398954570 0.008845989 -0.008506455 0.023080677 0.999658287
1341846341.338109 0.069829263 0.088721931 0.394888967 0.009677687 -0.008381505 0.021390630 0.999689221
1341846341.370120 0.070726454 0.089268588 0.397420108 0.010257042 -0.007409660 0.018969359 0.999740005
1341846341.406074 0.065325983 0.087730676 0.393579036 0.010244643 -0.006249372 0.017942201 0.999767005
1341846341.438113 0.064626493 0.082494475 0.393179834 0.010770117 -0.008146873 0.018508818 0.999737501
1341846341.470024 0.067694470 0.083924532 0.390077293 0.013751497 -0.008578622 0.016803691 0.999727428
1341846341.506077 0.064605027 0.091529161 0.389510900 0.014494635 -0.007474066 0.015681935 0.999743998
1341846341.538156 0.061429352 0.086449549 0.388024807 0.012955584 -0.008940272 0.015749592 0.999752045
1341846341.574016 0.065087713 0.087152347 0.384936810 0.014074924 -0.011609368 0.017022932 0.999688625
1341846341.612466 0.061748281 0.090170555 0.382889777 0.014871482 -0.011857411 0.017049296 0.999673724
1341846341.643972 0.059150752 0.093386091 0.382822186 0.014260408 -0.012931469 0.016501551 0.999678493
1341846341.679982 0.058418751 0.088226192 0.384123772 0.013528786 -0.014458325 0.016872087 0.999661565
1341846341.712332 0.056453854 0.088950813 0.378916889 0.014263464 -0.016436672 0.019941688 0.999564230
1341846341.744185 0.059049685 0.088266939 0.378109157 0.014701396 -0.018651366 0.021872018 0.999478638
1341846341.780061 0.057132874 0.092261001 0.378085792 0.015579519 -0.018970011 0.023120673 0.999431252
1341846341.842595 0.061226893 0.083287671 0.373605847 0.016955290 -0.020160234 0.028050320 0.999259353
1341846341.906227 0.062335715 0.081218794 0.369866580 0.020248888 -0.020959368 0.033128038 0.999026120
1341846341.942069 0.061608374 0.076596558 0.369663775 0.023252567 -0.020682380 0.034420792 0.998922825
1341846341.974775 0.063019171 0.076153584 0.359387845 0.026431913 -0.020961804 0.036508020 0.998763800
1341846342.010161 0.058689099 0.077914372 0.362059712 0.027376190 -0.021826198 0.037923642 0.998667061
1341846342.042024 0.065724239 0.069935940 0.358481973 0.028170662 -0.023256628 0.038455680 0.998592377
1341846342.080032 0.069498777 0.075280480 0.355903834 0.030836053 -0.021396263 0.038828924 0.998540759
1341846342.112265 0.062329344 0.070185162 0.354764730 0.030549277 -0.019760225 0.040475160 0.998517931
1341846342.147954 0.065360680 0.066389844 0.356274962 0.032745093 -0.021297954 0.042759527 0.998321474
1341846342.179852 0.070270330 0.068699509 0.351318330 0.035849538 -0.021309426 0.044153579 0.998153865
1341846342.211848 0.069504924 0.070729330 0.354414046 0.036610451 -0.020638870 0.043621086 0.998163760
1341846342.247920 0.070228860 0.066964194 0.352717966 0.037385218 -0.020500477 0.042554375 0.998183966
1341846342.279870 0.071773492 0.067446031 0.348648250 0.038894571 -0.020140126 0.043073699 0.998111308
1341846342.316068 0.068948150 0.067896046 0.346606165 0.040261637 -0.019554881 0.044193543 0.998019814
1341846342.347894 0.072065935 0.070343442 0.344108909 0.040861927 -0.019972298 0.044332232 0.997980952
1341846342.379953 0.072731666 0.068491898 0.345794946 0.040831048 -0.019296329 0.043853123 0.998016715
1341846342.416195 0.070938759 0.069625437 0.348291934 0.041662030 -0.018926868 0.045119207 0.997933030
