1341846313.592026 0.000000000 0.000000000 0.000000000 0.000000000 0.000000000 0.000000000 1.000000000
1341846313.654184 0.003909860 -0.002765709 0.007782315 -0.000635672 -0.002526785 0.003820228 0.999989271
1341846313.686156 0.010815917 0.000979807 0.008282041 0.000427924 -0.004979369 0.004011769 0.999979436
1341846313.721918 0.015155463 0.007004078 0.006602273 0.001178149 -0.005723386 0.004685197 0.999971926
1341846313.753994 0.025463395 0.004219463 0.003542893 0.000276843 -0.006958520 0.006236730 0.999956310
1341846313.789969 0.033599839 0.002265046 0.001947363 0.001150450 -0.007902555 0.004899803 0.999956071
1341846313.822075 0.044117201 0.003698325 0.002850736 0.001017580 -0.007568408 0.003128067 0.999965906
1341846313.853928 0.044049557 0.005783884 0.014242218 0.000809686 -0.004683235 0.000663572 0.999988496
1341846313.890011 0.058075637 0.003330742 -0.002561081 0.000356709 -0.003937436 0.003728779 0.999985218
1341846313.922055 0.061779179 0.007309028 -0.000050490 -0.001381932 -0.003671255 0.004699707 0.999981225
1341846313.957927 0.094341688 0.012353938 0.002296478 -0.002942386 -0.002532013 0.005461217 0.999977529
1341846313.990058 0.084616430 0.010839237 0.014553440 -0.004293803 0.006446959 0.005658840 0.999953985
1341846314.022042 0.087123431 0.016843364 -0.011205346 -0.005788652 0.007492913 0.007839913 0.999924421
1341846314.057816 0.088495381 0.013446388 0.015394030 -0.009676130 0.010783127 0.007050252 0.999870181
1341846314.089801 0.085781075 0.018832318 0.033470657 -0.008101687 0.017785082 0.004742692 0.999797761
1341846314.122037 0.114838049 0.023177931 0.005082483 -0.008898406 0.017783884 0.013194753 0.999715209
1341846314.157989 0.125044957 0.014936509 0.017209910 -0.012027013 0.020203400 0.013936265 0.999626398
1341846314.190094 0.116645135 0.016761906 0.021208718 -0.011528793 0.026022580 0.013647982 0.999501765
1341846314.225969 0.115861185 0.022748675 0.010840932 -0.013468293 0.028673744 0.016608881 0.999360085
1341846314.257923 0.138693973 0.016274709 0.021441689 -0.015968557 0.028274443 0.018017273 0.999310255
1341846314.290052 0.131457105 0.020140367 0.019504014 -0.013971964 0.031269625 0.015943145 0.999286175
1341846314.325981 0.136700809 0.026173580 0.020050483 -0.014284889 0.032520726 0.014162962 0.999268651
1341846314.357905 0.165584400 0.017324839 0.026752368 -0.016247109 0.032171059 0.014613112 0.999243498
1341846314.389899 0.165514886 0.014115442 0.021471146 -0.015217902 0.035882454 0.014000719 0.999142051
1341846314.427905 0.176338091 0.019846221 0.008028832 -0.014763227 0.036800813 0.012961543 0.999129534
1341846314.493987 0.188153028 0.013242929 0.016470101 -0.013930529 0.046082344 0.004327152 0.998831153
1341846314.526085 0.182895839 0.013352961 0.010415945 -0.013960653 0.049493663 0.000530867 0.998676777
1341846314.558292 0.193643987 0.014260646 0.017891582 -0.015169770 0.051653985 0.001553158 0.998548627
1341846314.594085 0.204082847 0.014228114 0.016979553 -0.013422975 0.055653516 0.001050811 0.998359382
1341846314.626096 0.200903386 0.016120091 0.008084895 -0.013103600 0.060656384 0.002706024 0.998069048
1341846314.658455 0.206069350 0.018772632 0.015700711 -0.014726825 0.062727764 0.002384613 0.997919202
1341846314.694004 0.233421072 0.013844891 0.022600597 -0.014989723 0.063772023 0.001097821 0.997851312
1341846314.725910 0.235993415 0.004515782 0.022583971 -0.012136361 0.066796370 0.007235646 0.997666597
1341846314.761942 0.237114310 0.002336035 0.014004495 -0.009006659 0.067351043 0.011684043 0.997620285
1341846314.794030 0.246745706 0.009618841 0.012868855 -0.004725142 0.069101900 0.011729674 0.997529507
1341846314.826092 0.250384599 0.006901310 -0.000132762 -0.003011263 0.073454134 0.010915129 0.997234344
1341846314.862145 0.273435712 0.014447877 -0.000802509 -0.002250108 0.074951820 0.012910563 0.997101068
1341846314.894072 0.280834645 0.010210799 -0.002315946 -0.003167702 0.078527465 0.015296688 0.996789575
1341846314.925969 0.279094845 0.022580376 0.014916006 -0.002091164 0.081554815 0.020581752 0.996454120
1341846314.961937 0.278113186 0.028933406 0.013187915 -0.004294881 0.082773499 0.024709815 0.996252716
1341846314.994564 0.281282932 0.026415879 0.016627613 -0.007964904 0.083688870 0.023179065 0.996190429
1341846315.029900 0.300955504 0.027154680 0.028480738 -0.008072869 0.085497484 0.020877942 0.996086895
1341846315.061965 0.302443296 0.027349990 0.030740809 -0.008849575 0.088073477 0.025674803 0.995743692
1341846315.094388 0.304868519 0.025347786 0.034734961 -0.008766390 0.087240785 0.025372757 0.995825469
1341846315.129851 0.310626626 0.025959045 0.023069423 -0.006719435 0.087383397 0.024277339 0.995856225
1341846315.161941 0.316769928 0.040401705 -0.000475507 -0.008004506 0.087076969 0.028661501 0.995757043
1341846315.197984 0.314803302 0.038478930 0.007143915 -0.015046597 0.085743338 0.023631053 0.995923340
1341846315.230076 0.324481547 0.033569407 0.010293696 -0.019160420 0.083985031 0.020826183 0.996065080
1341846315.262069 0.326115519 0.032321256 0.014527705 -0.022386769 0.081571169 0.023946740 0.996128261
1341846315.298000 0.330257356 0.026154289 0.027136400 -0.024625681 0.077851668 0.025414713 0.996336699
1341846315.329931 0.343989402 0.014109086 0.026198335 -0.021806207 0.074943580 0.026856989 0.996587515
1341846315.361981 0.341451436 0.019277208 0.023100995 -0.016195348 0.075604856 0.027929675 0.996615052
1341846315.397962 0.345088154 0.023919467 0.020654168 -0.012591868 0.075495966 0.031366155 0.996573091
1341846315.429923 0.349697649 0.023497256 0.020940281 -0.009954280 0.077477217 0.032346457 0.996419549
1341846315.466047 0.351302207 0.031647991 0.015214566 -0.008146794 0.081471145 0.034160715 0.996056795
1341846315.497883 0.362283170 0.032256410 0.031797346 -0.009674514 0.083591059 0.040059496 0.995647609
1341846315.530008 0.368682384 0.031976063 0.027877722 -0.009483035 0.084419571 0.040845394 0.995547652
1341846315.566108 0.378897965 0.032525968 0.025804177 -0.010323220 0.084349744 0.043529484 0.995431423
1341846315.597986 0.376980662 0.033634353 0.034015730 -0.010082857 0.086114928 0.042633932 0.995321512
1341846315.630109 0.374067932 0.031788148 0.032052085 -0.010398366 0.087680906 0.041178025 0.995242834
1341846315.666042 0.385582060 0.033714250 0.013838992 -0.011262180 0.087830670 0.041397192 0.995211124
1341846315.698114 0.399037719 0.053284097 0.013309076 -0.014160295 0.089460358 0.040088087 0.995082557
1341846315.733985 0.398073882 0.043090928 0.038870625 -0.018022090 0.092463389 0.042054243 0.994664371
1341846315.766041 0.388244867 0.045620903 0.039752275 -0.017368885 0.091430478 0.042395167 0.994756997
1341846315.798188 0.392453074 0.042497367 0.030847952 -0.018887386 0.090067461 0.042138994 0.994864523
1341846315.834140 0.389451772 0.033227362 0.031450443 -0.018856367 0.092562541 0.040950898 0.994685709
1341846315.866751 0.381707877 0.029983072 0.033620119 -0.016577683 0.094905384 0.039979063 0.994545043
1341846315.898492 0.380804718 0.029593807 0.033529699 -0.015523687 0.095222361 0.040239874 0.994521201
1341846315.936901 0.369570941 0.014698834 0.034374110 -0.014517083 0.097942732 0.036627233 0.994411826
1341846315.966572 0.358722210 0.013810254 0.029979557 -0.011074236 0.100203857 0.035822313 0.994260192
1341846316.034204 0.342347205 0.011402070 0.021629214 -0.007583992 0.101345062 0.033542044 0.994256794
1341846316.066113 0.339785248 0.010640616 0.028070249 -0.005031539 0.100770831 0.034563653 0.994296372
1341846316.101867 0.339499235 0.016732190 0.029140532 -0.003146436 0.098723277 0.037580233 0.994400084
1341846316.134066 0.335756868 0.023997184 0.029579658 -0.002979951 0.095530406 0.034509096 0.994823694
1341846316.202049 0.317481548 0.011845474 0.024797849 -0.003737321 0.091471270 0.030122915 0.995344996
1341846316.233979 0.306865156 0.009264965 0.010860205 -0.003743912 0.091095261 0.026709234 0.995476902
1341846316.270052 0.300799012 0.011879952 0.014545642 -0.004640761 0.092566773 0.023460776 0.995419264
1341846316.301915 0.291274637 0.003667234 0.023826811 -0.005156308 0.094183557 0.021845948 0.995301783
1341846316.334208 0.281500965 0.002724309 0.027571794 -0.004017242 0.093843475 0.024578797 0.995275438
1341846316.370006 0.271806628 -0.003291504 0.012671381 -0.002119352 0.092914261 0.024325242 0.995374680
1341846316.401994 0.266825527 -0.001825724 0.011385158 -0.000281059 0.092163764 0.026364433 0.995394707
1341846316.438069 0.263385832 -0.002442505 0.014024537 0.002184770 0.091663226 0.028000839 0.995393932
1341846316.470076 0.255077899 0.000997152 0.022611383 0.007309787 0.091464810 0.031974372 0.995267987
1341846316.502034 0.256437778 0.017186532 0.027411647 0.010576455 0.087962650 0.034685295 0.995463550
1341846316.537975 0.234576657 0.016676238 0.014903981 0.007918724 0.086807817 0.030271072 0.995733559
1341846316.570121 0.236711472 0.008900518 0.024683993 0.007052185 0.085803472 0.028136535 0.995889723
1341846316.601885 0.225496635 0.003297055 0.021424603 0.008541010 0.085592233 0.026642310 0.995937347
1341846316.638009 0.212101951 -0.001623243 0.013966139 0.010553092 0.085011326 0.027999951 0.995930612
1341846316.669925 0.202042714 0.000018073 0.023057632 0.013155701 0.084985137 0.026270684 0.995948970
1341846316.705941 0.196900681 -0.009069140 0.013591241 0.016720084 0.085115589 0.028091358 0.995834649
1341846316.738062 0.187865123 0.000816380 0.002143089 0.019736268 0.084531680 0.031095551 0.995739877
1341846316.770433 0.181015119 0.004959293 0.010304218 0.019160274 0.083806574 0.030296143 0.995837092
1341846316.805932 0.173022181 -0.005534345 0.015425315 0.019007511 0.084086530 0.029383203 0.995843768
1341846316.838029 0.160688341 -0.000069673 0.018027134 0.021026582 0.083086535 0.030170234 0.995863557
1341846316.870034 0.154123649 -0.009262014 0.018224560 0.020521788 0.079409622 0.032715518 0.996093690
1341846316.906344 0.149312615 -0.007147380 0.008813677 0.021782143 0.076299906 0.032242235 0.996325374
1341846316.937940 0.143860996 -0.003325111 0.014034318 0.022003477 0.075038902 0.028384570 0.996533632
1341846316.973994 0.140088543 -0.008123244 0.007680608 0.021141758 0.072618939 0.030805564 0.996659696
1341846317.005913 0.130786300 -0.007508483 0.015328279 0.020043122 0.070285343 0.030315690 0.996864676
1341846317.037936 0.127117455 -0.008987977 0.024926774 0.020463862 0.067746148 0.029799435 0.997047484
1341846317.073972 0.116966121 -0.008656770 0.035780989 0.021505667 0.066832677 0.029214239 0.997104526
1341846317.106113 0.098949797 -0.012354497 0.050824001 0.023358405 0.066203088 0.031844128 0.997024298
1341846317.137887 0.091047317 -0.010497020 0.043709718 0.027299397 0.060008805 0.036616862 0.997152388
1341846317.173970 0.086867966 -0.010760613 0.028651942 0.028011473 0.052874800 0.038485698 0.997466028
1341846317.205887 0.081399180 -0.015053673 0.024539281 0.027501384 0.049857546 0.039720140 0.997587204
1341846317.248131 0.069265313 -0.015305873 0.023807026 0.028989498 0.047808949 0.042527370 0.997529626
1341846317.306289 0.056289665 -0.019830132 -0.001299829 0.030019797 0.041521057 0.046769105 0.997590840
1341846317.348137 0.047559816 -0.023177333 -0.006213647 0.030980241 0.042890504 0.046471223 0.997517467
1341846317.410120 0.020368639 -0.019355768 -0.005081302 0.032634124 0.043659016 0.050926123 0.997213840
1341846317.442569 0.010326671 -0.029135330 -0.005456246 0.033797659 0.045378938 0.051676925 0.997059643
1341846317.474010 0.005317150 -0.024061473 0.001228667 0.040641345 0.044931408 0.055187821 0.996636212
1341846317.509927 -0.001840423 -0.015959930 0.000041051 0.044225316 0.042729374 0.059593383 0.996326745
1341846317.542282 -0.005316146 -0.013305677 -0.002263657 0.043860789 0.039664950 0.060932025 0.996388555
1341846317.573943 -0.007536862 -0.020907225 -0.007079983 0.042643566 0.040516514 0.058840495 0.996532857
1341846317.610159 -0.013170984 -0.024924004 0.007743893 0.045099560 0.042820670 0.060634650 0.996220827
1341846317.643553 -0.031801917 -0.018133454 0.013773521 0.047925342 0.043576643 0.062338855 0.995950818
1341846317.677993 -0.036516875 -0.017481737 0.018298060 0.049013373 0.039910980 0.064846255 0.995891452
1341846317.709996 -0.041682333 -0.019584648 0.025425702 0.051319595 0.037146799 0.065089300 0.995866299
1341846317.741834 -0.044779435 -0.009017915 0.029173059 0.052347396 0.035641335 0.064991817 0.995874226
1341846317.777923 -0.051004242 -0.011673597 0.032982830 0.050408758 0.034532186 0.063875332 0.996085525
1341846317.810021 -0.075967528 -0.017480660 0.022854984 0.049547732 0.034605678 0.060852591 0.996315420
1341846317.841886 -0.073090591 -0.009096918 0.026466521 0.049507000 0.032475106 0.060862247 0.996388555
1341846317.878017 -0.073941536 -0.008512922 0.037425227 0.047371801 0.031911425 0.057103690 0.996733010
1341846317.909910 -0.079353459 -0.015116999 0.033109367 0.045812026 0.033014748 0.053787593 0.996954441
1341846317.946031 -0.098874830 -0.017725114 0.030333286 0.046988722 0.035124868 0.054960873 0.996763527
1341846317.978041 -0.103941239 -0.020346954 0.041586794 0.048936125 0.033505324 0.055182923 0.996713340
1341846318.009897 -0.121155880 -0.016185731 0.033283915 0.051776327 0.035538126 0.051666714 0.996687889
1341846318.045949 -0.127290756 -0.011016736 0.038902722 0.052190859 0.035906356 0.051179014 0.996678293
1341846318.078074 -0.145132512 -0.016415164 0.034673776 0.050922267 0.035304572 0.049326811 0.996858776
1341846318.109894 -0.148673370 -0.011650264 0.032447044 0.051077601 0.030620562 0.047027264 0.997116804
1341846318.145957 -0.144354761 -0.016145024 0.028004788 0.049904373 0.027547669 0.044726759 0.997371614
1341846318.178001 -0.150756210 -0.018628953 0.031605009 0.048976958 0.027860701 0.042051017 0.997525275
1341846318.214074 -0.167864770 -0.022976829 0.033885021 0.049573820 0.026788777 0.041050158 0.997566819
1341846318.245970 -0.183219165 -0.033879157 0.026460066 0.051746868 0.021694042 0.042521972 0.997518659
1341846318.278018 -0.186675280 -0.031052550 0.019588385 0.055553652 0.016235260 0.042453684 0.997420609
1341846318.313937 -0.193024203 -0.027545813 0.023901436 0.057921428 0.009677441 0.043118887 0.997342587
1341846318.345989 -0.202495143 -0.029247168 0.028806675 0.059569005 0.000954803 0.041312464 0.997368515
1341846318.382046 -0.207916513 -0.026969351 0.038419776 0.062381379 -0.005523714 0.041874245 0.997158229
1341846318.414072 -0.214721233 -0.027767317 0.032125551 0.063492730 -0.012943747 0.042814158 0.996979475
1341846318.446035 -0.229220793 -0.029081257 0.040383264 0.065150246 -0.017537100 0.040740784 0.996889234
1341846318.482196 -0.233641610 -0.024817349 0.041052394 0.066951670 -0.019838003 0.040869780 0.996721447
1341846318.514144 -0.239413425 -0.028137667 0.042019099 0.066572912 -0.021213142 0.041446373 0.996694684
1341846318.546259 -0.250698954 -0.037934974 0.039046638 0.067117758 -0.022037508 0.041283529 0.996647000
1341846318.582042 -0.253002107 -0.032771852 0.032319725 0.069260158 -0.022903025 0.042451240 0.996431768
1341846318.614115 -0.267229408 -0.027195675 0.036169723 0.069297664 -0.022181889 0.040737864 0.996517062
1341846318.650038 -0.279747605 -0.030112159 0.034350667 0.068619184 -0.021822259 0.037664019 0.996692836
1341846318.682350 -0.284561396 -0.031175829 0.034062367 0.068284959 -0.023219619 0.036052771 0.996743798
1341846318.714063 -0.295837611 -0.031067658 0.035412647 0.067718580 -0.023914678 0.035095725 0.996800184
1341846318.749905 -0.317878425 -0.038368084 0.022716239 0.067975417 -0.021993482 0.036198191 0.996787488
1341846318.782036 -0.324535131 -0.032094885 0.020989168 0.070267975 -0.023570277 0.037237626 0.996554196
1341846318.814121 -0.348177850 -0.036883082 0.007494891 0.069823615 -0.027253013 0.035929315 0.996539533
1341846318.850072 -0.356566280 -0.040331617 0.016453404 0.069597401 -0.032736830 0.032867417 0.996495962
1341846318.883516 -0.356422514 -0.046086323 0.029924728 0.072271474 -0.040738359 0.032221168 0.996031642
1341846318.918047 -0.342791080 -0.035593994 0.028352935 0.076562345 -0.056381360 0.033770882 0.994896412
1341846318.950044 -0.361291528 -0.042942073 0.032131612 0.078012444 -0.063993320 0.030274773 0.994435668
1341846318.982028 -0.381486267 -0.036700517 0.017687757 0.079895750 -0.066633873 0.025746888 0.994240224
1341846319.018123 -0.399549544 -0.039602272 0.015593890 0.079250872 -0.071287610 0.025456013 0.993976533
1341846319.050745 -0.398428202 -0.053849928 -0.000868343 0.079219177 -0.078523077 0.025377017 0.993435681
1341846319.081905 -0.398485929 -0.041357920 0.006882593 0.085877277 -0.078984410 0.021555811 0.992935956
1341846319.117976 -0.423867881 -0.036281005 -0.005372912 0.088414647 -0.076675914 0.027243055 0.992754459
1341846319.150093 -0.415374666 -0.041724384 0.021422066 0.090104371 -0.082632013 0.035243750 0.991872430
1341846319.186069 -0.409575284 -0.026309405 0.005575530 0.092485920 -0.085047767 0.035966154 0.991423070
1341846319.218149 -0.426221967 -0.020703180 -0.014100272 0.089075617 -0.079123482 0.035017360 0.992259443
1341846319.250034 -0.435118586 -0.013040783 0.008006759 0.083957702 -0.073269345 0.033342108 0.993212461
1341846319.286594 -0.439348787 -0.027373362 0.008259844 0.081130676 -0.070227787 0.036878254 0.993542135
1341846319.318034 -0.453811288 -0.024245724 0.003759596 0.082191139 -0.068849325 0.039472051 0.993451715
1341846319.350268 -0.478124976 -0.029379936 -0.001196533 0.082465835 -0.067386821 0.045963585 0.993250072
1341846319.386163 -0.499373436 -0.027494032 0.010765933 0.084518470 -0.071440428 0.053955026 0.992391944
1341846319.418386 -0.478580743 -0.037805870 0.022165477 0.084272906 -0.078432754 0.057306562 0.991696715
1341846319.453961 -0.494814903 -0.026218694 0.016192608 0.086319625 -0.079483569 0.052070916 0.991725683
1341846319.486271 -0.510353029 -0.020994505 0.015668295 0.086329617 -0.078528829 0.048954919 0.991959572
1341846319.554083 -0.515670180 -0.034804799 0.015931979 0.079291500 -0.085618682 0.050166599 0.991899967
1341846319.586296 -0.521449447 -0.038223691 0.016278401 0.079177901 -0.085528530 0.047672950 0.992039800
1341846319.622031 -0.535976768 -0.041390747 0.009399816 0.077283412 -0.088378444 0.046374861 0.992000937
1341846319.653962 -0.534367144 -0.049720883 0.019556716 0.075738333 -0.094921395 0.045637395 0.991549671
1341846319.686352 -0.541470349 -0.050570387 0.018347591 0.077449918 -0.098742537 0.047491100 0.990957081
1341846319.721992 -0.544362962 -0.045052793 0.015293933 0.078524396 -0.103044972 0.048883852 0.990366518
1341846319.754063 -0.545983672 -0.036987025 -0.002174571 0.075592957 -0.105838180 0.049409140 0.990274012
1341846319.786397 -0.545779705 -0.040996544 0.009546459 0.070794806 -0.106494464 0.053229090 0.990360379
1341846319.822008 -0.551319778 -0.042157896 0.005064376 0.067282446 -0.107376553 0.058290586 0.990224957
1341846319.853917 -0.590260029 -0.021960611 -0.020109147 0.065255061 -0.104321487 0.055337276 0.990856469
1341846319.889942 -0.590581000 -0.034284398 -0.016649731 0.061195835 -0.105414450 0.061723817 0.990622520
1341846319.922039 -0.600747526 -0.045316096 -0.027760647 0.059809320 -0.108865388 0.062519707 0.990284026
1341846319.953946 -0.596092880 -0.044729169 0.008086830 0.060901143 -0.115960792 0.059413597 0.989603043
1341846319.990054 -0.595191002 -0.040496301 0.000954404 0.063997097 -0.119094342 0.051574111 0.989475131
1341846320.028122 -0.601508379 -0.046840616 -0.006235838 0.065359980 -0.122209251 0.051365998 0.989016950
1341846320.090047 -0.579528332 -0.033717200 0.004109666 0.071661070 -0.131391481 0.051548302 0.987392366
1341846320.122011 -0.572030783 -0.030210646 0.000015497 0.072314598 -0.129191220 0.052222162 0.987599671
1341846320.157952 -0.566267967 -0.033613697 0.005516857 0.072294712 -0.126618400 0.052483536 0.987920403
1341846320.190003 -0.548863769 -0.038823083 0.009232432 0.075012609 -0.123976208 0.049865618 0.988188446
1341846320.221941 -0.545444489 -0.037647389 0.004031330 0.079329662 -0.119939841 0.051633768 0.988258660
1341846320.258015 -0.539832413 -0.042757474 -0.000445031 0.082951054 -0.118633613 0.053668253 0.988010585
1341846320.289887 -0.520723701 -0.056707118 0.007810645 0.087456375 -0.120563827 0.056303464 0.987241387
1341846320.321954 -0.508080959 -0.045890369 0.005718485 0.097531706 -0.122131370 0.054931026 0.986181557
1341846320.357890 -0.493964016 -0.038149714 0.014683351 0.102926828 -0.122018583 0.056240730 0.985573173
1341846320.390064 -0.481485248 -0.038908564 -0.004959054 0.104298823 -0.117855273 0.055322412 0.985987484
1341846320.426544 -0.471453369 -0.034155846 0.023895651 0.107947186 -0.110682063 0.051856641 0.986614287
1341846320.458122 -0.456097841 -0.036869712 0.015769854 0.108345106 -0.103861988 0.049366809 0.987439573
1341846320.490186 -0.456511110 -0.051698927 -0.006461881 0.110827200 -0.095127441 0.049046587 0.988059998
1341846320.525911 -0.421502471 -0.047535084 -0.006480813 0.114447758 -0.089251943 0.046996012 0.988295078
1341846320.558091 -0.388122857 -0.045406092 -0.035918329 0.114809804 -0.086381428 0.043821014 0.988653958
1341846320.594093 -0.371560127 -0.046071745 0.018162690 0.116681620 -0.082723528 0.040193681 0.988901794
1341846320.631955 -0.378547966 -0.041897796 0.023965172 0.119755231 -0.074087679 0.038952421 0.989268661
1341846320.664916 -0.372782826 -0.039980676 0.009237733 0.119462550 -0.071418986 0.037718989 0.989548028
1341846320.699927 -0.355149567 -0.041709460 0.032954559 0.119871080 -0.068818524 0.036826745 0.989716470
1341846320.731822 -0.340428382 -0.034798093 0.016201131 0.122019440 -0.062047802 0.034791186 0.989975214
1341846320.763877 -0.338882416 -0.027746581 0.006491967 0.119783819 -0.060573578 0.036626827 0.990273297
1341846320.799999 -0.327462941 -0.037442803 0.002204996 0.112264767 -0.062196471 0.031504434 0.991229355
1341846320.831871 -0.298807085 -0.041295644 -0.021171173 0.114095725 -0.050722875 0.026023639 0.991832733
1341846320.863887 -0.324153751 -0.023529010 0.001193956 0.113656022 -0.041408073 0.027140165 0.992285788
1341846320.900014 -0.305665314 -0.036778398 0.025138568 0.105880924 -0.047591835 0.033008032 0.992690623
1341846320.931889 -0.280181438 -0.044165492 0.013921566 0.106700934 -0.047942162 0.031768214 0.992626429
1341846320.967866 -0.283989400 -0.014938882 0.015601709 0.107923649 -0.042030517 0.028704068 0.992855430
1341846321.000017 -0.285463363 -0.027317585 0.007584877 0.100859590 -0.041106157 0.026775567 0.993690431
1341846321.031860 -0.261542827 -0.035639022 0.008242484 0.098593891 -0.041171610 0.024506759 0.993973613
1341846321.068047 -0.246810317 -0.027165648 0.022844419 0.099454924 -0.038242806 0.021950988 0.994064569
1341846321.099840 -0.230625004 -0.023526208 0.051835567 0.097577348 -0.037978940 0.022885213 0.994239688
1341846321.131821 -0.207336858 -0.029961079 0.057879932 0.097935133 -0.036834333 0.023284664 0.994238257
1341846321.167887 -0.227720320 -0.036826782 0.010639075 0.099563800 -0.030559788 0.023528973 0.994283438
1341846321.200042 -0.208183706 -0.028041609 0.041536480 0.100585602 -0.029485684 0.024055123 0.994200408
1341846321.231950 -0.191848442 -0.030996982 0.048219226 0.099889912 -0.029367704 0.022798063 0.994303644
1341846321.267939 -0.187779829 -0.035729215 0.006956032 0.099601954 -0.026422519 0.018640216 0.994501829
1341846321.299948 -0.177189156 -0.035048969 0.019037658 0.098759167 -0.022186849 0.011942471 0.994792342
1341846321.331858 -0.175028265 -0.038564287 0.029283088 0.098887876 -0.019026425 0.009179361 0.994874299
1341846321.367913 -0.154359475 -0.041485526 0.027059207 0.100288913 -0.017150203 0.004548213 0.994800150
1341846321.399897 -0.138942361 -0.034447402 0.042258464 0.102466106 -0.013005058 0.003321610 0.994645953
1341846321.435994 -0.137984306 -0.039241225 0.049448170 0.103638187 -0.009022772 0.003076731 0.994569361
1341846321.467946 -0.123960800 -0.035886876 0.060632214 0.105792329 -0.007183036 0.003775750 0.994355083
1341846321.499882 -0.108658843 -0.030472480 0.059129693 0.107653894 -0.004964196 0.004795948 0.994164467
1341846321.536109 -0.086437516 -0.025849205 0.033893984 0.107156917 -0.000553557 0.001924134 0.994240105
1341846321.568960 -0.103570700 -0.019253802 0.047124669 0.104456626 0.008051681 -0.001743154 0.994495332
1341846321.603938 -0.104613312 -0.035314474 0.023339855 0.099788308 0.011117073 -0.002477885 0.994943500
1341846321.637163 -0.053595617 -0.017463196 0.038844913 0.099068537 0.012787538 -0.001734311 0.994996905
1341846321.668306 -0.077987753 -0.024269057 0.045686264 0.093307935 0.024269614 0.001457300 0.995340407
1341846321.704411 -0.092447713 -0.026546393 0.047054276 0.090099692 0.026495805 0.009539740 0.995534539
1341846321.736861 -0.080637366 -0.024102110 0.051432043 0.089474462 0.023586644 0.016606981 0.995571315
1341846321.771881 -0.064460330 -0.011242312 0.049794354 0.087693602 0.022818465 0.021732906 0.995648921
1341846321.804114 -0.056777496 -0.015627764 0.053051848 0.082903102 0.025169289 0.024486851 0.995938778
1341846321.836152 -0.051779568 -0.006873243 0.049093574 0.080387779 0.027195938 0.025264058 0.996072233
1341846321.871882 -0.051414210 -0.004078981 0.048735023 0.075467236 0.028628442 0.023699433 0.996455431
1341846321.904074 -0.046902943 -0.003791904 0.057005066 0.068828933 0.030187823 0.018979797 0.996991038
1341846321.939847 -0.043346398 -0.007294464 0.059914418 0.064906850 0.032996450 0.016675806 0.997206271
1341846322.004094 -0.047680244 -0.009869865 0.065149918 0.058035519 0.031198768 0.016117474 0.997696698
1341846322.066178 -0.030250467 -0.026460566 0.056925133 0.052106027 0.035292774 0.012722895 0.997936606
1341846322.107979 -0.033206251 -0.035192516 0.064965621 0.049754348 0.037714932 0.012070263 0.997976124
1341846322.166164 -0.031406444 -0.062403817 0.059859756 0.052093476 0.037209813 0.011512937 0.997882366
1341846322.202932 -0.031414561 -0.060858026 0.061529852 0.054048523 0.035166897 0.012316029 0.997842908
1341846322.234093 -0.030563857 -0.065625750 0.063703358 0.053013869 0.033761017 0.009973198 0.997973084
1341846322.265941 -0.030076178 -0.075687401 0.064595327 0.050328381 0.030608447 0.010928748 0.998203754
1341846322.301996 -0.016128570 -0.092648193 0.060271747 0.047684982 0.027739987 0.012762169 0.998395622
1341846322.333949 -0.032009948 -0.106907189 0.056145608 0.046933834 0.027306184 0.011329404 0.998460412
1341846322.369871 -0.021881903 -0.117954835 0.057877488 0.048004642 0.021441812 0.008332021 0.998582184
1341846322.402292 -0.007694082 -0.128884077 0.062019829 0.050076988 0.021895593 0.002260923 0.998502791
1341846322.433955 -0.020084379 -0.163916916 0.055537999 0.053425763 0.024475219 -0.001806579 0.998270214
1341846322.470030 -0.023407143 -0.162896127 0.059771750 0.062443752 0.020559216 0.001998276 0.997834682
1341846322.502433 -0.011608970 -0.177239418 0.055717729 0.068090074 0.016537158 0.004878575 0.997530162
1341846322.534002 -0.002607110 -0.196448609 0.064789951 0.075704187 0.015718002 0.006179537 0.996987283
1341846322.570196 -0.009855415 -0.202915549 0.054628409 0.085923105 0.016196478 0.008308673 0.996135473
1341846322.601920 -0.017182328 -0.204140127 0.052280474 0.092495270 0.013850250 0.011145807 0.995554388
1341846322.638119 0.003884415 -0.221203044 0.057978578 0.096927606 0.008983104 0.011191268 0.995187998
1341846322.669947 0.005144041 -0.220052585 0.057387743 0.102497034 0.012680706 0.009590307 0.994606256
1341846322.702026 -0.000525860 -0.239969999 0.058699638 0.104089171 0.014199573 0.012388717 0.994389415
1341846322.738006 0.004246023 -0.235165805 0.061608113 0.106152639 0.011359988 0.014329625 0.994181693
1341846322.770087 0.010504087 -0.256049246 0.064302027 0.105501413 0.012007898 0.013831209 0.994250476
1341846322.806047 0.001184723 -0.266185999 0.069470741 0.109341137 0.012576823 0.015815809 0.993798852
1341846322.838063 -0.005373135 -0.271527678 0.071030915 0.111156918 0.008731248 0.018159132 0.993598580
1341846322.870081 0.009003367 -0.300139308 0.085865021 0.110961795 0.001553097 0.017217524 0.993674278
1341846322.906018 0.021787919 -0.306582481 0.069453478 0.116493821 0.000158540 0.017814510 0.993031621
1341846322.938349 0.025519637 -0.300645262 0.081850484 0.116139345 0.000523085 0.020357652 0.993024111
1341846322.970069 0.023565227 -0.290700674 0.078448430 0.113221668 0.000729355 0.021378383 0.993339479
1341846323.011820 0.034071140 -0.306916147 0.081859149 0.110125363 0.000243478 0.022326136 0.993666887
1341846323.073951 0.033742927 -0.309121907 0.086527362 0.107057437 -0.000122793 0.027731730 0.993866026
1341846323.105962 0.030671837 -0.328624189 0.084120430 0.103881292 0.000408956 0.026640208 0.994232774
1341846323.138158 0.029268516 -0.328194737 0.084224641 0.104823291 0.000627329 0.022778546 0.994229794
1341846323.174092 0.022331266 -0.331582785 0.083483674 0.102625750 0.000623125 0.021069126 0.994496703
1341846323.206059 0.032951578 -0.338519841 0.083859958 0.099511348 -0.000844348 0.019520588 0.994844556
1341846323.238053 0.034763817 -0.341149509 0.084914409 0.097062945 0.002288512 0.017242355 0.995126247
1341846323.273997 0.010708173 -0.338926226 0.088023864 0.093661577 0.004290445 0.017806074 0.995435596
1341846323.305946 0.022194292 -0.348474741 0.079568475 0.088317454 -0.000705090 0.018984459 0.995911241
1341846323.342027 0.044741973 -0.362495542 0.096472651 0.087167270 0.000139298 0.016945304 0.996049523
1341846323.374048 0.021652499 -0.370758146 0.094201274 0.087242119 0.005167709 0.017629499 0.996017694
1341846323.405987 0.009380613 -0.385161579 0.071765974 0.085676201 0.001177997 0.023150936 0.996053338
1341846323.441956 0.024997830 -0.393163234 0.102082141 0.088043585 -0.003516199 0.025385903 0.995786905
1341846323.473878 0.028839333 -0.410821348 0.078348957 0.090525888 -0.002352274 0.024137933 0.995598793
1341846323.506129 0.023425614 -0.404540688 0.074862272 0.093327187 -0.002263527 0.022149060 0.995386541
1341846323.541972 0.032833528 -0.399626344 0.092650205 0.093154937 -0.002596113 0.020038584 0.995446563
1341846323.573913 0.049428046 -0.408400625 0.096186176 0.093014508 0.000620454 0.014294755 0.995561957
1341846323.609927 0.036969159 -0.413019836 0.088869154 0.093274020 0.007619821 0.010226967 0.995558798
1341846323.642014 0.024185620 -0.426468194 0.096088834 0.091431372 0.009733638 0.010613103 0.995707214
1341846323.674081 0.029238904 -0.444389880 0.080282032 0.089384064 0.007035598 0.014433350 0.995867789
1341846323.710069 0.026702447 -0.461965144 0.082812861 0.090594172 0.006160872 0.017381614 0.995717168
1341846323.742111 0.023758175 -0.471572012 0.087849207 0.096449181 0.004872607 0.018775512 0.995148838
1341846323.774928 0.027280157 -0.477934599 0.074986205 0.098247752 0.001971433 0.016023338 0.995031059
1341846323.810012 0.026122859 -0.479199558 0.090778716 0.100834690 0.001302799 0.011634535 0.994834304
1341846323.842207 0.021269707 -0.481333166 0.068432443 0.102716729 0.002392340 0.006227048 0.994688272
1341846323.878019 0.011682454 -0.492456853 0.069730036 0.103466243 0.002166987 0.001750519 0.994629025
1341846323.909826 0.025455499 -0.506266177 0.087841608 0.105689786 -0.001018821 -0.001742862 0.994397104
1341846323.942459 0.021609096 -0.511400998 0.080439463 0.109462820 -0.000847934 -0.003124086 0.993985593
1341846323.978055 0.024993435 -0.504466891 0.060539454 0.112315647 -0.003560903 -0.000029722 0.993666172
1341846324.015934 0.027493043 -0.508650005 0.059860401 0.115877874 -0.005829828 -0.001183307 0.993245661
1341846324.047722 0.032443728 -0.504756629 0.054671116 0.119461387 -0.004623999 -0.002803250 0.992824078
1341846324.083904 0.026560644 -0.496136218 0.059304401 0.120322675 -0.002635901 -0.003423906 0.992725432
1341846324.115968 0.034767237 -0.490027606 0.061556205 0.118262000 -0.001499108 -0.005334297 0.992966950
1341846324.151967 0.040049218 -0.485053271 0.061432637 0.117496483 0.001163840 -0.008900654 0.993032694
1341846324.183941 0.023763737 -0.455713838 0.079135820 0.116314940 0.006015757 -0.012231871 0.993118823
1341846324.219984 0.020539412 -0.453864694 0.073120773 0.111923538 0.008089735 -0.011131397 0.993621528
1341846324.251968 0.019630156 -0.460861474 0.074290685 0.110621415 0.008087034 -0.011286575 0.993765593
1341846324.284052 0.014229982 -0.446961820 0.075497441 0.111693405 0.007584447 -0.011577268 0.993646264
1341846324.319880 0.011702693 -0.429520547 0.068565711 0.110529721 0.004260225 -0.012318519 0.993787289
1341846324.351917 0.016030408 -0.417435944 0.075495318 0.107147537 0.000542772 -0.013197125 0.994155407
1341846324.388001 0.025398333 -0.401975095 0.071454577 0.103886023 0.000129043 -0.017646743 0.994432628
1341846324.419908 0.019104276 -0.390675753 0.076013118 0.098797455 0.002709036 -0.019707050 0.994908690
1341846324.452027 0.008259110 -0.379971266 0.077992693 0.095346183 0.004333200 -0.020094750 0.995231867
1341846324.487928 0.012919344 -0.380980045 0.072791666 0.092912167 0.003021173 -0.018224010 0.995502949
1341846324.519985 0.000223906 -0.371713310 0.087095462 0.091799013 0.001357561 -0.013519421 0.995684803
1341846324.556001 0.001260143 -0.353946924 0.087599516 0.090382442 -0.003840342 -0.009500391 0.995854378
1341846324.587888 0.008777324 -0.342519790 0.080521435 0.086956605 -0.007490871 -0.006349063 0.996163726
1341846324.620086 0.003701315 -0.334359914 0.089931861 0.085132040 -0.009580211 -0.009294725 0.996280253
1341846324.655955 0.010720303 -0.326010257 0.092939273 0.083564155 -0.011267520 -0.010487470 0.996383488
1341846324.688082 0.005578272 -0.320928693 0.097997665 0.082933165 -0.010590809 -0.009808551 0.996450543
1341846324.755922 -0.007854611 -0.283992499 0.094452702 0.084700517 -0.013462069 -0.005753657 0.996298909
1341846324.814016 0.011254382 -0.245245188 0.094183140 0.080488883 -0.020041915 -0.008293764 0.996519506
1341846324.849979 -0.002177818 -0.240275040 0.106224053 0.074574567 -0.016185699 -0.010719947 0.997026443
1341846324.881924 -0.008917365 -0.233239576 0.118777737 0.072011657 -0.017273789 -0.010643547 0.997197390
1341846324.913902 -0.001673147 -0.222432613 0.116542116 0.071130969 -0.019225480 -0.007223564 0.997255504
1341846324.949999 -0.006091623 -0.227535784 0.119420096 0.071049377 -0.019048788 -0.004285268 0.997281671
1341846324.981922 -0.023519719 -0.220783383 0.124805123 0.075638101 -0.020112343 -0.001977100 0.996930480
1341846325.018013 -0.017001119 -0.208939537 0.119233325 0.079942726 -0.026247786 0.001303542 0.996452987
1341846325.050079 -0.020872859 -0.192669123 0.105195194 0.081936449 -0.030927598 0.000599491 0.996157408
1341846325.081901 -0.020032670 -0.170795530 0.101716943 0.081858069 -0.036147643 -0.001627473 0.995986938
1341846325.118531 -0.008005986 -0.152532488 0.110170849 0.078631327 -0.038555741 -0.004077719 0.996149540
1341846325.149933 -0.007727069 -0.154198855 0.114218101 0.072319813 -0.036272261 -0.005568312 0.996706128
1341846325.181925 -0.013905982 -0.146299481 0.117060110 0.069416642 -0.034704138 -0.003533978 0.996977687
1341846325.218055 -0.012187099 -0.142351687 0.122938618 0.066427395 -0.034934487 0.001274978 0.997178674
1341846325.249811 -0.016546439 -0.130601838 0.125421211 0.064823158 -0.034676813 0.004914048 0.997281969
1341846325.285925 -0.014441974 -0.121083103 0.123948902 0.062245965 -0.035346273 0.007587256 0.997405887
1341846325.317988 0.002140953 -0.127131224 0.126335040 0.059299972 -0.034120094 0.010418211 0.997602522
1341846325.349844 -0.002187858 -0.131974205 0.133763999 0.061773673 -0.029112538 0.013232494 0.997577727
1341846325.387302 -0.003384348 -0.114974901 0.135264054 0.067386039 -0.026176594 0.014824303 0.997273386
1341846325.417931 0.012468166 -0.109779477 0.136625171 0.069840252 -0.022624340 0.018069902 0.997137904
1341846325.450747 0.021693723 -0.131042391 0.127968565 0.071796246 -0.014861496 0.020391000 0.997100115
1341846325.485954 -0.005331460 -0.091192469 0.146293402 0.084358156 -0.006109162 0.022057682 0.996172607
1341846325.517875 -0.006746509 -0.087572619 0.135985643 0.086616479 -0.002901183 0.024597500 0.995933771
1341846325.553859 -0.006232756 -0.080602825 0.140415952 0.089940123 0.000536786 0.023887483 0.995660543
1341846325.585855 -0.012931518 -0.062123910 0.137028605 0.092672847 0.004018766 0.022334313 0.995437980
1341846325.617990 -0.014559884 -0.040252786 0.137678072 0.090690218 0.005754736 0.021413991 0.995632231
1341846325.653982 -0.018171111 -0.056640245 0.144010648 0.086649299 0.007872522 0.017951066 0.996046007
1341846325.685819 -0.019255234 -0.057725444 0.143323720 0.091686010 0.009346957 0.019335110 0.995556355
1341846325.717857 -0.021831105 -0.040748622 0.146199495 0.096832037 0.010407912 0.026220653 0.994900823
1341846325.754083 -0.023621976 -0.040649023 0.147476420 0.099540032 0.010354801 0.030872323 0.994500577
1341846325.786087 -0.021532431 -0.036663324 0.145825461 0.105724908 0.010668260 0.032299716 0.993813455
1341846325.821856 -0.024097834 -0.012542153 0.149198577 0.110878788 0.012814090 0.033237290 0.993195355
1341846325.853827 -0.033339698 -0.007048463 0.155933246 0.111450739 0.013913304 0.036737654 0.992993176
1341846325.885958 -0.041108452 0.006694999 0.146374777 0.112219669 0.011510420 0.042697404 0.992698908
1341846325.921984 -0.034168340 0.011258021 0.154408827 0.111361869 0.006945185 0.047423821 0.992623448
1341846325.953899 -0.022146566 0.013232559 0.156420857 0.113953024 0.006616191 0.048601057 0.992274582
1341846325.985823 -0.030165218 0.028549660 0.155658662 0.117226847 0.010198272 0.052573338 0.991660178
1341846326.021991 -0.034916740 0.029499780 0.158219710 0.119939938 0.010559885 0.058495831 0.991000056
1341846326.054055 -0.029634710 0.041943163 0.160969436 0.125255883 0.009331089 0.062366068 0.990118384
1341846326.089984 -0.026728339 0.065557860 0.161777660 0.128901020 0.011323743 0.061137587 0.989706278
1341846326.121822 -0.027981933 0.074942440 0.164303690 0.128408179 0.015380407 0.058622509 0.989867747
1341846326.154079 -0.031992756 0.076643854 0.172001421 0.128858045 0.017944714 0.057306454 0.989843190
1341846326.190178 -0.035008773 0.090881869 0.175176069 0.131668851 0.017414046 0.060362343 0.989300966
1341846326.222162 -0.038891993 0.107393160 0.176705807 0.130964801 0.015642675 0.067084044 0.988991022
1341846326.259181 -0.036637340 0.112063088 0.175236732 0.125745952 0.012024891 0.069704518 0.989537597
1341846326.322766 -0.036097001 0.147111043 0.181700811 0.121855177 0.012647039 0.067862764 0.990144432
1341846326.359773 -0.031276487 0.136917442 0.176753283 0.114523068 0.013179455 0.065826237 0.991149664
1341846326.392109 -0.025884472 0.129085883 0.187035114 0.112436347 0.014588879 0.067237981 0.991274059
1341846326.423985 -0.028877005 0.133361250 0.182161108 0.116387442 0.015431285 0.072609007 0.990426064
1341846326.459869 -0.032473627 0.149574161 0.195553556 0.118294723 0.012926283 0.075995728 0.989981830
1341846326.526163 -0.026739374 0.190121412 0.196124002 0.120230414 0.014841703 0.074920975 0.989803612
1341846326.560211 -0.028883614 0.194766387 0.203192517 0.114724293 0.018898023 0.075462826 0.990346730
1341846326.591828 -0.029955119 0.199493617 0.207668900 0.111736752 0.020804621 0.077171758 0.990518332
1341846326.627027 -0.027481582 0.211876497 0.206721112 0.111717097 0.022233089 0.075951777 0.990583837
1341846326.658442 -0.028718062 0.232073933 0.209485546 0.110036522 0.026151679 0.074826606 0.990761876
1341846326.694856 -0.039464857 0.243491381 0.214444682 0.106679194 0.030312739 0.074707210 0.991019428
1341846326.726206 -0.034904931 0.260394305 0.216343731 0.101508282 0.030933693 0.072630458 0.991697550
1341846326.762753 -0.034146011 0.263372481 0.219489798 0.094644763 0.033707019 0.069409139 0.992516279
1341846326.826821 -0.034743823 0.286140263 0.219461024 0.078659616 0.039080687 0.066457719 0.993915856
1341846326.858887 -0.043536015 0.294783026 0.232240275 0.071059108 0.041554306 0.063569918 0.994576633
1341846326.895360 -0.046863049 0.298944652 0.229109094 0.069446214 0.041293103 0.065168373 0.994597971
1341846326.926897 -0.048744682 0.309922397 0.230449647 0.072024100 0.037578750 0.066208892 0.994493186
1341846326.958888 -0.038947091 0.326755464 0.231105030 0.075199425 0.034572184 0.069808759 0.994121015
1341846326.994594 -0.036993608 0.338436067 0.226385936 0.075574785 0.034926802 0.072128505 0.993914485
1341846327.026301 -0.041870490 0.355120093 0.223449409 0.073909022 0.037113465 0.069282196 0.994162977
1341846327.063945 -0.032403111 0.355454355 0.237714425 0.070468046 0.038440011 0.068248838 0.994433880
1341846327.094662 -0.035633225 0.365606785 0.236020908 0.070419401 0.040769715 0.066241816 0.994480252
1341846327.128901 -0.035809182 0.374029696 0.251210868 0.069534585 0.041013423 0.064734705 0.994631708
1341846327.161940 -0.053759024 0.389381915 0.233892977 0.068498038 0.041690152 0.062559731 0.994814694
1341846327.193867 -0.020282334 0.392648458 0.252844721 0.067522533 0.039445434 0.064324498 0.994860351
1341846327.229885 -0.033150785 0.405163318 0.233093902 0.067865953 0.043953799 0.060540348 0.994885504
1341846327.262014 -0.032324120 0.426618069 0.189493671 0.067093320 0.047674149 0.056243975 0.995018721
1341846327.294023 -0.052650832 0.450831145 0.168273509 0.072675437 0.060185488 0.050268158 0.994268119
1341846327.330015 -0.064714983 0.469045877 0.140286013 0.074039049 0.069513589 0.048205029 0.993661106
1341846327.361939 -0.093300343 0.478812486 0.137747720 0.070027739 0.077794738 0.042472284 0.993599594
1341846327.393887 -0.132911041 0.481433541 0.129072383 0.067518689 0.085636467 0.034466092 0.993438303
1341846327.429966 -0.176656470 0.487840414 0.125786096 0.064318411 0.092220195 0.034084253 0.993074417
1341846327.461965 -0.215581834 0.489583015 0.111107200 0.053638000 0.092540570 0.033511687 0.993698239
1341846327.497931 -0.268216282 0.480272621 0.116239429 0.046139285 0.100740552 0.030004656 0.993389249
1341846327.530068 -0.312721163 0.478540927 0.112646952 0.042618312 0.108494036 0.031289048 0.992690146
1341846327.561895 -0.381917655 0.475539982 0.135135233 0.040497188 0.118969738 0.037606202 0.991358638
1341846327.598010 -0.437091440 0.464623392 0.148675531 0.038992371 0.126418367 0.040414020 0.990386128
1341846327.629945 -0.465710372 0.472132057 0.142220378 0.037527021 0.125625014 0.037477732 0.990659118
1341846327.662003 -0.496521264 0.466867775 0.163622692 0.035787307 0.129195139 0.034593455 0.990369201
1341846327.697919 -0.543625057 0.465267986 0.164561555 0.035630658 0.136819005 0.034365159 0.989358425
1341846327.730075 -0.588264227 0.466259658 0.170426056 0.030116223 0.143040195 0.035358671 0.988626480
1341846327.766017 -0.626486599 0.461683214 0.173270971 0.023457374 0.148569927 0.036442187 0.987951756
1341846327.797917 -0.684457421 0.478491485 0.187216297 0.020554973 0.157676637 0.038121760 0.986540556
1341846327.830054 -0.720473588 0.482516825 0.196091205 0.013694017 0.163449720 0.038334671 0.985711455
1341846327.865944 -0.751826108 0.495961338 0.207201079 0.011126183 0.170574859 0.037429612 0.984570682
1341846327.898010 -0.776807547 0.504565656 0.217882827 0.008649208 0.176102355 0.037838999 0.983606339
1341846327.929991 -0.765605152 0.519174457 0.214772388 0.005035200 0.172779530 0.035681348 0.984301150
1341846327.966065 -0.763578773 0.521976352 0.209670782 -0.001315717 0.172153845 0.034345612 0.984470248
1341846327.998073 -0.761103868 0.531131864 0.211323500 -0.007851576 0.172755405 0.033800423 0.984353304
1341846328.034045 -0.768820941 0.537977278 0.212575227 -0.013871183 0.175210938 0.031773642 0.983920276
1341846328.065993 -0.763877869 0.530712724 0.213446885 -0.020419773 0.174907863 0.033929147 0.983788133
1341846328.098045 -0.774416566 0.517533183 0.223339692 -0.022374976 0.177832857 0.034271076 0.983209193
1341846328.133967 -0.780943215 0.522842824 0.224032462 -0.017648622 0.177709103 0.037722450 0.983201385
1341846328.166023 -0.776043475 0.508197904 0.217842504 -0.020418329 0.173398897 0.039348431 0.983853459
1341846328.198018 -0.776479483 0.502836227 0.218499288 -0.019592470 0.170900583 0.036066957 0.984432995
1341846328.234044 -0.775971115 0.494834006 0.217994496 -0.016777996 0.169288576 0.034839224 0.984807670
1341846328.265899 -0.773215830 0.482568175 0.213962376 -0.015184199 0.166648716 0.036152422 0.985236347
1341846328.302051 -0.776165605 0.461284071 0.218410701 -0.013184381 0.167836651 0.037060268 0.985029757
1341846328.333917 -0.778411984 0.451811999 0.213329554 -0.008602416 0.167721570 0.037756253 0.985073566
1341846328.366008 -0.768816888 0.422131300 0.211606413 -0.006815767 0.165217608 0.040275730 0.985410869
1341846328.402010 -0.772258520 0.426769435 0.227144331 0.008799788 0.167855859 0.041691355 0.984890223
1341846328.433920 -0.769580185 0.414545834 0.211211622 0.014280062 0.164973825 0.040364601 0.985368133
1341846328.470003 -0.759324670 0.408362478 0.203787386 0.015971160 0.162151054 0.032050390 0.986115992
1341846328.502194 -0.798309386 0.397886038 0.210556448 0.019669458 0.171045169 0.021320555 0.984836102
1341846328.534033 -0.798614085 0.391899049 0.215551972 0.022733783 0.175150603 0.017647803 0.984120905
1341846328.570125 -0.834566534 0.383163691 0.230227202 0.027363257 0.181922629 0.017799970 0.982770860
1341846328.602804 -0.857702613 0.354450285 0.246822938 0.032364175 0.180820093 0.020985140 0.982759535
1341846329.138340 0.005653681 0.186163008 0.209979489 0.074731030 0.008647371 0.027301088 0.996792436
1341846329.169991 0.005367834 0.183971554 0.199724704 0.076876387 0.007606298 0.026227234 0.996666610
1341846329.208656 0.007732240 0.174812496 0.197969869 0.077426188 0.006442202 0.024944048 0.996665180
1341846329.238169 0.010214120 0.174744517 0.190233752 0.077281743 0.005235615 0.025206877 0.996676862
1341846329.273827 0.013529791 0.161117449 0.189196855 0.075086549 0.003810557 0.026041245 0.996829689
1341846329.306052 0.011726075 0.158164695 0.189324573 0.075594686 0.001674090 0.024941649 0.996825218
1341846329.338104 0.019629933 0.157897070 0.180113256 0.072279349 -0.000698389 0.023444936 0.997108579
1341846329.373907 0.014551086 0.134058952 0.185810864 0.068063132 -0.000964489 0.020773981 0.997464240
1341846329.405985 0.018664431 0.120973773 0.184613839 0.068952352 -0.002682637 0.018890394 0.997437477
1341846329.442057 0.019732013 0.119045474 0.178495765 0.068711601 -0.003140045 0.014883031 0.997520626
1341846329.473950 0.014601531 0.103182971 0.176152721 0.067112565 -0.003895873 0.008361562 0.997702777
1341846329.506147 0.014605261 0.100725338 0.173838899 0.067601644 -0.005769968 0.006078602 0.997677147
1341846329.542121 0.015408163 0.085801482 0.170952067 0.065383345 -0.008947593 0.006351604 0.997799873
1341846329.574086 0.020990040 0.069406353 0.169821560 0.067339547 -0.011558153 0.005066728 0.997650325
1341846329.606387 0.019944595 0.067454539 0.164733842 0.070182920 -0.011763749 0.003504666 0.997458577
1341846329.641955 0.017484115 0.065931797 0.163253531 0.070391677 -0.012960060 0.003911394 0.997427583
1341846329.681570 0.015128499 0.049812626 0.158980876 0.068848364 -0.015797839 0.004044840 0.997493863
1341846329.748113 0.021211835 0.046341911 0.153120115 0.071236767 -0.016303677 0.001792193 0.997324586
1341846329.810175 0.020896055 0.019951895 0.152540505 0.068525583 -0.013202847 0.006685586 0.997539580
1341846329.842255 0.021600554 0.010337908 0.153265268 0.070167743 -0.013031012 0.010225767 0.997397721
1341846329.874044 0.020650754 0.002591191 0.156250238 0.071691915 -0.013109299 0.013693064 0.997246683
1341846329.910073 0.019290542 0.008170296 0.153023198 0.072282538 -0.013336588 0.015550072 0.997173846
1341846329.942009 0.014747301 0.003455225 0.151078790 0.067165196 -0.013493200 0.021126950 0.997426867
1341846329.978087 0.014101658 -0.020109173 0.146450192 0.064708173 -0.013758474 0.022166977 0.997563124
1341846330.016305 0.020228965 -0.011535050 0.143358931 0.067221753 -0.013217418 0.019979507 0.997450411
1341846330.048192 0.012150964 -0.003720098 0.147419810 0.064127475 -0.011316950 0.020852951 0.997659624
1341846330.080418 0.013865056 -0.027127746 0.144524798 0.058677576 -0.011487073 0.023183938 0.997941613
1341846330.115886 0.016015537 -0.041389890 0.145999730 0.061280560 -0.010140500 0.024280751 0.997773647
1341846330.147839 0.010201271 -0.025369540 0.142473698 0.064579472 -0.009616188 0.025614351 0.997537434
1341846330.181257 0.009296739 -0.010787872 0.136518687 0.060337041 -0.010181549 0.028933359 0.997706711
1341846330.215852 0.011059253 -0.030486271 0.136388063 0.053046606 -0.009299332 0.028156865 0.998151660
1341846330.247833 0.006873329 -0.035999410 0.137880117 0.051206056 -0.008642275 0.027293263 0.998277664
1341846330.283913 0.004515126 -0.023674101 0.127552569 0.048152849 -0.009328919 0.027940471 0.998405516
1341846330.316011 0.004356865 -0.038854886 0.140556872 0.041179221 -0.009993225 0.027414769 0.998725593
1341846330.347868 0.003222040 -0.044279989 0.137114480 0.038994968 -0.011779881 0.026358251 0.998822212
1341846330.383835 0.009077120 -0.047825120 0.137958273 0.037164487 -0.012627054 0.026933551 0.998866320
1341846330.415934 0.005139404 -0.065444551 0.140027374 0.035835475 -0.011252263 0.024637392 0.998990595
1341846330.452561 0.002945482 -0.065018609 0.135152817 0.038798191 -0.011822263 0.023990104 0.998889089
1341846330.483903 -0.002294429 -0.058700904 0.135026753 0.039415497 -0.013259470 0.026529813 0.998782635
1341846330.515970 -0.003736857 -0.068458326 0.132302165 0.037432928 -0.015528795 0.029826751 0.998733222
1341846330.552099 -0.003574237 -0.071291618 0.129434317 0.038788076 -0.016708745 0.031824224 0.998600781
1341846330.583876 -0.004543674 -0.062270124 0.127223894 0.038876019 -0.017050557 0.031895313 0.998589277
1341846330.619992 -0.011544837 -0.054914363 0.121587709 0.034887690 -0.017477548 0.031434610 0.998743832
1341846330.652136 -0.005460070 -0.061290283 0.122385286 0.027966956 -0.020050593 0.030783003 0.998933554
1341846330.683796 -0.011962444 -0.068207607 0.116418123 0.022842880 -0.019030670 0.029344263 0.999127150
1341846330.719991 -0.017072927 -0.082440697 0.116287790 0.019797860 -0.021015523 0.030817781 0.999107957
1341846330.752103 -0.019743375 -0.085002393 0.113195173 0.021585293 -0.025245421 0.034588035 0.998849511
1341846330.787952 -0.025644492 -0.078582391 0.110255599 0.023016285 -0.029396590 0.038304903 0.998568416
1341846330.819823 -0.022276917 -0.081602305 0.101911649 0.022333689 -0.034179397 0.039279953 0.998393774
1341846330.852208 -0.022202076 -0.072071210 0.096512094 0.022550547 -0.035776928 0.040268861 0.998293579
1341846330.914111 -0.027489791 -0.057289962 0.090984106 0.014225515 -0.039020173 0.038884886 0.998380184
1341846330.949903 -0.032536693 -0.072268903 0.092848279 0.010136855 -0.039751112 0.039301734 0.998384893
1341846330.981986 -0.037842110 -0.071884520 0.088623047 0.011098360 -0.044049278 0.039991647 0.998166919
1341846331.014111 -0.034685299 -0.064379022 0.090650864 0.011104282 -0.048602775 0.040841475 0.997921050
1341846331.082139 -0.033612847 -0.069590166 0.083070911 0.012600153 -0.051574718 0.038114000 0.997862041
1341846331.114334 -0.041650191 -0.063846745 0.079637893 0.012925376 -0.052855849 0.036610778 0.997847080
1341846331.149989 -0.036744084 -0.073442221 0.080527045 0.012557642 -0.054389745 0.036508463 0.997773111
1341846331.181954 -0.040174671 -0.072601363 0.077077657 0.015977006 -0.054380432 0.035015386 0.997778237
1341846331.218151 -0.046846360 -0.060000826 0.075750001 0.016405037 -0.057243694 0.036321808 0.997564435
1341846331.249914 -0.033280704 -0.072701238 0.072181121 0.013222070 -0.060094330 0.035397366 0.997477233
1341846331.318141 -0.026657274 -0.069216982 0.074212126 0.023915498 -0.050428327 0.031012932 0.997959554
1341846331.349926 -0.018320542 -0.067711622 0.068602093 0.022717716 -0.048586361 0.030373910 0.998098552
1341846331.382003 0.009479749 -0.083006479 0.091438293 0.024387989 -0.044295419 0.028744888 0.998306990
1341846331.418008 -0.011156010 -0.074298672 0.091330625 0.032133892 -0.032419808 0.029454581 0.998523295
1341846331.450327 -0.016223866 -0.068854801 0.089680769 0.034306623 -0.026907463 0.028667348 0.998637676
1341846331.486219 -0.026547644 -0.060887333 0.104854099 0.034933116 -0.023629384 0.029192682 0.998683691
1341846331.518344 -0.014302014 -0.059256390 0.114358708 0.033667032 -0.024314068 0.029061543 0.998714566
1341846331.550202 -0.009987623 -0.065167136 0.123340815 0.035909060 -0.019753741 0.027011706 0.998794615
1341846331.586139 -0.020146266 -0.050500132 0.133907810 0.038887843 -0.017748276 0.027713388 0.998701513
1341846331.617931 -0.010944607 -0.049879927 0.138971135 0.037814964 -0.018494055 0.028025992 0.998720467
1341846331.654027 -0.005850885 -0.060147002 0.143716693 0.037577447 -0.015878949 0.028648674 0.998756766
1341846331.686123 -0.012246997 -0.046768539 0.153793901 0.040869039 -0.012785046 0.030210361 0.998625815
1341846331.717954 -0.017079569 -0.034587514 0.158065140 0.038496360 -0.013663761 0.030083396 0.998712361
1341846331.754076 -0.003441061 -0.049303900 0.169646814 0.035226338 -0.013966735 0.029343499 0.998850822
1341846331.785920 -0.006845818 -0.049982611 0.179159641 0.038063999 -0.010683407 0.027539136 0.998838603
1341846331.818053 -0.009230060 -0.037632607 0.192282647 0.039280564 -0.008940943 0.028191973 0.998790383
1341846331.853849 -0.005867070 -0.045406848 0.200245947 0.037446618 -0.008895719 0.027557896 0.998878956
1341846331.885987 0.002355711 -0.047750983 0.212516591 0.040197413 -0.006931013 0.025379319 0.998845339
1341846331.922014 -0.003614828 -0.040039569 0.223613352 0.042489588 -0.002993116 0.023956543 0.998805165
1341846331.954037 0.006345091 -0.039364129 0.232821077 0.042247456 -0.001137417 0.025152517 0.998789847
1341846331.986135 0.009505739 -0.050516296 0.249879733 0.044116165 0.004474954 0.025962472 0.998678982
1341846332.022364 -0.006014627 -0.055636629 0.247916758 0.050943192 0.010991494 0.025260819 0.998321533
1341846332.054175 -0.001061755 -0.052046563 0.260077447 0.056957543 0.010209160 0.028228780 0.997925222
1341846332.086502 0.001898524 -0.044949450 0.273019969 0.060374666 0.010089165 0.029455092 0.997690082
1341846332.122051 -0.002071658 -0.041749880 0.288079798 0.062143482 0.011558793 0.027979305 0.997608066
1341846332.153983 -0.007965060 -0.020618172 0.312538803 0.061675899 0.011248508 0.026277745 0.997686803
1341846332.190165 -0.011606936 -0.020924537 0.334201753 0.055116590 0.009709072 0.024097323 0.998141885
1341846332.254145 -0.005142109 -0.045750368 0.343794644 0.053723775 0.009462796 0.022538850 0.998256564
1341846332.289948 -0.015857361 -0.038744807 0.353811085 0.056487121 0.010449539 0.022924205 0.998085439
1341846332.322172 -0.013806610 -0.042351540 0.364520788 0.056714483 0.010057180 0.024908388 0.998028994
1341846332.354003 -0.000988731 -0.045954507 0.372640163 0.059126608 0.010653661 0.023220714 0.997923553
1341846332.390180 -0.004316283 -0.033275217 0.377780706 0.061403856 0.015386182 0.020192506 0.997790098
1341846332.422055 -0.009098058 -0.029580694 0.393285155 0.059674744 0.018265720 0.016420357 0.997915685
1341846332.458114 -0.001950400 -0.033690434 0.401314467 0.058922842 0.019843083 0.013002897 0.997980595
1341846332.489993 -0.009599548 -0.026840350 0.415279180 0.060271908 0.022055736 0.014618740 0.997831225
1341846332.522130 -0.021276910 -0.025623340 0.426073194 0.059536103 0.019330237 0.020145379 0.997835636
1341846332.558114 -0.014492488 -0.028209733 0.437985152 0.059555065 0.013404574 0.027336659 0.997760594
1341846332.589874 -0.006052664 -0.018178508 0.437038332 0.059822839 0.010031397 0.031623632 0.997657537
1341846332.621889 -0.004825520 -0.008762576 0.449915409 0.056385119 0.010017266 0.033855267 0.997784674
1341846332.658202 0.002504803 -0.015800292 0.456103295 0.051702008 0.009940662 0.031907368 0.998103201
1341846332.690001 0.005463353 -0.010037333 0.464803278 0.050415959 0.010289179 0.033772647 0.998104095
1341846332.726000 -0.003212841 -0.014968591 0.474370092 0.048949108 0.010644254 0.036575083 0.998074651
1341846332.758386 0.003746402 -0.012099460 0.488008201 0.049772814 0.007426556 0.038857408 0.997976780
1341846332.789937 0.013970747 -0.004648868 0.492245764 0.049502585 0.007411741 0.037300479 0.998049736
1341846332.825925 0.013647842 -0.009479124 0.504232883 0.046579838 0.010297154 0.036594447 0.998190939
1341846332.857898 0.003285329 -0.011911780 0.505795240 0.046982702 0.013360696 0.033901680 0.998230815
1341846332.894069 0.012187537 0.001734808 0.520183921 0.047972210 0.011861910 0.035754588 0.998138070
1341846332.926029 0.021624375 0.006316755 0.528339684 0.044608358 0.011635567 0.033709429 0.998367846
1341846332.958015 0.026158370 0.007088933 0.537869930 0.041611213 0.013407699 0.031651415 0.998542428
1341846332.994073 0.028641077 0.009422611 0.544432521 0.038614407 0.014282038 0.030318230 0.998692036
1341846333.026545 0.034429975 0.011000909 0.552100599 0.036329493 0.015000112 0.028189737 0.998829603
1341846333.057998 0.040730976 0.010490123 0.561257184 0.035189219 0.016869375 0.027771248 0.998852313
1341846333.094024 0.042009603 0.011289071 0.569395006 0.035553154 0.018668108 0.031940546 0.998682797
1341846333.126095 0.049005050 0.016200341 0.573332787 0.036399961 0.019621214 0.034271725 0.998556733
1341846333.161973 0.049306728 0.023135167 0.576673210 0.035749074 0.022797212 0.034642074 0.998499990
1341846333.195660 0.051315740 0.024518229 0.586700439 0.033238150 0.024787713 0.036730982 0.998464644
1341846333.226331 0.055035017 0.024444681 0.590151608 0.031799745 0.024850015 0.036997758 0.998500109
1341846333.262056 0.053586870 0.033804782 0.593543530 0.029878130 0.025736505 0.034094959 0.998640299
1341846333.294147 0.050252091 0.028886693 0.600718021 0.025822138 0.026448959 0.032874539 0.998775721
1341846333.326100 0.058781773 0.032054782 0.610221088 0.024166713 0.024384096 0.032384105 0.998885751
1341846333.362100 0.058845066 0.037745096 0.611082017 0.021139132 0.023990184 0.030670285 0.999018013
1341846333.394119 0.060258918 0.034863122 0.616403043 0.017801199 0.022869416 0.029553410 0.999143004
1341846333.429974 0.049038019 0.030081818 0.609367967 0.015893772 0.022924729 0.028323777 0.999209464
1341846333.462115 0.066031210 0.033369020 0.622440279 0.016407292 0.021241859 0.027779693 0.999253631
1341846333.494040 0.066067532 0.035735622 0.625212908 0.017933676 0.021917148 0.026950728 0.999235570
1341846333.529953 0.043123171 0.029443743 0.617339909 0.017382242 0.027442958 0.026079817 0.999131918
1341846333.562063 0.024649907 0.037839986 0.623581827 0.020506797 0.033020828 0.028179612 0.998846829
1341846333.594090 0.055333674 0.042441677 0.626459658 0.018919462 0.026130373 0.029102989 0.999055684
1341846333.629994 0.066734307 0.041393854 0.626451015 0.015090507 0.021518329 0.028733240 0.999241531
1341846333.662127 0.062419187 0.044516943 0.623897076 0.012714290 0.021327408 0.027598731 0.999310672
1341846333.697964 0.068151556 0.037259299 0.624702573 0.010139171 0.020505005 0.028677939 0.999326944
1341846333.730092 0.066834763 0.035439380 0.622538149 0.012449279 0.021060757 0.029628819 0.999261558
1341846333.762089 0.067168698 0.037875343 0.617588878 0.014421999 0.021528807 0.031031070 0.999182463
1341846333.798006 0.063552722 0.033617795 0.613007426 0.015154316 0.022510182 0.030877413 0.999154747
1341846333.830055 0.061701111 0.034060530 0.608815908 0.017937930 0.024199892 0.028788077 0.999131560
1341846333.866045 0.057090558 0.036151089 0.604509234 0.019385135 0.025865342 0.027615441 0.999095857
1341846333.897987 0.056970850 0.031328954 0.600015998 0.020593788 0.025756717 0.026150731 0.999113917
1341846333.930099 0.056632556 0.029819144 0.593633473 0.023436211 0.026643662 0.025207786 0.999052286
1341846333.965889 0.053545926 0.027241973 0.588100374 0.025310423 0.027714219 0.024766112 0.998988450
1341846333.997985 0.059864253 0.027654592 0.583207011 0.028225670 0.027587039 0.023956383 0.998933613
1341846334.030076 0.044783309 0.031368289 0.576523840 0.031752873 0.030861279 0.024744598 0.998712659
1341846334.066000 0.045628220 0.027420577 0.569773138 0.033094328 0.030074354 0.026075983 0.998659253
1341846334.097932 0.049492903 0.027602140 0.561287999 0.034988977 0.029337233 0.025906634 0.998620987
1341846334.133884 0.042209543 0.027269810 0.557564139 0.036531813 0.031070214 0.026244182 0.998504519
1341846334.166115 0.037621152 0.029258989 0.549495757 0.037057403 0.029944552 0.027154014 0.998495221
1341846334.198072 0.036308266 0.025913488 0.541557968 0.037197571 0.028435402 0.026266895 0.998557866
1341846334.234097 0.040440623 0.028397944 0.534421802 0.037943922 0.028287955 0.025113167 0.998563647
1341846334.266045 0.032774378 0.025322173 0.528836191 0.037622847 0.030502200 0.025537340 0.998499870
1341846334.297946 0.026464351 0.025369868 0.523577929 0.039022923 0.029329620 0.026546145 0.998454988
1341846334.334036 0.016851278 0.025129985 0.518587828 0.039250493 0.028884539 0.026949195 0.998448193
1341846334.365871 0.014856571 0.026976146 0.513703167 0.038983461 0.028740695 0.025452910 0.998502076
1341846334.401845 0.021273483 0.028042879 0.503345072 0.037672002 0.028388618 0.024455750 0.998587430
1341846334.433864 0.014890770 0.023689393 0.495257884 0.037463866 0.027893171 0.025219778 0.998590231
1341846334.466105 0.012620749 0.026579190 0.486339897 0.038428091 0.026344838 0.025447819 0.998589814
1341846334.502142 0.010662764 0.027613971 0.478347927 0.037288170 0.024905752 0.026888797 0.998632252
1341846334.540153 0.005223347 0.026465826 0.474203527 0.036658540 0.024159268 0.025294501 0.998715520
1341846334.602351 -0.004478056 0.032178007 0.458446860 0.032326724 0.020519271 0.018610593 0.999093354
1341846334.670161 -0.012663946 0.029723870 0.443283379 0.027351990 0.018590283 0.011525695 0.999386489
1341846334.702085 -0.017817412 0.026845178 0.430556953 0.025957050 0.016744407 0.011950308 0.999451399
1341846334.734751 -0.012951029 0.024320576 0.425110072 0.025730539 0.013120064 0.013619934 0.999490023
1341846334.770889 -0.015320497 0.028434549 0.412763625 0.026320940 0.011626589 0.016359888 0.999452055
1341846334.802194 -0.025733918 0.020027611 0.405655921 0.024932565 0.009982504 0.016902959 0.999496341
1341846334.833908 -0.024062861 0.024045622 0.391692311 0.025045656 0.008272602 0.015117255 0.999537766
1341846334.869874 -0.019038700 0.022794837 0.371180624 0.022832273 0.007165076 0.016084261 0.999584198
1341846334.902006 -0.038501356 0.016244728 0.375404209 0.020787176 0.006893038 0.015767714 0.999635816
1341846334.938010 -0.042661082 0.015568857 0.367090195 0.020359635 0.003893478 0.015595958 0.999663472
1341846334.970032 -0.037980065 0.015462127 0.359670877 0.020503495 0.002543641 0.014254168 0.999684930
1341846335.002203 -0.044687662 0.010315773 0.348107904 0.021538416 0.003538416 0.015717663 0.999638200
1341846335.037880 -0.050836153 0.011317048 0.335153997 0.024145350 0.000571815 0.017883163 0.999548316
1341846335.069990 -0.045554690 0.019426981 0.324093819 0.025047041 -0.003110967 0.018406499 0.999511957
1341846335.106038 -0.046523437 0.012147848 0.315022975 0.024601487 -0.001806677 0.016454538 0.999560297
1341846335.138045 -0.051800068 0.009748882 0.305479288 0.026190802 -0.000377666 0.015404082 0.999538183
1341846335.169900 -0.058808930 0.013578273 0.293590218 0.026800180 -0.002510500 0.015074855 0.999523997
1341846335.206091 -0.053897291 0.012908665 0.283585072 0.025708612 -0.005124973 0.012991967 0.999571919
1341846335.239365 -0.052198660 0.009157876 0.272384822 0.025484571 -0.004169529 0.010901110 0.999607086
1341846335.269948 -0.056806281 0.005923159 0.261221379 0.026928969 -0.002597020 0.009422669 0.999589562
1341846335.305972 -0.063151054 0.005591203 0.251949906 0.028862359 -0.003708089 0.010541532 0.999520898
1341846335.338012 -0.058036577 0.004367054 0.243759662 0.029989766 -0.005892533 0.012686440 0.999452293
1341846335.374005 -0.050139863 0.000136420 0.233015209 0.034196824 -0.005011906 0.013757690 0.999307871
1341846335.406025 -0.054486282 0.004249623 0.223801136 0.041541845 -0.002176290 0.015445675 0.999015033
1341846335.438079 -0.056176972 0.011432510 0.207660660 0.047064029 -0.001113294 0.018885270 0.998712718
1341846335.473998 -0.054266319 0.017359713 0.198486388 0.049617235 0.000244305 0.019791108 0.998572171
1341846335.507038 -0.055374414 0.021398790 0.189069152 0.050905172 0.003040541 0.017726198 0.998541534
1341846335.538040 -0.062552430 0.025937241 0.185700580 0.050319593 0.005826421 0.015612708 0.998594105
1341846335.574119 -0.067830049 0.028184449 0.174523100 0.047900986 0.005768865 0.016163291 0.998704672
1341846335.605970 -0.066251710 0.022619899 0.166571438 0.046233147 0.004786029 0.015135678 0.998804569
1341846335.641978 -0.062075067 0.024434436 0.149780422 0.047477107 0.005650786 0.012704940 0.998775542
1341846335.673993 -0.070304424 0.026077701 0.143802747 0.047161371 0.006886760 0.012620387 0.998783827
1341846335.706178 -0.074371278 0.026959352 0.133083820 0.046754140 0.005674826 0.013165700 0.998803556
1341846335.741982 -0.066550240 0.023491859 0.119220845 0.046832234 0.004626569 0.012609608 0.998812497
1341846335.773960 -0.077738725 0.025020484 0.104611732 0.046757050 0.006197354 0.011703424 0.998818517
1341846335.806271 -0.075426355 0.033410653 0.099336833 0.045526639 0.005006889 0.012809306 0.998868465
1341846335.842031 -0.071400702 0.025294073 0.088064134 0.042798497 0.005488053 0.012884401 0.998985589
1341846335.873966 -0.077942230 0.023113206 0.077325054 0.043429557 0.007742058 0.011504153 0.998960257
1341846335.910005 -0.086860031 0.027878627 0.072494693 0.043425579 0.008260831 0.012645329 0.998942494
1341846335.941936 -0.089740671 0.022969930 0.054444131 0.041637067 0.006391491 0.013836901 0.999016523
1341846335.974198 -0.088499598 0.025125306 0.041803852 0.041779757 0.005492170 0.012028899 0.999039352
1341846336.010032 -0.090047546 0.026715918 0.032632679 0.041482847 0.005176994 0.011062587 0.999064565
1341846336.042129 -0.097416736 0.025132455 0.021082727 0.040428504 0.004300453 0.011534254 0.999106586
1341846336.078076 -0.098635495 0.022056399 0.016467061 0.040189698 0.002327600 0.010565248 0.999133468
1341846336.110739 -0.100423127 0.026895745 0.010636238 0.041367523 0.002303482 0.008859360 0.999102056
1341846336.142002 -0.105444163 0.022709073 -0.010232370 0.040509067 0.002487160 0.010412059 0.999121845
1341846336.183953 -0.110227913 0.026902363 -0.015609799 0.040439803 0.000020056 0.011156626 0.999119639
1341846336.241891 -0.109258451 0.029024109 -0.027176475 0.038770739 -0.000925924 0.010429591 0.999193251
1341846336.277946 -0.117424451 0.020315541 -0.040502921 0.038429480 -0.000129754 0.012107098 0.999187946
1341846336.309977 -0.120781153 0.021413174 -0.049836405 0.041329119 -0.002556972 0.015215685 0.999026418
1341846336.346143 -0.119126879 0.025903556 -0.051797502 0.043189745 -0.004159600 0.016483176 0.998922229
1341846336.377975 -0.121703155 0.026524585 -0.060770400 0.044355806 -0.003737541 0.014923167 0.998897314
1341846336.410032 -0.124726430 0.030371321 -0.074301310 0.045401312 -0.002897200 0.015049127 0.998851240
1341846336.446041 -0.125157997 0.033929665 -0.086149782 0.045102142 -0.003583290 0.015225709 0.998859882
1341846336.477990 -0.125870898 0.031983715 -0.090330921 0.043998625 -0.003706923 0.014855230 0.998914242
1341846336.510056 -0.125667304 0.028730325 -0.096750282 0.043926198 -0.003229646 0.015771860 0.998905063
1341846336.546024 -0.127005577 0.028381001 -0.102919877 0.044924226 -0.003259536 0.017569564 0.998830557
1341846336.578003 -0.135926381 0.039371237 -0.110148504 0.045530189 -0.002873268 0.018437563 0.998788655
1341846336.614020 -0.129920676 0.039605785 -0.110326797 0.044801671 -0.002816534 0.018342339 0.998823524
1341846336.645982 -0.132209420 0.042693466 -0.132343531 0.043702591 -0.001282313 0.017667811 0.998887539
1341846336.678036 -0.139556646 0.038903467 -0.126604810 0.041594844 -0.002975209 0.019018313 0.998949111
1341846336.714024 -0.142757043 0.031939320 -0.124699906 0.042814080 -0.005134402 0.018230041 0.998903513
1341846336.746016 -0.143915072 0.028657762 -0.132853016 0.046164989 -0.007359760 0.021023106 0.998685479
1341846336.778014 -0.149614453 0.035030067 -0.152565524 0.049098980 -0.011031564 0.024400152 0.998434901
1341846336.820006 -0.136016667 0.038006559 -0.178576156 0.049536821 -0.015447395 0.027031548 0.998286903
1341846336.882056 -0.158791766 0.038383745 -0.167515159 0.052700359 -0.016212681 0.024233844 0.998184621
1341846336.914273 -0.137726977 0.035412569 -0.206823826 0.054111455 -0.021845473 0.027988497 0.997903466
1341846336.945998 -0.096189909 0.041782916 -0.216594845 0.060264964 -0.030029122 0.030062381 0.997277617
1341846336.981980 -0.067959450 0.060704544 -0.228232086 0.064525068 -0.034450032 0.027597444 0.996939361
1341846337.014238 -0.028272510 0.072650865 -0.224917755 0.062246762 -0.038700998 0.024605831 0.997006595
1341846337.046017 0.010747911 0.076624379 -0.220289662 0.059901576 -0.041918397 0.020380758 0.997115493
1341846337.082104 0.035218872 0.085908003 -0.229575738 0.059349418 -0.043187536 0.017348094 0.997151673
1341846337.114317 0.061572466 0.094048567 -0.236320212 0.057949103 -0.045850080 0.015416906 0.997146964
1341846337.150037 0.090051278 0.099181980 -0.235077500 0.056430653 -0.049677990 0.015365374 0.997051477
1341846337.181873 0.117439538 0.105044760 -0.227681294 0.056448761 -0.050504353 0.012011159 0.997054935
1341846337.214073 0.140993252 0.115285270 -0.245905653 0.054526165 -0.049711499 0.009169173 0.997231960
1341846337.250087 0.156288102 0.113394216 -0.240539089 0.051345348 -0.051816594 0.011194906 0.997272968
1341846337.282028 0.178999498 0.115113616 -0.245031714 0.052519787 -0.057564065 0.015398249 0.996840477
1341846337.317920 0.196793348 0.117280193 -0.244513541 0.052514289 -0.059265859 0.014420914 0.996755660
1341846337.350018 0.211418062 0.119525515 -0.253583848 0.051300857 -0.059365343 0.013548885 0.996825159
1341846337.382159 0.223802030 0.115868643 -0.267076641 0.047759008 -0.059047345 0.011665535 0.997043848
1341846337.417941 0.231548548 0.112871274 -0.273978472 0.048567824 -0.058758706 0.010863621 0.997030854
1341846337.450137 0.238388374 0.115377463 -0.299363703 0.048969902 -0.060559113 0.012757149 0.996881008
1341846337.482096 0.240920156 0.115299344 -0.298732489 0.047446977 -0.060875058 0.013165550 0.996930122
1341846337.518008 0.239624172 0.107055709 -0.284180313 0.047871541 -0.061415717 0.013899435 0.996866703
1341846337.549978 0.239019066 0.116240263 -0.295893490 0.048688762 -0.062083993 0.012368880 0.996805906
1341846337.585971 0.237603962 0.111200087 -0.293450117 0.045698781 -0.062335331 0.011111796 0.996946573
1341846337.617903 0.245837122 0.101736352 -0.293563664 0.045804359 -0.063078098 0.011487571 0.996890724
1341846337.650141 0.250227004 0.118057318 -0.306692153 0.049222324 -0.064088613 0.012656636 0.996649206
1341846337.686352 0.246061414 0.123987317 -0.300950974 0.048154742 -0.063161761 0.011476141 0.996774793
1341846337.718002 0.245328516 0.111534216 -0.287567228 0.045838386 -0.063039325 0.011543881 0.996890962
1341846337.749920 0.249859780 0.117063344 -0.285486370 0.045946866 -0.061376195 0.010868160 0.996997356
1341846337.786157 0.249124676 0.124150753 -0.280627787 0.043288149 -0.058620673 0.011119005 0.997279346
1341846337.817945 0.250007957 0.117017262 -0.273158848 0.040413167 -0.056520402 0.012323223 0.997507036
1341846337.854071 0.253643751 0.122224778 -0.271778315 0.039576076 -0.053504381 0.012087662 0.997709870
1341846337.885951 0.246360019 0.126969576 -0.267802894 0.036649335 -0.050545331 0.009764994 0.998001337
1341846337.918223 0.251008153 0.126978070 -0.263152361 0.032579347 -0.049623810 0.007635450 0.998207271
1341846337.954120 0.252217919 0.122676730 -0.252928734 0.030032156 -0.048182126 0.007099370 0.998361766
1341846337.985994 0.254902303 0.130341455 -0.249496579 0.027526794 -0.047575086 0.008080807 0.998455584
1341846338.018107 0.256404608 0.126099080 -0.237521887 0.024079777 -0.045961335 0.008584222 0.998616099
1341846338.054055 0.260941327 0.134264663 -0.233688742 0.022189436 -0.044773441 0.007850346 0.998719871
1341846338.085986 0.264625281 0.129637808 -0.225018606 0.018373515 -0.041639265 0.007840428 0.998933017
1341846338.121875 0.268573314 0.129064202 -0.205450803 0.016297409 -0.040308703 0.009953483 0.999004781
1341846338.154089 0.257797807 0.131129980 -0.207798854 0.016013857 -0.038474571 0.012489885 0.999053180
1341846338.186029 0.269354612 0.130343169 -0.201578736 0.014668231 -0.040135555 0.015312640 0.998969197
1341846338.222071 0.267044127 0.130851001 -0.195695132 0.013183353 -0.037987139 0.013936960 0.999094069
1341846338.254107 0.268244117 0.128702164 -0.178759277 0.011464249 -0.036441192 0.015138597 0.999155343
1341846338.290130 0.277727157 0.128188655 -0.164142817 0.012114085 -0.037709981 0.016971245 0.999071181
1341846338.321952 0.271732450 0.131461769 -0.164306700 0.012027514 -0.035698194 0.018701745 0.999115229
1341846338.354022 0.277903408 0.131871611 -0.150467202 0.011414135 -0.035832103 0.019190671 0.999108315
1341846338.389969 0.273065954 0.137298554 -0.142611697 0.011243694 -0.034130000 0.019289749 0.999167979
1341846338.422377 0.277822942 0.136123389 -0.125814855 0.009645694 -0.034188792 0.018822050 0.999191582
1341846338.454010 0.274604827 0.140814587 -0.120207697 0.008871402 -0.034487255 0.018480297 0.999194920
1341846338.489894 0.271155953 0.138582334 -0.112039067 0.007174827 -0.034207687 0.017854048 0.999229491
1341846338.522066 0.273360342 0.140103683 -0.101769194 0.008493464 -0.034118809 0.017232746 0.999233127
1341846338.558058 0.273462743 0.139687032 -0.099303365 0.007096763 -0.034123641 0.017472461 0.999239683
1341846338.589842 0.270243585 0.137081742 -0.089489251 0.005408243 -0.033764847 0.016132751 0.999284983
1341846338.622019 0.268655628 0.132016554 -0.079780847 0.005471631 -0.032309644 0.017165944 0.999315500
1341846338.657984 0.273719877 0.135679811 -0.076196380 0.005614935 -0.033329725 0.019985192 0.999228776
1341846338.690198 0.270932674 0.134346962 -0.075500086 0.003713791 -0.033499531 0.018393137 0.999262571
1341846338.722454 0.274836540 0.131883875 -0.059513744 0.002859918 -0.032694276 0.018637082 0.999287546
1341846338.757945 0.273576260 0.132590666 -0.053902470 0.002672679 -0.032609526 0.021408232 0.999235272
1341846338.790039 0.287261665 0.143516287 -0.028737936 0.001320120 -0.035822067 0.022409411 0.999106050
1341846338.826048 0.297879517 0.142624706 -0.011409657 0.001756574 -0.035838053 0.021164713 0.999131918
1341846338.858027 0.298866481 0.149922296 -0.001904275 0.001911778 -0.034452852 0.021056963 0.999182642
1341846338.889902 0.294649810 0.150272489 0.008581547 -0.000527898 -0.034842201 0.019764541 0.999197245
1341846338.925948 0.300765038 0.148111582 0.022089578 -0.001422561 -0.034446836 0.017803097 0.999246955
1341846338.958108 0.299839050 0.151408121 0.033127341 -0.000648717 -0.032032162 0.016575221 0.999349177
1341846338.990057 0.304148048 0.141359285 0.041829478 -0.001209508 -0.032677215 0.018079562 0.999301672
1341846339.025928 0.301485330 0.140568361 0.046624012 0.001016295 -0.031053245 0.017678341 0.999360859
1341846339.057939 0.306594938 0.145593390 0.056499034 0.003956872 -0.029109081 0.017758589 0.999410629
1341846339.093927 0.301922679 0.155788630 0.063489482 0.003446785 -0.029144272 0.018737409 0.999393642
1341846339.126562 0.310834318 0.154064849 0.070958622 0.000084142 -0.031021049 0.017798066 0.999360263
1341846339.157969 0.319899023 0.154735148 0.089756779 -0.002602086 -0.029222133 0.016410949 0.999434829
1341846339.194113 0.312929481 0.156496912 0.088534445 -0.004460933 -0.027394298 0.017779157 0.999456644
1341846339.228165 0.311640233 0.164510027 0.094548330 -0.007234441 -0.028999908 0.019143010 0.999369919
1341846339.257998 0.322863400 0.161215544 0.122103490 -0.010092335 -0.029363966 0.020536607 0.999306858
1341846339.294132 0.324191511 0.163030505 0.126809850 -0.010266469 -0.026948387 0.021473221 0.999353409
1341846339.326577 0.315866619 0.175162494 0.129348278 -0.013157669 -0.027744073 0.024477979 0.999228656
1341846339.362269 0.318567246 0.171052694 0.137684941 -0.017381681 -0.029414307 0.020828564 0.999199092
1341846339.394725 0.322677106 0.169915840 0.127058253 -0.018073184 -0.027713092 0.019317636 0.999265850
1341846339.462186 0.330832303 0.177561209 0.167189077 -0.020929258 -0.029323552 0.019548325 0.999159634
1341846339.496743 0.345790267 0.167242303 0.178493589 -0.019773219 -0.027140198 0.018874319 0.999257803
1341846339.562052 0.341295034 0.163063839 0.196670219 -0.018877076 -0.023086397 0.020649964 0.999341905
1341846339.595122 0.349695891 0.170800462 0.209887639 -0.016058005 -0.023155447 0.020525549 0.999392152
1341846339.632085 0.352572352 0.176640496 0.223576337 -0.013786604 -0.019494081 0.017387800 0.999563694
1341846339.664568 0.351921290 0.174910352 0.226409808 -0.013780132 -0.016402597 0.015420593 0.999651551
1341846339.698896 0.351583958 0.169608518 0.235770553 -0.014544159 -0.015314244 0.014480188 0.999672055
1341846339.731977 0.359735459 0.170084774 0.249782249 -0.014198279 -0.015863338 0.013458971 0.999682784
1341846339.762241 0.363742143 0.163452268 0.259259939 -0.014984659 -0.014789728 0.013770093 0.999683499
1341846339.797873 0.363192916 0.167039230 0.266567081 -0.014206302 -0.014019373 0.014617923 0.999693930
1341846339.830245 0.367246270 0.162553817 0.276216835 -0.015181634 -0.014871174 0.015010390 0.999661446
1341846339.862015 0.366714150 0.169287026 0.279924124 -0.014296069 -0.014157778 0.013388266 0.999707937
1341846339.897797 0.372282326 0.167601004 0.292169333 -0.015571889 -0.013569796 0.013411422 0.999696732
1341846339.929916 0.377251893 0.157805264 0.300871521 -0.017226903 -0.013055201 0.016347645 0.999632716
1341846339.961960 0.379470706 0.157241955 0.306452692 -0.015909046 -0.013551503 0.017064113 0.999635994
1341846339.997845 0.382497013 0.163963929 0.316367507 -0.013328910 -0.012320437 0.015636828 0.999712944
1341846340.029925 0.383125484 0.163237974 0.313679010 -0.012521617 -0.009683132 0.016982317 0.999730468
1341846340.066044 0.387405366 0.160556525 0.322655529 -0.010740854 -0.008791931 0.018413473 0.999734104
1341846340.098009 0.387969106 0.162581012 0.327298135 -0.009625906 -0.008397153 0.019822370 0.999721885
1341846340.130102 0.392815769 0.161369249 0.336214393 -0.010421598 -0.008728845 0.018553322 0.999735475
1341846340.166041 0.398635775 0.159391552 0.341355890 -0.009605874 -0.006946462 0.016836964 0.999787986
1341846340.197867 0.398719966 0.160405517 0.346132398 -0.008635897 -0.004428694 0.016598994 0.999815106
1341846340.229904 0.397664130 0.162487894 0.351998597 -0.009586871 -0.004203696 0.016310066 0.999812186
1341846340.265859 0.402695209 0.157502621 0.360344082 -0.010808570 -0.003598578 0.015712870 0.999811649
1341846340.298061 0.402627498 0.157798350 0.366126031 -0.008475892 -0.000960412 0.016020877 0.999835312
1341846340.334063 0.397749573 0.166846365 0.374251515 -0.008292257 -0.001042595 0.017232878 0.999816597
1341846340.366064 0.405514330 0.159536496 0.379415065 -0.010907155 -0.003654627 0.016921055 0.999790668
1341846340.397995 0.410180807 0.156236246 0.380956054 -0.009537292 -0.003662789 0.017047364 0.999802470
1341846340.433895 0.410917222 0.159390166 0.386612028 -0.008599077 -0.003887699 0.017761670 0.999797702
1341846340.465959 0.408915699 0.157250300 0.389501303 -0.008229568 -0.005615577 0.019268911 0.999764681
1341846340.501858 0.413647205 0.158763617 0.392218411 -0.007172002 -0.009496236 0.019621635 0.999736667
1341846340.534329 0.423320860 0.161826357 0.402923733 -0.006329401 -0.011892370 0.019743249 0.999714315
1341846340.566041 0.423805356 0.157855317 0.402262270 -0.005250060 -0.012492927 0.020001840 0.999708116
1341846340.601909 0.427969903 0.157319114 0.395324826 -0.002901167 -0.013250437 0.021068107 0.999686003
1341846340.634005 0.430093795 0.158116385 0.391367108 -0.002280391 -0.013724429 0.019338574 0.999716163
1341846340.666028 0.437349916 0.158089921 0.387978911 -0.002452843 -0.014091417 0.017301833 0.999747992
1341846340.701946 0.439174235 0.156673908 0.385628998 -0.000530624 -0.012632166 0.015544155 0.999799252
1341846340.733954 0.442475468 0.159898698 0.383132547 0.000902714 -0.011274737 0.013872986 0.999839783
1341846340.770081 0.443186313 0.161594927 0.379522502 0.000169643 -0.010897039 0.011580170 0.999873519
1341846340.801980 0.449699014 0.158804253 0.375743806 -0.000042341 -0.010612525 0.006086288 0.999925137
1341846340.833999 0.447978884 0.161297232 0.377728730 0.000068280 -0.007779009 0.002094069 0.999967575
1341846340.870013 0.441137046 0.160455257 0.383873045 -0.001282254 -0.006976607 0.000437036 0.999974728
1341846340.901955 0.448332965 0.157262012 0.385387659 -0.000518257 -0.008456423 0.000586665 0.999963939
1341846340.933918 0.442086369 0.155150563 0.379542530 0.000870860 -0.007982893 0.003152591 0.999962747
1341846340.970122 0.439853042 0.158738613 0.373153389 0.002494869 -0.010457090 0.007768752 0.999912024
1341846341.001922 0.442992181 0.153667226 0.366059482 0.003071461 -0.014872379 0.013308502 0.999796093
1341846341.037923 0.444951475 0.156310797 0.363242865 0.004743725 -0.017505702 0.015141990 0.999720871
1341846341.070300 0.445786387 0.155839056 0.360708565 0.005090727 -0.018338781 0.015336392 0.999701262
1341846341.102028 0.442461193 0.156925663 0.356809318 0.005227967 -0.019457646 0.015459052 0.999677479
1341846341.137982 0.443045318 0.154342338 0.355447829 0.004968769 -0.021316241 0.015808975 0.999635458
1341846341.170048 0.444597512 0.153305873 0.352443159 0.005320561 -0.021837978 0.016729910 0.999607384
1341846341.202110 0.444271266 0.149739861 0.350232303 0.006360659 -0.022077955 0.018677102 0.999561548
1341846341.237996 0.446951687 0.152645722 0.351689637 0.008603700 -0.022271102 0.018971613 0.999534905
1341846341.269883 0.446033627 0.152221456 0.344710588 0.009500355 -0.021534886 0.019622056 0.999530375
1341846341.306107 0.445614070 0.151884347 0.344749987 0.009934854 -0.022373715 0.019116966 0.999517500
1341846341.338109 0.451784164 0.152385041 0.341006637 0.011002121 -0.022716563 0.017040769 0.999536157
1341846341.370120 0.448807538 0.151818931 0.340068221 0.011556663 -0.020961158 0.014264969 0.999611735
1341846341.406074 0.444036841 0.151167497 0.335041195 0.011319342 -0.019958818 0.013946383 0.999639452
1341846341.438113 0.445142597 0.147557691 0.340547353 0.012491492 -0.022141220 0.013489117 0.999585807
1341846341.470024 0.444500774 0.146361291 0.337936878 0.015154981 -0.021961067 0.011853180 0.999573708
1341846341.506077 0.447008580 0.155352831 0.335099161 0.015905701 -0.021715421 0.011070000 0.999576330
1341846341.538156 0.438356966 0.151059315 0.332647383 0.014515245 -0.022487830 0.011551984 0.999574959
1341846341.574016 0.444490492 0.153187871 0.331127167 0.015819246 -0.025389452 0.011837026 0.999482393
1341846341.612466 0.445108563 0.157605827 0.327886224 0.016676215 -0.026090272 0.012234868 0.999445617
1341846341.643972 0.445289910 0.157485798 0.327160895 0.015570712 -0.027717123 0.011896857 0.999423742
1341846341.679982 0.441199809 0.153318465 0.323103040 0.014913432 -0.028400943 0.012113094 0.999411941
1341846341.712332 0.438256562 0.154091507 0.321454376 0.015644914 -0.030411324 0.014982016 0.999302745
1341846341.744185 0.438508272 0.151971683 0.318227708 0.015686389 -0.032195888 0.017045036 0.999213099
1341846341.780061 0.441461831 0.155444890 0.318088800 0.016540812 -0.033302024 0.018453512 0.999138057
1341846341.842595 0.443953902 0.148666814 0.309963465 0.018186171 -0.034208767 0.023725534 0.998967528
1341846341.906227 0.444981933 0.143117324 0.308226794 0.020944722 -0.035132263 0.028833110 0.998747110
1341846341.942069 0.448082179 0.139710143 0.305804729 0.023989769 -0.035366144 0.030699978 0.998614669
1341846341.974775 0.447474599 0.140211493 0.303865790 0.027170930 -0.035473157 0.032629643 0.998468161
1341846342.010161 0.444407135 0.140429288 0.303174883 0.027888970 -0.036450606 0.034202643 0.998360574
1341846342.042024 0.452477515 0.135505334 0.302023441 0.029296262 -0.037934024 0.034137376 0.998267174
1341846342.080032 0.453580946 0.141807869 0.298626810 0.032073114 -0.035826709 0.034400634 0.998250663
1341846342.112265 0.445228606 0.134065941 0.297447979 0.031394824 -0.034018707 0.036413871 0.998264074
1341846342.147954 0.449590057 0.129189670 0.298711360 0.033426516 -0.035883479 0.038717497 0.998046100
1341846342.179852 0.451570392 0.135082051 0.295851469 0.037024766 -0.035303179 0.039420050 0.997912288
1341846342.211848 0.449496567 0.136618659 0.299174845 0.037906740 -0.034510441 0.039012890 0.997922897
1341846342.247920 0.451652437 0.132136166 0.295071930 0.038464330 -0.034604289 0.037921626 0.997940361
1341846342.279870 0.452087611 0.132971749 0.294823408 0.040162325 -0.034080729 0.038883567 0.997854531
1341846342.316068 0.453962803 0.131492063 0.291777760 0.041183069 -0.034148771 0.039551958 0.997784257
1341846342.347894 0.454916596 0.134893700 0.291292638 0.041935686 -0.034228470 0.039428692 0.997755110
1341846342.379953 0.455573738 0.132305875 0.288865924 0.041655339 -0.033548765 0.039768618 0.997776449
1341846342.416195 0.453733504 0.134844616 0.292121589 0.042660490 -0.033216301 0.040625211 0.997710586
