1341846313.592026 0.000000000 0.000000000 0.000000000 0.000000000 0.000000000 0.000000000 1.000000000
1341846313.654184 0.011033650 -0.003912903 0.007105947 -0.001283593 -0.004214994 0.005585202 0.999974668
1341846313.686156 0.018317213 -0.002263590 0.013837804 -0.000231044 -0.006565133 0.005092215 0.999965429
1341846313.721918 0.023237294 0.003017440 0.012362804 0.000434241 -0.007331029 0.005694683 0.999956787
1341846313.753994 0.033135913 0.000177285 0.011038988 -0.000581632 -0.008571801 0.007364681 0.999935985
1341846313.789969 0.037820641 0.003083574 0.008149579 0.001279141 -0.009050977 0.004823972 0.999946594
1341846313.822075 0.054018095 0.004479187 0.008420641 0.000838869 -0.009346853 0.004977019 0.999943554
1341846313.853928 0.054659430 0.006376317 0.020967057 0.000616795 -0.006590737 0.003074603 0.999973357
1341846313.890011 0.064306222 0.008792864 0.015451417 0.000509184 -0.005060270 0.004675840 0.999976158
1341846313.922055 0.069085442 0.011427176 0.013788074 -0.001375068 -0.004829843 0.005486879 0.999972343
1341846313.957927 0.108350635 0.012400895 0.013576463 -0.003433347 -0.004597315 0.006992323 0.999959111
1341846313.990058 0.095514357 0.013795298 0.024746077 -0.004212934 0.004747650 0.006791084 0.999956787
1341846314.022042 0.099887773 0.021427220 0.015700843 -0.005903281 0.005985234 0.009301294 0.999921441
1341846314.057816 0.103970170 0.020580702 0.042424209 -0.009461077 0.008753836 0.009339631 0.999873340
1341846314.089801 0.123382889 0.017499462 0.051158156 -0.009171963 0.012408730 0.010654991 0.999824166
1341846314.122037 0.112167343 0.013303231 0.052522536 -0.011351662 0.018169655 0.011333522 0.999706268
1341846314.157989 0.106851742 0.017670002 0.060647067 -0.012473807 0.023095161 0.012991420 0.999571025
1341846314.190094 0.131879166 0.014989598 0.031562481 -0.012669274 0.024401728 0.015054737 0.999508560
1341846314.225969 0.143155381 0.024396084 0.005862595 -0.013623978 0.024300082 0.018157626 0.999446988
1341846314.257923 0.145044327 0.015446044 0.014429013 -0.016513977 0.026915994 0.017928431 0.999340475
1341846314.290052 0.154423520 0.016772544 0.026361680 -0.015213199 0.027409539 0.017673347 0.999352276
1341846314.325981 0.161206499 0.025420358 0.019810941 -0.015088832 0.028414698 0.016161341 0.999351680
1341846314.357905 0.172402918 0.024888875 0.030761041 -0.015787981 0.030833170 0.014518090 0.999294400
1341846314.389899 0.169989258 0.015044555 0.016776331 -0.015361993 0.034807391 0.012862110 0.999193192
1341846314.427905 0.180115685 0.020322161 0.009102327 -0.015205573 0.035755485 0.012127222 0.999171257
1341846314.493987 0.191015989 0.019585703 0.020752396 -0.013517502 0.045209680 0.003942366 0.998878300
1341846314.526085 0.193522632 0.022980873 0.016663248 -0.013229657 0.047495130 0.001604504 0.998782575
1341846314.558292 0.207124859 0.017621577 0.016758118 -0.015427143 0.049284909 0.003177935 0.998660564
1341846314.594085 0.218101367 0.013416688 0.032048181 -0.014295545 0.053491574 0.001360106 0.998465061
1341846314.626096 0.210963130 0.018302666 0.020818027 -0.013702055 0.058936730 0.003169772 0.998162627
1341846314.658455 0.213897154 0.018322691 0.021075290 -0.015452733 0.061375417 0.001655904 0.997993767
1341846314.694004 0.225123107 0.013514859 0.033902299 -0.015551356 0.064204447 -0.000143273 0.997815609
1341846314.725910 0.229816735 0.004930539 0.038585030 -0.012491590 0.067020744 0.005120089 0.997660220
1341846314.761942 0.225517631 0.007046038 0.029976120 -0.008726948 0.068197906 0.009012793 0.997592926
1341846314.794030 0.241026968 0.005885364 0.028164178 -0.005770042 0.069289796 0.010352730 0.997526169
1341846314.826092 0.269745022 0.013923002 0.013706751 -0.003114548 0.070742048 0.013772006 0.997394681
1341846314.862145 0.269157082 0.015522765 0.010705471 -0.002713709 0.075128190 0.013965851 0.997072399
1341846314.894072 0.284634262 0.013745279 0.020505410 -0.003439554 0.077560946 0.016839359 0.996839464
1341846314.925969 0.287613899 0.017107204 0.024777375 -0.002947527 0.080698878 0.019667126 0.996540129
1341846314.961937 0.282564700 0.022190079 0.014559511 -0.005293753 0.082351983 0.022467580 0.996335983
1341846314.994564 0.288959146 0.020587271 0.024878751 -0.009192494 0.082764290 0.022498043 0.996272743
1341846315.029900 0.306012630 0.018447852 0.022002012 -0.009365199 0.085048467 0.020097386 0.996130109
1341846315.061965 0.302541614 0.015371145 0.017593607 -0.010405873 0.088511907 0.024192108 0.995726943
1341846315.094388 0.307407975 0.014680823 0.021088537 -0.010157426 0.087438852 0.023814108 0.995833397
1341846315.129851 0.310816646 0.014774443 0.014621053 -0.008094768 0.087618925 0.021259930 0.995894313
1341846315.161941 0.314039260 0.046740770 0.014248319 -0.007530341 0.087854385 0.025087714 0.995788872
1341846315.197984 0.321059883 0.043001514 0.020444199 -0.014935231 0.084961630 0.022081885 0.996027529
1341846315.230076 0.327766985 0.045102250 0.025973603 -0.018229228 0.083765969 0.018909171 0.996139228
1341846315.262069 0.336335719 0.043148290 0.028613281 -0.021574212 0.080116443 0.023198515 0.996281981
1341846315.298000 0.340271652 0.033886075 0.040537775 -0.024332801 0.076745450 0.024554679 0.996451259
1341846315.329931 0.351473242 0.028491952 0.060461856 -0.021045581 0.074282743 0.027413556 0.996638179
1341846315.361981 0.360217214 0.024348147 0.048101678 -0.016277775 0.073105052 0.028630322 0.996780336
1341846315.397962 0.361837804 0.031037301 0.048543956 -0.012580119 0.073432609 0.031773623 0.996714532
1341846315.429923 0.364529103 0.033904240 0.052289080 -0.009510347 0.075473338 0.032202885 0.996582329
1341846315.466047 0.367569029 0.042210955 0.052926764 -0.007376800 0.079026870 0.032738380 0.996307492
1341846315.497883 0.362274051 0.041392051 0.057834383 -0.008873737 0.083124973 0.037745904 0.995784521
1341846315.530008 0.394738287 0.033467729 0.040765904 -0.010146089 0.081360914 0.042718720 0.995717108
1341846315.566108 0.394449621 0.036348771 0.041792206 -0.010694304 0.083142832 0.043451373 0.995532453
1341846315.597986 0.396204114 0.033665426 0.043357871 -0.011049676 0.084405310 0.042958558 0.995443702
1341846315.630109 0.395412236 0.030202717 0.041198656 -0.011433199 0.085841671 0.041360874 0.995384216
1341846315.666042 0.399672866 0.036356956 0.033394679 -0.011842779 0.087058760 0.039971713 0.995330513
1341846315.698114 0.417961329 0.052940831 0.028142646 -0.015283774 0.088234119 0.041215904 0.995129347
1341846315.733985 0.406238794 0.042003796 0.049501233 -0.018912828 0.092779793 0.042024519 0.994619608
1341846315.766041 0.404682875 0.043092754 0.047092438 -0.018403044 0.090353101 0.042887598 0.994815707
1341846315.798188 0.408296138 0.041396152 0.042535737 -0.019687388 0.089274377 0.042362396 0.994911015
1341846315.834140 0.409642428 0.032584291 0.051145464 -0.019789647 0.091314413 0.040868971 0.994786263
1341846315.866751 0.394145668 0.025814688 0.045506015 -0.017971423 0.094464183 0.039163888 0.994595289
1341846315.898492 0.397013873 0.026077086 0.046498738 -0.016828451 0.094498970 0.040205527 0.994570374
1341846315.936901 0.388849288 0.010332029 0.049555071 -0.015496357 0.096577980 0.037676740 0.994491339
1341846315.966572 0.380792022 0.009921811 0.044706114 -0.012071641 0.098347910 0.037585042 0.994368792
1341846316.034204 0.356674522 0.010114058 0.037632376 -0.008074373 0.100120239 0.035054807 0.994324863
1341846316.066113 0.349545419 0.014627776 0.043950111 -0.005009297 0.100451335 0.034346532 0.994336367
1341846316.101867 0.351125658 0.021667607 0.040776797 -0.002868647 0.098311238 0.037006922 0.994463265
1341846316.134066 0.330308050 0.019067101 0.035556626 -0.004380041 0.096265793 0.031927660 0.994833827
1341846316.202049 0.307615846 0.006050863 0.025790405 -0.005321457 0.092968963 0.027008375 0.995288372
1341846316.233979 0.319637060 0.012533662 0.025578976 -0.003995100 0.089868098 0.027618024 0.995562673
1341846316.270052 0.318371236 0.013349043 0.025096655 -0.005167902 0.090374768 0.025006164 0.995580435
1341846316.301915 0.307972819 0.007681478 0.034679797 -0.005322954 0.092478231 0.022925621 0.995436490
1341846316.334208 0.292238891 -0.000441989 0.014441382 -0.004447599 0.092275873 0.023691475 0.995441675
1341846316.370006 0.296799570 -0.001084015 0.019989766 -0.002494535 0.089607514 0.026350059 0.995625377
1341846316.401994 0.283921778 0.002458235 0.026742317 -0.000294727 0.090021804 0.027606092 0.995557070
1341846316.438069 0.284929574 0.001357701 0.036598518 0.001924154 0.089226767 0.030061256 0.995555699
1341846316.470076 0.264292061 0.000885399 0.042068534 0.006416605 0.090610400 0.031045437 0.995381713
1341846316.502034 0.275323272 0.015182905 0.043896709 0.009782310 0.085917428 0.035664007 0.995615661
1341846316.537975 0.240677238 0.016152479 0.013331413 0.007208204 0.085391663 0.030319219 0.995859981
1341846316.570121 0.237334251 0.006095891 0.017925836 0.006173991 0.085069619 0.027121047 0.995986700
1341846316.601885 0.225943372 0.001650830 0.020533875 0.007662251 0.084928460 0.025997529 0.996018350
1341846316.638009 0.216114670 -0.004833303 0.020916469 0.009582774 0.084001452 0.027605565 0.996037066
1341846316.669925 0.205388173 -0.006853886 0.017277982 0.011584964 0.083924830 0.026601112 0.996049583
1341846316.705941 0.202611372 -0.009624890 0.024613306 0.016075790 0.083770134 0.028444430 0.995949328
1341846316.738062 0.189822689 -0.000055751 0.011174213 0.018968325 0.083519258 0.030828461 0.995848536
1341846316.770433 0.183262423 0.005389876 0.021456594 0.018937971 0.083242536 0.031451944 0.995852828
1341846316.805932 0.173786178 -0.006763272 0.024073996 0.018030396 0.083423771 0.029113013 0.995925605
1341846316.838029 0.169994473 -0.002301724 0.024911996 0.020058587 0.081200920 0.031734552 0.995990455
1341846316.870034 0.153565615 -0.010468440 0.021465778 0.019644491 0.079032406 0.032622140 0.996144414
1341846316.906344 0.155023545 -0.008511189 0.017527413 0.020965416 0.074746512 0.033495408 0.996419311
1341846316.937940 0.150227800 -0.002767910 0.018481355 0.021657953 0.073515192 0.030475548 0.996593058
1341846316.973994 0.139590368 -0.006290472 0.020191284 0.020317035 0.071794078 0.031096442 0.996727586
1341846317.005913 0.131147742 -0.005624420 0.031514682 0.019318078 0.069533758 0.030556401 0.996924341
1341846317.037936 0.122738153 -0.011031399 0.038517945 0.019564765 0.067297801 0.029599946 0.997101843
1341846317.073972 0.115168482 -0.010465976 0.039580908 0.020946950 0.065674670 0.030496499 0.997154951
1341846317.106113 0.117221072 -0.010707758 0.046682175 0.023202058 0.063438818 0.035767555 0.997074664
1341846317.137887 0.111205950 -0.006285199 0.054901540 0.027240019 0.056938648 0.038706671 0.997255147
1341846317.173970 0.087142028 -0.007641725 0.035129301 0.027896037 0.052152898 0.039832577 0.997454405
1341846317.205887 0.082707636 -0.012657840 0.032135613 0.027230430 0.049196940 0.040230438 0.997606993
1341846317.248131 0.081759192 -0.016540861 0.038471788 0.028513290 0.045508310 0.044811741 0.997550964
1341846317.306289 0.061863739 -0.015886225 0.029516954 0.029866718 0.040061235 0.047900937 0.997601390
1341846317.348137 0.051352616 -0.019975958 0.027488060 0.030422447 0.041722607 0.047167752 0.997551441
1341846317.410120 0.036761820 -0.016429991 0.014901098 0.032440081 0.041049510 0.053671777 0.997187018
1341846317.442569 0.026968835 -0.017442496 0.020863688 0.035375383 0.042029843 0.054179110 0.997018874
1341846317.474010 0.014815086 -0.017232500 0.029859740 0.040915173 0.043731257 0.058177877 0.996508360
1341846317.509927 0.013484363 -0.011644440 0.024204150 0.044209626 0.040338803 0.063461527 0.996188164
1341846317.542282 0.016417112 -0.007918277 0.023304850 0.043907486 0.036909096 0.065058514 0.996231496
1341846317.573943 0.008148584 -0.019541601 0.025743961 0.042402659 0.038231589 0.062305175 0.996422827
1341846317.610159 -0.005883405 -0.021012541 0.031725366 0.045045424 0.041254319 0.063098527 0.996136308
1341846317.643553 -0.009276407 -0.014506652 0.025333587 0.048477862 0.039577328 0.068101838 0.995713651
1341846317.677993 -0.033626597 -0.021680549 0.028458163 0.048286404 0.038140055 0.067947336 0.995789587
1341846317.709996 -0.038984351 -0.022324620 0.029459372 0.050707661 0.035681266 0.067684695 0.995778263
1341846317.741834 -0.040634561 -0.012407890 0.030233923 0.051882524 0.034065943 0.068585768 0.995712638
1341846317.777923 -0.040922944 -0.014930041 0.034566227 0.049795717 0.032064971 0.068670139 0.995879829
1341846317.810021 -0.040933900 -0.015620988 0.041220065 0.049745917 0.029570602 0.068319425 0.995983660
1341846317.841886 -0.041932665 -0.012051716 0.035693351 0.049578395 0.027769750 0.068010226 0.996064961
1341846317.878017 -0.039507341 -0.011808722 0.034813058 0.047180850 0.026498878 0.064886615 0.996424377
1341846317.909910 -0.038408715 -0.011345278 0.038158853 0.046639387 0.026731456 0.061157718 0.996679425
1341846317.946031 -0.021748306 -0.010896798 0.038108919 0.047494389 0.022573946 0.061614349 0.996713758
1341846317.978041 -0.003999906 -0.011482665 0.039510205 0.049102806 0.016482780 0.060400896 0.996829450
1341846318.009897 0.018470723 -0.017627256 0.043721929 0.050185442 0.012488875 0.057813268 0.996986985
1341846318.045949 0.003629659 -0.017843558 0.035957098 0.049873430 0.014644253 0.058056731 0.996959150
1341846318.078074 0.017605657 -0.017088270 0.039091662 0.049228098 0.009440862 0.055943813 0.997174859
1341846318.109894 0.028789531 -0.017897157 0.037705645 0.048474286 0.002088604 0.053121559 0.997408628
1341846318.145957 0.026286401 -0.017575566 0.036971811 0.047869854 -0.000081718 0.050574087 0.997572422
1341846318.178001 0.032367662 -0.013372102 0.036679599 0.048229996 -0.001989699 0.047273498 0.997714937
1341846318.214074 0.052042410 -0.014249241 0.040518310 0.048625808 -0.008880137 0.044457242 0.997787654
1341846318.245970 0.065189838 -0.012700027 0.042110503 0.051583774 -0.017932741 0.044359531 0.997521818
1341846318.278018 0.071566768 -0.013261312 0.044245906 0.055609033 -0.025027961 0.044885878 0.997129142
1341846318.313937 0.100854635 -0.012884371 0.041457497 0.056752764 -0.038315687 0.041223712 0.996800721
1341846318.345989 0.102902904 -0.004090685 0.045247965 0.060578156 -0.048989404 0.042132132 0.996069849
1341846318.382046 0.102352403 -0.009486863 0.041742824 0.061273172 -0.056261778 0.040701080 0.995702565
1341846318.414072 0.124866724 0.011226138 0.032191776 0.066989362 -0.068504982 0.042763229 0.994480133
1341846318.446035 0.110420287 -0.003164515 0.039782804 0.066545501 -0.072664410 0.041224390 0.994279683
1341846318.482196 0.114078790 -0.007961692 0.037539110 0.066363424 -0.075930305 0.039931118 0.994100571
1341846318.514144 0.122324504 -0.004702599 0.037614007 0.067185305 -0.079916455 0.040408775 0.993713558
1341846318.546259 0.128925800 -0.002663881 0.041709714 0.069245249 -0.083297633 0.039639000 0.993325412
1341846318.582042 0.134961724 -0.006390512 0.038117219 0.069442056 -0.085373819 0.039544858 0.993139148
1341846318.614115 0.139738664 -0.005355694 0.031840473 0.069053821 -0.087926343 0.040814806 0.992892087
1341846318.650038 0.143964976 -0.005419963 0.034604151 0.068999358 -0.090156369 0.037463572 0.992828012
1341846318.682350 0.149605498 -0.005074035 0.031520639 0.068766899 -0.092923805 0.035918046 0.992646039
1341846318.714063 0.162429973 -0.007661593 0.035707660 0.067971334 -0.097349137 0.034053680 0.992342353
1341846318.749905 0.160623074 -0.006289705 0.028436597 0.068680711 -0.098293386 0.036559965 0.992111266
1341846318.782036 0.173183188 -0.005946517 0.031595077 0.070945174 -0.102688856 0.039290871 0.991402030
1341846318.814121 0.191110209 -0.012184378 0.025302101 0.068835385 -0.112365581 0.038164176 0.990544856
1341846318.850072 0.186282545 -0.007018009 0.017398112 0.069627717 -0.117363781 0.032428205 0.990114212
1341846318.883516 0.160859093 0.016582711 -0.010426596 0.077068649 -0.121557295 0.038646124 0.988833010
1341846318.918047 0.141365007 0.042162780 -0.044278439 0.084020481 -0.130989820 0.043029234 0.986879289
1341846318.950044 0.198805332 0.073832281 -0.045014925 0.094362922 -0.160170823 0.050692864 0.981260002
1341846318.982028 0.209271520 0.084643930 -0.056927979 0.098258883 -0.166682199 0.047803175 0.979937255
1341846319.018123 0.207131624 0.087976873 -0.069832765 0.097713850 -0.172184527 0.049662560 0.978947461
1341846319.050745 0.209763914 0.086722806 -0.069257438 0.098359354 -0.179213032 0.048400998 0.977683723
1341846319.081905 0.219926253 0.098918423 -0.085175596 0.104715340 -0.180628136 0.045667339 0.976894438
1341846319.117976 0.198016271 0.102843493 -0.103315875 0.106772587 -0.177625239 0.051277809 0.976943970
1341846319.150093 0.166756168 0.096790820 -0.102858365 0.107947201 -0.178733200 0.057542704 0.976263642
1341846319.186069 0.152972117 0.099722140 -0.108200610 0.110041954 -0.179568797 0.059332278 0.975769162
1341846319.218149 0.120347671 0.110922672 -0.135058939 0.107770965 -0.173169479 0.060691211 0.977094829
1341846319.250034 0.083354518 0.102220967 -0.130833983 0.101199724 -0.164366782 0.060005952 0.979357719
1341846319.286594 0.042035930 0.094672874 -0.124137327 0.098613068 -0.158268049 0.064033203 0.980370522
1341846319.318034 0.007415008 0.090585612 -0.127937198 0.099217549 -0.154698059 0.067158423 0.980670214
1341846319.350268 -0.027011219 0.085125156 -0.136297077 0.099056832 -0.151186243 0.073738888 0.980761468
1341846319.386163 -0.065782346 0.079087935 -0.142682120 0.100086413 -0.151150241 0.081421457 0.980054498
1341846319.418386 0.200437695 0.269451708 -0.019719966 0.116459019 -0.183606535 0.081065565 0.972704649
1341846319.453961 0.202823132 0.281980813 -0.030073099 0.118116640 -0.185713530 0.077575803 0.972389281
1341846319.486271 0.202032804 0.271769047 -0.031943440 0.115503468 -0.187621310 0.079351529 0.972193658
1341846319.554083 0.197460979 0.280935705 -0.040824398 0.110424966 -0.193734840 0.079998754 0.971531451
1341846319.586296 0.182102069 0.283097893 -0.041082859 0.111255892 -0.192000315 0.078817904 0.971877456
1341846319.622031 0.114804521 0.260660082 -0.084431022 0.109420918 -0.186647817 0.070067547 0.973796785
1341846319.653962 0.106554523 0.260624349 -0.067019790 0.109534428 -0.191769436 0.067726433 0.972954154
1341846319.686352 0.096277334 0.257909924 -0.072707884 0.110708706 -0.194650531 0.069480561 0.972125053
1341846319.721992 0.087329820 0.259271890 -0.098211721 0.110423736 -0.196352690 0.070984460 0.971706450
1341846319.754063 0.100244671 0.315467328 -0.047460824 0.115240522 -0.202548936 0.083512284 0.968875229
1341846319.786397 0.088109605 0.266471177 -0.092238709 0.103974275 -0.200309798 0.073913001 0.971391857
1341846319.822008 0.085848272 0.268762916 -0.113553442 0.099693544 -0.201659739 0.078311741 0.971216679
1341846319.853917 0.100814447 0.306545466 -0.050073504 0.099016480 -0.207294613 0.095525943 0.968555331
1341846319.889942 0.056444112 0.271882206 -0.121071562 0.091120042 -0.199931473 0.082699656 0.972052157
1341846319.922039 0.018253859 0.263299704 -0.096376680 0.092012197 -0.202529132 0.087189652 0.971037388
1341846319.953946 0.017907489 0.251868546 -0.102281936 0.091303788 -0.207170486 0.082453519 0.970538735
1341846319.990054 0.043498080 0.259649873 -0.079086490 0.096061595 -0.214726329 0.076941535 0.968888402
1341846320.028122 0.011561692 0.262127072 -0.096505471 0.098687313 -0.213598371 0.074684411 0.969050467
1341846320.090047 0.053964123 0.273195654 -0.096808299 0.104659982 -0.226195022 0.073128879 0.965678155
1341846320.122011 0.080061167 0.273441285 -0.083381467 0.105307154 -0.227264002 0.074440874 0.965256453
1341846320.157952 0.091496080 0.265153557 -0.078552946 0.104712628 -0.225702912 0.073052295 0.965793371
1341846320.190003 0.099723175 0.248492613 -0.070203863 0.105296806 -0.223288924 0.070269495 0.966497183
1341846320.221941 0.098229319 0.257611662 -0.049360909 0.110751607 -0.218511924 0.076519631 0.966504693
1341846320.258015 0.104967289 0.263206035 -0.023798369 0.115704998 -0.218916535 0.079855636 0.965562522
1341846320.289887 0.113933221 0.233576462 -0.033292502 0.117953293 -0.219077796 0.079176947 0.965309739
1341846320.321954 0.156848520 0.238550410 -0.014828593 0.126566887 -0.224798813 0.080923960 0.962755203
1341846320.357890 0.190994531 0.255806983 -0.015462562 0.134153903 -0.228596568 0.078411371 0.961040020
1341846320.390064 0.210503817 0.256753862 -0.011034310 0.135637566 -0.227080584 0.078550071 0.961179852
1341846320.426544 0.101075538 0.164591983 -0.077330634 0.130950898 -0.203756720 0.076100044 0.967235148
1341846320.458122 0.164604366 0.171116501 -0.051163934 0.132468149 -0.202726781 0.073374674 0.967455506
1341846320.490186 0.223355263 0.173966065 -0.024540529 0.136093616 -0.200288817 0.071687765 0.967586577
1341846320.525911 0.280060202 0.177927688 -0.004014179 0.139751047 -0.198436931 0.070246637 0.967552483
1341846320.558091 0.334378541 0.188313574 0.010514244 0.141890600 -0.199154302 0.066190086 0.967379689
1341846320.594093 0.380447149 0.193506151 0.039943904 0.144076943 -0.198931143 0.061500259 0.967411995
1341846320.631955 0.317650735 0.174795121 0.013231248 0.145306244 -0.184585288 0.062174533 0.970025122
1341846320.664916 0.352058768 0.178193286 0.016005427 0.145523652 -0.184679449 0.060925320 0.970053852
1341846320.699927 0.364222825 0.173511922 0.018311888 0.145295367 -0.181853995 0.058265597 0.970784962
1341846320.731822 0.387913495 0.181001544 0.034693196 0.148138881 -0.177613854 0.057255454 0.971200287
1341846320.763877 0.423432589 0.181971490 0.020347849 0.144545153 -0.178549945 0.059721515 0.971421599
1341846320.799999 0.447456121 0.150814831 0.032689467 0.136191770 -0.182243273 0.052150037 0.972378314
1341846320.831871 0.480877101 0.156728357 0.045143738 0.141145334 -0.173615560 0.044435319 0.973632932
1341846320.863887 0.422853500 0.146728352 0.038100593 0.137244627 -0.160541251 0.049215596 0.976200938
1341846320.900014 0.452593267 0.137853146 0.062594980 0.129097223 -0.169109970 0.054562591 0.975581169
1341846320.931889 0.497794330 0.125351712 0.084905818 0.129782736 -0.172513753 0.050070863 0.975135028
1341846320.967866 0.482544303 0.160863608 0.056055576 0.132203221 -0.164467558 0.048309583 0.976288319
1341846321.000017 0.501559317 0.155150175 0.079513162 0.126232505 -0.166530460 0.046459921 0.976818502
1341846321.031860 0.528958023 0.148522720 0.094088271 0.124162719 -0.168230951 0.042979080 0.976951778
1341846321.068047 0.552768290 0.161295876 0.114064209 0.126447156 -0.167231485 0.040531639 0.976934969
1341846321.099840 0.562083542 0.162713841 0.117570743 0.124237813 -0.166773304 0.040815413 0.977284849
1341846321.131821 0.585361898 0.150838599 0.126590192 0.123297594 -0.166603610 0.039858796 0.977472365
1341846321.167887 0.605175495 0.155441329 0.134591594 0.126113415 -0.164539352 0.042348072 0.977358103
1341846321.200042 0.595011532 0.163213491 0.119279079 0.127052248 -0.159896225 0.040876992 0.978069544
1341846321.231950 0.621557474 0.154100224 0.142353714 0.126156166 -0.162221536 0.041323952 0.977783799
1341846321.267939 0.657290339 0.159750342 0.141911790 0.127266780 -0.162878975 0.036227260 0.977732658
1341846321.299948 0.669033587 0.160799414 0.164076552 0.127566010 -0.159764186 0.030011801 0.978417933
1341846321.331858 0.667169809 0.169519693 0.181429908 0.129540846 -0.156726658 0.026575185 0.978749037
1341846321.367913 0.722546816 0.159436435 0.198722497 0.130292132 -0.160858735 0.022162676 0.978088617
1341846321.399897 0.689118087 0.176714420 0.193161845 0.135202929 -0.149595827 0.017910454 0.979295909
1341846321.435994 0.690109491 0.171374395 0.203681707 0.136489019 -0.146203607 0.018194823 0.979624510
1341846321.467946 0.717908919 0.164297268 0.194482163 0.136599749 -0.145826802 0.019410376 0.979641914
1341846321.499882 0.742230892 0.166582495 0.207981735 0.138292581 -0.145225346 0.019865751 0.979484618
1341846321.536109 0.770679057 0.175066084 0.195958674 0.138796151 -0.141373321 0.015746558 0.980051696
1341846321.568960 0.751657844 0.184170067 0.194303140 0.136883974 -0.132517114 0.012842483 0.981599271
1341846321.603938 0.766481102 0.180143431 0.213440910 0.133839235 -0.131967708 0.012735331 0.982094407
1341846321.637163 0.803738594 0.206595957 0.236810505 0.134673834 -0.130250186 0.011092508 0.982229531
1341846321.668306 0.786628604 0.193395093 0.216824532 0.127870157 -0.119009048 0.013322542 0.984534681
1341846321.704411 0.761684716 0.197930664 0.226879478 0.124825045 -0.115811817 0.019828159 0.985197008
1341846321.736861 0.783874631 0.194446385 0.228845224 0.121950530 -0.120666608 0.028151266 0.984771609
1341846321.771881 0.803922832 0.208449423 0.227613255 0.119615637 -0.122395091 0.032695007 0.984704316
1341846321.804114 0.822654188 0.208501220 0.239504591 0.115074262 -0.122251183 0.035645336 0.985160887
1341846321.836152 0.821236610 0.218690589 0.246942937 0.113619126 -0.119680926 0.035381325 0.985654771
1341846321.871882 0.826574028 0.229104340 0.248265967 0.109608762 -0.118993521 0.032255501 0.986299157
1341846321.904074 0.832602024 0.226791099 0.256553978 0.103487037 -0.117912613 0.027806155 0.987225354
1341846321.939847 0.835475266 0.224126935 0.255753756 0.099868923 -0.114957511 0.023588711 0.988055944
1341846322.004094 0.827638090 0.219625548 0.265602618 0.093261786 -0.116525635 0.023342177 0.988523722
1341846322.066178 0.853056788 0.201004118 0.264666349 0.087125555 -0.113493949 0.019069392 0.989527464
1341846322.107979 0.847874463 0.183249056 0.265497446 0.083719239 -0.110994093 0.017627345 0.990131676
1341846322.166164 0.854400337 0.142400593 0.260434449 0.082785539 -0.112032801 0.017763862 0.990090728
1341846322.202932 0.858738363 0.138765842 0.260866046 0.084799863 -0.114602551 0.018036537 0.989621103
1341846322.234093 0.857891977 0.134573102 0.254278839 0.083747573 -0.115769573 0.015983595 0.989610136
1341846322.265941 0.856254160 0.120222598 0.256019890 0.080270760 -0.118617482 0.016226294 0.989557087
1341846322.301996 0.878406465 0.095698096 0.253197461 0.076107338 -0.122909792 0.016967269 0.989349782
1341846322.333949 0.866398633 0.073020563 0.243815303 0.073506534 -0.123148136 0.016770696 0.989520133
1341846322.369871 0.886289358 0.045257766 0.261693507 0.073200591 -0.131106392 0.013097042 0.988575339
1341846322.402292 0.898469388 0.037904870 0.255913973 0.074908353 -0.130691633 0.007523001 0.988560498
1341846322.433955 0.887540162 -0.000821435 0.253584504 0.076022811 -0.128225148 0.005587062 0.988811255
1341846322.470030 0.879963100 -0.003133418 0.252825409 0.085846350 -0.131722093 0.007791129 0.987531781
1341846322.502433 0.899145901 -0.043757256 0.264190942 0.085682176 -0.137165025 0.014058436 0.986735344
1341846322.534002 0.910434186 -0.060406730 0.260340512 0.094597131 -0.137909293 0.014961220 0.985803485
1341846322.570196 0.917611837 -0.088387661 0.258176625 0.100950062 -0.139123172 0.019918593 0.984914780
1341846322.601920 0.908431590 -0.095936999 0.251027644 0.105705321 -0.141144052 0.023130549 0.984057844
1341846322.638119 0.938796222 -0.102542967 0.276319742 0.111384392 -0.148009539 0.022707492 0.982431173
1341846322.669947 0.953156173 -0.112888515 0.277108252 0.115291253 -0.146265775 0.021923542 0.982259393
1341846322.702026 0.936216950 -0.131059945 0.268872023 0.116281159 -0.142604664 0.023980964 0.982632935
1341846322.738006 0.946488500 -0.120983124 0.270718753 0.119163319 -0.146532968 0.025801763 0.981663108
1341846322.770087 0.959313154 -0.153774962 0.277306318 0.116120525 -0.147283837 0.025867200 0.981913567
1341846322.806047 0.943908095 -0.177082241 0.267387539 0.117790014 -0.145633876 0.027794402 0.981908202
1341846322.838063 0.926526606 -0.168133289 0.261622071 0.121168733 -0.147907034 0.028757002 0.981129289
1341846322.870081 0.939937353 -0.193586260 0.275020421 0.120662183 -0.155018374 0.029897140 0.980059206
1341846322.906018 0.969655573 -0.217203051 0.277593315 0.122217670 -0.159804776 0.031404857 0.979050040
1341846322.938349 0.945477128 -0.177364469 0.280349374 0.128106102 -0.155920058 0.032642100 0.978883147
1341846322.970069 0.947306335 -0.180454507 0.282906115 0.123255789 -0.156615630 0.033097953 0.979379416
1341846323.011820 0.960285246 -0.207712457 0.289687455 0.118489578 -0.157758772 0.032850448 0.979792416
1341846323.073951 0.962496400 -0.182343990 0.298283756 0.117793187 -0.158173636 0.036319949 0.979687035
1341846323.105962 0.956056356 -0.244883314 0.293249756 0.109046310 -0.157633185 0.035660341 0.980810404
1341846323.138158 0.953959167 -0.236822009 0.300439030 0.111860268 -0.157727912 0.032540262 0.980586708
1341846323.174092 0.952690840 -0.250562966 0.288253367 0.107935615 -0.157595709 0.030826472 0.981103063
1341846323.206059 0.967678428 -0.260053307 0.292235196 0.104715466 -0.160028875 0.027887473 0.981146097
1341846323.238053 0.971564233 -0.234942853 0.309410244 0.106058873 -0.157401726 0.025650023 0.981487751
1341846323.273997 0.940852880 -0.254279822 0.291913122 0.099840164 -0.154046476 0.025968505 0.982663333
1341846323.305946 0.961805463 -0.266917527 0.306320310 0.093942650 -0.160687760 0.026509693 0.982166767
1341846323.342027 1.005424738 -0.300041527 0.318032712 0.088631265 -0.164225012 0.023890836 0.982142508
1341846323.374048 0.971525252 -0.289855778 0.302710563 0.090858847 -0.156106442 0.024563456 0.983245671
1341846323.405987 0.955875337 -0.305611521 0.276523322 0.088322170 -0.157752097 0.029188164 0.983087718
1341846323.441956 0.974988341 -0.317209631 0.305267990 0.088669524 -0.164654434 0.031698249 0.981846154
1341846323.473878 0.974265158 -0.318180054 0.314808428 0.092727885 -0.164091706 0.032302160 0.981545746
1341846323.506129 0.961661994 -0.314604729 0.298412263 0.096126847 -0.161763340 0.029792974 0.981684566
1341846323.541972 0.993487179 -0.362645149 0.306845874 0.088859163 -0.166101873 0.027213439 0.981719732
1341846323.573913 1.048029780 -0.402618289 0.316264480 0.084276684 -0.168646231 0.020191690 0.981859565
1341846323.609927 1.019765258 -0.409597903 0.317980289 0.085307948 -0.159761652 0.019558094 0.983268142
1341846323.642014 1.004283071 -0.413145751 0.318654776 0.084508821 -0.157044053 0.020642759 0.983752608
1341846323.674081 0.990215600 -0.395929694 0.298274070 0.087553695 -0.155425981 0.021908818 0.983715951
1341846323.710069 1.009574890 -0.469230413 0.320279956 0.078675270 -0.160730362 0.026631972 0.983497202
1341846323.742111 0.983307540 -0.441720158 0.295240819 0.089928277 -0.157706097 0.026327141 0.983030319
1341846323.774928 0.990901113 -0.431468576 0.296911567 0.094599776 -0.160624862 0.024797704 0.982158661
1341846323.810012 0.988821507 -0.442190677 0.291717917 0.095508501 -0.161561757 0.021777652 0.981988609
1341846323.842207 0.996753335 -0.459413171 0.293314934 0.095956676 -0.162530437 0.017151285 0.981876791
1341846323.878019 0.975337148 -0.466045260 0.276512921 0.097531900 -0.160658270 0.012474571 0.982100248
1341846323.909826 0.998235762 -0.482388377 0.291089892 0.100055210 -0.164926723 0.008700660 0.981179118
1341846323.942459 0.984335542 -0.468869865 0.293163925 0.105654642 -0.163565099 0.008729951 0.980819702
1341846323.978055 0.976216435 -0.468599886 0.289419532 0.107844196 -0.165612400 0.010257911 0.980222881
1341846324.015934 0.937068522 -0.500384390 0.263525873 0.109210908 -0.161628321 0.005048369 0.980777144
1341846324.047722 1.013975739 -0.472512484 0.291878760 0.114142716 -0.169850856 0.011455250 0.978770077
1341846324.083904 0.999807298 -0.449612975 0.279201180 0.115601443 -0.166677102 0.010432144 0.979155838
1341846324.115968 0.976725221 -0.485459507 0.273623407 0.110881612 -0.162583977 0.003820887 0.980437219
1341846324.151967 1.005881071 -0.445213944 0.285350442 0.114491999 -0.162606522 0.004764923 0.980014265
1341846324.183941 1.006379962 -0.417854130 0.279153138 0.114324644 -0.158934325 0.001070666 0.980647027
1341846324.219984 0.993991613 -0.424440891 0.278627783 0.109231502 -0.155810103 0.000647081 0.981728733
1341846324.251968 0.998189986 -0.418417692 0.284860104 0.109251566 -0.156498894 -0.000816528 0.981616795
1341846324.284052 0.986652613 -0.403731763 0.273491919 0.110835679 -0.155519396 0.000415940 0.981595099
1341846324.319880 0.972095251 -0.385979444 0.279538512 0.111077555 -0.157633051 -0.001048510 0.981230080
1341846324.351917 0.985902727 -0.358189225 0.287218571 0.110304862 -0.163002118 -0.002002939 0.980438232
1341846324.388001 0.981246233 -0.327918857 0.286629081 0.110366769 -0.161421835 -0.007935471 0.980662644
1341846324.419908 0.971838772 -0.325638592 0.285686851 0.104745299 -0.157714024 -0.011146095 0.981850564
1341846324.452027 0.963683784 -0.327923179 0.287261248 0.099949732 -0.156788141 -0.012139009 0.982486725
1341846324.487928 0.956974864 -0.324080676 0.280842036 0.098357372 -0.156089649 -0.010822366 0.982774019
1341846324.519985 0.938187063 -0.272905111 0.283463091 0.102172129 -0.157067791 -0.004859323 0.982276380
1341846324.556001 0.929893613 -0.234922752 0.284352601 0.103747286 -0.160839960 -0.001057364 0.981512070
1341846324.587888 0.943576634 -0.247458339 0.296339005 0.097229920 -0.166313291 0.000877750 0.981267273
1341846324.620086 0.939204872 -0.242396191 0.294258177 0.095517285 -0.167895272 -0.001996754 0.981164455
1341846324.655955 0.939496040 -0.222836241 0.293367028 0.095981881 -0.168596998 -0.003702057 0.980993807
1341846324.688082 0.939836204 -0.180010304 0.294349134 0.100671232 -0.168453053 -0.002556812 0.980552077
1341846324.755922 0.904573143 -0.145449772 0.297362745 0.102905996 -0.168240190 0.001870686 0.980358124
1341846324.814016 0.922819316 -0.097744100 0.296422988 0.101955794 -0.174943298 -0.002943584 0.979280949
1341846324.849979 0.911363244 -0.075502843 0.306420237 0.099040449 -0.171234518 -0.005328875 0.980225146
1341846324.881924 0.893749833 -0.078805603 0.303822517 0.095273934 -0.170489594 -0.005367204 0.980727971
1341846324.913902 0.913153470 -0.057844650 0.309342265 0.095894232 -0.174194992 -0.003055115 0.980026007
1341846324.949999 0.905870914 -0.062741302 0.313248456 0.094812915 -0.173884049 0.000584393 0.980191112
1341846324.981922 0.887684762 -0.053971507 0.301913559 0.099500462 -0.174239010 0.004160155 0.979654610
1341846325.018013 0.882555008 -0.034616418 0.296103626 0.104437940 -0.178011060 0.007940638 0.978438437
1341846325.050079 0.880167723 -0.011221162 0.295854628 0.108385794 -0.182963118 0.007162047 0.977100670
1341846325.081901 0.884777009 0.011633769 0.299039334 0.109300166 -0.188495129 0.005071035 0.975959718
1341846325.118531 0.896545231 0.029278643 0.303195149 0.106929585 -0.191116348 0.001130259 0.975725055
1341846325.149933 0.893223941 0.018372253 0.303311527 0.098290101 -0.189082712 -0.000288187 0.977029562
1341846325.181925 0.883365095 0.038998932 0.306536883 0.098598942 -0.186580345 0.000854364 0.977479041
1341846325.218055 0.886231542 0.052761771 0.309806019 0.096339971 -0.186800703 0.004304022 0.977653086
1341846325.249811 0.878218710 0.069405198 0.311668068 0.095332421 -0.186133966 0.007928059 0.977856338
1341846325.285925 0.883028865 0.069922842 0.311705798 0.090296984 -0.187991217 0.011092434 0.977948248
1341846325.317988 0.901585042 0.060818475 0.331491023 0.085929997 -0.188882098 0.014211589 0.978129685
1341846325.349844 0.893862665 0.069704346 0.334899664 0.092007577 -0.182778165 0.016056988 0.978707790
1341846325.387302 0.893128574 0.079806887 0.324148625 0.094617330 -0.179997742 0.019099364 0.978919625
1341846325.417931 0.922671437 0.091964468 0.321303189 0.097226284 -0.178573474 0.027442120 0.978726447
1341846325.450747 0.940161705 0.092474349 0.353013873 0.102041051 -0.174186289 0.029997734 0.978951931
1341846325.485954 0.885310113 0.109149143 0.332668871 0.111260459 -0.159704819 0.028599422 0.980457842
1341846325.517875 0.885221422 0.129667252 0.331833780 0.116947643 -0.157114461 0.032051813 0.980107665
1341846325.553859 0.877093196 0.140295625 0.331885815 0.120976612 -0.152284592 0.031485852 0.980399251
1341846325.585855 0.879286945 0.176826745 0.334378272 0.127039403 -0.149657875 0.035122667 0.979913235
1341846325.617990 0.874859691 0.207310721 0.330017924 0.126671761 -0.147353888 0.034342658 0.980337560
1341846325.653982 0.872710288 0.188249096 0.334846407 0.122390352 -0.145501122 0.030985929 0.981269538
1341846325.685819 0.868069172 0.183593750 0.338558733 0.126798257 -0.143920809 0.032893326 0.980880737
1341846325.717857 0.856707633 0.218220919 0.345176876 0.134155080 -0.141675249 0.039622150 0.979979932
1341846325.754083 0.843699098 0.200723201 0.350892693 0.133207768 -0.140972838 0.041716982 0.980123520
1341846325.786087 0.853859067 0.215404972 0.337907374 0.140940234 -0.140755683 0.046390384 0.978862405
1341846325.821856 0.841684222 0.256539553 0.342848271 0.149350375 -0.137267038 0.047770057 0.978044093
1341846325.853827 0.825069904 0.273219109 0.344211042 0.151183113 -0.135021091 0.051780000 0.977871060
1341846325.885958 0.810295939 0.278649122 0.350911826 0.149736404 -0.137512863 0.055718590 0.977529883
1341846325.921984 0.816657007 0.283755004 0.360472322 0.148301661 -0.142191440 0.059958249 0.976828158
1341846325.953899 0.836630762 0.289374173 0.367658108 0.151292264 -0.144742057 0.060935106 0.975934029
1341846325.985823 0.828663766 0.312819421 0.371650547 0.155405670 -0.141250134 0.066219680 0.975454986
1341846326.021991 0.816674590 0.303788364 0.362928510 0.155448586 -0.139674664 0.072707005 0.975213051
1341846326.054055 0.827092230 0.326939553 0.376329064 0.162192583 -0.142442167 0.077071100 0.973377526
1341846326.089984 0.837374866 0.362305671 0.385511696 0.168268844 -0.141919941 0.077392727 0.972396374
1341846326.121822 0.831863880 0.358059376 0.385382205 0.165754080 -0.136711687 0.075243525 0.973742247
1341846326.154079 0.821161211 0.380330682 0.389427215 0.170308247 -0.133562833 0.073930390 0.973493934
1341846326.190178 0.805299401 0.401987433 0.390791029 0.174500272 -0.132105947 0.075697593 0.972814262
1341846326.222162 0.802488744 0.414603859 0.391285479 0.171644852 -0.134354115 0.083320193 0.972391248
1341846326.259181 0.798570871 0.429528654 0.396458566 0.168951377 -0.136845291 0.086586364 0.972230256
1341846326.322766 0.810008347 0.454128683 0.404696554 0.163054034 -0.138820305 0.084326833 0.973155320
1341846326.359773 0.792112648 0.487921625 0.413012564 0.165170372 -0.135125175 0.080413818 0.973649621
1341846326.392109 0.801080048 0.464867830 0.432599604 0.160353407 -0.135395557 0.082309507 0.974258661
1341846326.423985 0.806162715 0.464480042 0.415520638 0.161724061 -0.134840399 0.088034272 0.973608434
1341846326.459869 0.784245729 0.484510928 0.415362209 0.164470986 -0.133163467 0.090889551 0.973116577
1341846326.526163 0.788614511 0.568432629 0.441616595 0.173442230 -0.133765802 0.090734296 0.971489489
1341846326.560211 0.777612031 0.586050987 0.444006532 0.169838741 -0.128882885 0.090188093 0.972836077
1341846326.591828 0.774752319 0.596838772 0.452314854 0.167409927 -0.127040744 0.091594741 0.973367810
1341846326.627027 0.775850296 0.613203228 0.446314752 0.167732224 -0.125425398 0.091438822 0.973536491
1341846326.658442 0.789920747 0.618059933 0.459596813 0.165223107 -0.123404227 0.089955002 0.974361777
1341846326.694856 0.774607420 0.636741996 0.467102021 0.163559064 -0.119135238 0.090178773 0.975152791
1341846326.726206 0.771709144 0.652606606 0.463085234 0.158999279 -0.117769100 0.087609604 0.976306438
1341846326.762753 0.782181501 0.673255801 0.470745623 0.154258385 -0.116009876 0.084602699 0.977542043
1341846326.826821 0.763850570 0.721928775 0.481281996 0.144991979 -0.108639218 0.076120637 0.980500102
1341846326.858887 0.763536394 0.702815592 0.494300514 0.134400710 -0.107951701 0.075562872 0.982126832
1341846326.895360 0.754636586 0.722489476 0.495237112 0.134638131 -0.108151950 0.078248657 0.981861949
1341846326.926897 0.749762714 0.734034181 0.492764115 0.137186900 -0.111291751 0.079915754 0.981023610
1341846326.958888 0.759069741 0.761629343 0.501776636 0.141256496 -0.114877276 0.082951002 0.979780018
1341846326.994594 0.763316274 0.773729324 0.499894470 0.142381325 -0.114884853 0.086255401 0.979330897
1341846327.026301 0.765292227 0.799740076 0.518328965 0.142807975 -0.113960177 0.082766548 0.979677796
1341846327.063945 0.720137715 0.822656631 0.492403626 0.143307939 -0.103908010 0.077606782 0.981143773
1341846327.094662 0.765052140 0.817208171 0.522655606 0.140811980 -0.109240189 0.077856630 0.980906188
1341846327.128901 0.762391746 0.832284689 0.528459191 0.141019955 -0.109349452 0.077394851 0.980900645
1341846327.161940 0.762490571 0.855758548 0.532429814 0.142263144 -0.110469341 0.075761944 0.980723143
1341846327.193867 0.714426994 0.860135138 0.512924254 0.141843677 -0.099158250 0.070785873 0.982363164
1341846327.229885 0.772085488 0.881768882 0.540961087 0.144376561 -0.106088780 0.072846062 0.981118739
1341846327.262014 0.755983829 0.907323360 0.526115716 0.146860108 -0.097582236 0.067996457 0.981980801
1341846327.294023 0.775057137 0.900721729 0.512819648 0.147168919 -0.088299848 0.064963236 0.983017921
1341846327.330015 0.757175624 0.949620724 0.544295967 0.156854495 -0.074781485 0.061354518 0.982873321
1341846327.361939 0.766681910 0.956515491 0.563825369 0.154661596 -0.072298639 0.059619993 0.983513176
1341846327.393887 0.783120453 0.936305225 0.570905209 0.148926109 -0.073197551 0.052140001 0.984756112
1341846327.429966 0.801061928 0.988331556 0.580804348 0.151824608 -0.077716134 0.052245162 0.983961344
1341846327.461965 0.712009549 1.017313957 0.525622904 0.147584647 -0.067561723 0.046103463 0.985661566
1341846327.497931 0.776900411 1.034297824 0.607322931 0.146615162 -0.080270290 0.047233980 0.984799266
1341846327.530068 0.740805089 1.037683010 0.587390006 0.143536001 -0.073602058 0.047894724 0.985741496
1341846327.561895 0.753104150 1.040188074 0.603566110 0.140603736 -0.079231881 0.054555640 0.985381424
1341846327.598010 0.719057083 1.035537124 0.594689250 0.139536887 -0.076563329 0.055061691 0.985715866
1341846327.629945 0.679474592 1.044206858 0.572604418 0.138943374 -0.074747346 0.053792700 0.986009061
1341846327.662003 0.611531138 1.036995292 0.564233005 0.137151852 -0.064191081 0.045482989 0.987420976
1341846327.697919 0.573507845 1.044584394 0.539928854 0.136791691 -0.058021706 0.044329248 0.987905085
1341846327.730075 0.531188667 1.039329767 0.522239625 0.128441483 -0.051523965 0.045829702 0.989316821
1341846327.766017 0.467627853 1.037757277 0.516967952 0.122882649 -0.040483925 0.046312645 0.990513027
1341846327.797917 0.441702127 1.043330312 0.502307773 0.115798555 -0.036764443 0.046198975 0.991516411
1341846327.830054 0.382716507 1.054468751 0.506871462 0.111285575 -0.026803248 0.046183612 0.992352843
1341846327.865944 0.331976473 1.059609532 0.510504365 0.107623719 -0.016068680 0.046137255 0.992990553
1341846327.898010 0.298503369 1.071500063 0.504985511 0.104983062 -0.009798191 0.045828033 0.993369162
1341846327.929991 0.289085895 1.080267429 0.510876119 0.101568058 -0.009360114 0.042357065 0.993882358
1341846327.966065 0.285118520 1.086391926 0.509049952 0.096463375 -0.008307125 0.040453464 0.994479418
1341846327.998073 0.288299024 1.077144504 0.511193693 0.086609930 -0.007731610 0.036322236 0.995549917
1341846328.034045 0.272332072 1.089033008 0.506380677 0.082882695 -0.003027225 0.029627029 0.996114194
1341846328.065993 0.239771530 1.087018967 0.509615421 0.077476174 0.003878659 0.033229746 0.996432722
1341846328.098045 0.226978540 1.074861169 0.520057559 0.075491481 0.006963368 0.033742417 0.996551037
1341846328.133967 0.231484458 1.069884181 0.507084012 0.077006526 0.004421079 0.039056707 0.996255517
1341846328.166023 0.242370248 1.070545793 0.504810870 0.077199459 -0.001780212 0.040909778 0.996174395
1341846328.198018 0.211971253 1.059359550 0.508414686 0.077479802 0.002159790 0.034368001 0.996399045
1341846328.234044 0.262304664 1.054584265 0.501489758 0.080564015 -0.010087347 0.040778093 0.995863855
1341846328.265899 0.264479429 1.052719116 0.498557031 0.083863318 -0.011875069 0.041243520 0.995552540
1341846328.302051 0.264742851 1.068951964 0.499564409 0.093111746 -0.011856568 0.044429600 0.994593203
1341846328.333917 0.254145294 1.035037518 0.480594218 0.091431566 -0.009709154 0.046212416 0.994691133
1341846328.366008 0.259452224 1.017318606 0.482793540 0.097143799 -0.011347797 0.042627346 0.994292319
1341846328.402010 0.257511467 0.988247573 0.494957566 0.106934562 -0.010391007 0.046938680 0.993103087
1341846328.433920 0.250490874 1.013695598 0.468145192 0.118638873 -0.010176961 0.049234465 0.991663873
1341846328.470003 0.240101710 0.991020083 0.474640906 0.119416937 -0.008655616 0.040755525 0.991969585
1341846328.502194 0.257256538 0.978079259 0.475360155 0.123551041 -0.008683234 0.033428412 0.991737008
1341846328.534033 0.273939997 0.938902974 0.442598820 0.120514192 -0.005981149 0.027984610 0.992299080
1341846328.570125 0.239935338 0.907216072 0.447205931 0.121043928 -0.000246093 0.029012170 0.992223084
1341846328.602804 0.204901367 0.860418320 0.405250967 0.119793780 0.000624101 0.034884613 0.992185533
1341846328.672663 0.195609942 0.851631820 0.409814298 0.136946231 -0.009602700 0.028380660 0.990125299
1341846328.702975 0.281015486 0.832139134 0.401148856 0.136259258 -0.027102355 0.028615158 0.989888906
1341846328.770129 0.293036461 0.823197305 0.401881933 0.149089128 -0.031297147 0.024895588 0.988014758
1341846328.802331 0.278112501 0.796862364 0.380384892 0.147394910 -0.030820906 0.026369018 0.988245666
1341846328.838051 0.269906849 0.794606149 0.375568688 0.153408095 -0.030504996 0.022791501 0.987428963
1341846328.869939 0.280346632 0.796876788 0.377532929 0.154620528 -0.033424698 0.021984698 0.987163603
1341846328.904486 0.258859813 0.790022731 0.369301438 0.151825875 -0.032510910 0.021273572 0.987643361
1341846328.939814 0.278748810 0.781043231 0.376006722 0.157301128 -0.038188253 0.021873625 0.986569583
1341846328.970217 0.291996181 0.749139130 0.355478823 0.155496731 -0.042123880 0.025564458 0.986606717
1341846329.006232 0.289015621 0.749755621 0.356183529 0.158495739 -0.044152409 0.029505309 0.985930562
1341846329.038243 0.295169443 0.727437079 0.341426075 0.160733536 -0.044814792 0.029024255 0.985552609
1341846329.106125 0.295360565 0.721391916 0.328751594 0.162883535 -0.044638354 0.028044250 0.985235929
1341846329.138340 0.288091660 0.713511646 0.329914421 0.165743351 -0.044000186 0.026596300 0.984827757
1341846329.169991 0.310139298 0.707692325 0.322626829 0.166732803 -0.048359402 0.025432114 0.984487057
1341846329.208656 0.302995443 0.700551331 0.312150180 0.167089224 -0.047367927 0.024524206 0.984497845
1341846329.238169 0.315180570 0.709068418 0.318576425 0.168513626 -0.050559804 0.025825869 0.984062970
1341846329.273827 0.277861983 0.675230145 0.293976247 0.163183272 -0.044448365 0.022916349 0.985327542
1341846329.306052 0.283465981 0.661706209 0.284609973 0.161491826 -0.047209848 0.021213155 0.985515893
1341846329.338104 0.300885797 0.667984009 0.286816835 0.159359783 -0.051188584 0.018377692 0.985721290
1341846329.373907 0.264558762 0.658795178 0.271689594 0.157673806 -0.045159902 0.017703457 0.986299217
1341846329.405985 0.330130279 0.625665605 0.284464836 0.156030700 -0.055358492 0.019792140 0.986001074
1341846329.442057 0.301739931 0.662378788 0.292602748 0.162219733 -0.053852547 0.012518745 0.985204518
1341846329.473950 0.316544026 0.646392107 0.282288849 0.160272062 -0.056555714 0.005134244 0.985437930
1341846329.506147 0.295894772 0.603621483 0.253081441 0.153425872 -0.053743020 0.001410104 0.986696601
1341846329.542121 0.296183527 0.588772655 0.250407964 0.150791794 -0.057059892 0.000050574 0.986917436
1341846329.574086 0.299405724 0.589818180 0.244203210 0.155840576 -0.058983669 -0.000833243 0.986019254
1341846329.606387 0.306021750 0.577762961 0.242107421 0.156789780 -0.060375370 -0.001818026 0.985783219
1341846329.641955 0.305805922 0.591554463 0.237011686 0.159561872 -0.061864652 -0.000031617 0.985247552
1341846329.681570 0.294378549 0.572006106 0.240148783 0.157792509 -0.063382104 -0.002231007 0.985433519
1341846329.748113 0.301968634 0.565028250 0.232936144 0.159691229 -0.063526854 -0.004120121 0.985112250
1341846329.810175 0.303882331 0.539683998 0.229903668 0.156673491 -0.061409440 0.001920088 0.985737622
1341846329.842255 0.301548779 0.532515287 0.227426991 0.158050120 -0.061386704 0.005113597 0.985507846
1341846329.874044 0.297846854 0.514285445 0.221616447 0.157031387 -0.060953457 0.007686220 0.985680878
1341846329.910073 0.300154746 0.528666377 0.223999664 0.159955397 -0.062293194 0.010676097 0.985098898
1341846329.942009 0.294597238 0.523932576 0.221773341 0.154798284 -0.062172137 0.015113794 0.985872030
1341846329.978087 0.295176119 0.503244042 0.226295874 0.152892217 -0.063211337 0.015842194 0.986091912
1341846330.016305 0.298971236 0.504780650 0.217726603 0.154089153 -0.061808448 0.013819224 0.986024976
1341846330.048192 0.293874800 0.531105936 0.217150360 0.153731480 -0.060214493 0.016282257 0.986141860
1341846330.080418 0.298840553 0.523425519 0.221295953 0.151598245 -0.061345279 0.016967474 0.986390829
1341846330.115886 0.297089100 0.520241320 0.220255733 0.155913413 -0.059406720 0.017947705 0.985819340
1341846330.147839 0.292634487 0.509386182 0.211232334 0.154022694 -0.059269130 0.018954324 0.986105919
1341846330.181257 0.298101932 0.532348990 0.212735891 0.151797831 -0.060931694 0.022361446 0.986278236
1341846330.215852 0.299473405 0.516333461 0.219241172 0.144661680 -0.060363725 0.022353595 0.987385213
1341846330.247833 0.300979793 0.509034038 0.211574167 0.142236799 -0.060168039 0.022187585 0.987753093
1341846330.283913 0.298081785 0.541894495 0.209626630 0.142817199 -0.060667500 0.021322817 0.987657845
1341846330.316011 0.288049102 0.480020911 0.200203434 0.127683192 -0.059669659 0.020849448 0.989798844
1341846330.347868 0.285754889 0.472246885 0.199449807 0.125293329 -0.061211098 0.020279637 0.990021944
1341846330.383835 0.307452559 0.497861147 0.208910421 0.128897056 -0.065456852 0.017959844 0.989332318
1341846330.415934 0.294013739 0.491631806 0.206604093 0.129936174 -0.062436290 0.016211489 0.989421785
1341846330.452561 0.288622916 0.480078220 0.204538852 0.130849317 -0.062325913 0.017963590 0.989278197
1341846330.483903 0.273698896 0.508148909 0.198344037 0.135002926 -0.061719902 0.020193413 0.988714874
1341846330.515970 0.283147514 0.491659611 0.200454429 0.131454200 -0.066308700 0.023595281 0.988820672
1341846330.552099 0.282265514 0.495217294 0.202114657 0.134003744 -0.067500763 0.025469020 0.988351166
1341846330.583876 0.279299647 0.456352770 0.184650019 0.124319687 -0.066817552 0.025951432 0.989649713
1341846330.619992 0.293651670 0.451130450 0.165344760 0.117432304 -0.069505498 0.024998672 0.990330100
1341846330.652136 0.290957570 0.450090259 0.166598275 0.111649260 -0.070512764 0.024250407 0.990946174
1341846330.683796 0.272367597 0.450349092 0.175497219 0.108350724 -0.068750590 0.021929253 0.991490066
1341846330.719991 0.264584154 0.438545465 0.173725545 0.105788581 -0.070613302 0.022480099 0.991623521
1341846330.752103 0.244646460 0.414142877 0.151657745 0.102813631 -0.070881031 0.026053676 0.991829813
1341846330.787952 0.259562045 0.442848980 0.164055109 0.108221240 -0.080143750 0.030142454 0.990432501
1341846330.819823 0.258872211 0.434697926 0.152561709 0.106495276 -0.083844855 0.030708807 0.990295768
1341846330.852208 0.265881777 0.449622840 0.151999146 0.107443221 -0.086705945 0.031973764 0.989906907
1341846330.914111 0.257077694 0.467305869 0.147138104 0.099450968 -0.088944167 0.029746773 0.990612686
1341846330.949903 0.244867489 0.454919934 0.138356581 0.096090831 -0.088224895 0.028775036 0.991037250
1341846330.981986 0.242655799 0.452860415 0.141305864 0.095983729 -0.093607374 0.030477054 0.990502834
1341846331.014111 0.246640533 0.457912415 0.138408467 0.095696218 -0.098088130 0.029469496 0.990127504
1341846331.082139 0.243878007 0.456268847 0.135089606 0.097549453 -0.100606129 0.026551304 0.989776433
1341846331.114334 0.249172404 0.464357853 0.135623008 0.098184340 -0.103424497 0.026557576 0.989423037
1341846331.149989 0.236612871 0.453881413 0.127797395 0.097742490 -0.102127515 0.023151996 0.989686966
1341846331.181954 0.243113399 0.451273024 0.131269515 0.100598127 -0.103920817 0.024849406 0.989172876
1341846331.218151 0.237759262 0.474633187 0.119459920 0.102146119 -0.106496029 0.024655540 0.988745093
1341846331.249914 0.239240676 0.453986377 0.111264780 0.097705312 -0.106492072 0.021633873 0.989264905
1341846331.318141 0.259723514 0.460460275 0.127591625 0.109592028 -0.099723861 0.020433201 0.988750279
1341846331.349926 0.259040177 0.464297622 0.122899532 0.109008320 -0.096224830 0.017978197 0.989209116
1341846331.382003 0.262163788 0.451046765 0.101629972 0.110936508 -0.088828102 0.015140536 0.989734054
1341846331.418008 0.256090403 0.463727385 0.133160874 0.119809814 -0.077878207 0.017807396 0.989577413
1341846331.450327 0.273559332 0.462164640 0.146137968 0.120980158 -0.077403001 0.020172179 0.989426911
1341846331.486219 0.261207819 0.463436097 0.152296469 0.120831586 -0.074053012 0.020790782 0.989688635
1341846331.518344 0.278899461 0.443032235 0.154846787 0.115704089 -0.074771531 0.023272185 0.990191996
1341846331.550202 0.281659335 0.436423868 0.159980863 0.118156560 -0.069866523 0.021599917 0.990298510
1341846331.586139 0.266893923 0.454740435 0.170228079 0.122210205 -0.067321293 0.022663105 0.989959002
1341846331.617931 0.277723640 0.457428455 0.182733163 0.121819288 -0.068666391 0.022680420 0.989914417
1341846331.654027 0.294743448 0.470094353 0.180301905 0.126187354 -0.068020917 0.021580989 0.989436269
1341846331.686123 0.279221147 0.489054292 0.191234708 0.130661011 -0.063387774 0.022640865 0.989139557
1341846331.717954 0.271883160 0.510452747 0.199185580 0.130249575 -0.064087331 0.023431348 0.989130318
1341846331.754076 0.288292229 0.482686877 0.212940544 0.125343993 -0.065002628 0.021353124 0.989751220
1341846331.785920 0.287233114 0.485068560 0.223804012 0.129033372 -0.062160797 0.021084791 0.989465415
1341846331.818053 0.272788227 0.472183526 0.235718891 0.125377312 -0.058876600 0.023344886 0.990085363
1341846331.853849 0.276443005 0.460593462 0.243411496 0.123449899 -0.058841880 0.022441747 0.990350485
1341846331.885987 0.280553073 0.462475985 0.256940305 0.127123177 -0.056364596 0.019910615 0.990083992
1341846331.922014 0.280283213 0.492593944 0.267849743 0.134698421 -0.053281553 0.018386645 0.989282191
1341846331.954037 0.279166251 0.469749421 0.261087000 0.130386680 -0.049535532 0.017795244 0.990065038
1341846331.986135 0.282668114 0.452727199 0.278807700 0.131028354 -0.044319704 0.020262988 0.990180135
1341846332.022364 0.266924113 0.446701914 0.289593548 0.137258157 -0.038585775 0.020248702 0.989576340
1341846332.054175 0.255003184 0.460887939 0.305987060 0.145943508 -0.037128627 0.021946060 0.988352299
1341846332.086502 0.264455557 0.454783559 0.326692879 0.147651359 -0.038738981 0.025577981 0.987949431
1341846332.122051 0.277180254 0.461959094 0.335676938 0.150538698 -0.040024731 0.024991309 0.987477362
1341846332.153983 0.262076825 0.464657575 0.346899748 0.147302717 -0.038346492 0.024207173 0.988051355
1341846332.190165 0.258754790 0.453213245 0.372173756 0.139848813 -0.040157475 0.021417700 0.989126325
1341846332.254145 0.264458716 0.423527181 0.397766292 0.138133019 -0.041088864 0.019579690 0.989367247
1341846332.289948 0.250876158 0.426808685 0.404744536 0.140323624 -0.039702527 0.020539565 0.989096105
1341846332.322172 0.248217106 0.428158343 0.423346728 0.141836196 -0.040296596 0.023397081 0.988792837
1341846332.354003 0.256172329 0.426239491 0.424751401 0.144622535 -0.038445245 0.020662170 0.988523781
1341846332.390180 0.256636262 0.434143156 0.430630326 0.146668673 -0.033971094 0.017889576 0.988440275
1341846332.422055 0.251869291 0.431967765 0.444482028 0.144396484 -0.030959859 0.015125742 0.988919795
1341846332.458114 0.253445953 0.417945802 0.448512256 0.141974390 -0.028157186 0.010219846 0.989416957
1341846332.489993 0.240595162 0.422715396 0.465603352 0.143352672 -0.025458267 0.013848488 0.989247203
1341846332.522130 0.240107268 0.441939890 0.475514948 0.145720139 -0.030932009 0.019882070 0.988642275
1341846332.558114 0.234174088 0.439429998 0.484945476 0.145784363 -0.035561848 0.025234565 0.988354921
1341846332.589874 0.253268003 0.453122169 0.500539422 0.147466764 -0.041422740 0.027285758 0.987822413
1341846332.621889 0.252457231 0.456190646 0.507832408 0.142776340 -0.041112330 0.029145494 0.988471091
1341846332.658202 0.254095852 0.453935146 0.519167840 0.139579341 -0.040392734 0.028418900 0.988978446
1341846332.690001 0.236092791 0.449219406 0.522817314 0.136480242 -0.036331639 0.028843291 0.989556074
1341846332.726000 0.233059257 0.450966835 0.538294613 0.136548325 -0.037480678 0.032577526 0.989387929
1341846332.758386 0.247478157 0.447725356 0.539906919 0.135948792 -0.042324703 0.033625655 0.989240050
1341846332.789937 0.253870070 0.456756592 0.543022037 0.136361197 -0.041458182 0.032491580 0.989257872
1341846332.825925 0.254661441 0.438639402 0.570173264 0.131752327 -0.038467389 0.031237202 0.990043342
1341846332.857898 0.261667371 0.450136542 0.582627654 0.135533854 -0.038802348 0.030802375 0.989533305
1341846332.894069 0.258596510 0.470712095 0.594832718 0.137539625 -0.038620993 0.030569846 0.989270866
1341846332.926029 0.245055959 0.465189099 0.590023637 0.132598966 -0.034683328 0.026036199 0.990220547
1341846332.958015 0.231511012 0.464960307 0.592384815 0.129449219 -0.028597545 0.022555538 0.990916908
1341846332.994073 0.266845822 0.471805274 0.613260746 0.128298461 -0.034445062 0.024038652 0.990845680
1341846333.026545 0.271809161 0.470490992 0.626866221 0.125964791 -0.033385504 0.021937722 0.991230071
1341846333.057998 0.276420414 0.470340282 0.636030912 0.125275761 -0.031435061 0.022307895 0.991372883
1341846333.094024 0.279319763 0.470325351 0.644474328 0.125817999 -0.030552918 0.025436524 0.991256475
1341846333.126095 0.284722447 0.475360632 0.648746133 0.126638636 -0.029525854 0.028328482 0.991104603
1341846333.161973 0.290391088 0.481869578 0.654469013 0.125902578 -0.027712343 0.030860882 0.991175115
1341846333.195660 0.252604246 0.469104797 0.652968824 0.120673098 -0.018179348 0.031146895 0.992036998
1341846333.226331 0.292878270 0.476257682 0.667473555 0.120885991 -0.025559917 0.033472665 0.991772592
1341846333.262056 0.296555310 0.489240170 0.673317671 0.119718641 -0.025492277 0.031524934 0.991979718
1341846333.294147 0.290990680 0.480631292 0.683274448 0.115536593 -0.024310304 0.030505346 0.992537022
1341846333.326100 0.296296239 0.480857253 0.684035897 0.113542229 -0.026223544 0.030456778 0.992719948
1341846333.362100 0.301453859 0.493821681 0.689352572 0.112473354 -0.027454169 0.027771374 0.992887080
1341846333.394119 0.297823757 0.486477137 0.689734340 0.108859003 -0.027645744 0.024984984 0.993358552
1341846333.429974 0.280968368 0.480392992 0.685131669 0.106649272 -0.026144974 0.024667777 0.993646741
1341846333.462115 0.302295178 0.490379989 0.697259665 0.109281398 -0.029468659 0.023548402 0.993294835
1341846333.494040 0.305900067 0.491170138 0.699658155 0.110414654 -0.029023916 0.022297155 0.993211448
1341846333.529953 0.303881586 0.488348663 0.697534919 0.110589311 -0.027038563 0.022802377 0.993236601
1341846333.562063 0.304362088 0.490835130 0.699979663 0.111636855 -0.025328387 0.024160301 0.993132412
1341846333.594090 0.295043647 0.500324965 0.695906758 0.111010581 -0.025131982 0.025017891 0.993186355
1341846333.629994 0.268721670 0.497859955 0.695038319 0.106942870 -0.022654425 0.023355611 0.993732631
1341846333.662127 0.252922356 0.496752143 0.686526418 0.103605121 -0.020659016 0.023845272 0.994118035
1341846333.697964 0.297049642 0.491470903 0.693253517 0.101560593 -0.028610632 0.024094464 0.994125903
1341846333.730092 0.302738816 0.490201205 0.693925798 0.104249217 -0.029122937 0.025472770 0.993798316
1341846333.762089 0.274585783 0.489712507 0.684736013 0.105371431 -0.023564529 0.027195055 0.993781686
1341846333.798006 0.250356317 0.485450327 0.674302816 0.105882682 -0.019057535 0.026921865 0.993831456
1341846333.830055 0.312143564 0.492955863 0.684051812 0.109872527 -0.028692117 0.024847500 0.993220687
1341846333.866045 0.289830059 0.489112794 0.672758698 0.109709531 -0.023409622 0.024107790 0.993395507
1341846333.897987 0.268095404 0.497089803 0.662424326 0.113456264 -0.019114496 0.022710629 0.993099451
1341846333.930099 0.248167276 0.494638443 0.653667748 0.116014771 -0.014671629 0.022481093 0.992884636
1341846333.965889 0.229459539 0.497794956 0.648667693 0.119116478 -0.010386402 0.022230977 0.992577016
1341846333.997985 0.205668569 0.500936508 0.636519432 0.122698300 -0.005514335 0.023289250 0.992155373
1341846334.030076 0.186768457 0.502849042 0.627500057 0.125999928 -0.001214228 0.023302065 0.991755784
1341846334.066000 0.169214711 0.508004189 0.620613277 0.128843680 0.001216991 0.024550889 0.991360247
1341846334.097932 0.154460385 0.511487246 0.610405445 0.130903035 0.004079425 0.024659712 0.991080046
1341846334.133884 0.137754440 0.516070843 0.606367826 0.133484989 0.007523972 0.024910251 0.990709126
1341846334.166115 0.157137483 0.502249181 0.600866020 0.130305111 0.002040865 0.025996266 0.991130948
1341846334.198072 0.147903860 0.508086622 0.595059931 0.132597864 0.002119279 0.023636239 0.990885794
1341846334.234097 0.158476546 0.512701690 0.588884354 0.133134082 0.000693106 0.023237137 0.990825355
1341846334.266045 0.161259249 0.506759644 0.583474934 0.131959632 0.001137443 0.024529193 0.990950882
1341846334.297946 0.163728267 0.501142085 0.574051976 0.131426454 -0.001621490 0.026289536 0.990975976
1341846334.334036 0.158594891 0.507206559 0.568038225 0.132571608 -0.002555985 0.027056290 0.990800798
1341846334.365871 0.163674310 0.511166990 0.560055733 0.132785395 -0.003260608 0.024219431 0.990843475
1341846334.401845 0.139444649 0.498802066 0.544931054 0.128346041 0.001832569 0.023848590 0.991440952
1341846334.433864 0.132028148 0.499493778 0.540597200 0.129076704 0.001044003 0.025093060 0.991316557
1341846334.466105 0.112402320 0.515837848 0.535380125 0.132132143 0.001710407 0.026806379 0.990868092
1341846334.502142 0.118726239 0.519636273 0.535179198 0.131493494 -0.001591907 0.027273085 0.990940511
1341846334.540153 0.148979202 0.520592570 0.522450387 0.130794376 -0.007647737 0.025278572 0.991057694
1341846334.602351 0.124591365 0.523057282 0.513539732 0.125834957 -0.006810783 0.017213693 0.991878450
1341846334.670161 0.111638106 0.534091651 0.495353997 0.123434000 -0.007123463 0.009236283 0.992284238
1341846334.702085 0.115015239 0.529701829 0.494181335 0.121433407 -0.010346877 0.009246108 0.992502570
1341846334.734751 0.121492937 0.521380484 0.478121579 0.119689219 -0.014549108 0.010797294 0.992646039
1341846334.770889 0.134163350 0.538511276 0.471718192 0.122594453 -0.019408986 0.013991470 0.992168427
1341846334.802194 0.139163226 0.539219260 0.460889757 0.121594489 -0.023188079 0.015039117 0.992194951
1341846334.833908 0.144282773 0.547359467 0.448337674 0.122094341 -0.025466321 0.013221049 0.992103636
1341846334.869874 0.155577049 0.551801443 0.434159279 0.120462872 -0.027802078 0.013196247 0.992240667
1341846334.902006 0.166344136 0.554275036 0.426182836 0.118482709 -0.031768292 0.014466858 0.992342353
1341846334.938010 0.183064669 0.561459243 0.420653015 0.119604379 -0.037845202 0.011409760 0.992034435
1341846334.970032 0.230463535 0.544448197 0.422937959 0.117369935 -0.046568763 0.007409917 0.991968095
1341846335.002203 0.264805049 0.515462101 0.412032306 0.113283098 -0.052472182 0.008517649 0.992139637
1341846335.037880 0.279615104 0.499581337 0.394487500 0.111847892 -0.059006423 0.011962133 0.991899788
1341846335.069990 0.313753068 0.502309501 0.392506957 0.111746483 -0.067468710 0.010574039 0.991387367
1341846335.106038 0.220374942 0.512481034 0.380112082 0.114149019 -0.050848197 0.010532413 0.992105603
1341846335.138045 0.214289188 0.511515439 0.367914200 0.115093790 -0.049270850 0.010464160 0.992076755
1341846335.169900 0.212258056 0.515074790 0.343680531 0.115029342 -0.051569726 0.010541243 0.991966546
1341846335.206091 0.213992745 0.518542171 0.335689634 0.114741348 -0.053162660 0.007937827 0.991940081
1341846335.239365 0.218732595 0.514740229 0.331054240 0.114445053 -0.052434616 0.005563744 0.992029190
1341846335.269948 0.214120254 0.516021371 0.322759688 0.116175115 -0.050923388 0.004817984 0.991910756
1341846335.305972 0.209245801 0.516358376 0.304679453 0.117901303 -0.051898293 0.005022304 0.991655469
1341846335.338012 0.212570354 0.515020370 0.297701150 0.119208269 -0.053661633 0.006649193 0.991395772
1341846335.374005 0.219913095 0.506024480 0.285941094 0.122834548 -0.052488595 0.007147147 0.991012394
1341846335.406025 0.227460936 0.510554254 0.275474429 0.129044950 -0.051502462 0.011096969 0.990238190
1341846335.438079 0.218361378 0.521671414 0.265563846 0.134819031 -0.049796227 0.014665808 0.989509523
1341846335.473998 0.219245628 0.526161134 0.256875813 0.137035653 -0.048199460 0.015091674 0.989277661
1341846335.507038 0.217642829 0.531299353 0.246600300 0.138190672 -0.045154385 0.013427879 0.989284635
1341846335.538040 0.211933658 0.541073084 0.238865554 0.138463959 -0.042170756 0.011575326 0.989401519
1341846335.574119 0.205336422 0.544923186 0.229393318 0.135817185 -0.041818488 0.011724849 0.989781499
1341846335.605970 0.208976999 0.536538124 0.215751484 0.133584946 -0.042835772 0.010663802 0.990053773
1341846335.641978 0.210849866 0.541565657 0.205747575 0.135262817 -0.041397970 0.007871810 0.989913225
1341846335.673993 0.212595493 0.545549810 0.193169490 0.134444758 -0.041312460 0.008986515 0.990018725
1341846335.706178 0.205342293 0.549021840 0.192378029 0.134022608 -0.042673901 0.010443854 0.990003943
1341846335.741982 0.208816767 0.546747148 0.183882475 0.134481713 -0.042682469 0.008722532 0.989957929
1341846335.773960 0.207629532 0.554044485 0.168592766 0.134523138 -0.042234685 0.008964912 0.989969373
1341846335.806271 0.205838308 0.562234223 0.159701169 0.133050591 -0.042803120 0.008986265 0.990143776
1341846335.842031 0.206660122 0.550483108 0.152931914 0.129436105 -0.041960251 0.009070399 0.990658045
1341846335.873966 0.207711339 0.555744469 0.139390796 0.131093472 -0.040533476 0.009083668 0.990499377
1341846335.910005 0.201995999 0.564650953 0.128994972 0.130920649 -0.040481474 0.010892113 0.990506113
1341846335.941936 0.199508622 0.565146267 0.119789526 0.129901826 -0.042318907 0.010929908 0.990563035
1341846335.974198 0.199837238 0.567125618 0.109471753 0.129850805 -0.042825945 0.008721181 0.990569890
1341846336.010032 0.198647618 0.570392191 0.099830888 0.129552498 -0.042893082 0.007982695 0.990612209
1341846336.042129 0.194130227 0.572953582 0.083459422 0.128426418 -0.043883480 0.008887553 0.990707755
1341846336.078076 0.192939043 0.570963442 0.079398550 0.128424153 -0.045673519 0.007154834 0.990641177
1341846336.110739 0.194795072 0.574657142 0.070638917 0.129286960 -0.045861226 0.005564490 0.990530491
1341846336.142002 0.190006375 0.577933252 0.055881001 0.128840894 -0.045844622 0.007451566 0.990576982
1341846336.183953 0.185136974 0.584025621 0.050197512 0.128828019 -0.048360333 0.008314636 0.990452170
1341846336.241891 0.182198420 0.585775197 0.033120841 0.127058014 -0.048310533 0.006475391 0.990696907
1341846336.277946 0.178391367 0.583800673 0.025400341 0.127185747 -0.048211068 0.009300553 0.990662873
1341846336.309977 0.178378418 0.580415905 0.023819596 0.129032522 -0.051612556 0.012795849 0.990213633
1341846336.346143 0.180930227 0.588605106 0.012730464 0.131147429 -0.053109150 0.013385793 0.989848793
1341846336.377975 0.175603256 0.588754416 0.014964923 0.132029966 -0.052402895 0.012564636 0.989779830
1341846336.410032 0.167176485 0.592922270 0.004798219 0.133021742 -0.050767723 0.012762506 0.989729762
1341846336.446041 0.195877075 0.602631807 -0.024856433 0.132071778 -0.054825727 0.015453995 0.989602149
1341846336.477990 0.230580434 0.609802663 -0.046188653 0.131118789 -0.059428252 0.018965794 0.989402056
1341846336.510056 0.306118131 0.605473816 -0.013436168 0.131677449 -0.072212689 0.017181208 0.988509595
1341846336.546024 0.364682674 0.610000789 -0.008390129 0.133418351 -0.081666544 0.017396711 0.987536073
1341846336.578003 0.421974361 0.609958231 -0.007639244 0.131781265 -0.091576025 0.019588390 0.986845374
1341846336.614020 0.471174926 0.612852275 -0.000162840 0.131751105 -0.098088063 0.017835200 0.986256719
1341846336.645982 0.527258098 0.606381655 -0.008924112 0.128693372 -0.105845705 0.017041570 0.985872328
1341846336.678036 0.571123242 0.594820261 -0.005972594 0.124937788 -0.115279853 0.017419906 0.985290647
1341846336.714024 0.610941708 0.599725604 -0.000901639 0.127578393 -0.123468213 0.017825292 0.983952045
1341846336.746016 0.619531631 0.602501631 -0.013031870 0.131558999 -0.126851678 0.020765539 0.982939303
1341846336.778014 0.678325534 0.605363965 -0.007102966 0.132673874 -0.140573144 0.025417348 0.980811298
1341846336.820006 0.736135781 0.596970558 0.001891017 0.130779788 -0.153101653 0.025664711 0.979182243
1341846336.882056 0.803375363 0.582717180 0.023081392 0.130602583 -0.166580185 0.026616652 0.976977766
1341846336.914273 0.852553606 0.592591345 0.053952307 0.136187881 -0.180578023 0.028476497 0.973670125
1341846336.945998 0.910880446 0.603463233 0.068547159 0.144180641 -0.194941238 0.028690334 0.969735384
1341846336.981980 0.972830892 0.625398278 0.058002114 0.148445576 -0.206433624 0.025548983 0.966796935
1341846337.014238 1.034113169 0.639799953 0.079848289 0.148160309 -0.219095230 0.021142201 0.964157045
1341846337.046017 1.084607959 0.645860493 0.118467212 0.149283290 -0.229587257 0.014589950 0.961660743
1341846337.082104 1.130199432 0.657027721 0.136110008 0.151801884 -0.235899433 0.008929898 0.959806204
1341846337.114317 1.155119300 0.645074129 0.144203246 0.146590337 -0.243421346 0.010950187 0.958716571
1341846337.150037 1.152166843 0.654769063 0.135101855 0.146564469 -0.242384985 0.008620040 0.959006786
1341846337.181873 1.126263261 0.650133729 0.128027141 0.146229431 -0.237720340 0.006121165 0.960244000
1341846337.214073 1.165208459 0.696053207 0.175520599 0.155054897 -0.245423898 0.001043413 0.956934690
1341846337.250087 1.124515414 0.659374475 0.135207057 0.144126818 -0.239134073 0.003152121 0.960225224
1341846337.282028 1.116073966 0.648635864 0.117468297 0.142403021 -0.240651771 0.005169193 0.960094452
1341846337.317920 1.056627750 0.662908673 0.098951727 0.143474102 -0.232687265 0.009341521 0.961865127
1341846337.350018 1.092168331 0.662301481 0.115730703 0.142925456 -0.238168180 0.006929125 0.960624874
1341846337.382159 1.057837009 0.672881961 0.106823653 0.141428694 -0.232705534 0.007394621 0.962180495
1341846337.417941 1.040303469 0.661043882 0.091151893 0.139898390 -0.228559941 0.008290979 0.963389874
1341846337.450137 1.114030957 0.626933515 0.075963199 0.133636326 -0.240415290 0.007020575 0.961401343
1341846337.482096 1.109467268 0.631521821 0.082488954 0.133014351 -0.240434960 0.007393803 0.961479843
1341846337.518008 1.108482003 0.638117909 0.084415913 0.135082752 -0.240971610 0.007874944 0.961053252
1341846337.549978 1.113349915 0.646435142 0.081729591 0.136217311 -0.241929516 0.006112791 0.960665166
1341846337.585971 1.111695290 0.645562470 0.082459331 0.133804664 -0.242072001 0.004801866 0.960975766
1341846337.617903 1.106206894 0.643115163 0.092147171 0.135658681 -0.242489979 0.005318352 0.960607648
1341846337.650141 1.117177367 0.649280667 0.091966331 0.138245210 -0.243834496 0.004856505 0.959900737
1341846337.686352 1.122960329 0.652175069 0.095570683 0.136640206 -0.244620085 0.005395941 0.959927738
1341846337.718002 1.124821663 0.649489164 0.104362965 0.134938374 -0.244678602 0.004987390 0.960155785
1341846337.749920 1.127057314 0.650834501 0.105927348 0.134967059 -0.242969945 0.004302163 0.960588872
1341846337.786157 1.130863428 0.654782653 0.107042074 0.132316828 -0.240410760 0.003340177 0.961604774
1341846337.817945 1.131036997 0.647648692 0.113401711 0.129389167 -0.238830268 0.004431504 0.962392330
1341846337.854071 1.140088797 0.649829745 0.118612915 0.128609955 -0.236677647 0.003686078 0.963031471
1341846337.885951 1.129975438 0.655305028 0.111323476 0.126282737 -0.232680008 0.001668463 0.964318335
1341846337.918223 1.128527045 0.652704358 0.115589768 0.122487456 -0.230999738 -0.001968365 0.965210915
1341846337.954120 1.134259462 0.652316988 0.125564873 0.120817155 -0.230703428 -0.002430380 0.965491176
1341846337.985994 1.150185585 0.656914711 0.134367347 0.118553929 -0.231967449 -0.002386073 0.965469003
1341846338.018107 1.150058746 0.653820574 0.144450605 0.115200020 -0.230721459 -0.001993469 0.966174185
1341846338.054055 1.134454846 0.661584198 0.145471722 0.114202879 -0.227405757 -0.003167356 0.967075109
1341846338.085986 1.133814096 0.661670923 0.156388521 0.111205555 -0.224384144 -0.004152318 0.968125939
1341846338.121875 1.126836061 0.654955268 0.158036709 0.108606987 -0.221553564 -0.002413301 0.969078302
1341846338.154089 1.094768286 0.643596888 0.133575648 0.105271429 -0.215577498 0.000732109 0.970795393
1341846338.186029 1.123495698 0.656995416 0.169280261 0.106008507 -0.221907079 0.002705723 0.969284356
1341846338.222071 1.126306057 0.660231829 0.177657396 0.105368495 -0.220965520 0.001232080 0.969572186
1341846338.254107 1.118157268 0.654059410 0.185404569 0.103282318 -0.218687236 0.002084562 0.970311463
1341846338.290130 1.115786791 0.644297540 0.195679873 0.102464974 -0.218608961 0.003526187 0.970411539
1341846338.321952 1.113494515 0.656082392 0.201126963 0.103640281 -0.218100414 0.005906848 0.970389605
1341846338.354022 1.112202883 0.658233285 0.214667201 0.104358062 -0.217870072 0.005315861 0.970367849
1341846338.389969 1.107005596 0.657869220 0.217510879 0.103277043 -0.216186970 0.005981931 0.970855951
1341846338.422377 1.103600383 0.660455644 0.234911233 0.103227124 -0.216191202 0.005365983 0.970863879
1341846338.454010 1.102741361 0.651044488 0.237534851 0.099797077 -0.216560900 0.004558059 0.971144259
1341846338.489894 1.101223588 0.650275588 0.251511514 0.098909207 -0.217933983 0.003677343 0.970931649
1341846338.522066 1.094452858 0.649239659 0.258023232 0.100223191 -0.216198355 0.002914350 0.971187472
1341846338.558058 1.096794605 0.645938277 0.260729700 0.097830072 -0.216649368 0.003928231 0.971327364
1341846338.589842 1.078650236 0.636448562 0.267830163 0.094593465 -0.213739425 0.002806739 0.972296059
1341846338.622019 1.069556117 0.625989437 0.279870987 0.094120368 -0.212046310 0.004539130 0.972706079
1341846338.657984 1.077401519 0.622498989 0.283050865 0.092812844 -0.214095458 0.005835038 0.972375870
1341846338.690198 1.067749262 0.615794122 0.285730511 0.089966312 -0.212636724 0.003973405 0.972972691
1341846338.722454 1.050684094 0.606559634 0.296895921 0.088596240 -0.208872601 0.003305960 0.973915815
1341846338.757945 1.054914713 0.593952060 0.302902758 0.084601745 -0.210945204 0.005000780 0.973817050
1341846338.790039 1.050900698 0.599463522 0.309980839 0.084718414 -0.212149322 0.003717341 0.973551035
1341846338.826048 1.033347130 0.597149789 0.315695584 0.085797496 -0.207199410 0.002007317 0.974527121
1341846338.858027 1.033180356 0.595365047 0.318938196 0.084867410 -0.205995053 0.002221284 0.974863410
1341846338.889902 1.032962441 0.592441797 0.327295452 0.081963621 -0.207540751 0.000307893 0.974786520
1341846338.925948 1.020208716 0.583864629 0.335742503 0.080721900 -0.204226196 -0.002640272 0.975586355
1341846338.958108 1.019107103 0.586394310 0.344062895 0.082152806 -0.202705696 -0.003071723 0.975782692
1341846338.990057 1.021358371 0.577633500 0.360686660 0.081417024 -0.203852654 -0.001712739 0.975608766
1341846339.025928 1.013833880 0.572695732 0.366853774 0.082360625 -0.201681897 -0.000897881 0.975981712
1341846339.057939 1.012737036 0.568910420 0.379204869 0.084464714 -0.199691713 -0.000957956 0.976211071
1341846339.093927 1.004349351 0.577761650 0.382982701 0.083577879 -0.199540570 0.000731670 0.976318479
1341846339.126562 1.014293432 0.565846860 0.397925079 0.078969441 -0.202523738 -0.002088552 0.976085842
1341846339.157969 1.017532706 0.566374719 0.418230325 0.077768229 -0.200501382 -0.004303679 0.976592422
1341846339.194113 1.022959828 0.581806481 0.417876065 0.077818491 -0.200663865 -0.000976807 0.976564050
1341846339.228165 1.023369789 0.585149705 0.426801085 0.074490890 -0.203110367 0.000491538 0.976318121
1341846339.257998 1.022670865 0.572991431 0.454585522 0.070233911 -0.203215763 0.000250680 0.976611733
1341846339.294132 1.018433213 0.581554413 0.454797179 0.071287014 -0.200315520 0.002296068 0.977131844
1341846339.326577 1.022373319 0.596668303 0.462105215 0.068479702 -0.203732416 0.007055324 0.976603210
1341846339.362269 1.026776195 0.591536224 0.480343580 0.065180577 -0.206229255 0.001623083 0.976329029
1341846339.394725 1.013005495 0.586960614 0.479590803 0.063602820 -0.200936258 0.000763044 0.977537096
1341846339.462186 1.021116853 0.566975892 0.507785559 0.057141267 -0.204206839 -0.001402173 0.977257609
1341846339.496743 1.019948840 0.561454475 0.525191605 0.060529549 -0.200714603 -0.001756223 0.977776468
1341846339.562052 1.007412314 0.544351816 0.528814316 0.058746107 -0.195936531 -0.000454859 0.978855252
1341846339.595122 1.006253004 0.555945694 0.541181386 0.063223742 -0.194531336 -0.000336411 0.978856623
1341846339.632085 1.024259686 0.555155873 0.571558714 0.064488389 -0.196420386 -0.001753868 0.978395224
1341846339.664568 1.020229816 0.557886243 0.567757785 0.066097617 -0.191452175 -0.002977899 0.979269266
1341846339.698896 1.015039682 0.557208657 0.566815734 0.066963367 -0.189215869 -0.003661226 0.979642749
1341846339.731977 1.009218216 0.556243300 0.586641371 0.067642502 -0.188351318 -0.005759224 0.979752600
1341846339.762241 1.003244281 0.550540268 0.591981828 0.067344368 -0.185832769 -0.005558836 0.980255067
1341846339.797873 1.005190253 0.553660631 0.598366916 0.068047732 -0.186092943 -0.004576618 0.980162203
1341846339.830245 1.003611803 0.550986707 0.608206630 0.067634031 -0.186461359 -0.004808363 0.980119705
1341846339.862015 1.006554246 0.555736125 0.608265102 0.068408832 -0.186133042 -0.005692474 0.980123639
1341846339.897797 1.005656004 0.550862014 0.624501288 0.066780113 -0.185637355 -0.005569853 0.980330646
1341846339.929916 1.009954214 0.544741452 0.638145983 0.065743707 -0.186053813 -0.002783863 0.980333626
1341846339.961960 1.009137511 0.536144137 0.639808238 0.065982550 -0.186503008 -0.002597737 0.980232716
1341846339.997845 1.008110404 0.544055104 0.650040925 0.068602197 -0.184806630 -0.002782597 0.980373681
1341846340.029925 1.005415678 0.539506793 0.651831925 0.068745404 -0.181792453 -0.000931400 0.980930507
1341846340.066044 1.007364273 0.540883303 0.664508164 0.070914656 -0.181495279 0.001607595 0.980830252
1341846340.098009 1.012168288 0.543379307 0.676159501 0.072469704 -0.182293281 0.002469262 0.980566800
1341846340.130102 1.007417083 0.536054432 0.679790080 0.070950881 -0.181648746 0.001127125 0.980799854
1341846340.166041 1.005119681 0.543123186 0.695582449 0.074877441 -0.178852513 -0.001954733 0.981020510
1341846340.197867 1.008896112 0.529931188 0.693480432 0.073010966 -0.177334264 -0.000353488 0.981438637
1341846340.229904 1.002905607 0.535634875 0.700437129 0.072892003 -0.176469073 -0.000932863 0.981603026
1341846340.265859 1.001701713 0.527868629 0.711278498 0.071981117 -0.175585032 -0.001898167 0.981827378
1341846340.298061 1.004751086 0.529332221 0.716676056 0.074087717 -0.173818111 -0.000161989 0.981986880
1341846340.334063 1.011797190 0.539324760 0.755039394 0.074546710 -0.179002285 0.003607172 0.981013715
1341846340.366064 1.005707264 0.523798048 0.739579916 0.071019962 -0.177749842 -0.000188484 0.981509626
1341846340.397995 1.004788399 0.525346756 0.735514879 0.073386185 -0.176306561 -0.000905534 0.981595457
1341846340.433895 1.005009174 0.521699071 0.735652447 0.072772101 -0.176590726 0.000790484 0.981590211
1341846340.465959 1.001703262 0.524238765 0.739745200 0.073538929 -0.178494737 0.002369375 0.981186032
1341846340.501858 1.007140398 0.519598901 0.745487452 0.073543757 -0.182701439 0.002674688 0.980410278
1341846340.534329 1.011955142 0.523359179 0.753837943 0.074837126 -0.184841096 0.002541257 0.979911625
1341846340.566041 1.013366461 0.520326972 0.755445659 0.075996138 -0.185566306 0.002733073 0.979684770
1341846340.601909 1.021690249 0.521449745 0.756084025 0.078370832 -0.186858460 0.003749824 0.979248643
1341846340.634005 1.026106358 0.521382272 0.747152984 0.078729019 -0.187137023 0.003137279 0.979168832
1341846340.666028 1.031209469 0.522877097 0.751447737 0.079458587 -0.187084049 0.000778116 0.979124784
1341846340.701946 1.033704162 0.524011493 0.754617155 0.082317621 -0.185862049 -0.000711260 0.979121387
1341846340.733954 1.035537362 0.524764895 0.749427378 0.083564647 -0.183564857 -0.002709643 0.979445517
1341846340.770081 1.036645293 0.527464628 0.746934593 0.083456911 -0.182853624 -0.004868910 0.979579389
1341846340.801980 1.044228911 0.526061356 0.743477345 0.084226824 -0.182021812 -0.010181908 0.979627609
1341846340.833999 1.040800929 0.529474974 0.745903850 0.085145511 -0.179121777 -0.013821871 0.980038047
1341846340.870013 1.036896944 0.527559161 0.747982442 0.084040731 -0.178734899 -0.015640590 0.980176687
1341846340.901955 1.040657282 0.527410269 0.748609245 0.085538439 -0.179307491 -0.016057622 0.979935765
1341846340.933918 1.043472648 0.521939576 0.740588784 0.085603461 -0.180191845 -0.012581892 0.979818702
1341846340.970122 1.038163185 0.532008827 0.754638553 0.087954387 -0.183924988 -0.006775853 0.978973806
1341846341.001922 1.037001491 0.534360290 0.753823638 0.089054011 -0.187870204 -0.002174816 0.978145897
1341846341.037923 1.044492960 0.524767280 0.739138305 0.087257452 -0.190469563 -0.000272842 0.977807462
1341846341.070300 1.041533828 0.522478461 0.732928813 0.087019168 -0.190510258 -0.000123005 0.977820814
1341846341.102028 1.040802360 0.522662461 0.725316465 0.086695686 -0.191599593 0.000838861 0.977636337
1341846341.137982 1.053644657 0.518488646 0.722536922 0.085514903 -0.195197433 0.000484526 0.977028608
1341846341.170048 1.050823331 0.524085343 0.722522914 0.087279081 -0.194923684 0.001057255 0.976926804
1341846341.202110 1.047532201 0.535755336 0.737923682 0.091476835 -0.196083948 0.003156287 0.976305842
1341846341.237996 1.051730871 0.537150919 0.732102394 0.093089297 -0.195786431 0.003647527 0.976211429
1341846341.269883 1.048478127 0.538661003 0.730949640 0.094435290 -0.194942236 0.004400281 0.976248026
1341846341.306107 1.047183990 0.537916780 0.732390165 0.094988868 -0.195638120 0.003889526 0.976057231
1341846341.338109 1.049879074 0.540956318 0.726573586 0.096476436 -0.194829494 0.002077863 0.976078629
1341846341.370120 1.053451538 0.540055752 0.728311539 0.097785264 -0.193837509 -0.000817497 0.976147771
1341846341.406074 1.046100616 0.542475820 0.726280093 0.098198391 -0.192501232 -0.001315000 0.976370156
1341846341.438113 1.047065139 0.537516654 0.730655670 0.098915227 -0.194929481 -0.000558398 0.975816548
1341846341.470024 1.051609874 0.538453043 0.725429714 0.101829693 -0.195087895 -0.002142888 0.975482881
1341846341.506077 1.047034621 0.540977299 0.723114908 0.101624005 -0.193709150 -0.002590266 0.975777984
1341846341.538156 1.048545599 0.521218657 0.703063667 0.096002080 -0.195050389 -0.001129521 0.976082802
1341846341.574016 1.049540520 0.538157880 0.722361445 0.101540148 -0.198026791 -0.002230117 0.974920511
1341846341.612466 1.047420859 0.543224156 0.716163099 0.102203630 -0.198073253 -0.001392938 0.974843323
1341846341.643972 1.047836542 0.531734884 0.704378366 0.098464169 -0.199081570 -0.002184366 0.975021303
1341846341.679982 1.044115782 0.527453244 0.700204551 0.097573407 -0.199785650 -0.002187389 0.974966824
1341846341.712332 1.047809720 0.529217005 0.695903063 0.097172014 -0.202669144 0.001583420 0.974412799
1341846341.744185 1.051564813 0.523146331 0.690199554 0.096264765 -0.204727635 0.003371817 0.974067926
1341846341.780061 1.051962852 0.528562427 0.691735029 0.097326487 -0.205458328 0.004630252 0.973803341
1341846341.842595 1.060184956 0.522258639 0.684457481 0.097854428 -0.207419395 0.009801118 0.973296285
1341846341.906227 1.060463190 0.523541570 0.686235487 0.100924782 -0.208659708 0.015040314 0.972650528
1341846341.942069 1.064825535 0.525032103 0.689783096 0.105058126 -0.209217772 0.016029278 0.972077012
1341846341.974775 1.064339757 0.523437381 0.683042765 0.107309096 -0.209004804 0.018345376 0.971835971
1341846342.010161 1.061181784 0.528708279 0.689189017 0.108462133 -0.210774675 0.020489991 0.971282721
1341846342.042024 1.064539671 0.520556092 0.688020349 0.109577760 -0.211412698 0.020129619 0.971026361
1341846342.080032 1.070667148 0.527449131 0.679058433 0.112169661 -0.209159628 0.020739766 0.971205473
1341846342.112265 1.061431527 0.520520747 0.676341772 0.111415409 -0.207641661 0.023156153 0.971563339
1341846342.147954 1.068116784 0.511904955 0.673620820 0.111780837 -0.209756657 0.025771620 0.971001029
1341846342.179852 1.075127244 0.511571288 0.668162405 0.113709763 -0.209967330 0.027598580 0.970681250
1341846342.211848 1.076048613 0.509469867 0.667275012 0.113709167 -0.209672153 0.027739946 0.970741093
1341846342.247920 1.076634884 0.513151050 0.674923182 0.116454244 -0.209602237 0.026252640 0.970472097
1341846342.279870 1.074418306 0.510587811 0.669168234 0.117695056 -0.208841920 0.026639400 0.970475793
1341846342.316068 1.076047301 0.509999931 0.662390471 0.118412204 -0.208494037 0.027804585 0.970430672
1341846342.347894 1.085171938 0.508994162 0.667891264 0.117716312 -0.210076481 0.028802175 0.970144928
1341846342.379953 1.079967976 0.506492198 0.663917899 0.117695585 -0.208281845 0.028525716 0.970542490
1341846342.416195 1.081564784 0.506521046 0.668728948 0.118027933 -0.209026039 0.030470511 0.970282972
