1341846313.592026 0.000000000 0.000000000 0.000000000 0.000000000 0.000000000 0.000000000 1.000000000
1341846313.654184 0.020109126 0.000180115 -0.004218912 -0.000541132 -0.004955828 0.004276539 0.999978423
1341846313.686156 0.014073065 -0.003756820 0.008485818 -0.000370449 -0.005415006 0.004678495 0.999974310
1341846313.721918 0.018408278 0.002414116 0.006753421 0.000393237 -0.006132980 0.005377205 0.999966681
1341846313.753994 0.027999589 0.000158249 0.004954441 -0.000465767 -0.007291594 0.007000842 0.999948800
1341846313.789969 0.036142848 0.000656443 0.003235482 0.000801262 -0.008249015 0.005403535 0.999951065
1341846313.822075 0.050148629 0.006279928 0.006505306 0.001308548 -0.008448640 0.004713439 0.999952316
1341846313.853928 0.050025273 0.009014067 0.018142754 0.001179626 -0.005542320 0.002163311 0.999981582
1341846313.890011 0.065794565 0.001191972 0.008019918 0.000006535 -0.004671686 0.003010808 0.999984562
1341846313.922055 0.073579848 0.005669523 0.006663295 -0.001631044 -0.004795288 0.004061758 0.999978900
1341846313.957927 0.093263052 0.002033297 -0.024052521 -0.004542651 -0.003304636 0.008130309 0.999951184
1341846313.990058 0.077357017 0.000794930 -0.015120234 -0.005941420 0.006282840 0.008977406 0.999922335
1341846314.022042 0.093095668 0.007574470 -0.023149526 -0.007379477 0.006222668 0.010914389 0.999893844
1341846314.057816 0.111680247 0.006921736 -0.005998728 -0.011086153 0.007294713 0.013348769 0.999822795
1341846314.089801 0.138105735 0.021573611 0.025857374 -0.007934750 0.009965378 0.010738028 0.999861181
1341846314.122037 0.124517940 0.028023362 0.012512470 -0.008306472 0.016463483 0.011743634 0.999760985
1341846314.157989 0.141951799 0.025487138 0.023216117 -0.010994244 0.017869607 0.014017922 0.999681592
1341846314.190094 0.145973623 0.026567129 0.018081285 -0.010660065 0.021908805 0.014764315 0.999594092
1341846314.225969 0.146929085 0.033288363 0.010934141 -0.012487038 0.024118951 0.017885339 0.999471068
1341846314.257923 0.150701448 0.025051469 0.021594802 -0.015227091 0.026415095 0.018144436 0.999370396
1341846314.290052 0.154337645 0.024937160 0.020872151 -0.013889310 0.027855061 0.016188221 0.999384403
1341846314.325981 0.160469294 0.031556521 0.015487505 -0.014143646 0.028917842 0.014985074 0.999369383
1341846314.357905 0.175539955 0.023338184 0.022077184 -0.015954178 0.030649880 0.014633881 0.999295712
1341846314.389899 0.167925194 0.019337360 0.028942889 -0.014915693 0.034743916 0.013482013 0.999194026
1341846314.427905 0.164708242 0.026711011 0.024996912 -0.014118786 0.037904233 0.010725792 0.999124050
1341846314.493987 0.177297667 0.023595814 0.029656880 -0.012890247 0.047209267 0.002884066 0.998797655
1341846314.526085 0.194698915 0.020861723 0.019435409 -0.013536651 0.047444057 0.003332176 0.998776615
1341846314.558292 0.205263495 0.020442272 0.020789472 -0.014750933 0.049556378 0.003081714 0.998657644
1341846314.594085 0.216849685 0.014821501 0.019512402 -0.014028588 0.053208236 0.002938558 0.998480558
1341846314.626096 0.207296267 0.021351894 0.017079426 -0.013003889 0.059188731 0.002672432 0.998158514
1341846314.658455 0.211351901 0.023778636 0.013195066 -0.014561171 0.061495088 0.001594069 0.997999907
1341846314.694004 0.223684087 0.008017416 0.017546741 -0.015666151 0.064083077 -0.001729667 0.997820079
1341846314.725910 0.225150391 0.000340856 0.019766815 -0.012525629 0.067279212 0.004432742 0.997645736
1341846314.761942 0.224257335 0.004537053 0.020848105 -0.008570393 0.068335697 0.007704817 0.997595847
1341846314.794030 0.234578893 0.001979430 0.010900695 -0.005872368 0.069979645 0.008189654 0.997497499
1341846314.826092 0.250743181 0.010663674 0.003762357 -0.002692764 0.072467722 0.009799617 0.997318983
1341846314.862145 0.255888581 0.012394689 0.003589604 -0.002521425 0.076202832 0.010344350 0.997035503
1341846314.894072 0.262597203 0.011269384 0.006149158 -0.003037121 0.079983667 0.012324790 0.996715367
1341846314.925969 0.272494227 0.015822923 0.014554780 -0.002648216 0.081811875 0.016646244 0.996505260
1341846314.961937 0.279083878 0.027944360 0.004985489 -0.004867439 0.082498081 0.025261847 0.996259093
1341846314.994564 0.280054748 0.025778426 0.013231505 -0.008427943 0.084040947 0.023753431 0.996143520
1341846315.029900 0.294006616 0.023666760 0.020945486 -0.008759026 0.086540759 0.020692540 0.995994866
1341846315.061965 0.291883409 0.018295404 0.019242469 -0.009922720 0.089483343 0.023933783 0.995651245
1341846315.094388 0.294395179 0.023503602 0.032046232 -0.009125585 0.088643953 0.024341030 0.995724142
1341846315.129851 0.301730722 0.019827401 0.020208813 -0.007523904 0.088754594 0.022613097 0.995768368
1341846315.161941 0.323827446 0.039853297 0.002519000 -0.008441323 0.085837595 0.026732650 0.995914638
1341846315.197984 0.321264148 0.036075309 0.008925561 -0.015427784 0.084513448 0.021637158 0.996067941
1341846315.230076 0.328894854 0.033327382 0.015172575 -0.019215975 0.083045103 0.018828681 0.996182621
1341846315.262069 0.325894803 0.034105808 0.017023597 -0.022187877 0.081230760 0.021818051 0.996209443
1341846315.298000 0.333241552 0.024622861 0.022211339 -0.025055232 0.077106044 0.023294901 0.996435761
1341846315.329931 0.345941573 0.006505289 0.039777510 -0.023144210 0.074658789 0.024521252 0.996638894
1341846315.361981 0.341972977 0.016698318 0.026090492 -0.017166156 0.075197719 0.027814141 0.996632814
1341846315.397962 0.380208164 0.018166704 0.024623185 -0.013678668 0.070559397 0.035498388 0.996781886
1341846315.429923 0.380690545 0.022355266 0.024371885 -0.010566492 0.073001862 0.036291346 0.996615291
1341846315.466047 0.384769499 0.032997545 0.017615158 -0.008336903 0.076749705 0.037307255 0.996317327
1341846315.497883 0.385314018 0.029840728 0.027970608 -0.009924637 0.079924621 0.042092446 0.995862365
1341846315.530008 0.387927651 0.029930133 0.025816843 -0.009889217 0.081254430 0.042527188 0.995736599
1341846315.566108 0.391333848 0.029406523 0.024711974 -0.010928835 0.082478508 0.044016805 0.995560348
1341846315.597986 0.389798462 0.030552035 0.029615834 -0.010834000 0.084026337 0.042571459 0.995494783
1341846315.630109 0.386892676 0.032222915 0.032374434 -0.010623412 0.085689858 0.040568586 0.995438933
1341846315.666042 0.391741604 0.031564046 0.023210682 -0.011509112 0.086596482 0.040669497 0.995346487
1341846315.698114 0.411918163 0.046461329 0.004521184 -0.015331335 0.087283239 0.041102692 0.995217144
1341846315.733985 0.410762817 0.032090455 0.031309895 -0.019803958 0.090308897 0.043569509 0.994763196
1341846315.766041 0.395625710 0.034998540 0.028023928 -0.019117892 0.089994304 0.043141689 0.994823754
1341846315.798188 0.401125580 0.025809342 0.017912291 -0.021206383 0.088606656 0.042853247 0.994918466
1341846315.834140 0.398278803 0.019350182 0.023306884 -0.020721149 0.091046862 0.040402070 0.994810939
1341846315.866751 0.385110140 0.020569973 0.031162456 -0.017858595 0.094057783 0.037755951 0.994690239
1341846315.898492 0.387101442 0.013675235 0.026356913 -0.017504610 0.093818277 0.038291387 0.994698703
1341846315.936901 0.388205081 0.011145025 0.028482370 -0.015029045 0.094962113 0.037732329 0.994651973
1341846315.966572 0.373256385 0.006104723 0.015096657 -0.012094569 0.097943529 0.036914580 0.994433582
1341846316.034204 0.359854758 0.008317785 0.014812559 -0.007900321 0.098559693 0.035223376 0.994476199
1341846316.066113 0.354585975 0.010809015 0.019255891 -0.005129897 0.098645858 0.034961175 0.994495034
1341846316.101867 0.349597484 0.014498814 0.012856357 -0.003453196 0.097149812 0.036745228 0.994585216
1341846316.134066 0.331693172 0.018848363 0.014760748 -0.003720079 0.095403731 0.032425873 0.994903445
1341846316.202049 0.323607683 0.002901916 0.020794526 -0.005215390 0.090330236 0.029663891 0.995456338
1341846316.233979 0.307836562 0.003863346 0.004640367 -0.004380701 0.090647921 0.026655424 0.995516539
1341846316.270052 0.307254016 0.003364897 0.005569980 -0.005680918 0.090922944 0.024928061 0.995529652
1341846316.301915 0.296646982 -0.003416266 0.014058504 -0.005952081 0.093079828 0.022578824 0.995384812
1341846316.334208 0.283992529 0.005040213 0.013942629 -0.003343899 0.093212947 0.022082591 0.995395660
1341846316.370006 0.290153801 0.006704523 0.016264610 -0.001189301 0.090386398 0.023944927 0.995618165
1341846316.401994 0.274453133 -0.001024274 0.010444354 -0.000112792 0.090926178 0.026267087 0.995511174
1341846316.438069 0.272330552 -0.003367252 0.018903498 0.001890111 0.090251796 0.027962651 0.995524526
1341846316.470076 0.258607358 -0.008869943 0.007887982 0.005699774 0.090524562 0.031022009 0.995394588
1341846316.502034 0.249693066 0.004620548 -0.000619520 0.008965921 0.088050626 0.031933762 0.995563626
1341846316.537975 0.258607805 0.006818178 0.005532887 0.006632508 0.083432682 0.031807799 0.995983541
1341846316.570121 0.233956009 -0.002229046 0.002511978 0.005591333 0.085664049 0.027608316 0.995925784
1341846316.601885 0.222619444 -0.004527092 0.006340526 0.007429162 0.085646912 0.025944784 0.995959997
1341846316.638009 0.219185635 -0.002574432 0.018342108 0.010010324 0.083951503 0.026943576 0.996055186
1341846316.669925 0.210355595 -0.005407030 0.024180282 0.012084145 0.083697744 0.026087187 0.996076345
1341846316.705941 0.200554609 -0.016486729 0.007508744 0.015858676 0.084321670 0.027189486 0.995941281
1341846316.738062 0.180513427 -0.005206197 0.006201647 0.019024046 0.085396618 0.028297983 0.995763421
1341846316.770433 0.186037451 0.002829590 -0.007053794 0.019171217 0.082871847 0.029450951 0.995940447
1341846316.805932 0.186855733 -0.001699992 0.000566209 0.019480659 0.082020111 0.028144449 0.996042728
1341846316.838029 0.168526307 0.000566807 0.010145161 0.021024739 0.081970826 0.032323956 0.995888531
1341846316.870034 0.167964846 -0.012560708 -0.003776684 0.019608023 0.077160344 0.034343168 0.996234119
1341846316.906344 0.149965763 -0.012126140 0.006259451 0.020812202 0.075451888 0.031996060 0.996418655
1341846316.937940 0.156310856 -0.012548226 0.001090810 0.020491563 0.072671749 0.030401424 0.996681809
1341846316.973994 0.138401851 -0.007565748 0.007967498 0.020499857 0.072517119 0.028853148 0.996738970
1341846317.005913 0.133326635 -0.009371644 0.004032927 0.019156946 0.069404341 0.030086441 0.996950805
1341846317.037936 0.120649442 -0.013414285 0.010537133 0.019471690 0.067822233 0.028166983 0.997109652
1341846317.073972 0.124009065 -0.020461833 0.012281584 0.020119185 0.065113567 0.030347407 0.997213304
1341846317.106113 0.102238558 -0.012925154 0.019726515 0.022918146 0.065907612 0.030252876 0.997103691
1341846317.137887 0.093271710 -0.017846284 0.012494695 0.026190216 0.059535407 0.036323916 0.997221231
1341846317.173970 0.085041113 -0.013683091 -0.001851727 0.027819015 0.052088235 0.040436983 0.997435570
1341846317.205887 0.078194126 -0.012689647 0.003076410 0.027631648 0.049713239 0.040239785 0.997569978
1341846317.248131 0.072587259 -0.013739368 0.006370649 0.028829241 0.046843085 0.042470660 0.997582495
1341846317.306289 0.049616124 -0.019469844 -0.000412107 0.029134599 0.042262923 0.045696318 0.997635603
1341846317.348137 0.041739810 -0.022917332 -0.006024831 0.029975738 0.043636415 0.045915902 0.997541487
1341846317.410120 0.034176212 -0.018503858 0.023177726 0.032534234 0.042742889 0.052490503 0.997175694
1341846317.442569 0.026729636 -0.021757789 0.025332158 0.034983445 0.043503053 0.054547146 0.996949494
1341846317.474010 0.030735748 -0.017895140 0.018631756 0.041340794 0.042440064 0.057399202 0.996591747
1341846317.509927 0.019560279 -0.011157933 0.017865973 0.044461418 0.040706132 0.060980842 0.996316969
1341846317.542282 0.000634651 -0.011951217 0.014444433 0.043400172 0.039496027 0.059586242 0.996496856
1341846317.573943 0.008778783 -0.019553468 0.012747681 0.042718817 0.038634729 0.060711537 0.996492207
1341846317.610159 0.002814468 -0.020066835 0.017953582 0.045739602 0.040398322 0.061901387 0.996214926
1341846317.643553 -0.014299505 -0.017406153 0.026908435 0.048090845 0.041267559 0.064401217 0.995909989
1341846317.677993 -0.017089570 -0.012633407 0.036991321 0.049873099 0.037023801 0.068103738 0.995742857
1341846317.709996 -0.039412979 -0.024917562 0.038928084 0.050583486 0.036757633 0.065414473 0.995897174
1341846317.741834 -0.041375611 -0.009831188 0.042323660 0.052056503 0.035082139 0.066992059 0.995776832
1341846317.777923 -0.047626618 -0.014962370 0.047357261 0.050067376 0.033775695 0.066734940 0.995941222
1341846317.810021 -0.059060812 -0.019166961 0.051701121 0.049223170 0.032748371 0.064179063 0.996185601
1341846317.841886 -0.071661279 -0.007655670 0.040741429 0.049811598 0.032169983 0.061417799 0.996349216
1341846317.878017 -0.080874063 -0.012102610 0.035978492 0.047243226 0.032065723 0.057152916 0.996731341
1341846317.909910 -0.086021975 -0.020179667 0.038616389 0.045513574 0.033343807 0.053380307 0.996979058
1341846317.946031 -0.092439316 -0.015823336 0.047301780 0.047230888 0.034175683 0.055331048 0.996764600
1341846317.978041 -0.094591789 -0.017686261 0.052638792 0.049263112 0.032021027 0.056518897 0.996671140
1341846318.009897 -0.103189401 -0.015061470 0.049450208 0.051807344 0.033034012 0.053911816 0.996653497
1341846318.045949 -0.117499545 -0.013740798 0.041239783 0.051836859 0.034738392 0.052598268 0.996664226
1341846318.078074 -0.131888673 -0.014872452 0.048319343 0.051083874 0.033819173 0.050702933 0.996832907
1341846318.109894 -0.138561413 -0.011881383 0.048317585 0.051220350 0.029527899 0.048422568 0.997075617
1341846318.145957 -0.144940168 -0.011773387 0.053689361 0.050412394 0.027696161 0.045539919 0.997305155
1341846318.178001 -0.148087233 -0.013743132 0.054712802 0.049640700 0.027574059 0.043058109 0.997457504
1341846318.214074 -0.167052507 -0.022404084 0.050208498 0.049697667 0.026644886 0.042067561 0.997522175
1341846318.245970 -0.179832235 -0.028030736 0.048507765 0.052340820 0.021211643 0.041595839 0.997537076
1341846318.278018 -0.187804237 -0.027899312 0.045419637 0.056407642 0.016614368 0.043126792 0.997337520
1341846318.313937 -0.199464798 -0.027621726 0.019980505 0.057714731 0.010051186 0.040502515 0.997460544
1341846318.345989 -0.216278762 -0.028878309 0.033379033 0.059277233 0.002124141 0.038561255 0.997494280
1341846318.382046 -0.222717375 -0.026319012 0.039301012 0.061767615 -0.004564585 0.038677469 0.997330368
1341846318.414072 -0.222551063 -0.023934605 0.036448907 0.064120822 -0.012142390 0.040908922 0.997029364
1341846318.446035 -0.243127957 -0.032935746 0.040994059 0.064820819 -0.016569832 0.039597239 0.996973336
1341846318.482196 -0.243773103 -0.033089306 0.044303928 0.065685213 -0.019186333 0.038872182 0.996898353
1341846318.514144 -0.250451833 -0.032099545 0.058356896 0.066225372 -0.020148544 0.040394161 0.996783137
1341846318.546259 -0.254794359 -0.038251441 0.062798411 0.067215107 -0.021306887 0.039455917 0.996730387
1341846318.582042 -0.267342687 -0.030440710 0.038936730 0.069216035 -0.021039598 0.040573075 0.996554255
1341846318.614115 -0.279868245 -0.030189194 0.036668599 0.068947129 -0.021012094 0.040304661 0.996584356
1341846318.650038 -0.287306279 -0.034840241 0.033758681 0.068071418 -0.021703718 0.037556231 0.996737063
1341846318.682350 -0.273761511 -0.032343265 0.036215894 0.068036810 -0.024441104 0.035852831 0.996738791
1341846318.714063 -0.285779953 -0.035753075 0.032500375 0.066982642 -0.025276884 0.035413779 0.996805072
1341846318.749905 -0.289315820 -0.036049496 0.038085811 0.068003699 -0.025575818 0.036323544 0.996695518
1341846318.782036 -0.306233138 -0.037400030 0.030089946 0.069395624 -0.025603462 0.038952153 0.996499658
1341846318.814121 -0.317318231 -0.036135890 0.031922121 0.069820225 -0.030791361 0.037409309 0.996382236
1341846318.850072 -0.334534347 -0.042067271 0.023955496 0.069537267 -0.035698939 0.035899125 0.996293843
1341846318.883516 -0.360489815 -0.045599692 0.018758990 0.071992256 -0.041301366 0.032443404 0.996021450
1341846318.918047 -0.360842109 -0.039228607 0.041874483 0.076315358 -0.054002117 0.031726208 0.995114684
1341846318.950044 -0.386718929 -0.054261096 -0.002922565 0.075870931 -0.061570182 0.029044962 0.994790971
1341846318.982028 -0.386092037 -0.048153512 -0.014818069 0.078384526 -0.066461742 0.027991870 0.994311392
1341846319.018123 -0.383007318 -0.053196456 0.017518755 0.077604160 -0.072632678 0.028128248 0.993937075
1341846319.050745 -0.381089687 -0.060890242 0.027096793 0.078538686 -0.080036879 0.027533190 0.993311465
1341846319.081905 -0.376122594 -0.041519672 0.035535224 0.086133085 -0.081370831 0.024219081 0.992659748
1341846319.117976 -0.406511813 -0.036765166 0.020848036 0.088583745 -0.078900382 0.028636724 0.992525876
1341846319.150093 -0.419974506 -0.047928732 0.015003957 0.089326672 -0.082718059 0.035900183 0.991912127
1341846319.186069 -0.399939299 -0.027334873 0.015041247 0.092445172 -0.085782677 0.036428433 0.991346657
1341846319.218149 -0.413463980 -0.005385464 0.043226358 0.091861293 -0.080146961 0.031294681 0.992047668
1341846319.250034 -0.442912310 -0.008912703 0.054547552 0.085991785 -0.073084682 0.029911168 0.993161321
1341846319.286594 -0.449356765 -0.023066267 0.045402758 0.082677543 -0.070475407 0.034975681 0.993465841
1341846319.318034 -0.442681223 -0.024563180 0.020193759 0.082027026 -0.070353217 0.039260607 0.993368328
1341846319.350268 -0.467873275 -0.026848547 0.019668929 0.082476392 -0.069029674 0.045757491 0.993145943
1341846319.386163 -0.492254376 -0.037412185 0.042913392 0.084095888 -0.072535150 0.052842900 0.992408276
1341846319.418386 -0.506827056 -0.044276074 -0.045772072 0.084163234 -0.076681241 0.054323509 0.992010832
1341846319.453961 -0.456721157 -0.042086300 -0.058062784 0.084465630 -0.080870919 0.050338436 0.991862655
1341846319.486271 -0.514518559 -0.067931004 -0.047373429 0.083294094 -0.078207135 0.047158625 0.992331505
1341846319.554083 -0.522560537 -0.066829748 -0.032719508 0.078332044 -0.084924087 0.045079291 0.992280126
1341846319.586296 -0.538636267 -0.064254485 -0.020264082 0.079071976 -0.084133156 0.041498307 0.992445052
1341846319.622031 -0.555431664 -0.068790659 -0.024355464 0.076921619 -0.087152608 0.039471734 0.992436111
1341846319.653962 -0.560810506 -0.082610697 -0.055695742 0.074849576 -0.091815814 0.038600668 0.992208362
1341846319.686352 -0.560979962 -0.081968844 -0.061204325 0.076539114 -0.095894061 0.040765587 0.991606891
1341846319.721992 -0.563756347 -0.069612972 -0.068530448 0.078234874 -0.099963360 0.040395148 0.991087735
1341846319.754063 -0.567936182 -0.057370078 -0.085503697 0.076162249 -0.101748496 0.039284807 0.991112113
1341846319.786397 -0.566840589 -0.061349090 -0.058940586 0.071317792 -0.102972977 0.044298526 0.991134703
1341846319.822008 -0.590026081 -0.070818640 -0.079641879 0.067186080 -0.101812199 0.048768222 0.991333425
1341846319.853917 -0.550034046 -0.040699959 -0.091767326 0.062840797 -0.105303824 0.054764155 0.990940452
1341846319.889942 -0.552251458 -0.052118592 -0.086421311 0.059026696 -0.106396653 0.059837565 0.990764856
1341846319.922039 -0.611743450 -0.082617670 -0.054707475 0.058558494 -0.108033724 0.059193749 0.990654171
1341846319.953946 -0.609734833 -0.087880671 -0.047915541 0.058660127 -0.114548214 0.055320714 0.990140021
1341846319.990054 -0.609009564 -0.084618077 -0.049847364 0.061651606 -0.117486432 0.048188981 0.989986718
1341846320.028122 -0.609299719 -0.082270846 -0.041251287 0.063999757 -0.121377237 0.047230273 0.989414454
1341846320.090047 -0.594134569 -0.069110058 -0.024053916 0.070272751 -0.129754871 0.047664575 0.987903595
1341846320.122011 -0.582235038 -0.066630282 -0.022839233 0.071105316 -0.128046811 0.048533197 0.988024592
1341846320.157952 -0.576979816 -0.068942994 -0.019493908 0.071131952 -0.125418484 0.048840698 0.988344610
1341846320.190003 -0.560763538 -0.073842183 -0.013617620 0.073848702 -0.122726388 0.047544230 0.988546491
1341846320.221941 -0.564883888 -0.079562984 -0.012625881 0.077322371 -0.119013898 0.049247663 0.988651454
1341846320.258015 -0.550378561 -0.071602292 -0.016573414 0.081627153 -0.118740201 0.052380290 0.988177121
1341846320.289887 -0.541317046 -0.078505233 -0.010893203 0.086739570 -0.119718038 0.053140588 0.987582862
1341846320.321954 -0.531879425 -0.079255939 -0.016707875 0.095667161 -0.120634243 0.052094202 0.986702263
1341846320.357890 -0.517923057 -0.064180925 -0.009297833 0.101949163 -0.120687112 0.052841865 0.986026764
1341846320.390064 -0.504842937 -0.079969823 -0.013936140 0.102777123 -0.116639376 0.052727237 0.986433923
1341846320.426544 -0.475206316 -0.083567411 -0.032125190 0.104868509 -0.109861091 0.049090270 0.987179399
1341846320.458122 -0.475500882 -0.088207662 -0.034365050 0.105792604 -0.101787575 0.046050441 0.988092363
1341846320.490186 -0.444895715 -0.087966308 -0.016469344 0.108908318 -0.096814081 0.047263395 0.988196433
1341846320.525911 -0.444129914 -0.075301349 -0.009850331 0.113161892 -0.088754065 0.046087999 0.988530755
1341846320.558091 -0.408222646 -0.048384823 0.003144845 0.114978433 -0.086722903 0.043435883 0.988621473
1341846320.594093 -0.386340439 -0.046372209 0.028804474 0.116439015 -0.082552865 0.040419817 0.988935411
1341846320.631955 -0.384512842 -0.042230628 0.045019090 0.119757481 -0.074386269 0.039233036 0.989234865
1341846320.664916 -0.375916779 -0.039984360 0.033211615 0.119903937 -0.071814336 0.037621230 0.989469767
1341846320.699927 -0.352842540 -0.042340636 0.039154239 0.119792484 -0.069356121 0.035992574 0.989719152
1341846320.731822 -0.336771786 -0.044740722 0.027915116 0.121258885 -0.063122422 0.034190875 0.990021646
1341846320.763877 -0.348084599 -0.027332485 0.029532295 0.120005995 -0.060696542 0.035660163 0.990274072
1341846320.799999 -0.324053586 -0.034118965 0.009083766 0.112409890 -0.062643394 0.030438613 0.991218090
1341846320.831871 -0.291351020 -0.042779479 -0.008867851 0.113996953 -0.051400956 0.025994269 0.991809905
1341846320.863887 -0.313997120 -0.022013336 0.015460499 0.113475233 -0.042542435 0.026593847 0.992273331
1341846320.900014 -0.296655893 -0.032551195 0.025844876 0.106059313 -0.048741736 0.032348994 0.992637515
1341846320.931889 -0.271154225 -0.042047702 0.024047479 0.106882684 -0.049211964 0.030716641 0.992577851
1341846320.967866 -0.271796912 -0.013335715 0.023164729 0.108135656 -0.043153491 0.027288223 0.992824137
1341846321.000017 -0.267473072 -0.020665050 0.029171688 0.101562470 -0.042926714 0.025607044 0.993572652
1341846321.031860 -0.248431832 -0.040560804 0.022219842 0.098188199 -0.043120448 0.024923719 0.993920803
1341846321.068047 -0.238674015 -0.027942182 0.035714731 0.099342369 -0.039290570 0.021298841 0.994049132
1341846321.099840 -0.245097712 -0.031804316 0.016599994 0.096528359 -0.036923476 0.021832131 0.994405508
1341846321.131821 -0.214566216 -0.035787888 0.046692669 0.097003475 -0.036881715 0.023381978 0.994325578
1341846321.167887 -0.210599720 -0.034702431 0.036672190 0.099556819 -0.032638878 0.024111608 0.994204104
1341846321.200042 -0.208896175 -0.030613624 0.033142753 0.100061812 -0.029749349 0.023456601 0.994259715
1341846321.231950 -0.205421984 -0.039387435 0.021136668 0.098768353 -0.028318325 0.022004647 0.994464040
1341846321.267939 -0.180365384 -0.034933072 0.022326848 0.099530503 -0.027475808 0.018177254 0.994489014
1341846321.299948 -0.171489000 -0.038956340 0.022627048 0.097881541 -0.023023015 0.011931654 0.994860172
1341846321.331858 -0.169100195 -0.043678761 0.021888321 0.097762689 -0.019992318 0.008447378 0.994973063
1341846321.367913 -0.146134347 -0.047496647 0.028407477 0.099144466 -0.018375488 0.004384824 0.994893670
1341846321.399897 -0.139435023 -0.041505355 0.034662507 0.101532392 -0.013333458 0.003444670 0.994736910
1341846321.435994 -0.138819098 -0.045474384 0.040841281 0.102983631 -0.009500602 0.002873953 0.994633555
1341846321.467946 -0.132063448 -0.043945737 0.039167210 0.104864955 -0.006867249 0.003127884 0.994457841
1341846321.499882 -0.114488177 -0.046384178 0.038752377 0.105939791 -0.004848465 0.004314353 0.994351387
1341846321.536109 -0.090599127 -0.034290090 0.038154270 0.106391400 -0.000397565 0.001010087 0.994323730
1341846321.568960 -0.103340194 -0.025276599 0.053147066 0.103801467 0.007695456 -0.002434347 0.994565308
1341846321.603938 -0.095314145 -0.031137459 0.050413348 0.100120828 0.009903514 -0.002065853 0.994923830
1341846321.637163 -0.052325070 -0.022603575 0.051252395 0.098237611 0.012684354 -0.003289470 0.995076656
1341846321.668306 -0.072145283 -0.022182815 0.064336322 0.093765140 0.023121782 0.000119281 0.995325804
1341846321.704411 -0.091304712 -0.030569274 0.060122147 0.089824714 0.026047263 0.007690293 0.995587230
1341846321.736861 -0.079994462 -0.027258605 0.063234217 0.089107998 0.023256585 0.015739720 0.995626032
1341846321.771881 -0.066452250 -0.010909092 0.061576091 0.087514743 0.023070559 0.020291988 0.995689332
1341846321.804114 -0.055559661 -0.016344100 0.061585795 0.082728915 0.024809768 0.023770418 0.995979607
1341846321.836152 -0.055581227 -0.008391246 0.065299176 0.080334656 0.027674159 0.023819489 0.996098936
1341846321.871882 -0.056764655 -0.001518632 0.069148667 0.075338364 0.029386386 0.020145252 0.996521294
1341846321.904074 -0.044164661 -0.006634467 0.063237585 0.068382308 0.029746586 0.018582374 0.997042477
1341846321.939847 -0.037154581 -0.013569357 0.065365531 0.063783959 0.032387257 0.015917759 0.997311056
1341846322.004094 -0.046923313 -0.014478425 0.070934847 0.057421397 0.031190757 0.015456766 0.997742951
1341846322.066178 -0.031659096 -0.023013270 0.065082744 0.052384064 0.035510983 0.012240845 0.997920334
1341846322.107979 -0.033802200 -0.038097747 0.076454952 0.049443863 0.037642062 0.011465921 0.998001456
1341846322.166164 -0.032589726 -0.058104888 0.070601910 0.052335355 0.037115570 0.012146994 0.997865677
1341846322.202932 -0.028515376 -0.063016377 0.069226518 0.053695720 0.034435488 0.012307595 0.997887492
1341846322.234093 -0.033860512 -0.065208271 0.067328669 0.052912496 0.033821668 0.009557902 0.997980475
1341846322.265941 -0.031450104 -0.075814933 0.064432949 0.050099637 0.030484775 0.010398740 0.998224676
1341846322.301996 -0.022431139 -0.091083005 0.065296121 0.047946386 0.028127374 0.011218799 0.998390734
1341846322.333949 -0.034117512 -0.107273079 0.058603767 0.046771679 0.027079850 0.010637842 0.998481810
1341846322.369871 -0.021175928 -0.120626546 0.061287969 0.047416449 0.020808477 0.007579495 0.998629630
1341846322.402292 -0.011133295 -0.133675903 0.064121604 0.049184948 0.022021122 0.001579194 0.998545647
1341846322.433955 -0.027726704 -0.155366018 0.078721419 0.054027483 0.024861908 -0.003310790 0.998224378
1341846322.470030 -0.022605237 -0.155584022 0.078919210 0.063135169 0.019424595 0.000302458 0.997815847
1341846322.502433 -0.010597153 -0.172340184 0.082654461 0.068757735 0.016154543 0.003711073 0.997495651
1341846322.534002 -0.003468452 -0.191198096 0.077907041 0.076772690 0.015545253 0.005720341 0.996910989
1341846322.570196 -0.013647808 -0.202411696 0.072319210 0.086175397 0.016207106 0.006933462 0.996124029
1341846322.601920 -0.015118770 -0.213430092 0.063724354 0.091539025 0.012999205 0.010811644 0.995657980
1341846322.638119 -0.001867361 -0.224989563 0.072759226 0.096793316 0.009160768 0.010218904 0.995209873
1341846322.669947 0.014094746 -0.233210325 0.066107854 0.101152189 0.011475645 0.010022500 0.994754255
1341846322.702026 0.000477425 -0.247149572 0.069264591 0.103697978 0.013974974 0.011286820 0.994446576
1341846322.738006 0.005832759 -0.245481715 0.064579904 0.105383702 0.010698033 0.013143047 0.994287252
1341846322.770087 0.017452452 -0.266164571 0.064465851 0.104800351 0.010964763 0.013506988 0.994341135
1341846322.806047 0.004187153 -0.274989754 0.072136670 0.108821310 0.011533680 0.015059843 0.993880332
1341846322.838063 -0.001403024 -0.283127755 0.066538267 0.110157512 0.007304224 0.017594773 0.993731558
1341846322.870081 0.009395295 -0.294383883 0.076011196 0.112594537 0.001727690 0.017869383 0.993478775
1341846322.906018 0.019666115 -0.294289857 0.082408957 0.118033841 -0.000165258 0.018275000 0.992841363
1341846322.938349 0.014826057 -0.275881886 0.089916274 0.119845487 0.001346222 0.018672008 0.992616057
1341846322.970069 0.015022784 -0.283963650 0.088628590 0.114591472 0.000892001 0.020602774 0.993198633
1341846323.011820 0.022748515 -0.300497085 0.094507314 0.111681148 0.000838152 0.021422064 0.993512809
1341846323.073951 0.020039618 -0.299704254 0.096266344 0.109067246 0.000695625 0.026069827 0.993692219
1341846323.105962 0.021819975 -0.320853621 0.095089868 0.105491944 0.000745771 0.025898615 0.994082570
1341846323.138158 0.022384275 -0.323385179 0.098053411 0.106206484 0.000641591 0.022539312 0.994088352
1341846323.174092 0.016745778 -0.323663473 0.093589745 0.104467213 0.000664897 0.020730428 0.994311988
1341846323.206059 0.030823594 -0.331120253 0.085982338 0.101414673 -0.000627503 0.018033495 0.994680583
1341846323.238053 0.029820751 -0.335285395 0.091156431 0.099116392 0.002789357 0.015370591 0.994953215
1341846323.273997 0.009940727 -0.332277238 0.092062429 0.095207408 0.003808980 0.017097002 0.995303333
1341846323.305946 0.019955348 -0.341181040 0.090289794 0.089700975 -0.000688777 0.018600706 0.995794773
1341846323.342027 0.042615578 -0.361788601 0.095712230 0.086683735 -0.000075395 0.016773490 0.996094644
1341846323.374048 0.021160210 -0.371957779 0.097649135 0.086670250 0.004679588 0.018579042 0.996052802
1341846323.405987 0.010162509 -0.383434743 0.082061715 0.086435452 0.000912595 0.023354951 0.995983243
1341846323.441956 0.024143115 -0.391677052 0.097527608 0.087779172 -0.003923120 0.025524920 0.995805144
1341846323.473878 0.025106262 -0.398614436 0.096786030 0.092028894 -0.002300910 0.024151435 0.995460749
1341846323.506129 0.019829394 -0.390402108 0.092760317 0.095047027 -0.002210359 0.022230212 0.995222092
1341846323.541972 0.031781927 -0.392359555 0.091281556 0.093481354 -0.002982326 0.020116033 0.995413363
1341846323.573913 0.041387014 -0.407650650 0.089969270 0.092311889 0.000748860 0.014541769 0.995623708
1341846323.609927 0.036059074 -0.411159694 0.087488718 0.092887789 0.007351581 0.010830494 0.995590568
1341846323.642014 0.021553222 -0.420014590 0.091303229 0.091432087 0.009587329 0.011947981 0.995693505
1341846323.674081 0.021566998 -0.431641996 0.087868921 0.091635682 0.007993972 0.014064249 0.995661199
1341846323.710069 0.023348408 -0.452511817 0.083771817 0.092430800 0.006625151 0.017862266 0.995536864
1341846323.742111 0.023129066 -0.465065122 0.086435720 0.096687272 0.004587677 0.019302825 0.995117009
1341846323.774928 0.025891602 -0.460534841 0.082494751 0.100610226 0.002138368 0.016553564 0.994785905
1341846323.810012 0.025991607 -0.466362238 0.084969729 0.101858601 0.000991899 0.012831902 0.994715631
1341846323.842207 0.030244086 -0.468827486 0.083351195 0.103479862 0.000881785 0.008079675 0.994598329
1341846323.878019 0.022065656 -0.483658969 0.078809679 0.103720315 0.000531152 0.003300621 0.994600892
1341846323.909826 0.024007913 -0.494056076 0.074952394 0.106689610 -0.001254085 -0.001091631 0.994291008
1341846323.942459 0.021531342 -0.491628677 0.073171392 0.110879511 -0.001260009 -0.001092246 0.993832529
1341846323.978055 0.017200049 -0.497091591 0.072539575 0.112840399 -0.003999467 0.001122989 0.993604481
1341846324.015934 0.023474988 -0.497043610 0.072670527 0.116875239 -0.006202899 -0.000041623 0.993127286
1341846324.047722 0.028000522 -0.490170717 0.069777995 0.120485649 -0.005048824 -0.000596765 0.992702067
1341846324.083904 0.025587332 -0.475992322 0.069839656 0.121194221 -0.003282852 -0.001355904 0.992622495
1341846324.115968 0.030551236 -0.472751528 0.068030238 0.118988812 -0.002143944 -0.003140013 0.992888331
1341846324.151967 0.035492588 -0.471812576 0.066111587 0.118281528 0.000532954 -0.007645222 0.992950559
1341846324.183941 0.025874520 -0.456918955 0.074701734 0.115931265 0.005231829 -0.011591271 0.993175864
1341846324.219984 0.019400548 -0.449191600 0.077763095 0.112153307 0.007402080 -0.010616360 0.993606687
1341846324.251968 0.016712427 -0.451588184 0.078154691 0.111114465 0.007594037 -0.011031203 0.993717432
1341846324.284052 0.011444207 -0.436968505 0.081975363 0.112190984 0.007234865 -0.011998055 0.993587911
1341846324.319880 0.009612690 -0.425563127 0.070919842 0.110809319 0.003755127 -0.012561491 0.993755221
1341846324.351917 0.013098173 -0.406726897 0.073880471 0.107962847 0.000235749 -0.013291643 0.994066060
1341846324.388001 0.023731384 -0.400586247 0.080527760 0.103490897 -0.000300317 -0.017035915 0.994484425
1341846324.419908 0.016805064 -0.383356035 0.084060043 0.099281333 0.002244726 -0.019956261 0.994856775
1341846324.452027 0.017308041 -0.392644972 0.083616294 0.093484841 0.002190666 -0.019636823 0.995424628
1341846324.487928 0.015219947 -0.389780879 0.083340436 0.091813847 0.001925324 -0.017522324 0.995620131
1341846324.519985 0.007294673 -0.377801001 0.087779649 0.090703994 0.000010375 -0.013054213 0.995792329
1341846324.556001 0.007843887 -0.355925918 0.093120128 0.089592941 -0.005208001 -0.008100500 0.995931923
1341846324.587888 0.008492249 -0.343343556 0.092162564 0.086383916 -0.008157209 -0.006557883 0.996206939
1341846324.620086 0.009880096 -0.341677040 0.089810118 0.083767980 -0.010887473 -0.008794135 0.996387005
1341846324.655955 0.013858106 -0.329695404 0.094212621 0.082625896 -0.012136924 -0.009816378 0.996458352
1341846324.688082 0.008744247 -0.325665236 0.097790711 0.081937380 -0.011797486 -0.009220640 0.996524990
1341846324.755922 -0.007013986 -0.287245333 0.090704709 0.083844259 -0.014298602 -0.005753942 0.996359646
1341846324.814016 0.013846617 -0.245647445 0.094938509 0.079800680 -0.020947197 -0.008868488 0.996551275
1341846324.849979 -0.000087588 -0.237762913 0.102974877 0.073974326 -0.017027836 -0.011427928 0.997049272
1341846324.881924 -0.007168980 -0.236335292 0.106151521 0.070766985 -0.018051855 -0.011246682 0.997266054
1341846324.913902 -0.002059727 -0.226807967 0.108426243 0.069815136 -0.019783624 -0.008424021 0.997328162
1341846324.949999 -0.005428460 -0.234311536 0.107893676 0.069440536 -0.019558383 -0.005507538 0.997379124
1341846324.981922 -0.017958228 -0.225874379 0.112432003 0.074193075 -0.021321440 -0.002410399 0.997013032
1341846325.018013 -0.018527301 -0.213761926 0.105383910 0.078484319 -0.026454037 0.000402765 0.996564209
1341846325.050079 -0.022503352 -0.200213119 0.101612180 0.080558121 -0.031448632 -0.000507115 0.996253550
1341846325.081901 -0.018286129 -0.175569341 0.103896007 0.080562711 -0.036961351 -0.002768322 0.996060193
1341846325.118531 -0.007800764 -0.160075530 0.101856485 0.076598160 -0.038941309 -0.005145167 0.996288002
1341846325.149933 -0.009853379 -0.162501976 0.102861583 0.070457213 -0.036476966 -0.006487501 0.996826530
1341846325.181925 -0.013948695 -0.155118495 0.105651192 0.067282967 -0.035260063 -0.003809881 0.997103393
1341846325.218055 -0.014815982 -0.149585813 0.109717004 0.064546615 -0.035168391 -0.000011116 0.997294784
1341846325.249811 -0.015924938 -0.140110731 0.113381796 0.062546894 -0.035328444 0.003996730 0.997408569
1341846325.285925 -0.013978095 -0.130667910 0.110524923 0.059978459 -0.035882112 0.006827490 0.997531176
1341846325.317988 -0.000446548 -0.134257749 0.112141386 0.057455231 -0.034214880 0.009292138 0.997718334
1341846325.349844 -0.005152103 -0.138484150 0.119904764 0.059881754 -0.029234149 0.011596597 0.997709870
1341846325.387302 -0.007995469 -0.123943828 0.121336058 0.065143585 -0.026205750 0.013350897 0.997442365
1341846325.417931 0.002817338 -0.118015796 0.119310558 0.067662790 -0.021786926 0.016922893 0.997326732
1341846325.450747 0.008991266 -0.125640273 0.123709284 0.071823061 -0.013927880 0.019008944 0.997138977
1341846325.485954 -0.006777734 -0.102285936 0.137361780 0.081501596 -0.006229359 0.020752244 0.996437669
1341846325.517875 -0.008018091 -0.096929193 0.135172009 0.084741443 -0.003611746 0.023224210 0.996125698
1341846325.553859 -0.005300202 -0.088573150 0.135070205 0.088149987 -0.000187991 0.022546448 0.995851994
1341846325.585855 -0.012085095 -0.067495152 0.136823192 0.091202557 0.003250692 0.020758944 0.995610654
1341846325.617990 -0.011271236 -0.047232732 0.137133002 0.088798560 0.004730494 0.019820033 0.995841146
1341846325.653982 -0.015130974 -0.066649206 0.144345358 0.084442526 0.006802993 0.016898245 0.996261835
1341846325.685819 -0.018815234 -0.062602796 0.139393643 0.090170242 0.008334705 0.018138593 0.995726287
1341846325.717857 -0.022760335 -0.047759332 0.145916060 0.095084429 0.009541668 0.024780098 0.995114982
1341846325.754083 -0.024745535 -0.051410303 0.140848741 0.097314827 0.009703968 0.028968211 0.994784653
1341846325.786087 -0.023493189 -0.042859830 0.143501416 0.104171298 0.009993743 0.030339105 0.994046271
1341846325.821856 -0.021226838 -0.025124215 0.143105417 0.108799987 0.011776021 0.031973124 0.993479550
1341846325.853827 -0.033078976 -0.019104911 0.143256307 0.109054595 0.012978625 0.035042830 0.993333101
1341846325.885958 -0.038209502 -0.004763370 0.145146549 0.109622553 0.010373137 0.041788019 0.993040323
1341846325.921984 -0.034896970 0.000104167 0.154993966 0.108651504 0.006316777 0.046030045 0.992993534
1341846325.953899 -0.022549827 0.003093153 0.155290693 0.111576863 0.006019106 0.047339398 0.992609382
1341846325.985823 -0.027686760 0.016553678 0.159845471 0.114586800 0.009212296 0.051569454 0.992031038
1341846326.021991 -0.030746251 0.017340071 0.161125913 0.117011689 0.009560271 0.057243351 0.991433382
1341846326.054055 -0.027231203 0.032510579 0.161696479 0.122806586 0.008499512 0.060760606 0.990532398
1341846326.089984 -0.020044189 0.049175642 0.161639005 0.125682279 0.009880599 0.060715847 0.990161538
1341846326.121822 -0.023404270 0.058673982 0.164937079 0.125223607 0.014239567 0.058137543 0.990321279
1341846326.154079 -0.027832232 0.060695466 0.168837547 0.125534937 0.016835835 0.056795705 0.990319014
1341846326.190178 -0.030704936 0.071303129 0.168319285 0.127891809 0.016506897 0.059202045 0.989881933
1341846326.222162 -0.037133101 0.091539502 0.171432182 0.128066137 0.014991004 0.064630300 0.989543974
1341846326.259181 -0.038828671 0.103999257 0.175828129 0.125092059 0.012561442 0.068208806 0.989718020
1341846326.322766 -0.032487217 0.124209478 0.186736643 0.117862187 0.011720313 0.066891678 0.990705132
1341846326.359773 -0.029595081 0.130282298 0.182326928 0.113701314 0.013057668 0.065671466 0.991256177
1341846326.392109 -0.028800245 0.122242548 0.194291234 0.111725368 0.014859809 0.066415258 0.991405904
1341846326.423985 -0.032761786 0.128146037 0.194279805 0.115521520 0.015913693 0.072053231 0.990560353
1341846326.459869 -0.037649091 0.146076888 0.196786597 0.118438490 0.013632339 0.074726038 0.990051746
1341846326.526163 -0.027064506 0.182041019 0.201013505 0.119369112 0.014731362 0.074002974 0.989978552
1341846326.560211 -0.029811006 0.189649135 0.211581439 0.114201210 0.018729415 0.074822471 0.990458965
1341846326.591828 -0.029922992 0.198198274 0.212353930 0.111188017 0.020632571 0.076439738 0.990640402
1341846326.627027 -0.028134793 0.211601153 0.214832351 0.111328997 0.022063052 0.075726919 0.990648508
1341846326.658442 -0.026998278 0.224147350 0.211608708 0.109219491 0.025839375 0.074260004 0.990903020
1341846326.694856 -0.036769904 0.234577611 0.225826606 0.105872765 0.029958349 0.074145965 0.991158783
1341846326.726206 -0.038468320 0.249851599 0.211192086 0.099688753 0.031403817 0.071944147 0.991917312
1341846326.762753 -0.029488873 0.257326424 0.212545276 0.093331374 0.032929908 0.069521077 0.992658913
1341846326.826821 -0.038978927 0.281446546 0.226470917 0.078292996 0.039566446 0.064910367 0.994027853
1341846326.858887 -0.039566968 0.291108072 0.234009475 0.070608325 0.040757384 0.063833900 0.994624794
1341846326.895360 -0.037949257 0.285164803 0.226171821 0.067365557 0.039991893 0.066247910 0.994722962
1341846326.926897 -0.042680167 0.295575738 0.231068984 0.069500610 0.036167733 0.069323979 0.994512796
1341846326.958888 -0.034197185 0.308847815 0.228592426 0.072031207 0.033341751 0.072143771 0.994230866
1341846326.994594 -0.028521150 0.327573001 0.223659888 0.073747262 0.033050839 0.074403889 0.993948221
1341846327.026301 -0.029677272 0.342295110 0.226482719 0.072159298 0.034461427 0.072280616 0.994173467
1341846327.063945 -0.025991369 0.343491077 0.233082026 0.068311863 0.036406584 0.070405953 0.994510472
1341846327.094662 -0.033921719 0.353567392 0.236985281 0.068116248 0.040249083 0.066911384 0.994617045
1341846327.128901 -0.063997760 0.364691645 0.224393949 0.067446239 0.044209011 0.063725889 0.994703770
1341846327.161940 -0.039287820 0.374417692 0.236281112 0.066103511 0.039459776 0.065053016 0.994907737
1341846327.193867 -0.031204784 0.376468360 0.248063982 0.064877242 0.040314749 0.062613100 0.995110691
1341846327.229885 -0.027580999 0.392014056 0.240115523 0.065945193 0.043291483 0.060953755 0.995018482
1341846327.262014 -0.021882625 0.405806899 0.246356666 0.065773286 0.047590032 0.057934061 0.995013952
1341846327.294023 -0.013473686 0.420043141 0.246638149 0.070204258 0.059779618 0.054075420 0.994270384
1341846327.330015 -0.016730573 0.443478405 0.246803120 0.073450580 0.069676541 0.049796168 0.993614852
1341846327.361939 -0.023644304 0.449759007 0.258593470 0.069170013 0.075649194 0.043223415 0.993792951
1341846327.393887 -0.027173147 0.458760142 0.256923944 0.067978300 0.078032389 0.036998108 0.993942142
1341846327.429966 -0.036133818 0.488403022 0.257806480 0.067635350 0.078512937 0.037074383 0.993924856
1341846327.461965 -0.045657791 0.501858890 0.265319198 0.059208095 0.074827634 0.036502045 0.994767725
1341846327.497931 -0.029623564 0.506327212 0.267658949 0.054649126 0.071029082 0.035189845 0.995354235
1341846327.530068 -0.030501280 0.527131319 0.269714683 0.055143055 0.071596146 0.038469478 0.995164990
1341846327.561895 -0.034258377 0.535106182 0.286063224 0.053263329 0.069942094 0.044077024 0.995152414
1341846327.598010 -0.083628573 0.533465147 0.286253095 0.053278659 0.074880980 0.046849798 0.994665444
1341846327.629945 -0.134873092 0.531076789 0.298463732 0.050970715 0.079705670 0.044450160 0.994521618
1341846327.662003 -0.055249725 0.542836845 0.286742955 0.052288886 0.060936075 0.043101855 0.995838761
1341846327.697919 -0.044236578 0.552213728 0.282675683 0.053468648 0.058317833 0.044141967 0.995887339
1341846327.730075 -0.036115289 0.595791996 0.285785228 0.053517219 0.055210840 0.046923831 0.995934665
1341846327.766017 -0.022637576 0.591017008 0.288132846 0.046704810 0.052312613 0.047305498 0.996415734
1341846327.797917 -0.045375887 0.624567747 0.290591031 0.045893501 0.056134921 0.049539931 0.996136725
1341846327.830054 -0.048746221 0.624971807 0.292312443 0.037962906 0.056182742 0.048977595 0.996495605
1341846327.865944 -0.052770637 0.624913335 0.294545710 0.032191861 0.058295734 0.049218535 0.996565521
1341846327.898010 -0.067533836 0.643067122 0.302371323 0.031363256 0.061369237 0.051790807 0.996276975
1341846327.929991 -0.067528948 0.653433621 0.301212847 0.027461940 0.059593298 0.049694687 0.996606708
1341846327.966065 -0.062090758 0.658149600 0.300408006 0.021774750 0.059086218 0.046968296 0.996909559
1341846327.998073 -0.049740054 0.673471332 0.300445437 0.016644236 0.058166772 0.043602102 0.997215331
1341846328.034045 -0.044026781 0.673221171 0.299469531 0.010069115 0.057956841 0.042037223 0.997382820
1341846328.065993 -0.046677753 0.673019648 0.297416598 0.004058084 0.059034664 0.042347908 0.997349024
1341846328.098045 -0.038790539 0.667396843 0.300963908 0.002432332 0.058567993 0.043227024 0.997344136
1341846328.133967 -0.036677331 0.670717359 0.299675107 0.006398033 0.057260633 0.046806093 0.997240961
1341846328.166023 -0.045628838 0.664683044 0.308433354 0.005742504 0.055260140 0.047457766 0.997326970
1341846328.198018 -0.044281222 0.647426188 0.304197937 0.004244779 0.052474443 0.044934351 0.997601807
1341846328.234044 -0.045099549 0.633403540 0.299257487 0.006366553 0.051172998 0.042858571 0.997749448
1341846328.265899 -0.045778777 0.622626901 0.291640788 0.007886748 0.049216535 0.043904815 0.997791529
1341846328.302051 -0.045099609 0.602372229 0.288296938 0.008937840 0.049233817 0.042655978 0.997835994
1341846328.333917 -0.043682709 0.588698506 0.285650194 0.012722933 0.048830908 0.046086319 0.997662127
1341846328.366008 -0.042019784 0.568443060 0.277896702 0.018114744 0.048103984 0.043993846 0.997708619
1341846328.402010 -0.052711371 0.552331626 0.286998361 0.030522315 0.051303193 0.046813719 0.997118294
1341846328.433920 -0.046845749 0.524025619 0.277497679 0.032404803 0.049330216 0.045203179 0.997232735
1341846328.470003 -0.039329726 0.493752241 0.265497476 0.030272910 0.047386725 0.037855029 0.997699857
1341846328.502194 -0.033884309 0.460056275 0.258901775 0.029656837 0.049271684 0.029029498 0.997922897
1341846328.534033 -0.032191969 0.448181003 0.255233765 0.031917661 0.051777180 0.027407303 0.997772157
1341846328.570125 -0.039758109 0.436830908 0.273681164 0.035719667 0.052598186 0.030880064 0.997498870
1341846328.602804 -0.040271994 0.427893579 0.277243793 0.043124892 0.046514105 0.037210613 0.997292340
1341846328.672663 -0.033847328 0.362683207 0.256258130 0.048248507 0.033913635 0.032668654 0.997724771
1341846328.702975 -0.025468644 0.347656995 0.249877319 0.050914928 0.030283973 0.030807041 0.997768283
1341846328.770129 -0.017647587 0.308285683 0.239581704 0.058572903 0.027025919 0.026485482 0.997565687
1341846328.802331 -0.015375318 0.296279699 0.236207575 0.059466280 0.023417542 0.027849568 0.997566938
1341846328.838051 -0.010570310 0.276835859 0.227896899 0.062671639 0.021473171 0.024705449 0.997497261
1341846328.869939 -0.009870962 0.282931834 0.232325643 0.064046234 0.020292677 0.024159092 0.997448087
1341846328.904486 -0.012926126 0.265116245 0.238380596 0.059300888 0.017507866 0.024351785 0.997789502
1341846328.939814 0.000451529 0.226971164 0.226610333 0.059806030 0.013790731 0.023270894 0.997843444
1341846328.970217 -0.000316036 0.228155747 0.225126505 0.064816654 0.011777010 0.027632751 0.997445047
1341846329.006232 0.001541326 0.215375826 0.222843841 0.065568931 0.009588534 0.031230925 0.997313142
1341846329.038243 0.005154554 0.197011620 0.217508167 0.068818189 0.008575249 0.031124504 0.997106731
1341846329.106125 0.007861801 0.198203281 0.217233032 0.073215961 0.008527436 0.029797468 0.996834397
1341846329.138340 0.006924239 0.178540528 0.210743472 0.074075170 0.008384356 0.026551310 0.996863842
1341846329.169991 0.008191269 0.177739605 0.207528085 0.076299444 0.006946617 0.025988342 0.996721983
1341846329.208656 0.012809845 0.169745967 0.207771257 0.076530538 0.005740759 0.024867380 0.996740520
1341846329.238169 0.015643479 0.169513002 0.200244039 0.076473884 0.004564190 0.024490505 0.996760309
1341846329.273827 0.015676351 0.153019935 0.194137856 0.074036643 0.003591359 0.025633560 0.996919572
1341846329.306052 0.016166784 0.150325581 0.187010854 0.074467123 0.000993873 0.025151549 0.996905744
1341846329.338104 0.016177651 0.151769698 0.193678081 0.071707606 -0.000381350 0.022816766 0.997164607
1341846329.373907 0.018387834 0.127879173 0.189217895 0.067133561 -0.001557660 0.021461105 0.997511923
1341846329.405985 0.020856854 0.116942376 0.184039682 0.068259954 -0.003056763 0.018297186 0.997495055
1341846329.442057 0.020884313 0.116440587 0.179748967 0.068156272 -0.003356368 0.014444193 0.997564435
1341846329.473950 0.018282965 0.099687718 0.179515898 0.066538930 -0.004332406 0.008578653 0.997737527
1341846329.506147 0.021564849 0.094226614 0.178227782 0.066541575 -0.006825667 0.006743854 0.997737527
1341846329.542121 0.016979836 0.081311449 0.176376447 0.064534031 -0.009316642 0.006339036 0.997851849
1341846329.574086 0.024747988 0.061472218 0.173965946 0.066034861 -0.012138217 0.005346370 0.997729123
1341846329.606387 0.022326322 0.062322311 0.166874841 0.069144621 -0.012424532 0.003799000 0.997522056
1341846329.641955 0.017054424 0.058880508 0.164944708 0.069307186 -0.013053239 0.003883228 0.997502387
1341846329.681570 0.014460126 0.046588890 0.163842276 0.068237051 -0.015825910 0.003720531 0.997536659
1341846329.748113 0.024577126 0.040444389 0.161564305 0.070213191 -0.016706202 0.001832057 0.997390389
1341846329.810175 0.022029731 0.014439614 0.163432673 0.067601115 -0.013263717 0.006574245 0.997602582
1341846329.842255 0.023289427 0.006447021 0.160101905 0.069360934 -0.013305751 0.009599321 0.997456670
1341846329.874044 0.018052997 -0.001903243 0.158628300 0.071013674 -0.012764241 0.012583744 0.997314274
1341846329.910073 0.017515451 0.005876651 0.157378420 0.071829021 -0.013219709 0.014387764 0.997225523
1341846329.942009 0.013735087 0.005155629 0.157138139 0.067484580 -0.013321083 0.019517487 0.997440457
1341846329.978087 0.017006142 -0.022844680 0.156495690 0.064303599 -0.013979286 0.021136174 0.997608542
1341846330.016305 0.021996669 -0.014666623 0.150978804 0.066681929 -0.013391813 0.019131163 0.997500956
1341846330.048192 0.014373259 -0.004629093 0.153938130 0.063696288 -0.011447854 0.020263387 0.997697890
1341846330.080418 0.016202226 -0.029595841 0.150174275 0.058256555 -0.011696645 0.022574093 0.997977853
1341846330.115886 0.017030185 -0.043464623 0.150386035 0.060929280 -0.010113431 0.022984058 0.997826159
1341846330.147839 0.011237863 -0.029594306 0.144980475 0.063820593 -0.009706032 0.025054714 0.997599602
1341846330.181257 0.010915230 -0.016568171 0.144715965 0.059895277 -0.010310446 0.027626541 0.997768998
1341846330.215852 0.012945747 -0.034038551 0.147341132 0.052465733 -0.009449386 0.027579529 0.998197079
1341846330.247833 0.008029774 -0.038722847 0.145486772 0.050675310 -0.008664480 0.026589340 0.998323560
1341846330.283913 0.004887102 -0.026108271 0.141146868 0.047825214 -0.009032251 0.026348172 0.998467267
1341846330.316011 0.004391688 -0.039569311 0.142207086 0.040898722 -0.010011129 0.026046010 0.998773575
1341846330.347868 0.003935188 -0.049806997 0.141907945 0.038139075 -0.011766083 0.025554959 0.998876274
1341846330.383835 0.006372253 -0.051258489 0.145489827 0.036667697 -0.012286418 0.025869640 0.998917043
1341846330.415934 0.004248511 -0.066818088 0.146823660 0.035542198 -0.011265461 0.023846319 0.999020100
1341846330.452561 0.002335215 -0.070228644 0.139671177 0.038180120 -0.011791711 0.023047965 0.998935401
1341846330.483903 -0.003151451 -0.062886581 0.139276743 0.038824182 -0.013265363 0.025528288 0.998831809
1341846330.515970 -0.001175317 -0.072415993 0.135845289 0.036742128 -0.015680186 0.029060056 0.998779058
1341846330.552099 -0.001315219 -0.074200645 0.136639237 0.038282167 -0.016848141 0.031184891 0.998638093
1341846330.583876 -0.003125933 -0.065391645 0.136060238 0.038240466 -0.017130403 0.031538550 0.998623788
1341846330.619992 -0.010356866 -0.061366916 0.118322715 0.034052052 -0.017695054 0.030272007 0.998804808
1341846330.652136 -0.004222090 -0.069289386 0.120652780 0.027088923 -0.019957788 0.029383887 0.999001741
1341846330.683796 -0.006691194 -0.075304657 0.119717635 0.022014707 -0.019659942 0.028706895 0.999152005
1341846330.719991 -0.011329643 -0.089535646 0.112041399 0.018947782 -0.021773610 0.029935108 0.999135017
1341846330.752103 -0.015355764 -0.090112545 0.108893186 0.020911761 -0.025475830 0.033604778 0.998891592
1341846330.787952 -0.023563720 -0.084667437 0.104208782 0.022224164 -0.029785523 0.037644137 0.998599946
1341846330.819823 -0.018845532 -0.086903550 0.098600909 0.021886483 -0.034407131 0.038225170 0.998436809
1341846330.852208 -0.021628847 -0.077147566 0.099030860 0.021783730 -0.035982996 0.039355252 0.998339534
1341846330.914111 -0.027691305 -0.065285958 0.088671297 0.013096873 -0.038864907 0.038361289 0.998421967
1341846330.949903 -0.029699089 -0.077478945 0.090926498 0.009483524 -0.039894652 0.038733084 0.998407841
1341846330.981986 -0.036638424 -0.074238054 0.087804869 0.010824371 -0.043946087 0.039070591 0.998210967
1341846331.014111 -0.032463051 -0.069224961 0.086691432 0.010528987 -0.048705079 0.039832115 0.997963071
1341846331.082139 -0.033872172 -0.075067587 0.075048886 0.011825713 -0.051388234 0.036687359 0.997934580
1341846331.114334 -0.037035115 -0.070185535 0.076804332 0.012011464 -0.053513572 0.036392011 0.997831464
1341846331.149989 -0.039906956 -0.079150692 0.074231125 0.011890925 -0.053940792 0.034710862 0.997869790
1341846331.181954 -0.041916981 -0.080162227 0.071284436 0.014880917 -0.054206587 0.033925153 0.997842312
1341846331.218151 -0.046522368 -0.067970842 0.060514726 0.015017834 -0.057272222 0.035306364 0.997621059
1341846331.249914 -0.032637171 -0.076064505 0.074173220 0.012494906 -0.060179122 0.033938464 0.997532189
1341846331.318141 -0.030187374 -0.071739972 0.080202691 0.023473430 -0.050284218 0.029454758 0.998024523
1341846331.349926 -0.020825315 -0.071386792 0.076097533 0.022398246 -0.048426200 0.028866177 0.998158276
1341846331.382003 0.010529090 -0.095086940 0.082546592 0.023098486 -0.043838773 0.028615987 0.998361528
1341846331.418008 -0.002835702 -0.084909916 0.074515820 0.030742766 -0.032857578 0.029190049 0.998560548
1341846331.450327 -0.014266027 -0.070799090 0.091585800 0.034195293 -0.026981572 0.028108990 0.998655379
1341846331.486219 -0.027932553 -0.063795827 0.103053391 0.034552451 -0.023973379 0.028016197 0.998722374
1341846331.518344 -0.011620556 -0.066408411 0.106006213 0.033003382 -0.024770699 0.027766304 0.998762310
1341846331.550202 -0.006318947 -0.072875202 0.111581437 0.034977995 -0.020061048 0.026065666 0.998846710
1341846331.586139 -0.016787844 -0.061565842 0.111857019 0.037898660 -0.017787205 0.026243804 0.998778522
1341846331.617931 -0.013849963 -0.056932516 0.126733914 0.037110042 -0.018206159 0.026372079 0.998797178
1341846331.654027 -0.001403891 -0.068141684 0.129001930 0.036983263 -0.016250107 0.027355269 0.998809218
1341846331.686123 -0.009007244 -0.056157969 0.135994002 0.039988969 -0.012968739 0.028773149 0.998701572
1341846331.717954 -0.016463144 -0.042556547 0.144891188 0.037867226 -0.013418812 0.028678646 0.998781025
1341846331.754076 -0.000951831 -0.060528368 0.154776484 0.034322873 -0.013966766 0.027951200 0.998922229
1341846331.785920 -0.000849953 -0.060166035 0.167684674 0.037184298 -0.011162412 0.026807601 0.998886406
1341846331.818053 -0.004974063 -0.044659019 0.181760907 0.038708191 -0.009355691 0.027569460 0.998826385
1341846331.853849 -0.004238786 -0.054431319 0.189808816 0.036734853 -0.008853685 0.026297992 0.998939753
1341846331.885987 0.002687507 -0.055889614 0.201323524 0.039420221 -0.006838239 0.023690853 0.998918414
1341846331.922014 -0.000739735 -0.049023710 0.207895756 0.041670412 -0.003113973 0.023257453 0.998855829
1341846331.954037 0.004712672 -0.045064531 0.226814091 0.041633736 -0.000984798 0.024533138 0.998831213
1341846331.986135 0.007798062 -0.058301777 0.231905922 0.043331925 0.004859160 0.024901580 0.998738527
1341846332.022364 -0.001444877 -0.063247278 0.246911287 0.049986128 0.010403722 0.023777803 0.998412609
1341846332.054175 -0.004267991 -0.057689145 0.257125199 0.056516513 0.010631409 0.026490649 0.997993529
1341846332.086502 -0.004003529 -0.053758360 0.269273549 0.059147108 0.010505727 0.027786061 0.997807145
1341846332.122051 -0.006063134 -0.043811325 0.289776683 0.061752535 0.011692613 0.027590420 0.997641563
1341846332.153983 -0.010142572 -0.028493859 0.301611304 0.060847159 0.011309555 0.025380230 0.997760236
1341846332.190165 -0.009239794 -0.031110840 0.312622875 0.054377075 0.009586555 0.022571087 0.998219311
1341846332.254145 -0.009908877 -0.052986875 0.335190535 0.052743062 0.009942035 0.020973111 0.998338342
1341846332.289948 -0.011386230 -0.043075632 0.354562223 0.055438805 0.009576155 0.023556463 0.998138189
1341846332.322172 -0.011730908 -0.046729598 0.362547368 0.055797253 0.009243641 0.024880253 0.998089254
1341846332.354003 -0.001337782 -0.050960157 0.366913795 0.058282848 0.010355316 0.022225745 0.997998953
1341846332.390180 -0.003332220 -0.035079658 0.379677266 0.060923692 0.014959048 0.019309089 0.997843504
1341846332.422055 -0.007634073 -0.033235826 0.391676188 0.059081692 0.017654214 0.016206391 0.997965455
1341846332.458114 -0.004206844 -0.040062245 0.401869357 0.057834696 0.019727690 0.011897354 0.998060346
1341846332.489993 -0.013196349 -0.032734171 0.413226902 0.059330650 0.022337059 0.013618647 0.997895539
1341846332.522130 -0.023196157 -0.030942913 0.423485756 0.058665492 0.019202638 0.019081920 0.997910559
1341846332.558114 -0.016051028 -0.033848450 0.433734745 0.058527887 0.013232024 0.026206421 0.997853994
1341846332.589874 -0.005950627 -0.023057440 0.437291205 0.058891013 0.009648716 0.030999130 0.997736335
1341846332.621889 -0.004449927 -0.015851777 0.444980383 0.055296890 0.009529908 0.032990176 0.997879267
1341846332.658202 -0.001722971 -0.023022639 0.455728203 0.050612573 0.010047701 0.030898547 0.998189688
1341846332.690001 0.003150448 -0.017088579 0.465320647 0.049091998 0.010526232 0.032095317 0.998222947
1341846332.726000 -0.012213845 -0.023191281 0.472595721 0.047446150 0.011724800 0.034285918 0.998216331
1341846332.758386 0.005770965 -0.020046337 0.480214268 0.048496529 0.006709957 0.037484340 0.998097181
1341846332.789937 0.016905207 -0.012826700 0.491061389 0.048143312 0.006748739 0.036805175 0.998139262
1341846332.825925 0.015133299 -0.014769899 0.508397877 0.045486804 0.010077706 0.034376834 0.998322368
1341846332.857898 0.019341456 -0.016067447 0.511322200 0.046379860 0.010566012 0.034695730 0.998265207
1341846332.894069 0.019418228 -0.001117468 0.521223664 0.047511604 0.010482487 0.034635916 0.998214960
1341846332.926029 0.027089208 0.001500364 0.523783743 0.043868866 0.010249569 0.032936390 0.998441577
1341846332.958015 0.026220080 0.003057946 0.535873950 0.040962134 0.013218130 0.029924568 0.998624980
1341846332.994073 0.028622890 0.005372010 0.542826474 0.038090747 0.014235299 0.028847184 0.998756349
1341846333.026545 0.036358088 0.006864000 0.551103711 0.035636730 0.014675771 0.026519988 0.998905063
1341846333.057998 0.045067042 0.006502889 0.557031035 0.034382127 0.015931103 0.026809961 0.998922050
1341846333.094024 0.044520684 0.007199157 0.568932772 0.034676425 0.018088127 0.029838843 0.998789251
1341846333.126095 0.049729150 0.011106871 0.571072519 0.035616267 0.019405216 0.032707766 0.998641610
1341846333.161973 0.054904275 0.018305901 0.576066792 0.034882873 0.021707103 0.033774931 0.998584628
1341846333.195660 0.053379111 0.016823690 0.580285072 0.031797633 0.024004115 0.035691988 0.998568356
1341846333.226331 0.054119915 0.018769756 0.587619662 0.030703275 0.024907218 0.035233632 0.998596787
1341846333.262056 0.057221659 0.028422546 0.599573553 0.028606258 0.025200361 0.033655502 0.998706102
1341846333.294147 0.059440099 0.022399517 0.605556309 0.024417080 0.024652466 0.032664191 0.998863935
1341846333.326100 0.062119819 0.025160957 0.610804975 0.022963278 0.023434626 0.031305477 0.998971224
1341846333.362100 0.062625229 0.032595836 0.608452141 0.020438621 0.022896098 0.029619761 0.999089956
1341846333.394119 0.062315881 0.024445299 0.617814839 0.016190808 0.022179889 0.029244807 0.999194980
1341846333.429974 0.064457387 0.025927288 0.620645165 0.015489496 0.020119611 0.029285334 0.999248564
1341846333.462115 0.067780361 0.024355186 0.617906272 0.015231724 0.019803138 0.028674990 0.999276519
1341846333.494040 0.053384043 0.022472950 0.617961764 0.015852278 0.023447685 0.026659908 0.999243796
1341846333.529953 0.070409253 0.024021592 0.618262649 0.016890308 0.021859322 0.027228603 0.999247432
1341846333.562063 0.066850364 0.027167469 0.618947983 0.018004905 0.024467973 0.028375231 0.999135613
1341846333.594090 0.057576805 0.034424737 0.617213190 0.017305611 0.024542097 0.028982315 0.999128759
1341846333.629994 0.060835384 0.036904301 0.620709836 0.014068059 0.021727083 0.028019290 0.999272227
1341846333.662127 0.061481819 0.036850825 0.618080676 0.010990361 0.020760534 0.027274454 0.999351978
1341846333.697964 0.062811323 0.030043788 0.618330479 0.008870476 0.020784978 0.027692445 0.999360979
1341846333.730092 0.062271923 0.027506165 0.614828527 0.011038038 0.021078788 0.028620083 0.999307096
1341846333.762089 0.061152972 0.029084731 0.611305714 0.012778596 0.021879110 0.030211506 0.999222338
1341846333.798006 0.061412565 0.025326960 0.607015610 0.013897998 0.022247545 0.030070867 0.999203503
1341846333.830055 0.064927161 0.026576081 0.602274239 0.016745515 0.022950113 0.027864516 0.999207914
1341846333.866045 0.059053443 0.027170647 0.596827567 0.017977156 0.024811037 0.026777800 0.999171734
1341846333.897987 0.058644362 0.024020441 0.597452104 0.019318812 0.024958666 0.025581827 0.999174416
1341846333.930099 0.046919104 0.023022259 0.590326369 0.022468213 0.027861161 0.024016125 0.999070644
1341846333.965889 0.056376860 0.021324391 0.585224450 0.024229808 0.026797095 0.024468109 0.999047637
1341846333.997985 0.056757882 0.018083723 0.578747034 0.026902743 0.027541086 0.024271691 0.998963773
1341846334.030076 0.052810356 0.019086514 0.571706295 0.030048722 0.029060647 0.024990104 0.998813331
1341846334.066000 0.047266532 0.016655374 0.566148520 0.031265695 0.029106427 0.026335349 0.998740077
1341846334.097932 0.049548328 0.015809730 0.558615685 0.033189584 0.028736338 0.025714967 0.998704851
1341846334.133884 0.044337898 0.014521882 0.552866161 0.034400098 0.030180793 0.026316531 0.998605609
1341846334.166115 0.036675084 0.016755015 0.548700571 0.035150658 0.029493356 0.027211381 0.998576045
1341846334.198072 0.036381282 0.013159789 0.538250029 0.035174210 0.027713006 0.026325068 0.998649955
1341846334.234097 0.037508830 0.018001076 0.530607045 0.036268581 0.028042868 0.024919292 0.998637676
1341846334.266045 0.029035380 0.013220217 0.528011203 0.035918690 0.030404778 0.025239637 0.998573184
1341846334.297946 0.023666592 0.013098270 0.517880499 0.036952894 0.029113125 0.027085708 0.998525560
1341846334.334036 0.024106819 0.015346602 0.509950697 0.037487820 0.027058093 0.027523002 0.998551428
1341846334.365871 0.025226299 0.016782202 0.501629233 0.037077680 0.026680660 0.025954833 0.998618901
1341846334.401845 0.020843791 0.016415656 0.499148369 0.035878275 0.028043339 0.024710437 0.998656988
1341846334.433864 0.013274672 0.014165182 0.496754199 0.035999503 0.027310817 0.025875418 0.998643398
1341846334.466105 0.007007770 0.016123872 0.491565138 0.037033986 0.026388833 0.025789980 0.998632550
1341846334.502142 0.009804265 0.016477875 0.475058824 0.035613816 0.024477297 0.026944462 0.998702407
1341846334.540153 0.005295409 0.014142729 0.467522085 0.035058763 0.023566965 0.025473477 0.998782575
1341846334.602351 -0.006252911 0.021811485 0.456066638 0.030809779 0.020389946 0.018337093 0.999149024
1341846334.670161 -0.008503877 0.016089324 0.437647104 0.025486415 0.017592860 0.011412016 0.999455214
1341846334.702085 -0.016592510 0.010589773 0.429937690 0.023825128 0.015836652 0.012131450 0.999517083
1341846334.734751 -0.018523106 0.009693300 0.421592921 0.023859385 0.013294371 0.013683009 0.999533296
1341846334.770889 -0.022372931 0.009818122 0.412127733 0.023982534 0.012033532 0.016281040 0.999507368
1341846334.802194 -0.026167253 0.010514969 0.398778677 0.023440247 0.009378316 0.017423507 0.999529421
1341846334.833908 -0.024485901 0.011756189 0.387292713 0.023171864 0.007664883 0.015490963 0.999582112
1341846334.869874 -0.027331151 0.014793823 0.381218642 0.021893630 0.007226330 0.015735798 0.999610364
1341846334.902006 -0.036964178 0.011017669 0.369016737 0.020059925 0.006575774 0.015841097 0.999651670
1341846334.938010 -0.037911132 0.011602844 0.358376294 0.019576162 0.003055651 0.015744131 0.999679744
1341846334.970032 -0.031978425 0.012036275 0.350630701 0.019811267 0.001444898 0.014696393 0.999694645
1341846335.002203 -0.037546791 0.006753215 0.340427399 0.020775367 0.002223119 0.016581532 0.999644220
1341846335.037880 -0.045041952 0.006844981 0.330122054 0.023166014 -0.000610063 0.019104287 0.999548912
1341846335.069990 -0.040933490 0.011652497 0.317772239 0.023745840 -0.003857941 0.018746877 0.999534786
1341846335.106038 -0.039404925 0.008900899 0.310320914 0.024022242 -0.002907231 0.016562514 0.999570012
1341846335.138045 -0.047229882 0.006471721 0.298793435 0.025380848 -0.001242496 0.016145943 0.999546707
1341846335.169900 -0.051136598 0.007642802 0.281506985 0.025469070 -0.003823744 0.016510826 0.999531925
1341846335.206091 -0.051700886 0.008195804 0.276278138 0.024779549 -0.005719279 0.014369889 0.999573290
1341846335.239365 -0.045865282 0.003676810 0.264658600 0.024596879 -0.005269191 0.011376526 0.999618828
1341846335.269948 -0.050146069 0.002716238 0.252739906 0.026112523 -0.003680306 0.010507072 0.999597013
1341846335.305972 -0.058865339 0.002002199 0.242368385 0.028026912 -0.004578168 0.011324284 0.999532521
1341846335.338012 -0.056081511 -0.000627931 0.238647297 0.029300028 -0.006381838 0.012997448 0.999465764
1341846335.374005 -0.050220817 -0.009047600 0.225956216 0.033196609 -0.005067741 0.013087513 0.999350309
1341846335.406025 -0.051971324 -0.008157324 0.221988499 0.040028770 -0.002658791 0.015321267 0.999077559
1341846335.438079 -0.055524167 0.001143236 0.208465695 0.045777399 -0.001675279 0.018872457 0.998772025
1341846335.473998 -0.054043081 0.005371742 0.198258296 0.048249546 -0.000183238 0.019623762 0.998642504
1341846335.507038 -0.052719347 0.010119611 0.186064392 0.049442686 0.002085861 0.018156430 0.998609781
1341846335.538040 -0.061336614 0.016541393 0.178748861 0.049274944 0.005173952 0.015480645 0.998651922
1341846335.574119 -0.068590797 0.019310284 0.168911830 0.046935961 0.005493382 0.015830684 0.998757362
1341846335.605970 -0.064817190 0.010576312 0.160469815 0.044710040 0.004260229 0.015514813 0.998870432
1341846335.641978 -0.061369050 0.013358063 0.146063328 0.046157278 0.005201183 0.012928784 0.998836994
1341846335.673993 -0.067438044 0.015987165 0.136986017 0.045821097 0.006147043 0.012832936 0.998848319
1341846335.706178 -0.073049530 0.013049499 0.129575863 0.045092147 0.005141151 0.013408048 0.998879611
1341846335.741982 -0.068541795 0.011815436 0.121339791 0.045416910 0.004385526 0.012730552 0.998877347
1341846335.773960 -0.072497465 0.015953483 0.107030615 0.045815580 0.005128432 0.011995971 0.998864710
1341846335.806271 -0.076769039 0.022337012 0.096521802 0.044171140 0.004898601 0.012253427 0.998936832
1341846335.842031 -0.072933622 0.015272625 0.085916229 0.041627400 0.005228473 0.012485700 0.999041498
1341846335.873966 -0.074863948 0.013679778 0.076290272 0.042415109 0.006972377 0.011830567 0.999005735
1341846335.910005 -0.083034627 0.020509696 0.064519465 0.042393222 0.007358441 0.013629101 0.998980939
1341846335.941936 -0.086172059 0.020569710 0.055771917 0.041382324 0.005459534 0.014321146 0.999025822
1341846335.974198 -0.087652646 0.021497015 0.047518592 0.041326329 0.004682197 0.012309646 0.999058902
1341846336.010032 -0.088134117 0.020177128 0.034980457 0.040782228 0.004588601 0.011156156 0.999095261
1341846336.042129 -0.094310023 0.020055585 0.023085803 0.040021062 0.003604014 0.011188556 0.999129713
1341846336.078076 -0.095868863 0.016551271 0.016165903 0.039747939 0.001640698 0.010422952 0.999154031
1341846336.110739 -0.094612509 0.021698184 0.010636991 0.040602319 0.001196077 0.009444638 0.999130070
1341846336.142002 -0.101689227 0.019813448 -0.004874405 0.040112838 0.001609363 0.010373458 0.999140024
1341846336.183953 -0.107120529 0.020390470 -0.018231632 0.039753895 -0.000765427 0.011090802 0.999147654
1341846336.241891 -0.106353723 0.024368074 -0.018029347 0.038217388 -0.001821002 0.010671313 0.999210835
1341846336.277946 -0.112471759 0.018496545 -0.031484678 0.038255341 -0.001214804 0.012773431 0.999185622
1341846336.309977 -0.113898583 0.017209776 -0.048251837 0.040800475 -0.003602410 0.015539679 0.999039948
1341846336.346143 -0.117467910 0.023067284 -0.049390387 0.043029908 -0.004823860 0.016162181 0.998931408
1341846336.377975 -0.115120202 0.022592602 -0.057689719 0.043630570 -0.004942460 0.015725331 0.998911738
1341846336.410032 -0.118316650 0.025175819 -0.072957419 0.044599514 -0.003992040 0.016127514 0.998866796
1341846336.446041 -0.119996861 0.028976457 -0.083156161 0.044336751 -0.004559640 0.015786901 0.998881519
1341846336.477990 -0.121587344 0.026861936 -0.088623941 0.043283734 -0.004514090 0.015297308 0.998935461
1341846336.510056 -0.121432520 0.025329350 -0.090978689 0.043478619 -0.004171436 0.016281124 0.998912990
1341846336.546024 -0.125408500 0.025919475 -0.096589535 0.044581488 -0.003797582 0.018020308 0.998835981
1341846336.578003 -0.127907261 0.033007920 -0.109611101 0.044576980 -0.004140963 0.019867660 0.998799801
1341846336.614020 -0.123843893 0.033749267 -0.109246150 0.043986864 -0.003801434 0.018804226 0.998847902
1341846336.645982 -0.131085172 0.038025588 -0.123179965 0.043144386 -0.001928027 0.017692087 0.998910308
1341846336.678036 -0.137690827 0.031928379 -0.125321135 0.040890880 -0.003617983 0.018795157 0.998980284
1341846336.714024 -0.136094466 0.025667001 -0.120515019 0.042064909 -0.006333089 0.018869499 0.998916626
1341846336.746016 -0.138026506 0.018647861 -0.139816821 0.045107704 -0.008181295 0.021132601 0.998725116
1341846336.778014 -0.147776574 0.028691575 -0.148176730 0.048582215 -0.011402748 0.023474963 0.998478174
1341846336.820006 -0.147392690 0.033379383 -0.147848338 0.049374718 -0.015449982 0.026002772 0.998322248
1341846336.882056 -0.152626470 0.031953514 -0.161525577 0.052017033 -0.017393146 0.024634523 0.998190761
1341846336.914273 -0.155389249 0.029889788 -0.156103283 0.054321978 -0.021890664 0.027639292 0.997900784
1341846336.945998 -0.152406096 0.022462068 -0.168305397 0.059943426 -0.028800320 0.030160360 0.997330248
1341846336.981980 -0.157031149 0.045066420 -0.181296110 0.064378545 -0.032181971 0.027205396 0.997035384
1341846337.014238 -0.159058183 0.050960902 -0.182869732 0.061804198 -0.034662977 0.024834624 0.997177005
1341846337.046017 -0.154638752 0.045211710 -0.178833663 0.059205972 -0.036379963 0.020724133 0.997367382
1341846337.082104 -0.161692068 0.044913147 -0.189311877 0.058409929 -0.036257964 0.017424300 0.997481823
1341846337.114317 -0.179501325 0.041217916 -0.196702525 0.056517158 -0.037055939 0.015688485 0.997590363
1341846337.150037 -0.151067734 0.043733299 -0.190022528 0.054996137 -0.041250139 0.015952643 0.997506559
1341846337.181873 -0.140695959 0.044962011 -0.190139651 0.054510128 -0.041726816 0.013438398 0.997550428
1341846337.214073 -0.125536412 0.051436320 -0.199657574 0.052497689 -0.041033190 0.011414925 0.997712374
1341846337.250087 -0.174585283 0.039733745 -0.201283291 0.049382675 -0.039645232 0.011654640 0.997924745
1341846337.282028 -0.166669637 0.040374227 -0.208184838 0.050480410 -0.044391174 0.015471050 0.997618020
1341846337.317920 -0.156988367 0.042609524 -0.208142832 0.050137777 -0.046487253 0.016086003 0.997530162
1341846337.350018 -0.162300363 0.050806131 -0.213431776 0.049164191 -0.045398042 0.015208254 0.997642517
1341846337.382159 -0.158508793 0.044003516 -0.211296469 0.046076171 -0.045351695 0.013458248 0.997817159
1341846337.417941 -0.164712340 0.037121348 -0.211680636 0.046596032 -0.044357605 0.013854966 0.997832298
1341846337.450137 -0.165094882 0.042777501 -0.227039248 0.047253858 -0.046146028 0.014836347 0.997706115
1341846337.482096 -0.164369896 0.042747393 -0.219950125 0.045832328 -0.046451364 0.015642930 0.997745931
1341846337.518008 -0.163532063 0.034430481 -0.221618250 0.046375737 -0.047075342 0.015868684 0.997688055
1341846337.549978 -0.165476546 0.048083909 -0.225992218 0.047397044 -0.047555082 0.013730842 0.997649014
1341846337.585971 -0.164328158 0.042443946 -0.222277865 0.044385478 -0.048152126 0.013125499 0.997767031
1341846337.617903 -0.159842312 0.026646981 -0.218197271 0.044650111 -0.049049616 0.013732484 0.997703314
1341846337.650141 -0.159506813 0.041142315 -0.223713592 0.047973897 -0.049339041 0.013293153 0.997540712
1341846337.686352 -0.162109524 0.048711628 -0.221936479 0.046598218 -0.048859764 0.013347568 0.997628808
1341846337.718002 -0.157494709 0.044491306 -0.215753332 0.044628806 -0.048746888 0.013536138 0.997721791
1341846337.749920 -0.153517485 0.048557840 -0.214709610 0.044546999 -0.046958148 0.012731177 0.997821867
1341846337.786157 -0.155897632 0.055407196 -0.209823385 0.041824929 -0.043964054 0.012498551 0.998078942
1341846337.817945 -0.151144713 0.047787718 -0.204446226 0.038968433 -0.042254638 0.014466199 0.998241842
1341846337.854071 -0.149384975 0.052538726 -0.203887701 0.038042285 -0.039003775 0.013789564 0.998419404
1341846337.885951 -0.154985473 0.057091620 -0.198828280 0.035065450 -0.036161512 0.011690984 0.998662114
1341846337.918223 -0.150838181 0.057552338 -0.190636843 0.030909110 -0.035227310 0.009336669 0.998857617
1341846337.954120 -0.153028741 0.057026170 -0.183677375 0.028591065 -0.033481188 0.008517810 0.998993993
1341846337.985994 -0.144299582 0.061755694 -0.180758774 0.025866440 -0.033476096 0.009768750 0.999056995
1341846338.018107 -0.145589739 0.057697695 -0.170204014 0.022363562 -0.031421341 0.010133931 0.999204636
1341846338.054055 -0.140649945 0.062284753 -0.168545693 0.020110307 -0.030379260 0.009463203 0.999291301
1341846338.085986 -0.138265714 0.060557455 -0.155747280 0.016619209 -0.027289344 0.009419140 0.999445021
1341846338.121875 -0.139331415 0.055584949 -0.149297491 0.014439936 -0.024876243 0.011090730 0.999524713
1341846338.154089 -0.143617645 0.056324076 -0.144746035 0.013674202 -0.023900777 0.014321125 0.999518216
1341846338.186029 -0.138542712 0.057702366 -0.133111432 0.012586472 -0.024675645 0.016682854 0.999477029
1341846338.222071 -0.132481694 0.061031342 -0.127178803 0.011341446 -0.023808774 0.016027763 0.999523699
1341846338.254107 -0.134761810 0.058158074 -0.112980619 0.009730218 -0.021570090 0.016521344 0.999583483
1341846338.290130 -0.131387606 0.055476598 -0.104482420 0.009847395 -0.021924306 0.018341992 0.999542832
1341846338.321952 -0.128567085 0.058514476 -0.102818981 0.009882859 -0.021231748 0.020904744 0.999507129
1341846338.354022 -0.127159998 0.060627531 -0.088225551 0.009542847 -0.020673156 0.020308198 0.999534428
1341846338.389969 -0.125400066 0.066565104 -0.079443127 0.009305149 -0.019890293 0.021217532 0.999533713
1341846338.422377 -0.126141757 0.063765921 -0.070520282 0.007394547 -0.019383471 0.021221908 0.999559522
1341846338.454010 -0.124464035 0.065975145 -0.055355579 0.006435766 -0.019905245 0.020176286 0.999577522
1341846338.489894 -0.125525549 0.064022370 -0.048340566 0.004609746 -0.020094084 0.020337457 0.999580562
1341846338.522066 -0.120854422 0.062084936 -0.041247718 0.005393846 -0.020120570 0.019984046 0.999583304
1341846338.558058 -0.119589880 0.071449175 -0.030357664 0.005381500 -0.020246180 0.019470094 0.999590933
1341846338.589842 -0.119005084 0.067135252 -0.019839445 0.002866731 -0.020216405 0.018890794 0.999612987
1341846338.622019 -0.111434363 0.066060707 -0.003146450 0.003846336 -0.019814368 0.020504402 0.999585986
1341846338.657984 -0.114631794 0.072136141 -0.002099407 0.004360093 -0.019711323 0.021971337 0.999554753
1341846338.690198 -0.110497586 0.075960599 0.007423587 0.002562452 -0.020597732 0.021732610 0.999548316
1341846338.722454 -0.104224078 0.069718562 0.025854573 0.001607403 -0.019974403 0.022141846 0.999553978
1341846338.757945 -0.110498443 0.072500184 0.025274446 0.001557433 -0.019523801 0.023353061 0.999535382
1341846338.790039 -0.105257772 0.075015038 0.038147632 -0.000337439 -0.021975849 0.024419108 0.999460161
1341846338.826048 -0.099655226 0.073774263 0.053238075 0.000130608 -0.021196533 0.022292947 0.999526739
1341846338.858027 -0.101833329 0.077968940 0.055341631 -0.000019168 -0.019385461 0.021806911 0.999574244
1341846338.889902 -0.099205896 0.078616470 0.067835964 -0.002517524 -0.020633282 0.021574935 0.999551117
1341846338.925948 -0.090561189 0.075341724 0.079463147 -0.003355574 -0.020643471 0.019682085 0.999587536
1341846338.958108 -0.089174949 0.076748356 0.091339990 -0.003051840 -0.018626332 0.019007372 0.999641180
1341846338.990057 -0.089182578 0.075153604 0.104258031 -0.002602885 -0.018342681 0.019635925 0.999635518
1341846339.025928 -0.084731549 0.074280076 0.117827155 -0.000521226 -0.017564952 0.019650185 0.999652445
1341846339.057939 -0.083133854 0.079976581 0.124820322 0.002431356 -0.015099113 0.019638661 0.999690175
1341846339.093927 -0.087494172 0.087304443 0.130914062 0.001746037 -0.015190087 0.020914240 0.999664366
1341846339.126562 -0.080178149 0.092112049 0.140797079 -0.000998551 -0.016797736 0.019447882 0.999669254
1341846339.157969 -0.073086545 0.091878645 0.156602979 -0.003460193 -0.014618470 0.017120318 0.999740601
1341846339.194113 -0.078179754 0.092144027 0.160105944 -0.005705048 -0.012912094 0.018669188 0.999726057
1341846339.228165 -0.078587927 0.099061713 0.166831076 -0.008535219 -0.014741336 0.020603554 0.999642611
1341846339.257998 -0.065979891 0.094920903 0.187031627 -0.011672758 -0.015171579 0.021697510 0.999581337
1341846339.294132 -0.065294459 0.097185045 0.194517031 -0.011644144 -0.012592195 0.022615438 0.999597132
1341846339.326577 -0.074595153 0.109650657 0.194294766 -0.014149048 -0.013468376 0.025367044 0.999487340
1341846339.362269 -0.070534609 0.100976817 0.203680441 -0.019587450 -0.015824899 0.023211636 0.999413371
1341846339.394725 -0.056600340 0.101532690 0.217066929 -0.020427745 -0.015270809 0.023306347 0.999403000
1341846339.462186 -0.052021094 0.103770539 0.241973653 -0.023601061 -0.016021598 0.022609537 0.999337316
1341846339.496743 -0.041005854 0.102885097 0.252322227 -0.020968350 -0.013141748 0.021161197 0.999469757
1341846339.562052 -0.040230244 0.100663237 0.271942645 -0.019840633 -0.010003654 0.023089157 0.999486446
1341846339.595122 -0.031825025 0.100694276 0.276491076 -0.017928230 -0.009953902 0.022608131 0.999534070
1341846339.632085 -0.027548514 0.104637250 0.286346972 -0.016136419 -0.006393756 0.020321971 0.999642789
1341846339.664568 -0.027108412 0.102637388 0.292112678 -0.015950739 -0.003481978 0.018016433 0.999704421
1341846339.698896 -0.027678726 0.103296056 0.304402202 -0.016005205 -0.002213733 0.017045135 0.999724150
1341846339.731977 -0.021231743 0.101555794 0.313518465 -0.016133823 -0.002488039 0.016349209 0.999733090
1341846339.762241 -0.014379729 0.095684737 0.319400758 -0.016609801 -0.001682907 0.016279792 0.999728084
1341846339.797873 -0.014886131 0.100175112 0.328814268 -0.015815115 -0.001018216 0.017021803 0.999729514
1341846339.830245 -0.010139686 0.095614277 0.336592227 -0.016717881 -0.001912402 0.017526075 0.999704778
1341846339.862015 -0.006489176 0.100105442 0.343065798 -0.016569760 -0.001743696 0.017003851 0.999716580
1341846339.897797 -0.004241637 0.098315015 0.351111233 -0.017570671 -0.000632248 0.016271330 0.999713004
1341846339.929916 -0.002207677 0.090791114 0.360979438 -0.018997928 0.000291944 0.018632712 0.999645829
1341846339.961960 -0.000027289 0.091831282 0.368251979 -0.017416891 -0.000377189 0.019528525 0.999657512
1341846339.997845 0.006492560 0.092709385 0.375460863 -0.015880631 0.000277371 0.019497935 0.999683738
1341846340.029925 0.007598544 0.092010789 0.380759358 -0.015033737 0.002836699 0.020601725 0.999670684
1341846340.066044 0.008607705 0.090787418 0.385265231 -0.013172008 0.004203412 0.021910911 0.999664307
1341846340.098009 0.011752816 0.091615908 0.388606191 -0.012425879 0.004506782 0.023127867 0.999645114
1341846340.130102 0.015458135 0.091952816 0.395948172 -0.012964402 0.004151214 0.021994673 0.999665380
1341846340.166041 0.021848185 0.089170359 0.402905494 -0.012119116 0.005986876 0.019549917 0.999717534
1341846340.197867 0.018612925 0.092308879 0.409099549 -0.010576962 0.009009005 0.019421171 0.999714851
1341846340.229904 0.019722514 0.095476776 0.416428387 -0.011602847 0.008761859 0.019499088 0.999704182
1341846340.265859 0.024462119 0.088436812 0.424153268 -0.012883622 0.009574475 0.018641599 0.999697387
1341846340.298061 0.026628817 0.090413451 0.430347234 -0.010484718 0.011930791 0.018837061 0.999696374
1341846340.334063 0.021334507 0.096991912 0.434775859 -0.010982755 0.011776647 0.020550128 0.999659121
1341846340.366064 0.028679267 0.088647440 0.442681432 -0.013530831 0.009110379 0.020612214 0.999654472
1341846340.397995 0.033989541 0.088056557 0.444122016 -0.011644309 0.009337879 0.020275533 0.999683022
1341846340.433895 0.031787384 0.089228481 0.453291833 -0.010936080 0.009671853 0.020797847 0.999677122
1341846340.465959 0.032662362 0.087649271 0.452435911 -0.010611742 0.007136568 0.022824127 0.999657691
1341846340.501858 0.039505314 0.090426974 0.455115527 -0.009314627 0.003169560 0.023132158 0.999683976
1341846340.534329 0.043330636 0.091009125 0.456691504 -0.008876707 0.001705053 0.022286201 0.999710739
1341846340.566041 0.047866207 0.087822147 0.458982915 -0.007764188 0.000499516 0.023240697 0.999699593
1341846340.601909 0.052870385 0.086222999 0.455043316 -0.005613099 -0.000353788 0.024107294 0.999693573
1341846340.634005 0.054150626 0.090962067 0.452656955 -0.004286208 -0.000798382 0.022837654 0.999729693
1341846340.666028 0.062156297 0.086153388 0.447041005 -0.005147647 -0.001090432 0.020713260 0.999771595
1341846340.701946 0.064896688 0.085026078 0.448267072 -0.003264409 0.000263885 0.018531164 0.999822915
1341846340.733954 0.065849185 0.088524662 0.444074094 -0.001905442 0.001976421 0.016893109 0.999853492
1341846340.770081 0.065386191 0.090770595 0.443951905 -0.002482048 0.002528955 0.014378939 0.999890327
1341846340.801980 0.069896117 0.088940360 0.440230787 -0.002483420 0.003246624 0.008743442 0.999953449
1341846340.833999 0.070944630 0.091917954 0.437983096 -0.002480588 0.005358195 0.004983237 0.999970138
1341846340.870013 0.067801863 0.090614609 0.443161726 -0.003869066 0.005649095 0.003456118 0.999970555
1341846340.901955 0.071546905 0.086758941 0.441080719 -0.003355343 0.005013830 0.003125061 0.999976933
1341846340.933918 0.068743050 0.086682796 0.436927199 -0.001476169 0.004758497 0.005850292 0.999970496
1341846340.970122 0.067653261 0.087777585 0.435824692 -0.000246606 0.001726479 0.011269229 0.999934971
1341846341.001922 0.066648617 0.084422342 0.430440277 0.000786134 -0.001782519 0.015718708 0.999874592
1341846341.037923 0.071180716 0.087560892 0.426280200 0.002541875 -0.004878033 0.018463932 0.999814391
1341846341.070300 0.070807159 0.085136674 0.421399772 0.002581057 -0.005485153 0.018867090 0.999803603
1341846341.102028 0.066872291 0.086508445 0.417664945 0.002789937 -0.006355204 0.018675618 0.999801517
1341846341.137982 0.070821770 0.084473297 0.417461932 0.002495802 -0.008941469 0.019424178 0.999768257
1341846341.170048 0.071496703 0.084420815 0.417709053 0.003154451 -0.009279701 0.019984270 0.999752223
1341846341.202110 0.070768431 0.079758726 0.412314862 0.004075649 -0.009547509 0.022095835 0.999701977
1341846341.237996 0.074027523 0.082235999 0.409378588 0.006035976 -0.009717066 0.022694714 0.999677002
1341846341.269883 0.071151033 0.082533464 0.407799810 0.007264949 -0.008704696 0.022991514 0.999671340
1341846341.306107 0.070166014 0.083415598 0.407691270 0.007913383 -0.009426369 0.022280175 0.999675989
1341846341.338109 0.071211956 0.082992703 0.402417421 0.008839003 -0.008983635 0.020126859 0.999718010
1341846341.370120 0.072423168 0.084027648 0.402348638 0.009479767 -0.007922135 0.017669914 0.999767542
1341846341.406074 0.067373380 0.082286417 0.397465914 0.009180686 -0.006905220 0.016790077 0.999793053
1341846341.438113 0.066242263 0.076559305 0.400543839 0.009868291 -0.008640524 0.017037304 0.999768853
1341846341.470024 0.070034698 0.078681163 0.399613023 0.012979442 -0.009301212 0.015551777 0.999751568
1341846341.506077 0.067547128 0.085647799 0.396743715 0.013475158 -0.008234642 0.014476940 0.999770463
1341846341.538156 0.061337221 0.079914376 0.398047507 0.012032293 -0.009266152 0.014634030 0.999777555
1341846341.574016 0.064372070 0.081662789 0.396813065 0.013259751 -0.011848642 0.015259163 0.999725461
1341846341.612466 0.063931756 0.085206665 0.392871916 0.014142995 -0.012500619 0.015712211 0.999698400
1341846341.643972 0.060287349 0.085626297 0.391414851 0.013258250 -0.013380662 0.014801138 0.999713063
1341846341.679982 0.060014110 0.080365747 0.389421076 0.012236247 -0.014929737 0.015706591 0.999690294
1341846341.712332 0.058281507 0.082060166 0.388726830 0.013270667 -0.017047273 0.018329751 0.999598563
1341846341.744185 0.059976153 0.081563145 0.385751635 0.013483188 -0.019143034 0.020845665 0.999508500
1341846341.780061 0.060027190 0.084000170 0.385274649 0.014237908 -0.019737331 0.022099992 0.999459505
1341846341.842595 0.064617902 0.076618575 0.377687454 0.015865806 -0.020909270 0.026936747 0.999292493
1341846341.906227 0.064813994 0.075098030 0.374822438 0.019220645 -0.021643048 0.031817056 0.999074459
1341846341.942069 0.064435065 0.071137063 0.372107446 0.022399507 -0.021267883 0.032870967 0.998982191
1341846341.974775 0.065722913 0.070443615 0.366810143 0.025400354 -0.021571117 0.035243120 0.998823047
1341846342.010161 0.059041534 0.070831761 0.369349599 0.026205022 -0.022086686 0.036791764 0.998735130
1341846342.042024 0.067048989 0.065121643 0.367910028 0.027382879 -0.023577921 0.036801897 0.998669088
1341846342.080032 0.069536731 0.071124002 0.362363577 0.030249666 -0.021593997 0.037006591 0.998623669
1341846342.112265 0.064821303 0.066877156 0.361422747 0.029993691 -0.020476149 0.039230559 0.998570025
1341846342.147954 0.065931089 0.061565809 0.365239859 0.032152414 -0.021789944 0.041233189 0.998394310
1341846342.179852 0.071547717 0.063483179 0.359418601 0.035058375 -0.021910034 0.042842552 0.998226106
1341846342.211848 0.070339195 0.066475123 0.359487414 0.035836399 -0.021171778 0.042703290 0.998220384
1341846342.247920 0.071931012 0.064702541 0.359386593 0.036916967 -0.021203853 0.041236509 0.998242021
1341846342.279870 0.073323339 0.064801797 0.357837617 0.038436819 -0.020782081 0.041584544 0.998179078
1341846342.316068 0.072641268 0.065514214 0.353091180 0.039826989 -0.020507531 0.042586371 0.998088002
1341846342.347894 0.071616881 0.070145190 0.355086476 0.040786181 -0.020260647 0.042094395 0.998075187
1341846342.379953 0.073363371 0.068062596 0.352937758 0.040538415 -0.019866044 0.042228635 0.998087525
1341846342.416195 0.070933655 0.068154626 0.354616493 0.041192178 -0.019437904 0.043695658 0.998006046
