1341846313.592026 0.000000000 0.000000000 0.000000000 0.000000000 0.000000000 0.000000000 1.000000000
1341846313.654184 0.000722132 -0.001473606 -0.000277353 -0.000340765 -0.002330042 0.004071933 0.999988914
1341846313.686156 0.009671392 -0.000431308 0.003730272 0.000452302 -0.004797152 0.003716093 0.999981463
1341846313.721918 0.015485351 0.001989923 -0.001134966 0.000693599 -0.005753605 0.004519386 0.999972999
1341846313.753994 0.019806180 0.002022159 0.001694540 0.000492319 -0.006386460 0.005324186 0.999965310
1341846313.789969 0.028852917 0.002801290 0.006213854 0.001523242 -0.007314756 0.003627330 0.999965489
1341846313.822075 0.038152210 0.004503352 0.003597790 0.001511212 -0.006570792 0.002631171 0.999973774
1341846313.853928 0.045990374 0.004419027 0.006337601 0.000871661 -0.004724003 0.001556883 0.999987245
1341846313.890011 0.052226260 0.011397639 0.000806195 0.001681765 -0.002970473 0.002505335 0.999991000
1341846313.922055 0.058140926 0.013468418 -0.004464356 -0.000286717 -0.002730906 0.003510851 0.999990046
1341846313.957927 0.099708714 0.011730935 0.013059805 -0.002665926 -0.003100173 0.005117761 0.999978542
1341846313.990058 0.082173511 0.010439763 0.000394654 -0.003982093 0.006919875 0.005757549 0.999951541
1341846314.022042 0.087244608 0.023577614 -0.004475580 -0.004849208 0.007680669 0.007698448 0.999929130
1341846314.057816 0.101702653 0.020577895 0.005786983 -0.008462548 0.009116507 0.009072388 0.999881506
1341846314.089801 0.107534260 0.018835939 0.011134325 -0.007597003 0.014692139 0.008429903 0.999827683
1341846314.122037 0.109596401 0.029593974 0.003121894 -0.007821805 0.018644255 0.012402050 0.999718666
1341846314.157989 0.123740375 0.024274580 0.010580478 -0.010572121 0.020416582 0.012734734 0.999654531
1341846314.190094 0.125654012 0.023968281 0.009718072 -0.010634435 0.024796398 0.014645684 0.999528646
1341846314.225969 0.129088610 0.031351797 0.005152658 -0.012348970 0.026858754 0.017513329 0.999409497
1341846314.257923 0.127903000 0.020943342 0.010640519 -0.015386619 0.029827192 0.017036157 0.999291420
1341846314.290052 0.132159874 0.022412682 0.009422533 -0.013776237 0.031180801 0.015390517 0.999300301
1341846314.325981 0.148439243 0.029232012 0.005159771 -0.014072809 0.030768640 0.014784128 0.999318123
1341846314.357905 0.155327216 0.027634773 0.018803641 -0.014916538 0.033591744 0.013828127 0.999228656
1341846314.389899 0.155336365 0.025703263 0.018581210 -0.013645191 0.036844347 0.012843803 0.999145329
1341846314.427905 0.163603932 0.031072218 0.009112351 -0.013147150 0.038496565 0.010983992 0.999111891
1341846314.493987 0.181573689 0.015807729 0.017348049 -0.013588096 0.046592742 0.004731970 0.998810351
1341846314.526085 0.180495352 0.017701101 0.016216129 -0.013312152 0.049564786 0.002060424 0.998680055
1341846314.558292 0.196066082 0.024389194 0.015817694 -0.013874720 0.051171757 0.002836101 0.998589456
1341846314.594085 0.206198722 0.020625159 0.022703109 -0.012873488 0.054726359 0.002863429 0.998414278
1341846314.626096 0.209348753 0.021247795 0.010283159 -0.012590171 0.059499051 0.004021213 0.998140872
1341846314.658455 0.213066429 0.024724254 0.013095472 -0.013948022 0.061709877 0.002854274 0.997992575
1341846314.694004 0.222840652 0.011435946 0.022630975 -0.015101398 0.064762898 0.001601712 0.997785091
1341846314.725910 0.221352026 0.004762858 0.027918756 -0.012003811 0.068254150 0.006935676 0.997571647
1341846314.761942 0.224261388 0.002061249 0.007830570 -0.008671558 0.069405742 0.010323904 0.997497439
1341846314.794030 0.243756995 0.009504547 0.012079682 -0.004738411 0.069364086 0.012953499 0.997496068
1341846314.826092 0.248027012 0.010540670 0.009090152 -0.002644556 0.073698401 0.013472577 0.997186065
1341846314.862145 0.267239273 0.024693385 0.013416678 -0.001424258 0.075695992 0.014613051 0.997022867
1341846314.894072 0.272847563 0.022758385 0.016692016 -0.002108820 0.079349913 0.016971892 0.996700108
1341846314.925969 0.278921783 0.027518895 0.014983639 -0.001562495 0.081569135 0.021807106 0.996427834
1341846314.961937 0.275636047 0.037377924 0.013588574 -0.003440754 0.083143778 0.025031837 0.996217191
1341846314.994564 0.284615844 0.035224378 0.021647681 -0.007199203 0.083592363 0.024330158 0.996176958
1341846315.029900 0.308251739 0.021343224 0.015937470 -0.008775888 0.085067041 0.023081128 0.996069193
1341846315.061965 0.306624174 0.019285168 0.012549806 -0.009657065 0.088179141 0.026697017 0.995700002
1341846315.094388 0.311834008 0.017619813 0.020400248 -0.009572491 0.086995102 0.028176172 0.995764196
1341846315.129851 0.317652673 0.020362446 0.014158830 -0.007286694 0.086893953 0.026503546 0.995838284
1341846315.161941 0.310608119 0.037573464 0.001752630 -0.008104352 0.087655030 0.028410600 0.995712698
1341846315.197984 0.314419478 0.035347763 0.012093168 -0.015190923 0.085381970 0.025500976 0.995906055
1341846315.230076 0.315554589 0.029121988 0.014991231 -0.019178778 0.084892407 0.020248622 0.995999694
1341846315.262069 0.318885416 0.034253266 0.023933720 -0.021661695 0.082190044 0.024013512 0.996091843
1341846315.298000 0.324499846 0.027921602 0.025553390 -0.023829302 0.078209154 0.025476005 0.996326506
1341846315.329931 0.332435608 0.031139584 0.029899925 -0.019704849 0.076178260 0.027106138 0.996530890
1341846315.361981 0.334627151 0.028438367 0.026803076 -0.014984906 0.075955309 0.029078880 0.996574461
1341846315.397962 0.353781492 0.022715077 0.025083426 -0.012887435 0.074698381 0.034197159 0.996536314
1341846315.429923 0.354221821 0.024928240 0.024054706 -0.009752849 0.077127971 0.035224307 0.996351004
1341846315.466047 0.364282638 0.035213117 0.022035472 -0.007869571 0.080104768 0.036249448 0.996096015
1341846315.497883 0.358283877 0.033118211 0.024085611 -0.009116733 0.084276639 0.040280681 0.995586157
1341846315.530008 0.364760876 0.033727966 0.021856192 -0.009075938 0.084960654 0.041700169 0.995469928
1341846315.566108 0.374398351 0.038637493 0.017400518 -0.009411871 0.084970728 0.042586744 0.995428443
1341846315.597986 0.373997986 0.039219815 0.021104932 -0.009372110 0.086509503 0.041745026 0.995331943
1341846315.630109 0.379173160 0.037299979 0.020718522 -0.009661516 0.087149538 0.040923543 0.995307446
1341846315.666042 0.379280239 0.041829865 0.011489078 -0.010037398 0.088800810 0.040371921 0.995180249
1341846315.698114 0.398347020 0.049032040 0.004796989 -0.014028857 0.090030991 0.041870452 0.994959533
1341846315.733985 0.382366717 0.030336346 0.019257516 -0.018665686 0.095134534 0.043371424 0.994343996
1341846315.766041 0.378327042 0.027561400 0.007008106 -0.018798426 0.092736743 0.045533013 0.994471371
1341846315.798188 0.376187116 0.038451005 0.020764031 -0.018898774 0.092241116 0.039807472 0.994761169
1341846315.834140 0.372065037 0.022484649 0.020553477 -0.019852901 0.094917767 0.039184116 0.994515479
1341846315.866751 0.362398744 0.021407694 0.011912458 -0.017481688 0.097531073 0.038298462 0.994341671
1341846315.898492 0.365033090 0.021180687 0.019467168 -0.016306717 0.097441040 0.038392868 0.994366825
1341846315.936901 0.366923034 0.015072588 0.026343055 -0.013911637 0.098992117 0.036209434 0.994331896
1341846315.966572 0.359677374 0.013927109 0.019432098 -0.010487068 0.100863680 0.036007285 0.994193137
1341846316.034204 0.344184667 0.012673598 0.019815847 -0.006733635 0.101635054 0.033588797 0.994231761
1341846316.066113 0.333326459 0.011656014 0.017676763 -0.004643602 0.101676337 0.034272958 0.994216144
1341846316.101867 0.325562865 0.013730436 0.013381109 -0.002996677 0.100679614 0.036257159 0.994253516
1341846316.134066 0.311801195 0.022633890 0.012855053 -0.002796290 0.098642252 0.031966407 0.994605482
1341846316.202049 0.296109766 0.012013590 0.013437342 -0.003452140 0.094486900 0.027483467 0.995140672
1341846316.233979 0.293177009 0.011357662 0.002478816 -0.003111875 0.093191490 0.025755670 0.995310187
1341846316.270052 0.292811215 0.010855615 0.003579367 -0.004463302 0.093741752 0.023269122 0.995314538
1341846316.301915 0.290979892 0.007524587 0.011960838 -0.004323256 0.094269522 0.021799108 0.995298624
1341846316.334208 0.269924492 0.002749280 0.021249332 -0.003116838 0.095226631 0.022819495 0.995189130
1341846316.370006 0.276595503 0.003469937 0.023497324 -0.000989019 0.092430629 0.023928028 0.995431066
1341846316.401994 0.263358384 0.008815492 0.017519608 0.001436209 0.092763759 0.026127702 0.995344222
1341846316.438069 0.273783386 0.006612530 0.023066834 0.003486371 0.090180643 0.029729586 0.995475471
1341846316.470076 0.241357237 -0.006307231 0.020309653 0.006261185 0.093298741 0.030198038 0.995160401
1341846316.502034 0.236379609 0.013132055 0.007409722 0.010657130 0.090307668 0.031701416 0.995352149
1341846316.537975 0.226970136 0.014158498 0.005973380 0.007673214 0.087734908 0.029648816 0.995672941
1341846316.570121 0.222453371 0.000652678 0.011856925 0.006104492 0.087588921 0.026509475 0.995785236
1341846316.601885 0.211845517 -0.003764019 0.012990825 0.007887450 0.087503999 0.025650987 0.995802641
1341846316.638009 0.204255134 -0.001099738 0.009694394 0.011095887 0.085984901 0.027095644 0.995866120
1341846316.669925 0.199953377 -0.008646982 0.011077169 0.012472457 0.085130632 0.026283285 0.995944977
1341846316.705941 0.190435931 -0.011951950 0.006565992 0.016568836 0.085765734 0.027299533 0.995803416
1341846316.738062 0.179293498 -0.001365511 -0.000405394 0.020010171 0.085486606 0.029846981 0.995691121
1341846316.770433 0.173306689 0.002943573 -0.000313096 0.019409075 0.084512062 0.030041751 0.995780349
1341846316.805932 0.157521173 -0.008585102 0.003345173 0.018809805 0.085707262 0.027998528 0.995749235
1341846316.838029 0.160322860 0.002735562 0.014301993 0.021765320 0.083144099 0.031404726 0.995804727
1341846316.870034 0.148235649 -0.003881075 0.013866879 0.021568358 0.080193810 0.032662179 0.996010482
1341846316.906344 0.140984222 -0.007022989 0.006211076 0.022297829 0.077267610 0.031577710 0.996260703
1341846316.937940 0.133253157 -0.003736537 0.002645941 0.022599181 0.076208726 0.028758993 0.996420801
1341846316.973994 0.125850424 -0.002850643 0.006993309 0.021832000 0.074410774 0.028873201 0.996570468
1341846317.005913 0.120054565 -0.002357168 0.009894041 0.020846099 0.071447164 0.029337609 0.996794879
1341846317.037936 0.112752624 -0.005867456 0.012019304 0.020990333 0.069210760 0.027893094 0.996991098
1341846317.073972 0.111794926 -0.006159309 0.008461563 0.022192340 0.066774137 0.029887857 0.997073412
1341846317.106113 0.104313195 -0.010961756 0.012415392 0.024283031 0.065476522 0.033859577 0.996983767
1341846317.137887 0.085495979 -0.007621583 0.015680540 0.027443038 0.060632855 0.036346581 0.997120559
1341846317.173970 0.075663745 -0.011583232 0.004319538 0.028096557 0.053843658 0.038285617 0.997419536
1341846317.205887 0.068141349 -0.012230352 0.010897581 0.028077818 0.051275566 0.038932014 0.997530341
1341846317.248131 0.064258739 -0.018682670 0.010623613 0.028638124 0.048167311 0.041331172 0.997572839
1341846317.306289 0.052409872 -0.014364656 0.017299658 0.030579422 0.042244930 0.044710558 0.997637808
1341846317.348137 0.044818148 -0.018634139 0.014468620 0.031313330 0.043564122 0.044606686 0.997563004
1341846317.410120 0.032642778 -0.009716002 0.020298367 0.034169752 0.042989694 0.051751267 0.997148991
1341846317.442569 0.028041437 -0.017678382 0.016997874 0.036272198 0.043253340 0.054079328 0.996939778
1341846317.474010 0.016036630 -0.015020050 0.018331975 0.042119198 0.044517782 0.056337204 0.996529102
1341846317.509927 0.009300858 -0.013278797 0.020598248 0.044691183 0.042050675 0.060070768 0.996306121
1341846317.542282 0.001550742 -0.011466023 0.020991020 0.044045579 0.039449599 0.060736250 0.996400952
1341846317.573943 -0.005638288 -0.017414391 0.015331235 0.043405797 0.040970784 0.059626725 0.996434629
1341846317.610159 -0.013054871 -0.021085601 0.017252669 0.045901157 0.043062232 0.060156345 0.996202767
1341846317.643553 -0.029996427 -0.017295731 0.020947943 0.048287626 0.043036763 0.062149975 0.995968640
1341846317.677993 -0.041708447 -0.021343775 0.019155316 0.048792653 0.040316880 0.064557962 0.995904624
1341846317.709996 -0.046952419 -0.018152758 0.026565200 0.051800068 0.037917644 0.064130537 0.995874584
1341846317.741834 -0.050327986 -0.010290259 0.021635711 0.052569348 0.036230758 0.064881437 0.995848477
1341846317.777923 -0.056390371 -0.011678129 0.026912341 0.050659847 0.034957845 0.063727602 0.996067405
1341846317.810021 -0.072019622 -0.013593384 0.028116567 0.050266027 0.034243740 0.061452843 0.996255100
1341846317.841886 -0.073437683 -0.007624793 0.027879661 0.050123613 0.032649007 0.060339294 0.996383905
1341846317.878017 -0.085812017 -0.007692785 0.024676180 0.047805503 0.032991614 0.055880088 0.996746540
1341846317.909910 -0.087177023 -0.012203634 0.029540816 0.046536442 0.033878218 0.052172083 0.996977806
1341846317.946031 -0.099277101 -0.016286450 0.030590102 0.047395200 0.035251070 0.054216370 0.996780634
1341846317.978041 -0.109642714 -0.021944279 0.030279238 0.049065910 0.034100104 0.053648680 0.996770561
1341846318.009897 -0.113040276 -0.017132847 0.031011719 0.051792413 0.034308676 0.051745132 0.996726096
1341846318.045949 -0.125031173 -0.010334926 0.028939769 0.052523185 0.035613824 0.050754864 0.996693015
1341846318.078074 -0.141462266 -0.013088979 0.029337298 0.051502541 0.034932505 0.048789099 0.996868491
1341846318.109894 -0.150404245 -0.014292581 0.026699308 0.051128436 0.031035248 0.046626914 0.997120142
1341846318.145957 -0.152613059 -0.012274450 0.028187651 0.050598592 0.028536744 0.043731913 0.997353017
1341846318.178001 -0.157224849 -0.014622136 0.037203863 0.049874887 0.028826509 0.041857909 0.997461498
1341846318.214074 -0.167604536 -0.017715346 0.018975377 0.049869150 0.026235076 0.040095005 0.997605681
1341846318.245970 -0.172658414 -0.023784006 0.024277119 0.052565988 0.020260535 0.041462176 0.997550607
1341846318.278018 -0.184458852 -0.024570499 0.023028875 0.056339186 0.016438777 0.041146621 0.997428000
1341846318.313937 -0.189787716 -0.017753160 0.024155745 0.058779523 0.009786406 0.040778797 0.997389734
1341846318.345989 -0.203765526 -0.013620854 0.064419769 0.061211076 0.001173362 0.040039562 0.997320771
1341846318.382046 -0.214071408 -0.024529271 0.059963264 0.062127363 -0.004769110 0.038783357 0.997303009
1341846318.414072 -0.228093699 -0.027572472 0.057306089 0.063366629 -0.010494871 0.039284565 0.997161567
1341846318.446035 -0.228345469 -0.027534656 0.059431545 0.065799080 -0.017257795 0.039560124 0.996899009
1341846318.482196 -0.243562728 -0.027456392 0.048038732 0.066855259 -0.018618017 0.038681980 0.996838748
1341846318.514144 -0.252566546 -0.030285098 0.036182951 0.066708386 -0.020062624 0.040179454 0.996761262
1341846318.546259 -0.259176880 -0.034553826 0.041335315 0.067906275 -0.021056345 0.039472975 0.996688128
1341846318.582042 -0.269027889 -0.030691672 0.036681656 0.069469020 -0.020696450 0.039148662 0.996600747
1341846318.614115 -0.278474092 -0.029445499 0.034698434 0.069280557 -0.020999588 0.038791455 0.996621490
1341846318.650038 -0.283566952 -0.030185563 0.031202322 0.068829708 -0.022035496 0.036018323 0.996734440
1341846318.682350 -0.297037601 -0.031655155 0.030129023 0.068352953 -0.021763969 0.033888761 0.996847928
1341846318.714063 -0.307102889 -0.030685302 0.033067185 0.067951046 -0.022552529 0.032902766 0.996890903
1341846318.749905 -0.315098256 -0.034522865 0.032025680 0.068688668 -0.022317681 0.034709603 0.996784329
1341846318.782036 -0.329267621 -0.034761783 0.029811356 0.070262484 -0.022656685 0.036285616 0.996610820
1341846318.814121 -0.338865370 -0.023538006 0.011725508 0.070551269 -0.028941449 0.035906360 0.996441483
1341846318.850072 -0.349779546 -0.033138528 0.008084400 0.070435189 -0.034886103 0.034474764 0.996309876
1341846318.883516 -0.368898183 -0.029908305 0.020351991 0.073843703 -0.041778062 0.033115260 0.995843887
1341846318.918047 -0.368786305 -0.035569131 0.004210278 0.076747358 -0.054668788 0.030654697 0.995078623
1341846318.950044 -0.368360519 -0.039017331 0.013455696 0.078500465 -0.064226612 0.028692771 0.994429171
1341846318.982028 -0.384987831 -0.037775587 0.000796732 0.079888441 -0.066419736 0.023807677 0.994303465
1341846319.018123 -0.409383893 -0.035192374 0.000184610 0.079529040 -0.070633277 0.024035517 0.994036376
1341846319.050745 -0.406741709 -0.046172410 0.014667399 0.080357932 -0.078154370 0.023413312 0.993421495
1341846319.081905 -0.400223911 -0.037148267 0.019322678 0.086722538 -0.078874514 0.021668032 0.992868841
1341846319.117976 -0.424890131 -0.032231301 0.003585927 0.089264587 -0.076765135 0.026453443 0.992692828
1341846319.150093 -0.428287268 -0.037924372 0.004763521 0.090329923 -0.081588380 0.034061093 0.991979659
1341846319.186069 -0.422238350 -0.025420755 0.001291223 0.092673443 -0.083433419 0.034178752 0.991605878
1341846319.218149 -0.421903312 -0.005090947 0.002667457 0.090803489 -0.079099536 0.032696605 0.992183864
1341846319.250034 -0.442945570 -0.007584387 0.006526977 0.084892325 -0.071781076 0.031112080 0.993314028
1341846319.286594 -0.452847153 -0.011593090 0.007922977 0.082447834 -0.068363659 0.034680009 0.993642807
1341846319.318034 -0.458713293 -0.015187818 0.009502795 0.083525203 -0.068323076 0.038023669 0.993433297
1341846319.350268 -0.470156252 -0.025430929 0.017339062 0.083625108 -0.067893423 0.044648848 0.993178606
1341846319.386163 -0.488004625 -0.030723026 0.023040593 0.084955186 -0.071914159 0.052291311 0.992409408
1341846319.418386 -0.476740181 -0.028421653 0.015033282 0.085708208 -0.078513108 0.054282673 0.991737425
1341846319.453961 -0.478817016 -0.022944195 0.019591987 0.086729534 -0.080583625 0.050911404 0.991661370
1341846319.486271 -0.486629993 -0.024346258 0.008058935 0.085187800 -0.080960929 0.051717918 0.991722584
1341846319.554083 -0.509999216 -0.025478281 0.029190652 0.080516189 -0.086524554 0.048688892 0.991796374
1341846319.586296 -0.523543835 -0.025831731 0.020540856 0.080854267 -0.085453570 0.044831850 0.992043495
1341846319.622031 -0.538430035 -0.029620789 0.001760438 0.078758210 -0.088734187 0.042763963 0.992015421
1341846319.653962 -0.542847991 -0.036226030 0.017678678 0.077890538 -0.093934759 0.041068230 0.991676688
1341846319.686352 -0.553361475 -0.035520650 0.014787510 0.080040388 -0.097301356 0.041964546 0.991143227
1341846319.721992 -0.561959803 -0.029002175 0.007534027 0.081132106 -0.101082690 0.042230166 0.990664661
1341846319.754063 -0.570710063 -0.016568134 0.003988206 0.078745142 -0.102890566 0.041192014 0.990714848
1341846319.786397 -0.569815040 -0.020956038 0.012572631 0.074018613 -0.103536978 0.045809165 0.990809202
1341846319.822008 -0.576166272 -0.019996876 0.010842353 0.070989624 -0.104212299 0.049937539 0.990760565
1341846319.853917 -0.580149889 -0.018851804 0.008331634 0.066108428 -0.105235204 0.053738039 0.990791321
1341846319.889942 -0.584294915 -0.029141327 0.019409671 0.062237173 -0.105972454 0.058958307 0.990666568
1341846319.922039 -0.595587671 -0.037137605 0.011526033 0.061396245 -0.109732106 0.060239103 0.990232587
1341846319.953946 -0.592681825 -0.035580195 0.026927799 0.062358182 -0.116265021 0.056046586 0.989673018
1341846319.990054 -0.590671837 -0.036472376 0.019571379 0.064979240 -0.119504109 0.049517263 0.989466786
1341846320.028122 -0.593283415 -0.037501443 0.012877092 0.066880390 -0.123229750 0.048702646 0.988923430
1341846320.090047 -0.577804625 -0.027084719 0.022209272 0.072905347 -0.131354362 0.048917305 0.987440109
1341846320.122011 -0.568276227 -0.026487615 0.019457370 0.073480323 -0.129464865 0.049821422 0.987601817
1341846320.157952 -0.563455701 -0.030664142 0.022381008 0.073514558 -0.126502126 0.050601926 0.987943411
1341846320.190003 -0.543029785 -0.033290967 0.032352984 0.076504104 -0.124258518 0.048918918 0.988085985
1341846320.221941 -0.540026486 -0.036743023 0.027863808 0.079987958 -0.120640516 0.050838545 0.988161504
1341846320.258015 -0.532990038 -0.038626641 0.021679699 0.084153213 -0.119506739 0.052366797 0.987873495
1341846320.289887 -0.523497820 -0.049675748 0.025590271 0.088760652 -0.120733328 0.053948149 0.987235844
1341846320.321954 -0.509967625 -0.045662168 0.022205994 0.097791769 -0.122132249 0.053753309 0.986220598
1341846320.357890 -0.495873213 -0.036255520 0.031599253 0.103437223 -0.122161001 0.055302039 0.985555232
1341846320.390064 -0.486831307 -0.031846758 0.053816088 0.105730332 -0.119048886 0.054483499 0.985738277
1341846320.426544 -0.449998140 -0.037009846 0.060669027 0.108155861 -0.112628564 0.051014647 0.986415029
1341846320.458122 -0.448882163 -0.042546861 0.054312989 0.108259067 -0.105239540 0.049062878 0.987318337
1341846320.490186 -0.440144241 -0.049144853 0.038619697 0.111341640 -0.097252227 0.048310719 0.987831533
1341846320.525911 -0.403198421 -0.042477310 0.023727573 0.115259491 -0.090340480 0.046240889 0.988137484
1341846320.558091 -0.360149652 -0.037037041 -0.000655897 0.116480485 -0.088096522 0.041768339 0.988396049
1341846320.594093 -0.385281414 -0.045296751 0.010063604 0.117558889 -0.081769757 0.037946805 0.988965929
1341846320.631955 -0.400609910 -0.040383779 0.015345193 0.120925270 -0.072488755 0.036343731 0.989344060
1341846320.664916 -0.396713167 -0.032609254 0.023815598 0.121242218 -0.070210665 0.035144318 0.989512801
1341846320.699927 -0.357778877 -0.034036063 0.042876624 0.121037401 -0.068943061 0.034575645 0.989647090
1341846320.731822 -0.349998295 -0.024968226 0.037335046 0.123815455 -0.061072439 0.033146251 0.989869297
1341846320.763877 -0.352795810 -0.003415670 0.026947290 0.122297816 -0.059946578 0.034858167 0.990067959
1341846320.799999 -0.338445783 -0.026001520 0.030507248 0.113842621 -0.061300293 0.029571151 0.991164863
1341846320.831871 -0.290227145 -0.026551249 0.022826247 0.116184942 -0.051381323 0.025676731 0.991565287
1341846320.863887 -0.324567616 -0.006318447 0.030546876 0.115791924 -0.041177705 0.025214661 0.992099226
1341846320.900014 -0.313702673 -0.032055065 0.027924396 0.106758043 -0.047284771 0.031470440 0.992661297
1341846320.931889 -0.283492535 -0.041981600 0.020223562 0.107421830 -0.048040055 0.030262874 0.992590964
1341846320.967866 -0.286947548 -0.012966668 0.027243957 0.108653076 -0.041854840 0.026693597 0.992839456
1341846321.000017 -0.283528984 -0.021553598 0.030553633 0.101909652 -0.041440513 0.024958951 0.993616700
1341846321.031860 -0.266324371 -0.033451073 0.021879293 0.099214181 -0.041255154 0.023417564 0.993934691
1341846321.068047 -0.257517695 -0.025867421 0.024113076 0.100082025 -0.037823815 0.020528445 0.994047999
1341846321.099840 -0.252652287 -0.026921641 0.022871165 0.097560316 -0.036486313 0.021684423 0.994324088
1341846321.131821 -0.233507872 -0.038230263 0.022031061 0.097352795 -0.035399914 0.022937478 0.994355619
1341846321.167887 -0.221056476 -0.032609761 0.031962145 0.100341700 -0.031491511 0.023612723 0.994174182
1341846321.200042 -0.215476736 -0.028158765 0.032106418 0.100725867 -0.029005799 0.023353757 0.994217038
1341846321.231950 -0.206449702 -0.036182340 0.027626079 0.099596113 -0.028107285 0.022013701 0.994387269
1341846321.267939 -0.188107118 -0.029249799 0.023976356 0.100500807 -0.026599566 0.017179711 0.994432926
1341846321.299948 -0.181450486 -0.031817582 0.030166619 0.099234849 -0.022133416 0.011342506 0.994753182
1341846321.331858 -0.180550396 -0.035624385 0.031250026 0.099159911 -0.018900523 0.007474063 0.994863927
1341846321.367913 -0.154398337 -0.043359600 0.030999111 0.100087620 -0.017492888 0.004017903 0.994816720
1341846321.399897 -0.151908040 -0.041470528 0.025585543 0.102008328 -0.011886802 0.002758929 0.994708717
1341846321.435994 -0.149621397 -0.043930456 0.032273706 0.103464752 -0.008189248 0.001706357 0.994597912
1341846321.467946 -0.137718275 -0.043180857 0.035149332 0.105369128 -0.006099772 0.002764121 0.994410574
1341846321.499882 -0.126075372 -0.041605208 0.037008557 0.106969483 -0.003493312 0.002919712 0.994251847
1341846321.536109 -0.104446009 -0.033847760 0.024167331 0.106881000 0.000851788 0.000726367 0.994271159
1341846321.568960 -0.109596059 -0.025462244 0.043302998 0.104240425 0.008339648 -0.002535447 0.994513869
1341846321.603938 -0.108892858 -0.032500789 0.042904254 0.100567482 0.011222972 -0.002695882 0.994863272
1341846321.637163 -0.062932514 -0.025570707 0.018574784 0.098333962 0.013384618 -0.002313356 0.995060742
1341846321.668306 -0.082195416 -0.019949857 0.050450783 0.094688229 0.024337186 -0.000704338 0.995209157
1341846321.704411 -0.097589239 -0.025051754 0.056822445 0.091160260 0.026851414 0.007512498 0.995445788
1341846321.736861 -0.086558007 -0.022675138 0.058187969 0.090237632 0.024055582 0.015446383 0.995509863
1341846321.771881 -0.075575404 -0.011065152 0.048467398 0.087976113 0.023959791 0.019770198 0.995638132
1341846321.804114 -0.064533256 -0.016119821 0.052548241 0.083252497 0.025715597 0.023580449 0.995917499
1341846321.836152 -0.065881997 -0.008940723 0.056135189 0.080835074 0.028517909 0.023363955 0.996045470
1341846321.871882 -0.055369820 0.000950230 0.055127565 0.076188937 0.029160209 0.021779612 0.996428847
1341846321.904074 -0.048678864 -0.003826238 0.056609862 0.069440834 0.030298142 0.018784227 0.996948898
1341846321.939847 -0.049627598 -0.008968770 0.056885984 0.064889193 0.033990815 0.015347698 0.997195303
1341846322.004094 -0.054302968 -0.013833180 0.058812056 0.057786740 0.032216817 0.015229448 0.997692704
1341846322.066178 -0.039514776 -0.020379638 0.064629771 0.052868795 0.036780365 0.011982610 0.997851968
1341846322.107979 -0.041432690 -0.035247717 0.066307664 0.050077304 0.038861983 0.010869508 0.997929752
1341846322.166164 -0.040959667 -0.055677816 0.065609708 0.053036254 0.038574625 0.010757824 0.997789264
1341846322.202932 -0.039176226 -0.061282638 0.063093960 0.054279797 0.036092702 0.011032092 0.997812271
1341846322.234093 -0.037655212 -0.063807406 0.059919141 0.053344306 0.034550022 0.009084319 0.997936964
1341846322.265941 -0.038147934 -0.074958347 0.056466427 0.050579224 0.031495251 0.010340347 0.998169720
1341846322.301996 -0.029669311 -0.090762153 0.056278054 0.048321038 0.029342614 0.010946702 0.998340726
1341846322.333949 -0.039305858 -0.101284198 0.063054278 0.047765769 0.028023340 0.010478077 0.998410344
1341846322.369871 -0.029295571 -0.115582868 0.066035122 0.048330627 0.022004629 0.007690735 0.998559356
1341846322.402292 -0.018221997 -0.130054116 0.064080909 0.050095562 0.023064991 0.001107488 0.998477459
1341846322.433955 -0.032301482 -0.159292534 0.071572103 0.054553222 0.025567936 -0.003872887 0.998175919
1341846322.470030 -0.030905353 -0.156716242 0.074785918 0.063938618 0.020970758 0.000005707 0.997733474
1341846322.502433 -0.019034447 -0.178929016 0.071386695 0.068918712 0.017188650 0.003099985 0.997469366
1341846322.534002 -0.012773055 -0.195068970 0.063508324 0.076765567 0.016749190 0.004332102 0.996899068
1341846322.570196 -0.017294243 -0.201010048 0.078654632 0.087202124 0.016642757 0.006412708 0.996030986
1341846322.601920 -0.019777022 -0.206622258 0.064086944 0.092030674 0.013939637 0.011102909 0.995596647
1341846322.638119 -0.005132511 -0.219390854 0.069271579 0.097595796 0.009866925 0.010262755 0.995124280
1341846322.669947 0.004795092 -0.227535218 0.066837162 0.102027029 0.012719794 0.009469331 0.994655252
1341846322.702026 -0.007196892 -0.241298363 0.065478384 0.104431175 0.015047977 0.011933954 0.994346678
1341846322.738006 -0.004418036 -0.237630397 0.066482961 0.106475309 0.012305256 0.012975139 0.994154513
1341846322.770087 0.003947442 -0.256758422 0.074170500 0.106138557 0.012612832 0.012564228 0.994192004
1341846322.806047 -0.006044494 -0.268635541 0.071951151 0.109712124 0.013073530 0.013958897 0.993779361
1341846322.838063 -0.010508582 -0.274954587 0.068258628 0.111724690 0.008762526 0.015972493 0.993572176
1341846322.870081 -0.003693945 -0.288013488 0.081349283 0.113450117 0.003311545 0.017395455 0.993385851
1341846322.906018 0.009988571 -0.291169673 0.081924230 0.118517205 0.001181518 0.017494194 0.992797196
1341846322.938349 0.006178318 -0.274779856 0.087695926 0.120140806 0.002500200 0.018456580 0.992582142
1341846322.970069 0.009254936 -0.281493545 0.083493814 0.114883557 0.001992452 0.020582825 0.993163705
1341846323.011820 0.012337728 -0.295363992 0.092684552 0.112307988 0.002211107 0.021011420 0.993448853
1341846323.073951 0.010470012 -0.295286566 0.094045900 0.109819740 0.002043049 0.025211347 0.993629694
1341846323.105962 0.013370819 -0.315984368 0.096245803 0.106252395 0.001946477 0.025301015 0.994015396
1341846323.138158 0.013797856 -0.316475451 0.097280681 0.107057862 0.001962092 0.021758409 0.994012773
1341846323.174092 0.010923369 -0.317796737 0.090860456 0.104993120 0.001818291 0.020777130 0.994254231
1341846323.206059 0.018280024 -0.325595796 0.090997383 0.102053627 0.000892028 0.017935203 0.994616807
1341846323.238053 0.021187508 -0.327693790 0.091531023 0.099514835 0.003878936 0.015677512 0.994904995
1341846323.273997 0.002307588 -0.330541998 0.091804698 0.095733277 0.005228215 0.016310714 0.995259643
1341846323.305946 0.012661759 -0.339807153 0.092865035 0.090079114 0.000333409 0.018023409 0.995771468
1341846323.342027 0.036609318 -0.359296888 0.097756863 0.087935612 0.001013968 0.016162209 0.995994508
1341846323.374048 0.015533168 -0.363709569 0.098729447 0.088299148 0.005737293 0.016975179 0.995932817
1341846323.405987 0.001360723 -0.370716542 0.090414524 0.088423409 0.002344531 0.021873467 0.995840073
1341846323.441956 0.017150855 -0.385677040 0.096703216 0.089073025 -0.002829102 0.024946416 0.995708644
1341846323.473878 0.021639915 -0.397063613 0.092210606 0.093026645 -0.001469415 0.022802019 0.995401382
1341846323.506129 0.014249529 -0.390278518 0.090487316 0.095940635 -0.001183045 0.020796780 0.995169103
1341846323.541972 0.024810800 -0.391961962 0.091790780 0.094373301 -0.001898636 0.018857561 0.995356441
1341846323.573913 0.051016375 -0.407861739 0.087378740 0.093124427 0.000708177 0.013821119 0.995558262
1341846323.609927 0.031742372 -0.408878773 0.087144017 0.094201513 0.008188461 0.009524232 0.995473981
1341846323.642014 0.018738857 -0.416849077 0.087621950 0.093204997 0.010268468 0.010225678 0.995541453
1341846323.674081 0.014592281 -0.430713654 0.087756395 0.092981122 0.008945114 0.012177131 0.995553195
1341846323.710069 0.018290583 -0.452192008 0.080230661 0.093732961 0.007424144 0.016646709 0.995430529
1341846323.742111 0.016306251 -0.457689971 0.086715229 0.098441839 0.005606483 0.017340044 0.994975924
1341846323.774928 0.017540511 -0.452906042 0.085061640 0.102115631 0.003344500 0.014489966 0.994661331
1341846323.810012 0.021267528 -0.458858639 0.083329707 0.103435479 0.001967117 0.010849284 0.994575024
1341846323.842207 0.022405043 -0.464283794 0.078802377 0.104659379 0.002031185 0.006396919 0.994485497
1341846323.878019 0.013982374 -0.478706837 0.070889570 0.105071776 0.001858057 0.001795766 0.994461298
1341846323.909826 0.016138930 -0.488033235 0.077426672 0.108391635 -0.000056831 -0.002518524 0.994105041
1341846323.942459 0.013655649 -0.486944020 0.075799100 0.112275839 -0.000032653 -0.002832841 0.993673027
1341846323.978055 0.004764172 -0.490805894 0.075180866 0.114716068 -0.002456993 -0.001540578 0.993394077
1341846324.015934 0.018335199 -0.492269784 0.072844803 0.118345499 -0.005338145 -0.000993811 0.992957652
1341846324.047722 0.022395940 -0.484246105 0.074445866 0.121979773 -0.004000074 -0.001981469 0.992522538
1341846324.083904 0.020406116 -0.469056904 0.076078482 0.122687571 -0.002443553 -0.002760345 0.992438495
1341846324.115968 0.024907408 -0.471092373 0.071849816 0.120105714 -0.000928338 -0.004552872 0.992750227
1341846324.151967 0.030977966 -0.467357874 0.065456748 0.119462080 0.001601556 -0.008330854 0.992802501
1341846324.183941 0.018047949 -0.448652893 0.075351894 0.117547318 0.006639757 -0.013061303 0.992959201
1341846324.219984 0.014656423 -0.444552332 0.078805245 0.113159098 0.008342771 -0.011280142 0.993477821
1341846324.251968 0.012415892 -0.447635710 0.082451805 0.112454630 0.008511630 -0.011658161 0.993552029
1341846324.284052 0.009996620 -0.435881734 0.081251420 0.113055088 0.007842800 -0.012556902 0.993478417
1341846324.319880 0.006524600 -0.419069290 0.071468428 0.111977324 0.004581995 -0.013233462 0.993612051
1341846324.351917 0.008954935 -0.404276460 0.081686571 0.108899795 0.001014717 -0.014007811 0.993953526
1341846324.388001 0.017843602 -0.395744532 0.081183970 0.104684852 0.000684304 -0.017924709 0.994343638
1341846324.419908 0.009148701 -0.380985826 0.088066243 0.100444794 0.003620743 -0.020980839 0.994714797
1341846324.452027 0.007298439 -0.383516729 0.088532008 0.095432721 0.003840017 -0.021292914 0.995200694
1341846324.487928 0.007291955 -0.377295703 0.083883755 0.093633741 0.003303844 -0.018816082 0.995423377
1341846324.519985 -0.003441856 -0.364674866 0.095337898 0.092633858 0.001415373 -0.014017650 0.995600522
1341846324.556001 -0.005127803 -0.345817208 0.089808404 0.091225781 -0.003472130 -0.009540555 0.995778441
1341846324.587888 -0.001715328 -0.334938228 0.092041045 0.087730519 -0.006742545 -0.007462547 0.996093452
1341846324.620086 0.000365558 -0.333821088 0.095883191 0.085551098 -0.009731374 -0.010653469 0.996229291
1341846324.655955 0.003476577 -0.316562265 0.096359044 0.084638715 -0.010715351 -0.011357717 0.996289372
1341846324.688082 -0.000401288 -0.316716015 0.097161271 0.083627492 -0.010205678 -0.010342911 0.996391118
1341846324.755922 -0.014507093 -0.286276698 0.079123065 0.084875919 -0.012611533 -0.007187530 0.996285796
1341846324.814016 0.005569601 -0.241701365 0.095949396 0.081242427 -0.019884419 -0.009870283 0.996447146
1341846324.849979 -0.007102144 -0.233394220 0.111619294 0.075459741 -0.016057970 -0.012294628 0.996943772
1341846324.881924 -0.016012313 -0.230614573 0.116612956 0.072369114 -0.016905665 -0.012682457 0.997153997
1341846324.913902 -0.009536564 -0.226613134 0.107577391 0.071017087 -0.018654721 -0.009643232 0.997254014
1341846324.949999 -0.013385782 -0.230866700 0.111207336 0.071023583 -0.018492335 -0.006599173 0.997281373
1341846324.981922 -0.023992617 -0.224491253 0.111086830 0.075527534 -0.020759493 -0.002788482 0.996923685
1341846325.018013 -0.023844302 -0.208259821 0.107039586 0.079978950 -0.025690770 -0.000935037 0.996464968
1341846325.050079 -0.022802245 -0.193047732 0.101830319 0.082095809 -0.030964492 -0.001663425 0.996141911
1341846325.081901 -0.022557162 -0.173373520 0.105887316 0.081687614 -0.036190916 -0.003761341 0.995993555
1341846325.118531 -0.011724725 -0.155227259 0.104254998 0.077937424 -0.038204160 -0.005508973 0.996210754
1341846325.149933 -0.014827638 -0.156819433 0.111041158 0.072036222 -0.035771769 -0.007825696 0.996729612
1341846325.181925 -0.018160786 -0.154095426 0.108412385 0.068370126 -0.034519389 -0.004935588 0.997050464
1341846325.218055 -0.017560896 -0.145474136 0.115672976 0.065838061 -0.034628868 -0.000665047 0.997229040
1341846325.249811 -0.020585991 -0.138952002 0.113336682 0.063649967 -0.034485016 0.003095105 0.997371495
1341846325.285925 -0.017097807 -0.128033116 0.118113980 0.061259866 -0.035305209 0.006194429 0.997478008
1341846325.317988 -0.004181269 -0.130573347 0.118238263 0.058654081 -0.033592112 0.008541076 0.997676432
1341846325.349844 -0.009130573 -0.135547742 0.129535794 0.061163981 -0.028513944 0.010237550 0.997667849
1341846325.387302 -0.008658275 -0.123372167 0.126655817 0.066087537 -0.025863644 0.013175888 0.997391522
1341846325.417931 -0.004264875 -0.114852369 0.138732076 0.068944879 -0.020996371 0.016626213 0.997260928
1341846325.450747 0.002543092 -0.125974655 0.144860744 0.072668336 -0.013278941 0.018313982 0.997099578
1341846325.485954 -0.016720047 -0.099772885 0.142156541 0.082991645 -0.005021089 0.020097192 0.996334910
1341846325.517875 -0.011775776 -0.092224933 0.133464202 0.086227223 -0.002975029 0.022491496 0.996017098
1341846325.553859 -0.012387105 -0.084869966 0.138160273 0.089427195 0.000808218 0.021960283 0.995750904
1341846325.585855 -0.018746642 -0.066321254 0.136864483 0.092172273 0.004026899 0.020130424 0.995531380
1341846325.617990 -0.018024331 -0.047022860 0.126348108 0.089305803 0.005683361 0.019840056 0.995790362
1341846325.653982 -0.021018149 -0.064679794 0.131679013 0.085212775 0.007648001 0.016998930 0.996188402
1341846325.685819 -0.022641633 -0.060873650 0.131226942 0.090772115 0.009132749 0.018105319 0.995665193
1341846325.717857 -0.026303235 -0.048327275 0.134727940 0.095427945 0.010274759 0.025331734 0.995060861
1341846325.754083 -0.030248417 -0.049013417 0.136369735 0.098095007 0.010575651 0.029319400 0.994688809
1341846325.786087 -0.025068738 -0.040981650 0.134472519 0.104794227 0.010766184 0.030607786 0.993964434
1341846325.821856 -0.026672401 -0.021688212 0.147437528 0.109641753 0.012492851 0.031123549 0.993405223
1341846325.853827 -0.035477955 -0.014120482 0.151250347 0.110394821 0.013429130 0.034796551 0.993187726
1341846325.885958 -0.045868028 -0.001572477 0.151485220 0.111031808 0.011243007 0.040501017 0.992927551
1341846325.921984 -0.041021481 0.000312593 0.155404732 0.109658428 0.007107303 0.045074221 0.992921352
1341846325.953899 -0.030560968 0.004124101 0.154140890 0.112669505 0.007032981 0.046057068 0.992539585
1341846325.985823 -0.033732943 0.016724907 0.159893975 0.115535133 0.009918704 0.050797209 0.991954088
1341846326.021991 -0.037212417 0.018192519 0.157876551 0.118171200 0.010096260 0.056897022 0.991310418
1341846326.054055 -0.034681819 0.034381162 0.163929492 0.123829894 0.009264207 0.059655428 0.990465343
1341846326.089984 -0.028759066 0.050715517 0.157773152 0.126441494 0.010932145 0.059161831 0.990147948
1341846326.121822 -0.031997163 0.059764922 0.163925901 0.125887930 0.015292036 0.056825060 0.990297556
1341846326.154079 -0.037212078 0.061774578 0.170691147 0.126348361 0.017942483 0.055315953 0.990279913
1341846326.190178 -0.039178651 0.075164348 0.171810567 0.129141241 0.017442361 0.057991322 0.989775360
1341846326.222162 -0.041914787 0.093522355 0.176669747 0.128521144 0.015361888 0.064746268 0.989471674
1341846326.259181 -0.043393139 0.105144247 0.179764271 0.125554442 0.012945764 0.067711428 0.989688635
1341846326.322766 -0.040492255 0.127964944 0.183098763 0.118782036 0.012680860 0.066018663 0.990642011
1341846326.359773 -0.036404688 0.133567363 0.189787388 0.114536487 0.013923231 0.064475834 0.991226733
1341846326.392109 -0.033447556 0.122877568 0.192265213 0.112041868 0.015681781 0.066044413 0.991382301
1341846326.423985 -0.040619433 0.130151793 0.193618327 0.116767645 0.016991599 0.070337281 0.990519702
1341846326.459869 -0.046105247 0.150468245 0.200905278 0.119543716 0.014606815 0.074044302 0.989956260
1341846326.526163 -0.035598289 0.183869794 0.198257536 0.120128147 0.015640000 0.073167190 0.989934921
1341846326.560211 -0.034934703 0.188851506 0.206083894 0.114395298 0.019341502 0.073954128 0.990490019
1341846326.591828 -0.036775991 0.197608873 0.207305580 0.111528136 0.021460485 0.075532809 0.990654171
1341846326.627027 -0.035503261 0.205538988 0.209039122 0.111238882 0.023018401 0.074456297 0.990733266
1341846326.658442 -0.035054214 0.223401725 0.209898293 0.109340526 0.026804835 0.073587924 0.990914226
1341846326.694856 -0.045095563 0.232568592 0.210107118 0.105528161 0.030996060 0.073468968 0.991214097
1341846326.726206 -0.041888669 0.250925064 0.215463549 0.100201175 0.031546198 0.072102815 0.991849661
1341846326.762753 -0.033032168 0.258415759 0.210368395 0.093711488 0.033549774 0.068958744 0.992641568
1341846326.826821 -0.041013267 0.297749192 0.218701094 0.080849014 0.039772622 0.064078383 0.993868947
1341846326.858887 -0.042229969 0.294779599 0.226358861 0.071745731 0.041362248 0.062512890 0.994602323
1341846326.895360 -0.046815723 0.290843934 0.221129894 0.068451591 0.041088697 0.065211698 0.994672537
1341846326.926897 -0.049509756 0.301000446 0.239012137 0.071304128 0.037319772 0.066993736 0.994502246
1341846326.958888 -0.042791024 0.313951671 0.237607107 0.073820315 0.034765530 0.069810368 0.994217455
1341846326.994594 -0.041230291 0.329927593 0.234943405 0.075023308 0.035271220 0.071524829 0.993987739
1341846327.026301 -0.040029231 0.346799135 0.231390864 0.072786905 0.036446299 0.071512423 0.994112492
1341846327.063945 -0.036640860 0.350426018 0.238285571 0.069440708 0.038565814 0.068612240 0.994476259
1341846327.094662 -0.037436575 0.357162893 0.233333856 0.069025062 0.040894128 0.065913945 0.994594634
1341846327.128901 -0.040201940 0.364615411 0.232774809 0.068014205 0.041022029 0.064610340 0.994744539
1341846327.161940 -0.040392395 0.377318174 0.231011212 0.066792615 0.040039953 0.063154422 0.994960845
1341846327.193867 -0.031561866 0.385164261 0.247754082 0.066295281 0.040913653 0.062447984 0.995003104
1341846327.229885 -0.031818382 0.398145765 0.242569298 0.067271620 0.044187136 0.060474060 0.994919538
1341846327.262014 -0.020613967 0.412745297 0.251106948 0.067079470 0.048152529 0.057929844 0.994899869
1341846327.294023 -0.022480173 0.415182412 0.252319157 0.069164969 0.061708625 0.052465808 0.994311631
1341846327.330015 -0.025826516 0.441509187 0.238458157 0.072967127 0.070909910 0.050165664 0.993544698
1341846327.361939 -0.022259369 0.456898421 0.252481222 0.070978060 0.075699531 0.046105545 0.993532062
1341846327.393887 -0.025960516 0.464054167 0.262521237 0.069193222 0.078641005 0.037821684 0.993779361
1341846327.429966 -0.034916937 0.498116761 0.249916852 0.068903632 0.078098051 0.038713641 0.993807912
1341846327.461965 -0.045804471 0.506459713 0.266557068 0.060221992 0.075285316 0.037223548 0.994645596
1341846327.497931 -0.034198839 0.511557460 0.264691204 0.055167995 0.071880922 0.035710979 0.995245874
1341846327.530068 -0.033727005 0.522632957 0.269976228 0.054107714 0.072536662 0.038586706 0.995149195
1341846327.561895 -0.040317371 0.535070240 0.277975023 0.053174309 0.070734844 0.044312689 0.995090723
1341846327.598010 -0.043669105 0.535282969 0.284523427 0.053926401 0.067678675 0.048853874 0.995050132
1341846327.629945 -0.046344660 0.554153264 0.290729135 0.054944586 0.062948413 0.048593290 0.995317698
1341846327.662003 -0.045548096 0.551664174 0.282338023 0.053539410 0.059384212 0.044384375 0.995809734
1341846327.697919 -0.048131775 0.575822771 0.284426570 0.057438269 0.059088025 0.044038147 0.995625496
1341846327.730075 -0.053316429 0.592110515 0.286365062 0.053566635 0.058893569 0.043647271 0.995869994
1341846327.766017 -0.050358411 0.595443666 0.284841835 0.047688507 0.057779241 0.045474567 0.996152341
1341846327.797917 -0.046640545 0.624921381 0.286496162 0.045883369 0.056685321 0.048876170 0.996138871
1341846327.830054 -0.046815492 0.633003771 0.295288742 0.038814060 0.055873431 0.047975309 0.996528983
1341846327.865944 -0.046649922 0.629761636 0.292345881 0.033037331 0.057265572 0.047742527 0.996669352
1341846327.898010 -0.048365504 0.649240315 0.301975876 0.032197498 0.058493391 0.049222354 0.996553540
1341846327.929991 -0.047899410 0.660579026 0.299794108 0.028239820 0.056530617 0.048036385 0.996844709
1341846327.966065 -0.045975842 0.672417700 0.299374342 0.023602145 0.056601189 0.045054246 0.997100472
1341846327.998073 -0.047836334 0.683615148 0.300020784 0.017672908 0.057810441 0.042786300 0.997253716
1341846328.034045 -0.045530211 0.671259344 0.294894964 0.009352050 0.058774520 0.040549666 0.997403562
1341846328.065993 -0.048286580 0.679843962 0.300585359 0.004965944 0.059589643 0.041030396 0.997367024
1341846328.098045 -0.049591839 0.669126272 0.303789884 0.002950463 0.060119126 0.041660871 0.997317076
1341846328.133967 -0.048134491 0.675213397 0.300813109 0.006835731 0.058494996 0.047081996 0.997153401
1341846328.166023 -0.051681455 0.675792396 0.293388903 0.006683772 0.055941686 0.048341680 0.997240663
1341846328.198018 -0.049224697 0.661000192 0.295525551 0.005764595 0.052538108 0.046605188 0.997514129
1341846328.234044 -0.053333949 0.641209543 0.295291364 0.007136310 0.051940896 0.043970432 0.997656167
1341846328.265899 -0.047744326 0.631665289 0.290897220 0.009026612 0.049208745 0.044627681 0.997750163
1341846328.302051 -0.044936880 0.615642190 0.289448857 0.011444719 0.048592035 0.044811133 0.997747362
1341846328.333917 -0.049521711 0.602150500 0.280834049 0.014024680 0.049350042 0.047553029 0.997550309
1341846328.366008 -0.053530581 0.566718042 0.289968938 0.017461356 0.050021939 0.042877011 0.997674525
1341846328.402010 -0.055033997 0.568243265 0.289465398 0.032186508 0.051721059 0.047329023 0.997020066
1341846328.433920 -0.048761100 0.536882639 0.272927076 0.034211013 0.049450763 0.046853706 0.997090280
1341846328.470003 -0.039751492 0.508695304 0.264747113 0.032524742 0.047320619 0.039271411 0.997577429
1341846328.502194 -0.032951415 0.489383519 0.264479667 0.034336947 0.048733152 0.031539656 0.997723103
1341846328.534033 -0.033919092 0.460139066 0.253758192 0.033889048 0.052149165 0.029148960 0.997638404
1341846328.570125 -0.042702496 0.434721947 0.278034568 0.035566460 0.053627819 0.028946863 0.997507453
1341846328.602804 -0.046180695 0.416650236 0.282854527 0.041798133 0.048374876 0.033655040 0.997386634
1341846328.672663 -0.040417477 0.368385643 0.256494284 0.049475539 0.035948180 0.029269664 0.997698963
1341846328.702975 -0.034247234 0.351961553 0.260367483 0.052349474 0.031947613 0.028178137 0.997719824
1341846328.770129 -0.022911087 0.320565581 0.248005092 0.060322706 0.028331807 0.025610378 0.997448027
1341846328.802331 -0.030563971 0.297541291 0.243960172 0.060310304 0.026316417 0.024844393 0.997523367
1341846328.838051 -0.015773248 0.283452839 0.235570356 0.064448670 0.022659890 0.022993328 0.997398674
1341846328.869939 -0.014983191 0.289806247 0.235806018 0.065052815 0.021616487 0.022382695 0.997396529
1341846328.904486 -0.019966576 0.268004000 0.228128284 0.059899814 0.019060042 0.022389650 0.997771204
1341846328.939814 -0.016018469 0.241943836 0.231763572 0.062277254 0.016323028 0.020835035 0.997707844
1341846328.970217 -0.012114258 0.238065302 0.218152240 0.066326655 0.014234303 0.024510810 0.997395277
1341846329.006232 -0.007781734 0.226054817 0.215165332 0.067140348 0.011598781 0.029182425 0.997249186
1341846329.038243 -0.000513939 0.201476425 0.212226719 0.069845110 0.009959995 0.029685168 0.997066319
1341846329.106125 0.001157332 0.200092018 0.205703780 0.073488027 0.009576977 0.028722731 0.996836364
1341846329.138340 0.004122749 0.180060238 0.206519485 0.074350387 0.008559786 0.027178796 0.996824980
1341846329.169991 0.001723041 0.181397140 0.205862314 0.077033110 0.007778024 0.025317874 0.996676683
1341846329.208656 0.004878543 0.168262690 0.195307642 0.076783948 0.007000471 0.024040783 0.996733308
1341846329.238169 0.007667141 0.167049840 0.190851182 0.076317362 0.005751874 0.024568869 0.996764243
1341846329.273827 0.008687438 0.153226390 0.189864039 0.074263051 0.004663926 0.025528075 0.996900976
1341846329.306052 0.008213619 0.152773544 0.186297759 0.075144984 0.002349539 0.024332240 0.996872962
1341846329.338104 0.011550964 0.153058767 0.178178981 0.071798585 0.000511943 0.022093875 0.997174263
1341846329.373907 0.012934119 0.127142221 0.180566639 0.067255661 -0.000397242 0.021102922 0.997512519
1341846329.405985 0.014011395 0.116702050 0.176054537 0.068483122 -0.001758019 0.017524656 0.997496784
1341846329.442057 0.012828358 0.115365624 0.171239629 0.068253845 -0.002069449 0.014113266 0.997566044
1341846329.473950 0.009177130 0.099604040 0.170073763 0.066626027 -0.002861161 0.008045902 0.997741461
1341846329.506147 0.010023875 0.095425680 0.165865645 0.066986002 -0.004885650 0.005426578 0.997727215
1341846329.542121 0.006742027 0.082577653 0.162923142 0.064934194 -0.007698342 0.005290738 0.997845829
1341846329.574086 0.015383594 0.062526077 0.164698854 0.066791333 -0.010960676 0.004286849 0.997697532
1341846329.606387 0.014969348 0.063998520 0.156797558 0.069642052 -0.011022247 0.003156150 0.997506142
1341846329.641955 0.011422111 0.060205635 0.153741688 0.069549240 -0.012049251 0.003419530 0.997499883
1341846329.681570 0.007447805 0.046866849 0.153948292 0.068429217 -0.014614864 0.003481575 0.997542858
1341846329.748113 0.016720729 0.042938605 0.150214180 0.071005024 -0.015599768 0.000933267 0.997353494
1341846329.810175 0.014650335 0.015106063 0.148170963 0.068191707 -0.012109008 0.005514284 0.997583449
1341846329.842255 0.014664579 0.006774159 0.148546264 0.069813125 -0.012102917 0.008670171 0.997448921
1341846329.874044 0.010271502 -0.000885779 0.148709565 0.071591854 -0.011796536 0.011839007 0.997293949
1341846329.910073 0.010491610 0.006139021 0.145494580 0.072237566 -0.012279671 0.014088894 0.997212291
1341846329.942009 0.007721622 0.004530007 0.148013800 0.067813009 -0.012511642 0.019472631 0.997429490
1341846329.978087 0.008502153 -0.020700224 0.146916762 0.064980194 -0.012876112 0.020583613 0.997591138
1341846330.016305 0.015195187 -0.014395367 0.139414012 0.067143865 -0.012395781 0.018904466 0.997487128
1341846330.048192 0.005435696 -0.006343612 0.144452825 0.064034909 -0.010247217 0.019839782 0.997697771
1341846330.080418 0.008746503 -0.028716117 0.140730634 0.058727033 -0.010645971 0.022229949 0.997969687
1341846330.115886 0.011594111 -0.043026760 0.140527308 0.061418507 -0.009397524 0.023177447 0.997798681
1341846330.147839 0.004366775 -0.029704075 0.137785494 0.064304508 -0.008776622 0.024837133 0.997582555
1341846330.181257 0.003751927 -0.013342821 0.134690300 0.060332946 -0.009333459 0.027626520 0.997752249
1341846330.215852 0.008517874 -0.031661116 0.137767076 0.053253926 -0.008832924 0.027820846 0.998154283
1341846330.247833 0.002144670 -0.038129330 0.137082562 0.051166922 -0.007891260 0.026685134 0.998302341
1341846330.283913 -0.000371967 -0.023467105 0.130519390 0.048525389 -0.008353958 0.026368059 0.998438835
1341846330.316011 -0.002203746 -0.041119590 0.135109544 0.041206881 -0.009097308 0.026131732 0.998767376
1341846330.347868 -0.002463594 -0.048694480 0.133441359 0.038782671 -0.010945772 0.025552217 0.998860896
1341846330.383835 0.000962002 -0.050822739 0.133152664 0.037021726 -0.011565166 0.025712680 0.998916626
1341846330.415934 -0.000072639 -0.065951146 0.133315668 0.035967983 -0.010548215 0.023643991 0.999017477
1341846330.452561 -0.005381715 -0.067445412 0.132089734 0.038893729 -0.010801127 0.022619329 0.998928905
1341846330.483903 -0.009093297 -0.061289735 0.127105996 0.039362002 -0.012432903 0.025329571 0.998826504
1341846330.515970 -0.009490642 -0.069125429 0.126536041 0.037662186 -0.014643672 0.028740076 0.998769760
1341846330.552099 -0.006881273 -0.075615935 0.126936749 0.038699839 -0.016177708 0.031168845 0.998633564
1341846330.583876 -0.010719533 -0.064520851 0.122427389 0.038800217 -0.016152123 0.031266369 0.998627067
1341846330.619992 -0.017471937 -0.055020135 0.118695267 0.034675706 -0.016833406 0.030237792 0.998799205
1341846330.652136 -0.014196435 -0.062626377 0.117570505 0.027809337 -0.018602446 0.029255575 0.999011874
1341846330.683796 -0.014844010 -0.065472618 0.112643294 0.023197446 -0.018542010 0.028413095 0.999155045
1341846330.719991 -0.020573793 -0.082648814 0.110715009 0.019916892 -0.020388780 0.029108953 0.999169767
1341846330.752103 -0.024717316 -0.085673347 0.108967863 0.021915695 -0.024466338 0.033989917 0.998882234
1341846330.787952 -0.028129090 -0.081065610 0.101395302 0.023013785 -0.028848054 0.037772216 0.998604715
1341846330.819823 -0.026134115 -0.080355264 0.102788508 0.022838242 -0.033487510 0.037991349 0.998455644
1341846330.852208 -0.025801323 -0.071931794 0.094816804 0.022724571 -0.035121061 0.038980484 0.998363972
1341846330.914111 -0.031476896 -0.060208756 0.090915881 0.014077334 -0.038323004 0.038679093 0.998417258
1341846330.949903 -0.033431917 -0.072014123 0.092351884 0.010493530 -0.039352775 0.038662799 0.998421967
1341846330.981986 -0.042591117 -0.072116002 0.082786150 0.011407589 -0.043153316 0.038742352 0.998251796
1341846331.014111 -0.040322237 -0.064354196 0.083967447 0.011521131 -0.047462281 0.039258409 0.998034716
1341846331.082139 -0.040932775 -0.069795378 0.076228715 0.012850358 -0.050400894 0.036613066 0.997974992
1341846331.114334 -0.041792065 -0.065412991 0.075908884 0.012913278 -0.052592624 0.036002573 0.997883260
1341846331.149989 -0.038960285 -0.074741662 0.077634089 0.012625546 -0.053773254 0.035750337 0.997833073
1341846331.181954 -0.043337844 -0.073133364 0.071130864 0.016130665 -0.053630140 0.033890039 0.997855246
1341846331.218151 -0.054585002 -0.058880854 0.064247347 0.016608488 -0.056086350 0.034634441 0.997686803
1341846331.249914 -0.039225429 -0.070252016 0.072476968 0.013644026 -0.059050351 0.034131069 0.997578025
1341846331.318141 -0.034875613 -0.066801794 0.074582122 0.024486523 -0.049445413 0.029503163 0.998040617
1341846331.349926 -0.028238356 -0.066098936 0.070546754 0.023276916 -0.047284920 0.028476065 0.998204052
1341846331.382003 -0.001575485 -0.091460131 0.080263823 0.024626765 -0.042557009 0.027208569 0.998419762
1341846331.418008 -0.013534576 -0.076268777 0.098144084 0.032493539 -0.031674754 0.026878823 0.998608232
1341846331.450327 -0.020440262 -0.066597007 0.094062537 0.034886025 -0.026032135 0.027865928 0.998663485
1341846331.486219 -0.030544071 -0.062018588 0.097317077 0.035033844 -0.023294879 0.028403316 0.998710752
1341846331.518344 -0.018512353 -0.062393460 0.101666436 0.033842027 -0.023396064 0.027555324 0.998773217
1341846331.550202 -0.012093816 -0.070225120 0.112172179 0.035844177 -0.018915521 0.026241280 0.998833716
1341846331.586139 -0.022534398 -0.056570403 0.113405883 0.038793407 -0.017040169 0.026463730 0.998751402
1341846331.617931 -0.016823551 -0.054055091 0.119172469 0.037862457 -0.017426072 0.026638094 0.998775840
1341846331.654027 -0.010649530 -0.060029458 0.129258081 0.038131144 -0.014913748 0.026713949 0.998804212
1341846331.686123 -0.017656928 -0.050797131 0.135376394 0.040753480 -0.011768762 0.028718328 0.998687088
1341846331.717954 -0.022665711 -0.040065207 0.140993476 0.038277060 -0.012614746 0.028983990 0.998767078
1341846331.754076 -0.008751948 -0.053424262 0.153701320 0.035257768 -0.012874482 0.027663533 0.998912334
1341846331.785920 -0.008598223 -0.055769272 0.164168507 0.038003594 -0.009933314 0.026521530 0.998876214
1341846331.818053 -0.013864212 -0.040641118 0.171786845 0.039211821 -0.007853741 0.026741125 0.998842120
1341846331.853849 -0.013561037 -0.048790317 0.187186658 0.037420247 -0.007553855 0.026030313 0.998931944
1341846331.885987 -0.008990085 -0.051117629 0.195105106 0.040297650 -0.005057305 0.023627879 0.998895466
1341846331.922014 -0.010947580 -0.042935804 0.208738402 0.042414166 -0.001757359 0.022800053 0.998838365
1341846331.954037 -0.005063398 -0.042067129 0.220573485 0.042326435 0.000594766 0.023488408 0.998827517
1341846331.986135 0.006681639 -0.055895302 0.228389159 0.043645561 0.005228255 0.025282037 0.998713434
1341846332.022364 -0.011722698 -0.058973111 0.241198629 0.050679393 0.011904588 0.023853680 0.998359025
1341846332.054175 -0.013667309 -0.054921836 0.247130141 0.056845199 0.011892512 0.026156655 0.997969389
1341846332.086502 -0.009379701 -0.051814232 0.258789271 0.059645969 0.011496547 0.027878217 0.997763991
1341846332.122051 -0.009781111 -0.044081256 0.277873486 0.061966170 0.012497169 0.026955850 0.997635841
1341846332.153983 -0.016603015 -0.027542554 0.292180568 0.061180234 0.012507237 0.024407940 0.997749865
1341846332.190165 -0.022229973 -0.025112135 0.307678312 0.055144671 0.011455009 0.021848714 0.998173535
1341846332.254145 -0.018555794 -0.046229862 0.335221022 0.053849891 0.011339409 0.020588862 0.998272359
1341846332.289948 -0.020743456 -0.041073900 0.346237004 0.056167211 0.011091786 0.022360258 0.998109281
1341846332.322172 -0.017040763 -0.042971522 0.358227253 0.056612849 0.010176117 0.024924783 0.998033106
1341846332.354003 -0.010018317 -0.048657943 0.363054365 0.058757901 0.011727613 0.022301767 0.997954190
1341846332.390180 -0.009454351 -0.033327430 0.375478715 0.061330833 0.016033193 0.019082412 0.997806251
1341846332.422055 -0.013647803 -0.032031171 0.384690940 0.059396740 0.018720338 0.015476620 0.997938871
1341846332.458114 -0.009276899 -0.036237609 0.393770814 0.058431625 0.020778025 0.011528481 0.998008549
1341846332.489993 -0.018800350 -0.030865202 0.411592185 0.059813950 0.023340872 0.013309876 0.997847855
1341846332.522130 -0.024562025 -0.027349073 0.424105316 0.059437890 0.019692462 0.019471623 0.997847795
1341846332.558114 -0.020297254 -0.029889042 0.433972776 0.059391636 0.013952630 0.026295574 0.997790813
1341846332.589874 -0.010689433 -0.020765711 0.433568627 0.059628036 0.010474314 0.030601535 0.997696459
1341846332.621889 -0.010294574 -0.013219967 0.445476413 0.055952512 0.010769309 0.031884301 0.997866094
1341846332.658202 -0.006447132 -0.019281287 0.456489831 0.051330805 0.011233402 0.030494656 0.998152792
1341846332.690001 -0.004462549 -0.015397571 0.466479540 0.049749501 0.011865092 0.032147720 0.998173714
1341846332.726000 -0.006272012 -0.020531304 0.477970183 0.048368555 0.010966578 0.035994846 0.998120546
1341846332.758386 -0.000439915 -0.018380025 0.485242486 0.049048260 0.008024626 0.037547193 0.998058140
1341846332.789937 0.006477563 -0.010401193 0.495393544 0.048955172 0.008442486 0.036413230 0.998101294
1341846332.825925 0.002371760 -0.011317056 0.507415116 0.046673495 0.011847779 0.034414630 0.998246908
1341846332.857898 0.009438459 -0.012984075 0.515998065 0.047329210 0.012360192 0.034270853 0.998214781
1341846332.894069 0.006856191 0.002330288 0.527647853 0.048425671 0.012866941 0.033842161 0.998170376
1341846332.926029 0.014738779 0.004242592 0.530361354 0.044837955 0.012583311 0.032122854 0.998398423
1341846332.958015 0.018237635 0.006599933 0.540323198 0.041976348 0.014697270 0.029226340 0.998582900
1341846332.994073 0.018557774 0.008007839 0.549280882 0.038960543 0.016095707 0.027900724 0.998721480
1341846333.026545 0.026035046 0.008298535 0.555542767 0.036334869 0.016497986 0.025728976 0.998872161
1341846333.057998 0.031535033 0.008460004 0.563044965 0.035185538 0.018421235 0.026346451 0.998863637
1341846333.094024 0.034002315 0.008056346 0.574233890 0.035418686 0.020087833 0.029891128 0.998723447
1341846333.126095 0.036050096 0.012493152 0.574612856 0.036242116 0.021975704 0.031489167 0.998605072
1341846333.161973 0.043881446 0.022012655 0.581521809 0.036108669 0.023842730 0.033738673 0.998493552
1341846333.195660 0.040959027 0.019263186 0.587945163 0.032979604 0.026497558 0.034978751 0.998492241
1341846333.226331 0.042936556 0.022011913 0.593072951 0.031675953 0.027154846 0.033954401 0.998552144
1341846333.262056 0.047257796 0.030895386 0.594050109 0.029375620 0.026672304 0.033246852 0.998659253
1341846333.294147 0.046874791 0.026842088 0.597908497 0.025410205 0.026619609 0.032358468 0.998798609
1341846333.326100 0.050135225 0.028507376 0.603733420 0.023907129 0.025160331 0.031113897 0.998913050
1341846333.362100 0.055617653 0.035728853 0.603469253 0.021292398 0.023887144 0.029552933 0.999050856
1341846333.394119 0.052961230 0.029430939 0.608901143 0.017353304 0.023230752 0.029283367 0.999150455
1341846333.429974 0.054196388 0.033173159 0.610299170 0.017057542 0.021388622 0.028854204 0.999209225
1341846333.462115 0.059666425 0.029167794 0.613764763 0.016454205 0.021098977 0.028038844 0.999248683
1341846333.494040 0.059224032 0.029640066 0.613942564 0.017298426 0.022192782 0.026675796 0.999248028
1341846333.529953 0.067956418 0.029339217 0.619917274 0.018240981 0.022627769 0.026217697 0.999233663
1341846333.562063 0.059849661 0.032250032 0.621948540 0.019518515 0.026210109 0.027476914 0.999088109
1341846333.594090 0.057788890 0.040777825 0.622175515 0.019157302 0.025592688 0.028395459 0.999085426
1341846333.629994 0.055078126 0.041135009 0.622630715 0.015408375 0.023367543 0.027834535 0.999220610
1341846333.662127 0.058683239 0.042437106 0.619893551 0.012504266 0.021681964 0.027188616 0.999316931
1341846333.697964 0.061078899 0.033963755 0.619180799 0.009862574 0.021427326 0.028065832 0.999327719
1341846333.730092 0.062195361 0.030859353 0.615652919 0.011952567 0.021489512 0.028710850 0.999285281
1341846333.762089 0.059779525 0.033977516 0.611707926 0.013999266 0.022558358 0.030231101 0.999190271
1341846333.798006 0.057074562 0.030410018 0.607853651 0.015100512 0.023439702 0.029706625 0.999169707
1341846333.830055 0.060130496 0.031882852 0.602971315 0.017959857 0.024200235 0.027965836 0.999154508
1341846333.866045 0.054385111 0.032632291 0.599501848 0.019084770 0.026172865 0.026682606 0.999118984
1341846333.897987 0.053372763 0.029330309 0.593857944 0.020474788 0.026069319 0.025682613 0.999120414
1341846333.930099 0.053357575 0.025873177 0.591263890 0.023363184 0.026724422 0.023802245 0.999086320
1341846333.965889 0.050490692 0.026856927 0.584501982 0.025553258 0.028006477 0.023813909 0.998997271
1341846333.997985 0.049360566 0.024335288 0.580124676 0.028353184 0.029055323 0.023196850 0.998906314
1341846334.030076 0.045434996 0.023497965 0.572765410 0.031156279 0.030478854 0.024385320 0.998752058
1341846334.066000 0.038674094 0.022463307 0.568658113 0.032651585 0.030767791 0.025917456 0.998656869
1341846334.097932 0.038106333 0.022543944 0.562659919 0.034556612 0.030609375 0.025622256 0.998605251
1341846334.133884 0.034737714 0.022063717 0.557223916 0.036057524 0.031763840 0.025972549 0.998507082
1341846334.166115 0.030976661 0.021467742 0.547223151 0.036137428 0.030626157 0.026618380 0.998522699
1341846334.198072 0.028683461 0.020708818 0.539881229 0.036588047 0.029126218 0.025631774 0.998576939
1341846334.234097 0.030287137 0.022127401 0.535348833 0.037185818 0.029316535 0.024329329 0.998581886
1341846334.266045 0.024146605 0.018375788 0.527706861 0.036925755 0.031316634 0.024871722 0.998517454
1341846334.297946 0.017018892 0.018090390 0.519280314 0.038075157 0.030316375 0.026180964 0.998471737
1341846334.334036 0.016003305 0.020122029 0.511335850 0.038665686 0.028625594 0.026604099 0.998487711
1341846334.365871 0.016668886 0.021335192 0.504391968 0.038164083 0.028392876 0.025294865 0.998547733
1341846334.401845 0.013784846 0.019796684 0.496323735 0.036812823 0.029420769 0.024187516 0.998596132
1341846334.433864 0.004785819 0.015356816 0.489754409 0.036666121 0.029093018 0.024479005 0.998604000
1341846334.466105 0.006328283 0.018609595 0.482388258 0.037584461 0.027067404 0.025154846 0.998610020
1341846334.502142 -0.004858559 0.020828869 0.477107286 0.036758464 0.026597738 0.026120702 0.998628557
1341846334.540153 -0.007046988 0.020409506 0.472466111 0.036400706 0.025387252 0.024977032 0.998702466
1341846334.602351 -0.014627205 0.024047283 0.452977061 0.031738188 0.021805000 0.017735101 0.999100924
1341846334.670161 -0.020366199 0.019132713 0.437586576 0.026342789 0.019475598 0.010821353 0.999404669
1341846334.702085 -0.026187085 0.014822025 0.430374503 0.024804452 0.017283481 0.011697914 0.999474466
1341846334.734751 -0.027045477 0.013977133 0.417415768 0.024937389 0.014763976 0.012861763 0.999497235
1341846334.770889 -0.032913465 0.014597498 0.409727275 0.024918839 0.013574472 0.015666630 0.999474525
1341846334.802194 -0.032840580 0.014630293 0.399355084 0.024397500 0.010491976 0.016760651 0.999506712
1341846334.833908 -0.033609375 0.018367592 0.389181584 0.024436204 0.009008981 0.014913623 0.999549508
1341846334.869874 -0.037979539 0.017707830 0.382032007 0.022666957 0.008887650 0.014934566 0.999591947
1341846334.902006 -0.042977929 0.016547101 0.372501731 0.020881642 0.007255423 0.015689252 0.999632478
1341846334.938010 -0.046315659 0.014475386 0.361498803 0.020269495 0.004336115 0.014964647 0.999673128
1341846334.970032 -0.040491465 0.012612565 0.351760149 0.020068167 0.002826782 0.014343268 0.999691725
1341846335.002203 -0.048819181 0.009371870 0.342540503 0.021619773 0.003934183 0.015402543 0.999639869
1341846335.037880 -0.054551702 0.009643842 0.328260362 0.023770424 0.000881406 0.018611560 0.999543786
1341846335.069990 -0.053800426 0.014627522 0.320937961 0.024786485 -0.002020498 0.017466832 0.999538124
1341846335.106038 -0.050906841 0.012104694 0.311773688 0.024946619 -0.001187378 0.015771562 0.999563634
1341846335.138045 -0.056348484 0.008368172 0.300190419 0.026231086 0.000166183 0.015366398 0.999537766
1341846335.169900 -0.060997557 0.012874524 0.283889115 0.026618594 -0.002268403 0.015600999 0.999521315
1341846335.206091 -0.058303852 0.012828615 0.277958721 0.025988808 -0.004528713 0.013095028 0.999566197
1341846335.239365 -0.055884726 0.009003478 0.269857049 0.025728557 -0.003743433 0.010337902 0.999608457
1341846335.269948 -0.060030986 0.006171171 0.258178443 0.026975418 -0.002263882 0.009659627 0.999586880
1341846335.305972 -0.066800006 0.007228157 0.245526731 0.029070061 -0.003343500 0.010375063 0.999517918
1341846335.338012 -0.062196381 0.006028257 0.238402203 0.030501204 -0.005286906 0.012097737 0.999447525
1341846335.374005 -0.059985030 -0.007141210 0.228163525 0.033722464 -0.003655426 0.013288773 0.999336183
1341846335.406025 -0.063928396 -0.002255762 0.219001368 0.041385416 -0.000958397 0.015424530 0.999023736
1341846335.438079 -0.063890107 0.004403133 0.207042202 0.046487611 -0.000386237 0.018988160 0.998738289
1341846335.473998 -0.063995950 0.008563405 0.197051108 0.048811410 0.001235900 0.019779632 0.998611391
1341846335.507038 -0.065612540 0.012808299 0.187245339 0.050123341 0.003939965 0.017956527 0.998573780
1341846335.538040 -0.071195953 0.017899089 0.175076678 0.049645633 0.006709506 0.015801929 0.998619318
1341846335.574119 -0.077609986 0.022375591 0.171275005 0.047498215 0.006709477 0.016033631 0.998720109
1341846335.605970 -0.075029917 0.014736644 0.165227681 0.045483988 0.005582314 0.015786869 0.998824716
1341846335.641978 -0.073949099 0.015681326 0.153808519 0.046739463 0.006740318 0.012947306 0.998800457
1341846335.673993 -0.077842116 0.020118922 0.137800470 0.046716724 0.007681219 0.012254504 0.998803437
1341846335.706178 -0.078375183 0.016941324 0.124558702 0.045815967 0.005957694 0.013474472 0.998841226
1341846335.741982 -0.074951790 0.018128414 0.116940334 0.046454467 0.005464885 0.012643171 0.998825431
1341846335.773960 -0.081890658 0.020587578 0.106133603 0.046604712 0.006507443 0.011894738 0.998821378
1341846335.806271 -0.084948599 0.023676222 0.094785683 0.044704042 0.006086789 0.012061547 0.998908937
1341846335.842031 -0.080723919 0.019552642 0.087336503 0.042369395 0.006493847 0.012046382 0.999008298
1341846335.873966 -0.083005562 0.019651555 0.078600258 0.043402571 0.008190176 0.011168524 0.998961687
1341846335.910005 -0.090432338 0.025510661 0.062797405 0.043244231 0.008536168 0.013109856 0.998942018
1341846335.941936 -0.093042932 0.024267539 0.055216160 0.042159356 0.006545188 0.013857539 0.998993337
1341846335.974198 -0.093713060 0.024728231 0.047736902 0.042127136 0.005728556 0.011484048 0.999029815
1341846336.010032 -0.096695431 0.025029218 0.035215057 0.041773677 0.005862354 0.010401452 0.999055743
1341846336.042129 -0.101737857 0.026106494 0.018590735 0.040933620 0.004707628 0.010659683 0.999093890
1341846336.078076 -0.104681604 0.021280978 0.014235191 0.040561754 0.002967888 0.009770881 0.999124825
1341846336.110739 -0.103550330 0.026105642 0.008787713 0.041590005 0.002576997 0.008409181 0.999096036
1341846336.142002 -0.109304406 0.023982255 -0.006901658 0.041081849 0.002790672 0.009619997 0.999105573
1341846336.183953 -0.114209026 0.029356688 -0.017308198 0.041216504 0.000337394 0.010407241 0.999095976
1341846336.241891 -0.113122813 0.029641930 -0.024685139 0.039198585 -0.000728807 0.010100854 0.999180079
1341846336.277946 -0.121338271 0.025507901 -0.030723123 0.039490368 0.000004496 0.011915132 0.999148905
1341846336.309977 -0.124394409 0.023913879 -0.041612409 0.041927297 -0.002318955 0.014671039 0.999010265
1341846336.346143 -0.125574112 0.030652277 -0.047794398 0.044257987 -0.003746443 0.015602419 0.998891234
1341846336.377975 -0.122592121 0.026439931 -0.064290226 0.044645749 -0.003613646 0.014752017 0.998887420
1341846336.410032 -0.127087623 0.029423855 -0.074773364 0.045756992 -0.002669690 0.014856383 0.998838544
1341846336.446041 -0.131728843 0.036387794 -0.078570656 0.045762993 -0.003140514 0.014808730 0.998837590
1341846336.477990 -0.129218623 0.033126339 -0.088587828 0.044300538 -0.003387315 0.014526263 0.998906851
1341846336.510056 -0.130000740 0.030808892 -0.092941925 0.044537250 -0.002899426 0.015487322 0.998883486
1341846336.546024 -0.132309049 0.031880181 -0.099141732 0.045608498 -0.002712652 0.017197462 0.998807609
1341846336.578003 -0.136185989 0.040130336 -0.106941313 0.045846194 -0.003019104 0.018998513 0.998763263
1341846336.614020 -0.132954359 0.040769160 -0.105795547 0.045218792 -0.002662316 0.018026911 0.998810887
1341846336.645982 -0.139378369 0.045181409 -0.116461650 0.044339940 -0.000936164 0.017230615 0.998867452
1341846336.678036 -0.147184208 0.038752362 -0.122490957 0.042035513 -0.002357398 0.017614581 0.998958051
1341846336.714024 -0.144114122 0.030195681 -0.126625419 0.043001808 -0.005029851 0.017792502 0.998903871
1341846336.746016 -0.150442705 0.028772153 -0.133516878 0.046861365 -0.006755643 0.019602854 0.998686194
1341846336.778014 -0.156867027 0.035612307 -0.145538375 0.049766380 -0.010316691 0.023171488 0.998438776
1341846336.820006 -0.153906152 0.040341560 -0.149332955 0.050604884 -0.014403488 0.025213018 0.998296559
1341846336.882056 -0.159166604 0.039063089 -0.159048095 0.053210620 -0.016350619 0.023905592 0.998163223
1341846336.914273 -0.161496133 0.034677148 -0.168732077 0.055053297 -0.020725494 0.026177753 0.997924984
1341846336.945998 -0.152169421 0.030631240 -0.173823312 0.061277948 -0.028340090 0.029185735 0.997291327
1341846336.981980 -0.159633934 0.047817238 -0.195130169 0.065121643 -0.031181445 0.026394723 0.997040749
1341846337.014238 -0.164698184 0.056647044 -0.185655713 0.062987469 -0.033717431 0.023833910 0.997159779
1341846337.046017 -0.162160158 0.050528318 -0.177778125 0.060274877 -0.035279837 0.019627273 0.997365057
1341846337.082104 -0.168409809 0.054061517 -0.178509593 0.059894595 -0.035556037 0.016614415 0.997432888
1341846337.114317 -0.175660729 0.050058652 -0.187390223 0.057785969 -0.037161537 0.015737917 0.997512937
1341846337.150037 -0.165426582 0.050504819 -0.191458017 0.056158483 -0.039683152 0.014822144 0.997522831
1341846337.181873 -0.162031129 0.049938694 -0.192187563 0.055628367 -0.039695352 0.011830522 0.997592032
1341846337.214073 -0.169443697 0.058175188 -0.193396941 0.053813923 -0.037786514 0.009527240 0.997790277
1341846337.250087 -0.182856902 0.044812698 -0.201798201 0.050353736 -0.038309585 0.010327285 0.997942984
1341846337.282028 -0.176446185 0.045828603 -0.209180504 0.051589005 -0.043189831 0.014361952 0.997630656
1341846337.317920 -0.166161388 0.049848251 -0.205893904 0.051418066 -0.045217421 0.014879960 0.997542083
1341846337.350018 -0.170849890 0.057935577 -0.212867901 0.050365832 -0.044207130 0.014317110 0.997649252
1341846337.382159 -0.166469723 0.050093696 -0.207190678 0.047149241 -0.044277400 0.012684779 0.997825384
1341846337.417941 -0.175863862 0.044186868 -0.211645454 0.047754642 -0.042947806 0.012738611 0.997854054
1341846337.450137 -0.174424082 0.049527980 -0.224221602 0.048469894 -0.045013603 0.013908598 0.997712851
1341846337.482096 -0.171272650 0.047428068 -0.219085664 0.046866238 -0.045459092 0.014749063 0.997757196
1341846337.518008 -0.172297418 0.039612196 -0.221951693 0.047409646 -0.045840275 0.014954554 0.997711062
1341846337.549978 -0.174519420 0.050862163 -0.229404181 0.048279703 -0.046309840 0.012754971 0.997678220
1341846337.585971 -0.173106223 0.049781352 -0.224347442 0.045532051 -0.046881881 0.012211353 0.997787476
1341846337.617903 -0.168227673 0.035642184 -0.218070626 0.045958724 -0.047925375 0.012797040 0.997710943
1341846337.650141 -0.169480607 0.050452016 -0.223532960 0.049381606 -0.047920007 0.011979349 0.997557819
1341846337.686352 -0.168904677 0.052832261 -0.225942731 0.047561556 -0.047790941 0.012268367 0.997648954
1341846337.718002 -0.165535584 0.048167735 -0.218841538 0.045482948 -0.047512066 0.012324662 0.997758508
1341846337.749920 -0.165179595 0.052068014 -0.215246394 0.045508899 -0.045510072 0.011406874 0.997861505
1341846337.786157 -0.163635939 0.059072502 -0.210916802 0.042620942 -0.042824727 0.011791487 0.998103440
1341846337.817945 -0.159113050 0.053585157 -0.203450263 0.040024575 -0.041129723 0.013651429 0.998258471
1341846337.854071 -0.157399803 0.060051158 -0.200351581 0.039224375 -0.037907783 0.012759842 0.998429596
1341846337.885951 -0.160800725 0.064818993 -0.196662411 0.036231391 -0.035304312 0.010886085 0.998660326
1341846337.918223 -0.160006896 0.064399689 -0.191952229 0.031943265 -0.033903986 0.008300575 0.998879969
1341846337.954120 -0.158248901 0.060560394 -0.183341429 0.029493704 -0.032630228 0.007940582 0.999000669
1341846337.985994 -0.157027274 0.069177307 -0.179636970 0.027247204 -0.031762652 0.008121293 0.999090970
1341846338.018107 -0.151422188 0.064357020 -0.168968424 0.023567334 -0.030520443 0.009477179 0.999211311
1341846338.054055 -0.148860052 0.068860143 -0.164625034 0.021345921 -0.029148145 0.008498365 0.999311030
1341846338.085986 -0.145494878 0.065531023 -0.155033648 0.017618315 -0.026196504 0.008208332 0.999467850
1341846338.121875 -0.148114353 0.061435066 -0.148032352 0.015488982 -0.023639238 0.010006911 0.999550462
1341846338.154089 -0.150164694 0.060992002 -0.143752098 0.014646562 -0.022881595 0.013275260 0.999542713
1341846338.186029 -0.146356553 0.061961681 -0.134188667 0.013635658 -0.023470508 0.015400932 0.999512911
1341846338.222071 -0.139302790 0.067328945 -0.125294074 0.012511659 -0.022823080 0.015067733 0.999547660
1341846338.254107 -0.140357211 0.063797385 -0.115905367 0.010568804 -0.020819409 0.015866369 0.999601483
1341846338.290130 -0.138417527 0.061273277 -0.104987353 0.010937954 -0.020969095 0.017562976 0.999566019
1341846338.321952 -0.137684986 0.068531871 -0.095062509 0.011484410 -0.020096933 0.019234672 0.999547005
1341846338.354022 -0.134977043 0.063278586 -0.086864546 0.010438359 -0.019647028 0.019648019 0.999559402
1341846338.389969 -0.136883035 0.073190428 -0.080426224 0.010712070 -0.018374385 0.019665694 0.999580383
1341846338.422377 -0.135166064 0.069447227 -0.068288893 0.008461406 -0.018144071 0.020140734 0.999596715
1341846338.454010 -0.133823037 0.072172426 -0.060823791 0.007667002 -0.018555140 0.019039165 0.999617159
1341846338.489894 -0.131659865 0.069264606 -0.047926988 0.005645908 -0.019145379 0.019848902 0.999603689
1341846338.522066 -0.130046517 0.068436287 -0.039107919 0.006501817 -0.018800093 0.019206507 0.999617636
1341846338.558058 -0.131901756 0.076086357 -0.034871578 0.006201806 -0.018609889 0.018319430 0.999639750
1341846338.589842 -0.123763978 0.073433608 -0.018517770 0.003822116 -0.019616961 0.018527556 0.999628544
1341846338.622019 -0.121615998 0.073356636 -0.005588845 0.005024647 -0.018437756 0.019471344 0.999627769
1341846338.657984 -0.124271043 0.078270137 -0.002476948 0.005415953 -0.018331775 0.021472821 0.999586701
1341846338.690198 -0.119380802 0.080225654 0.008641967 0.003351688 -0.019277874 0.021220453 0.999583304
1341846338.722454 -0.110747859 0.075377606 0.021244030 0.002391251 -0.018918866 0.021586781 0.999585092
1341846338.757945 -0.118820958 0.080318727 0.023301853 0.002818216 -0.018163854 0.022886397 0.999569058
1341846338.790039 -0.116784103 0.079389721 0.040550105 0.000609002 -0.020351745 0.023526277 0.999515891
1341846338.826048 -0.104601316 0.077038497 0.052191619 0.000889926 -0.020424340 0.022219889 0.999544084
1341846338.858027 -0.110090502 0.083210260 0.054892819 0.001099365 -0.018226177 0.020879328 0.999615252
1341846338.889902 -0.107642025 0.082439587 0.070684247 -0.001523296 -0.019231161 0.020978825 0.999593794
1341846338.925948 -0.098001450 0.080735989 0.090115353 -0.002153523 -0.019365521 0.019253587 0.999624729
1341846338.958108 -0.097277157 0.079448953 0.093396403 -0.002160838 -0.017338926 0.018508300 0.999675989
1341846338.990057 -0.095106989 0.076498620 0.103784360 -0.002101129 -0.017381057 0.019333793 0.999659777
1341846339.025928 -0.090355143 0.075864792 0.120666668 0.000099446 -0.016724262 0.020001240 0.999660075
1341846339.057939 -0.090465665 0.082156010 0.125599220 0.003205674 -0.014143406 0.019294720 0.999708652
1341846339.093927 -0.096696205 0.092011809 0.132900104 0.002636923 -0.013969780 0.019863024 0.999701619
1341846339.126562 -0.089105174 0.098536029 0.142402694 0.000028261 -0.015555909 0.019363521 0.999691486
1341846339.157969 -0.082009152 0.093407616 0.155968472 -0.002860731 -0.013380526 0.017624600 0.999751031
1341846339.194113 -0.088086121 0.095030233 0.156209961 -0.004898560 -0.011572504 0.018807333 0.999744117
1341846339.228165 -0.085099883 0.100850195 0.169376761 -0.007758806 -0.013798776 0.020191181 0.999670804
1341846339.257998 -0.073096618 0.096377552 0.192084819 -0.010942888 -0.014269708 0.021516981 0.999606729
1341846339.294132 -0.073333308 0.097891659 0.194366992 -0.011008351 -0.011403581 0.022524208 0.999620676
1341846339.326577 -0.079608433 0.105981283 0.197930515 -0.014522958 -0.012748798 0.025912251 0.999477386
1341846339.362269 -0.073179655 0.102230087 0.206759542 -0.018956587 -0.015188572 0.023066044 0.999438822
1341846339.394725 -0.063063286 0.105683215 0.221831530 -0.019490337 -0.014140716 0.022550300 0.999455690
1341846339.462186 -0.059174344 0.104261443 0.243467122 -0.023259722 -0.014943326 0.022914991 0.999355078
1341846339.496743 -0.049567219 0.102937736 0.244335547 -0.020594282 -0.011982148 0.020851973 0.999498606
1341846339.562052 -0.053765461 0.103522643 0.275325507 -0.019048348 -0.007920835 0.022109417 0.999542654
1341846339.595122 -0.041471589 0.105793297 0.282615393 -0.016785838 -0.008358722 0.021536581 0.999592185
1341846339.632085 -0.037707821 0.106955886 0.286566526 -0.015455429 -0.004856450 0.019813642 0.999672413
1341846339.664568 -0.036230378 0.103957519 0.292176962 -0.015614979 -0.002004295 0.017717320 0.999719083
1341846339.698896 -0.036524337 0.101314031 0.298451900 -0.016073981 -0.000676253 0.017144907 0.999723554
1341846339.731977 -0.034290519 0.103307456 0.310933739 -0.015418999 -0.000193936 0.014882310 0.999770343
1341846339.762241 -0.028586656 0.099437088 0.320113927 -0.015516323 0.000502733 0.015183721 0.999764204
1341846339.797873 -0.027330460 0.099789158 0.327388823 -0.015459231 0.001009233 0.016270965 0.999747574
1341846339.830245 -0.021936305 0.098645091 0.333906054 -0.015919037 0.000232086 0.016718416 0.999733448
1341846339.862015 -0.022026753 0.098225385 0.337672591 -0.016415754 0.000706680 0.016582014 0.999727488
1341846339.897797 -0.015385019 0.098614998 0.348664433 -0.017326435 0.001227582 0.015942084 0.999722004
1341846339.929916 -0.012531102 0.093128622 0.357169598 -0.018290546 0.002253019 0.017829999 0.999671161
1341846339.961960 -0.011330397 0.091631815 0.366446644 -0.016876427 0.001673047 0.018705171 0.999681175
1341846339.997845 -0.003652750 0.094999388 0.369521737 -0.015186672 0.002151892 0.018544240 0.999710381
1341846340.029925 -0.002171371 0.093596451 0.377909094 -0.014422201 0.004680142 0.019741019 0.999690175
1341846340.066044 -0.000208155 0.090228602 0.382495165 -0.012771254 0.005753929 0.021669429 0.999667048
1341846340.098009 0.001106846 0.093881555 0.391436994 -0.011382040 0.006553579 0.021873390 0.999674499
1341846340.130102 0.003544735 0.094517127 0.390785277 -0.012092960 0.006319074 0.021206077 0.999682009
1341846340.166041 0.008415844 0.090673350 0.399259180 -0.011431185 0.008271994 0.018972201 0.999720454
1341846340.197867 0.008211851 0.091911308 0.408881307 -0.010293549 0.010987139 0.018596189 0.999713719
1341846340.229904 0.010794119 0.096888855 0.416648865 -0.011019023 0.010436910 0.018806020 0.999707937
1341846340.265859 0.015181906 0.092495874 0.426393658 -0.011897332 0.011256658 0.017971894 0.999704361
1341846340.298061 0.016958760 0.094198421 0.434662789 -0.009757484 0.013598088 0.018287160 0.999692678
1341846340.334063 0.016380800 0.096933268 0.436103314 -0.010647908 0.012754107 0.020555468 0.999650657
1341846340.366064 0.020714294 0.092819050 0.446477413 -0.012635333 0.010653595 0.019614821 0.999670982
1341846340.397995 0.023576722 0.092343658 0.448602170 -0.010523822 0.011364450 0.018777916 0.999703705
1341846340.433895 0.022974044 0.092648603 0.452566534 -0.010105470 0.011286343 0.020117464 0.999682844
1341846340.465959 0.024519855 0.092274912 0.455103934 -0.009573922 0.008783329 0.022062451 0.999672174
1341846340.501858 0.030851055 0.090728685 0.455067366 -0.009020310 0.004726055 0.022309789 0.999699235
1341846340.534329 0.035803273 0.093657523 0.453838140 -0.008213571 0.003100091 0.021890581 0.999721825
1341846340.566041 0.039742488 0.091057330 0.460107684 -0.007018851 0.001917410 0.022892304 0.999711454
1341846340.601909 0.044055067 0.090937652 0.453538716 -0.004660159 0.001398675 0.023180233 0.999719501
1341846340.634005 0.046397269 0.093524911 0.450147688 -0.003640333 0.000824421 0.021881709 0.999753594
1341846340.666028 0.050640713 0.091366790 0.449392021 -0.004011713 0.000971231 0.019581594 0.999799728
1341846340.701946 0.052896861 0.088905767 0.450287908 -0.002280631 0.002362921 0.017294750 0.999845028
1341846340.733954 0.057213034 0.093486965 0.444785833 -0.000824480 0.003580409 0.015908470 0.999866664
1341846340.770081 0.056162372 0.093030900 0.445353746 -0.001630663 0.004243802 0.013242370 0.999902010
1341846340.801980 0.061131012 0.091963857 0.438404709 -0.001742022 0.004838652 0.007849270 0.999956012
1341846340.833999 0.060694583 0.096602865 0.440230161 -0.001392117 0.007233371 0.004198307 0.999964058
1341846340.870013 0.057072617 0.095309608 0.442270458 -0.002850342 0.007763606 0.001753440 0.999964237
1341846340.901955 0.060884248 0.091053195 0.444199711 -0.002346997 0.006879454 0.002093673 0.999971390
1341846340.933918 0.056725115 0.091242447 0.442389667 -0.000328292 0.006921906 0.004344897 0.999966562
1341846340.970122 0.058599021 0.093949676 0.437334418 0.001067592 0.003433729 0.010373386 0.999939740
1341846341.001922 0.057544675 0.088788316 0.433806956 0.001760918 -0.000339959 0.015575431 0.999877095
1341846341.037923 0.063750833 0.089876324 0.428515196 0.003167589 -0.003570317 0.018192766 0.999823093
1341846341.070300 0.063173778 0.090055436 0.424639940 0.003691984 -0.004259688 0.018226394 0.999818027
1341846341.102028 0.058290962 0.090264961 0.422636420 0.003690532 -0.005003979 0.018077556 0.999817252
1341846341.137982 0.059305567 0.088807069 0.417035580 0.003607235 -0.006924371 0.018138578 0.999805033
1341846341.170048 0.060885131 0.087868556 0.417291194 0.004082278 -0.007453296 0.018836236 0.999786496
1341846341.202110 0.061709046 0.085583813 0.414730638 0.005213729 -0.008026294 0.021417964 0.999724805
1341846341.237996 0.063290998 0.087800100 0.412963957 0.007249146 -0.007788988 0.021685738 0.999708176
1341846341.269883 0.060246225 0.087739900 0.409450531 0.008342801 -0.007019739 0.022001570 0.999698460
1341846341.306107 0.059718180 0.087591641 0.407853872 0.008935175 -0.007590755 0.021044675 0.999709785
1341846341.338109 0.060076658 0.088103220 0.404754072 0.009878178 -0.007022540 0.018982280 0.999746382
1341846341.370120 0.060914021 0.089767687 0.404471993 0.010615698 -0.005894642 0.016423561 0.999791384
1341846341.406074 0.058682870 0.087154977 0.401770443 0.010274195 -0.005405241 0.016080908 0.999803305
1341846341.438113 0.058163427 0.081104368 0.406926632 0.010878080 -0.007522341 0.016447159 0.999777257
1341846341.470024 0.059752334 0.083554834 0.401628315 0.013995985 -0.007617764 0.014699527 0.999764979
1341846341.506077 0.056940876 0.090772308 0.400451988 0.014521379 -0.006532255 0.013557547 0.999781311
1341846341.538156 0.050140161 0.086549766 0.401001930 0.013280262 -0.007374663 0.013572729 0.999792457
1341846341.574016 0.056252178 0.085170813 0.399636209 0.014051422 -0.010468368 0.014534986 0.999740839
1341846341.612466 0.053436827 0.089606278 0.393587410 0.015032031 -0.010685974 0.015304317 0.999712765
1341846341.643972 0.051021442 0.091093674 0.392991334 0.014311285 -0.011785245 0.014052495 0.999729395
1341846341.679982 0.049831733 0.086591341 0.395431787 0.013620428 -0.013121930 0.013768925 0.999726295
1341846341.712332 0.047789317 0.088563628 0.390240014 0.014473440 -0.015178309 0.017543973 0.999626100
1341846341.744185 0.048563212 0.087691605 0.385524809 0.014860062 -0.017146813 0.019577913 0.999550819
1341846341.780061 0.050174817 0.091589428 0.383911699 0.015690790 -0.017922113 0.020772537 0.999500394
1341846341.842595 0.053131156 0.083037063 0.382811785 0.017139256 -0.019013027 0.025673514 0.999342561
1341846341.906227 0.055263944 0.080562033 0.376540273 0.020347061 -0.019938890 0.030803246 0.999119401
1341846341.942069 0.056136247 0.076624610 0.372706473 0.023483872 -0.019944804 0.032433357 0.998998880
1341846341.974775 0.055121392 0.076313391 0.373368353 0.026718691 -0.020056562 0.034299102 0.998853028
1341846342.010161 0.050453302 0.077657282 0.371880829 0.027552299 -0.020757549 0.035744801 0.998765349
1341846342.042024 0.057133220 0.071418993 0.366766512 0.028666887 -0.021862302 0.035450801 0.998720944
1341846342.080032 0.060553353 0.075451352 0.363167107 0.031192487 -0.020033376 0.035912715 0.998667061
1341846342.112265 0.056516100 0.071683228 0.363164961 0.031120606 -0.018987920 0.038006399 0.998612285
1341846342.147954 0.058444381 0.064659417 0.365077972 0.032727703 -0.020447185 0.040291894 0.998442471
1341846342.179852 0.062755257 0.068366542 0.360357255 0.036114030 -0.020188188 0.041207075 0.998293638
1341846342.211848 0.060811244 0.070652217 0.356472403 0.036854029 -0.019319329 0.041256148 0.998281717
1341846342.247920 0.060623899 0.067099452 0.358227700 0.037746813 -0.019149600 0.039804209 0.998310626
1341846342.279870 0.063351974 0.069495246 0.357563406 0.039564863 -0.018892705 0.039919134 0.998240530
1341846342.316068 0.062983051 0.067837030 0.353251100 0.040636238 -0.018726479 0.041134540 0.998151243
1341846342.347894 0.063395798 0.069728762 0.353792876 0.041256398 -0.018702425 0.040807091 0.998139739
1341846342.379953 0.064693607 0.066876963 0.352685630 0.040915806 -0.018235648 0.041448697 0.998135924
1341846342.416195 0.061258476 0.069259338 0.354799807 0.041955143 -0.017641280 0.042429380 0.998062253
