1341846313.592026 0.000000000 0.000000000 0.000000000 0.000000000 0.000000000 0.000000000 1.000000000
1341846313.654184 0.007727612 -0.003210253 0.000179501 -0.001171495 -0.003220951 0.004949997 0.999981880
1341846313.686156 0.011552842 -0.002916059 0.002211593 0.000120387 -0.005201427 0.004251937 0.999977410
1341846313.721918 0.015087130 0.003559175 0.000993402 0.000777726 -0.005921684 0.003916638 0.999974489
1341846313.753994 0.017472267 0.004175038 0.004660344 0.000407862 -0.006113469 0.004577967 0.999970734
1341846313.789969 0.035135400 0.001858770 0.001350209 0.001024900 -0.008180608 0.004939537 0.999953806
1341846313.822075 0.040602449 0.008970816 -0.001007260 0.001884906 -0.006974152 0.003211266 0.999968708
1341846313.853928 0.052477345 0.004537002 0.009174239 0.000533384 -0.005635208 0.002643430 0.999980450
1341846313.890011 0.058626007 0.005466181 0.005078686 0.000454788 -0.003728554 0.003481590 0.999986887
1341846313.922055 0.065658681 0.016337587 0.006557301 -0.000109293 -0.003896912 0.003955370 0.999984562
1341846313.957927 0.102578826 0.015565479 0.011017247 -0.002326191 -0.003009235 0.005810247 0.999975860
1341846313.990058 0.092867188 0.016162599 0.010967892 -0.003418972 0.005717957 0.006838615 0.999954402
1341846314.022042 0.091344573 0.022211488 0.004032163 -0.005094324 0.007080236 0.008467747 0.999926090
1341846314.057816 0.095907979 0.021501252 0.015818805 -0.008424138 0.009749449 0.008998118 0.999876499
1341846314.089801 0.110590771 0.019230012 0.023741484 -0.007911872 0.014257053 0.008896857 0.999827445
1341846314.122037 0.117493421 0.024697002 0.010289362 -0.008731968 0.017516170 0.013508144 0.999717176
1341846314.157989 0.127317175 0.020422336 0.021976989 -0.011450826 0.020063603 0.013644929 0.999640048
1341846314.190094 0.133015960 0.025650006 0.029193934 -0.010589584 0.023703726 0.015086143 0.999549091
1341846314.225969 0.141467705 0.027164191 0.019748710 -0.013305822 0.025126098 0.018946653 0.999416173
1341846314.257923 0.138686791 0.019508524 0.026553478 -0.015913185 0.028369596 0.017588321 0.999316037
1341846314.290052 0.143914342 0.021619223 0.027618762 -0.014222622 0.029482352 0.016109174 0.999334276
1341846314.325981 0.147999719 0.025902603 0.021044429 -0.014847076 0.030780049 0.015295265 0.999298871
1341846314.357905 0.162481114 0.018751316 0.027389046 -0.016221927 0.032573842 0.013618556 0.999244869
1341846314.389899 0.156267568 0.023227502 0.029693067 -0.014341793 0.036664907 0.012614985 0.999145031
1341846314.427905 0.171571895 0.026621889 0.024637118 -0.014169947 0.037244990 0.012567287 0.999126673
1341846314.493987 0.190658912 0.021780113 0.031841002 -0.013163161 0.045456290 0.004500024 0.998869479
1341846314.526085 0.190124065 0.023780016 0.033374906 -0.012909003 0.048363220 0.001633093 0.998745084
1341846314.558292 0.200927570 0.024215361 0.036757901 -0.013984741 0.050482299 0.003111871 0.998622239
1341846314.594085 0.207996786 0.016540404 0.029252965 -0.013436540 0.054746937 0.001806539 0.998408258
1341846314.626096 0.204136163 0.027385315 0.029862918 -0.011902577 0.059972420 0.003008819 0.998124540
1341846314.658455 0.218039811 0.025901215 0.019388417 -0.014309954 0.060759634 0.003313718 0.998044372
1341846314.694004 0.232969433 0.024598861 0.032223064 -0.013767482 0.063284293 0.001752727 0.997899055
1341846314.725910 0.233108535 0.011493124 0.032707930 -0.011323302 0.066944793 0.006198216 0.997673213
1341846314.761942 0.230805203 0.012356402 0.028733442 -0.007835416 0.068023227 0.009952916 0.997603357
1341846314.794030 0.242814794 0.009164811 0.025913700 -0.005268717 0.069389373 0.011082133 0.997514248
1341846314.826092 0.252745509 0.013852610 0.010258015 -0.002343939 0.072909348 0.012370531 0.997259080
1341846314.862145 0.264554322 0.015425283 0.011456273 -0.002094891 0.075272106 0.013541847 0.997068882
1341846314.894072 0.275843352 0.015214696 0.013088912 -0.002463650 0.078355879 0.016950438 0.996778309
1341846314.925969 0.274636149 0.020144444 0.005397264 -0.002013385 0.082484737 0.020333275 0.996382833
1341846314.961937 0.273770005 0.028014995 0.004585423 -0.004050930 0.083504260 0.023721818 0.996216774
1341846314.994564 0.280417800 0.026713708 0.014048703 -0.008144392 0.084092654 0.023491099 0.996147692
1341846315.029900 0.298870146 0.027643092 0.024931412 -0.008288467 0.086096697 0.021170478 0.996027350
1341846315.061965 0.295587242 0.024453044 0.017282132 -0.009139664 0.089184783 0.025119262 0.995656312
1341846315.094388 0.297974765 0.024783242 0.023778494 -0.008865501 0.088433236 0.024750048 0.995735109
1341846315.129851 0.299520373 0.020675002 0.014049903 -0.007224426 0.089195929 0.023151059 0.995718777
1341846315.161941 0.304073691 0.046909243 0.005443417 -0.006917287 0.088421039 0.026953053 0.995694458
1341846315.197984 0.310608566 0.041117724 0.015783072 -0.014197004 0.085862093 0.023138728 0.995937109
1341846315.230076 0.324514568 0.040614925 0.023810618 -0.017809104 0.083597153 0.021048786 0.996118128
1341846315.262069 0.317078203 0.041135907 0.027229648 -0.020758683 0.082315639 0.023827601 0.996105134
1341846315.298000 0.333653212 0.029553073 0.034398839 -0.023761937 0.077182010 0.026252801 0.996388018
1341846315.329931 0.334760845 0.010458199 0.030233815 -0.022205124 0.076618828 0.024164181 0.996520281
1341846315.361981 0.328544974 0.015519367 0.022421546 -0.016720833 0.077409707 0.026481709 0.996507347
1341846315.397962 0.339093119 0.020953771 0.024603877 -0.013165779 0.076684758 0.030349791 0.996506393
1341846315.429923 0.352756709 0.025096236 0.024398673 -0.009723715 0.077102125 0.032371767 0.996450126
1341846315.466047 0.374713391 0.032232877 0.016688891 -0.008819600 0.078326121 0.035317410 0.996262968
1341846315.497883 0.372357279 0.032028370 0.024053626 -0.009651457 0.082092613 0.040111803 0.995770395
1341846315.530008 0.375806868 0.030933408 0.021392778 -0.009891108 0.083437398 0.040878635 0.995625079
1341846315.566108 0.374468297 0.036092617 0.016471386 -0.010115180 0.085187033 0.041421477 0.995452225
1341846315.597986 0.372938156 0.031048160 0.021188833 -0.010827890 0.087058999 0.040251717 0.995330751
1341846315.630109 0.378150046 0.029912006 0.021637566 -0.010892815 0.087506652 0.039957546 0.995302618
1341846315.666042 0.378093094 0.039698236 0.019151680 -0.010735299 0.089311138 0.039171498 0.995175302
1341846315.698114 0.381895602 0.048673879 0.015406117 -0.014789377 0.091935053 0.036543000 0.994984329
1341846315.733985 0.377648830 0.026940990 0.028009214 -0.019814339 0.095360406 0.039850611 0.994447470
1341846315.766041 0.370625347 0.029100664 0.018048704 -0.019215109 0.093801424 0.040239394 0.994591832
1341846315.798188 0.373825192 0.030520592 0.020147398 -0.020116836 0.092834286 0.038892653 0.994718254
1341846315.834140 0.374219000 0.025358815 0.025277331 -0.019817520 0.094970495 0.038109388 0.994552910
1341846315.866751 0.372430950 0.023881450 0.026311621 -0.017523224 0.096479826 0.037145056 0.994487226
1341846315.898492 0.369399101 0.022299903 0.025441960 -0.016398478 0.097328454 0.037197430 0.994421721
1341846315.936901 0.365464300 0.016692307 0.026669167 -0.013824208 0.098906532 0.036524300 0.994330108
1341846315.966572 0.353625149 0.017024364 0.025237590 -0.010334482 0.101516828 0.035705924 0.994139135
1341846316.034204 0.340065002 0.011180513 0.019753456 -0.007263740 0.101816811 0.033567131 0.994210184
1341846316.066113 0.341788262 0.011041280 0.023163222 -0.004800702 0.101177804 0.034733947 0.994250238
1341846316.101867 0.319190264 0.016993444 0.021586642 -0.002599631 0.101801284 0.034396678 0.994206548
1341846316.134066 0.316082060 0.016631614 0.018903367 -0.003653484 0.098098516 0.031497665 0.994671404
1341846316.202049 0.305551708 0.008871587 0.023426257 -0.003958469 0.093234278 0.027862553 0.995246410
1341846316.233979 0.297048062 0.007257384 0.008670874 -0.003861864 0.092867568 0.025708433 0.995339036
1341846316.270052 0.295130521 0.009971823 0.010805819 -0.004904144 0.093535990 0.023481699 0.995326877
1341846316.301915 0.286393911 0.000785700 0.016083039 -0.005460041 0.095014416 0.021947175 0.995218933
1341846316.334208 0.278319091 -0.000842837 0.015545558 -0.004086633 0.094551653 0.023688661 0.995229721
1341846316.370006 0.271095395 -0.001562954 0.017473217 -0.001903206 0.093419529 0.022794517 0.995364070
1341846316.401994 0.260064453 0.000422284 0.015362956 -0.000011901 0.093363278 0.024235683 0.995337069
1341846316.438069 0.258237451 -0.004108247 0.018153351 0.001907436 0.092505634 0.026579292 0.995355546
1341846316.470076 0.243175715 -0.004818367 0.016360901 0.006638891 0.092991970 0.029804140 0.995198548
1341846316.502034 0.234853536 0.006776383 -0.001242697 0.009440150 0.090545394 0.031051112 0.995363414
1341846316.537975 0.230501935 0.008073607 0.001973260 0.007150312 0.087405972 0.029087042 0.995722353
1341846316.570121 0.222425044 -0.004549517 0.001694653 0.005538182 0.087653495 0.026490137 0.995783329
1341846316.601885 0.217017621 -0.004920632 0.008401215 0.007681489 0.086874545 0.024856560 0.995879471
1341846316.638009 0.206979737 -0.007374512 0.011959363 0.009904283 0.085922375 0.026289023 0.995905697
1341846316.669925 0.199517429 -0.010153669 0.018694211 0.012035912 0.085526533 0.025243212 0.995943308
1341846316.705941 0.196480557 -0.011543129 0.020083241 0.016487183 0.085304320 0.025279181 0.995897770
1341846316.738062 0.179881826 -0.001933430 0.004368016 0.019553812 0.085630290 0.028894356 0.995715916
1341846316.770433 0.174847379 0.002081418 0.003426913 0.019232018 0.084465221 0.029199932 0.995812774
1341846316.805932 0.166282356 -0.012373105 0.007182555 0.018203186 0.085046597 0.027674805 0.995826185
1341846316.838029 0.158043355 -0.007922880 0.011251358 0.019836750 0.083711870 0.029877814 0.995844424
1341846316.870034 0.140457630 -0.012363107 0.010359015 0.020190984 0.081469402 0.029773191 0.996026397
1341846316.906344 0.136237413 -0.012617653 0.015059710 0.021151898 0.078049138 0.028294811 0.996323407
1341846316.937940 0.134178609 -0.008047027 0.004647618 0.021698132 0.076247141 0.027135504 0.996483445
1341846316.973994 0.131054342 -0.009671090 0.007816695 0.020546095 0.073895097 0.028083365 0.996658742
1341846317.005913 0.119097143 -0.012379967 0.007801436 0.019170370 0.071753018 0.028320970 0.996835947
1341846317.037936 0.109825879 -0.013318781 0.012643570 0.019858021 0.069706395 0.026763611 0.997010708
1341846317.073972 0.115716338 -0.012995170 0.011924439 0.021269679 0.066314511 0.029125586 0.997146785
1341846317.106113 0.098042771 -0.018876886 0.013074994 0.022959283 0.066431917 0.031883899 0.997017086
1341846317.137887 0.086839251 -0.016316501 0.002122075 0.026489884 0.060434014 0.035801694 0.997178137
1341846317.173970 0.070041850 -0.020858152 0.004070386 0.026622461 0.054755058 0.037935123 0.997423708
1341846317.205887 0.073320635 -0.013834284 0.014619390 0.027751200 0.050935809 0.039436053 0.997537017
1341846317.248131 0.068751819 -0.014627642 0.013245881 0.029034710 0.047913875 0.042019125 0.997544825
1341846317.306289 0.057206135 -0.015310419 0.015655227 0.030531995 0.041834932 0.045754708 0.997609198
1341846317.348137 0.041146617 -0.018016387 0.008768173 0.031336002 0.044411011 0.044510804 0.997529209
1341846317.410120 0.030588262 -0.011040698 0.018547326 0.033677533 0.043350689 0.051276688 0.997174621
1341846317.442569 0.024016827 -0.011381868 0.029760212 0.036622643 0.044554789 0.053788740 0.996885359
1341846317.474010 0.015693886 -0.013646137 0.026606824 0.042186782 0.044921134 0.055921417 0.996531546
1341846317.509927 0.011038231 -0.010561011 0.014644374 0.044859238 0.041809462 0.060823150 0.996263087
1341846317.542282 0.005253474 -0.010653061 0.024131246 0.043915939 0.039230235 0.061380789 0.996375799
1341846317.573943 0.004747796 -0.017535102 0.023257447 0.043046590 0.039633751 0.060252786 0.996466637
1341846317.610159 -0.005704690 -0.018992448 0.023657164 0.045879982 0.042096283 0.060920220 0.996198595
1341846317.643553 -0.024419516 -0.016795382 0.023703549 0.048233174 0.042799138 0.063432336 0.995900691
1341846317.677993 -0.031957787 -0.022262918 0.019050883 0.048457876 0.039068352 0.065324999 0.995920718
1341846317.709996 -0.038983323 -0.023015330 0.021211451 0.051102448 0.036672369 0.064690217 0.995921075
1341846317.741834 -0.043924678 -0.010405511 0.028604422 0.052307598 0.035560347 0.064726643 0.995896459
1341846317.777923 -0.051384553 -0.013559952 0.030530518 0.050144617 0.034520939 0.064154893 0.996081293
1341846317.810021 -0.068545565 -0.016959131 0.030289136 0.049603608 0.033863902 0.061790850 0.996280372
1341846317.841886 -0.073269360 -0.008704025 0.034035619 0.049609464 0.032740895 0.060025178 0.996425569
1341846317.878017 -0.085391328 -0.010700248 0.031805798 0.046923075 0.033211235 0.055298425 0.996813536
1341846317.909910 -0.084975034 -0.013125384 0.036806848 0.045954924 0.033785254 0.052166328 0.997008204
1341846317.946031 -0.097005561 -0.017799042 0.036050193 0.046947531 0.035016425 0.053964995 0.996823728
1341846317.978041 -0.105632991 -0.022725834 0.038879342 0.048563525 0.033849012 0.053979691 0.996785820
1341846318.009897 -0.108054921 -0.019116582 0.037426881 0.051357735 0.033752691 0.052254237 0.996740997
1341846318.045949 -0.123568974 -0.012662358 0.040404614 0.051958449 0.035615534 0.050308667 0.996745110
1341846318.078074 -0.135227665 -0.015478863 0.039140239 0.050863363 0.034464225 0.049486771 0.996883154
1341846318.109894 -0.139681220 -0.014545539 0.040932380 0.050822757 0.029826166 0.048267528 0.997094572
1341846318.145957 -0.140727505 -0.014992135 0.045329988 0.050013199 0.027427461 0.045613434 0.997329295
1341846318.178001 -0.151722968 -0.017131401 0.039655395 0.049220767 0.028100979 0.042029385 0.997507393
1341846318.214074 -0.170834079 -0.024236381 0.031817049 0.049206141 0.027167600 0.040309366 0.997605026
1341846318.245970 -0.178803355 -0.028347431 0.040530950 0.052082352 0.021353012 0.040855240 0.997578204
1341846318.278018 -0.183250085 -0.029317077 0.030343672 0.056035366 0.016119013 0.042041115 0.997413039
1341846318.313937 -0.180432171 -0.023210315 0.029246999 0.058471534 0.008402917 0.042144038 0.997363687
1341846318.345989 -0.189066261 -0.025690572 0.023144996 0.059947673 -0.000370397 0.041077580 0.997355878
1341846318.382046 -0.205198884 -0.024416689 0.036695473 0.061986573 -0.006085821 0.039091736 0.997292578
1341846318.414072 -0.215315729 -0.026385339 0.040505528 0.063250780 -0.012118133 0.039325070 0.997148931
1341846318.446035 -0.232491449 -0.027702259 0.033654209 0.065161712 -0.017292352 0.039269652 0.996951759
1341846318.482196 -0.238551348 -0.027165316 0.032383565 0.066587418 -0.019517280 0.039349511 0.996813297
1341846318.514144 -0.243290201 -0.027649101 0.030131705 0.066491410 -0.020973038 0.040773310 0.996732950
1341846318.546259 -0.248729005 -0.027853381 0.040391605 0.068339542 -0.022328140 0.040094569 0.996605992
1341846318.582042 -0.258096188 -0.027888410 0.033816069 0.069715165 -0.021782065 0.039687291 0.996539176
1341846318.614115 -0.266144782 -0.024198426 0.037945382 0.069770887 -0.022329016 0.039445698 0.996532738
1341846318.650038 -0.276168913 -0.030095562 0.038176835 0.068587191 -0.022669008 0.036542363 0.996717930
1341846318.682350 -0.289676636 -0.030726254 0.026664820 0.068142585 -0.022779586 0.033932295 0.996838152
1341846318.714063 -0.305316746 -0.032237917 0.016660575 0.067486666 -0.023095703 0.033076391 0.996904254
1341846318.749905 -0.311785281 -0.035522584 0.019674655 0.068364076 -0.023033377 0.034954462 0.996781766
1341846318.782036 -0.314543337 -0.031137334 0.035479169 0.070350848 -0.024538452 0.037256509 0.996524274
1341846318.814121 -0.327959448 -0.029478468 0.040468976 0.070920162 -0.029412929 0.035965055 0.996399343
1341846318.850072 -0.336237878 -0.035747487 0.030701797 0.070664912 -0.035267983 0.033822272 0.996302485
1341846318.883516 -0.344871193 -0.038843527 0.027894858 0.073360078 -0.042548668 0.031693332 0.995893240
1341846318.918047 -0.340648800 -0.025246684 0.030936986 0.077608615 -0.056861669 0.030333919 0.994898736
1341846318.950044 -0.354609340 -0.034069553 0.041624095 0.078811750 -0.065209098 0.027983120 0.994360805
1341846318.982028 -0.373874962 -0.029970583 0.041424535 0.080490597 -0.067086197 0.023925532 0.994207382
1341846319.018123 -0.379629940 -0.036418814 0.052824602 0.079945900 -0.073580593 0.024889376 0.993768096
1341846319.050745 -0.389029235 -0.052753221 0.031914644 0.080022551 -0.079682067 0.024570346 0.993299305
1341846319.081905 -0.396921128 -0.039018586 0.016337857 0.086859748 -0.079256676 0.020651525 0.992848039
1341846319.117976 -0.418499678 -0.039386883 0.004862845 0.088505991 -0.077397011 0.027269991 0.992689669
1341846319.150093 -0.415751666 -0.047295593 0.013528131 0.089529261 -0.082932234 0.035524167 0.991889536
1341846319.186069 -0.412047803 -0.030553978 0.005607016 0.092308894 -0.084557831 0.035058185 0.991513968
1341846319.218149 -0.414049566 -0.009180774 0.006806001 0.090742230 -0.079867326 0.033479583 0.992101848
1341846319.250034 -0.432934195 -0.021044504 0.012678187 0.083676606 -0.072665386 0.032401163 0.993311703
1341846319.286594 -0.437397629 -0.027321620 0.014021356 0.081414506 -0.070129931 0.035896551 0.993561685
1341846319.318034 -0.441473752 -0.026724426 0.018544726 0.082248069 -0.069766827 0.040179044 0.993354678
1341846319.350268 -0.463733256 -0.027657731 0.024487630 0.083027646 -0.068106964 0.045295887 0.993184865
1341846319.386163 -0.490134239 -0.027269205 0.039370425 0.085122578 -0.071921661 0.052689839 0.992373526
1341846319.418386 -0.472495824 -0.027149048 0.012436494 0.085905306 -0.078704573 0.054680575 0.991683364
1341846319.453961 -0.475862771 -0.024286555 0.018190980 0.086245283 -0.080707759 0.051266678 0.991675198
1341846319.486271 -0.479026884 -0.028385296 0.002398722 0.084476300 -0.081408210 0.053006005 0.991678774
1341846319.554083 -0.502712548 -0.026357349 0.017178275 0.080144301 -0.086862497 0.049064420 0.991778433
1341846319.586296 -0.518472433 -0.026204564 0.014964402 0.080535129 -0.085796706 0.045096081 0.992027938
1341846319.622031 -0.536984563 -0.031325720 0.003454886 0.078111254 -0.088501774 0.043558143 0.992052794
1341846319.653962 -0.537271440 -0.038875811 0.012731314 0.077303305 -0.094209783 0.042218566 0.991648257
1341846319.686352 -0.545777559 -0.034582321 0.017047338 0.079366975 -0.097782716 0.044140663 0.991055548
1341846319.721992 -0.553261578 -0.031930208 0.005269825 0.080278039 -0.101744086 0.044220623 0.990579665
1341846319.754063 -0.562693536 -0.017489910 0.008361176 0.078307725 -0.103759311 0.043476701 0.990561306
1341846319.786397 -0.566133976 -0.018510411 0.017202310 0.073670998 -0.103739470 0.047816340 0.990719080
1341846319.822008 -0.577479184 -0.022281218 0.007395193 0.070241719 -0.104068108 0.051388830 0.990754843
1341846319.853917 -0.576970994 -0.020648548 0.014068156 0.065204658 -0.105473533 0.055658884 0.990719855
1341846319.889942 -0.581040919 -0.033321220 0.017645858 0.061313659 -0.106079899 0.060406867 0.990625441
1341846319.922039 -0.593177199 -0.039902028 0.004491344 0.060646202 -0.109910734 0.060961381 0.990214825
1341846319.953946 -0.591866612 -0.040571459 0.014357373 0.061545689 -0.116542093 0.056760080 0.989650607
1341846319.990054 -0.589992583 -0.040993311 0.016639352 0.064279996 -0.119510233 0.050138973 0.989480376
1341846320.028122 -0.593003452 -0.043847479 0.010389328 0.065980591 -0.123052269 0.049813055 0.988950610
1341846320.090047 -0.580974698 -0.031075554 0.016851589 0.072292700 -0.130988702 0.048988014 0.987530231
1341846320.122011 -0.571773648 -0.025689507 0.016069874 0.073458843 -0.128894031 0.049595673 0.987689435
1341846320.157952 -0.562661886 -0.030828841 0.024931431 0.073325455 -0.126715392 0.050970640 0.987911224
1341846320.190003 -0.546790004 -0.031084323 0.029354319 0.076604158 -0.123878367 0.049516473 0.988096178
1341846320.221941 -0.547991931 -0.031592675 0.028215334 0.080565639 -0.119852856 0.049445853 0.988281131
1341846320.258015 -0.530721664 -0.042006239 0.028073780 0.083596334 -0.119898781 0.053699061 0.987801731
1341846320.289887 -0.520477295 -0.046976924 0.035705566 0.088766769 -0.120898269 0.054008089 0.987211883
1341846320.321954 -0.508050621 -0.036556739 0.029239856 0.099051401 -0.122130334 0.052393459 0.986168325
1341846320.357890 -0.490140378 -0.027783345 0.042319871 0.104262397 -0.122714169 0.054691847 0.985433638
1341846320.390064 -0.477165014 -0.030008612 0.020387404 0.105420060 -0.118498668 0.054300766 0.985847950
1341846320.426544 -0.459724903 -0.029191229 0.069647685 0.108468100 -0.113014109 0.052369557 0.986265659
1341846320.458122 -0.451538175 -0.034674525 0.027384453 0.109133534 -0.104152903 0.048362236 0.987371802
1341846320.490186 -0.441713005 -0.042910159 0.029704385 0.112277836 -0.096811436 0.046807587 0.987841249
1341846320.525911 -0.411838561 -0.037785701 0.004911996 0.115981430 -0.089792594 0.045290001 0.988146961
1341846320.558091 -0.411126107 -0.037128266 0.025650956 0.116538920 -0.086233094 0.043493621 0.988479078
1341846320.594093 -0.395541757 -0.042321719 0.026862323 0.117403708 -0.081395663 0.039468799 0.988955677
1341846320.631955 -0.384678900 -0.038690913 0.025791299 0.120139435 -0.073597223 0.038770676 0.989265800
1341846320.664916 -0.369012982 -0.036789928 0.025078427 0.120178990 -0.071830668 0.037015855 0.989458025
1341846320.699927 -0.356323272 -0.039205682 0.036642049 0.120195173 -0.068791971 0.035782665 0.989717305
1341846320.731822 -0.333814710 -0.035309896 0.026041444 0.122376375 -0.062270202 0.035149571 0.989904523
1341846320.763877 -0.311258882 -0.020720059 -0.021952044 0.119576983 -0.061452419 0.036233917 0.990258574
1341846320.799999 -0.314733624 -0.035388380 0.012433831 0.112551816 -0.063295834 0.031015821 0.991142631
1341846320.831871 -0.275907934 -0.040382426 0.010079406 0.114374548 -0.052621413 0.027089473 0.991673172
1341846320.863887 -0.322649568 -0.020143088 0.019998526 0.114200972 -0.041574866 0.026416291 0.992235780
1341846320.900014 -0.310021251 -0.035742752 0.030749686 0.106078461 -0.047245152 0.032406542 0.992705941
1341846320.931889 -0.271989077 -0.046646684 0.026866335 0.106779881 -0.048549399 0.031458892 0.992598295
1341846320.967866 -0.283574641 -0.015777718 0.030525744 0.108365536 -0.041890517 0.027300378 0.992852807
1341846321.000017 -0.279751062 -0.021618735 0.033959843 0.101742707 -0.041602742 0.025705207 0.993607998
1341846321.031860 -0.257112384 -0.034401007 0.021112556 0.098997481 -0.041954704 0.023640437 0.993921757
1341846321.068047 -0.244304210 -0.023157392 0.037223645 0.100081883 -0.038773153 0.021012548 0.994001389
1341846321.099840 -0.249617904 -0.026392076 0.021613134 0.097246207 -0.036424525 0.021607133 0.994358897
1341846321.131821 -0.228154600 -0.034247026 0.024551593 0.097392909 -0.035579432 0.022760462 0.994349360
1341846321.167887 -0.219998956 -0.030804092 0.028726766 0.100214176 -0.031695183 0.023517245 0.994182825
1341846321.200042 -0.214909956 -0.029521231 0.025968438 0.100392230 -0.029118199 0.023358339 0.994247437
1341846321.231950 -0.209949270 -0.039935991 0.013560480 0.098943554 -0.027929794 0.022047883 0.994456649
1341846321.267939 -0.191751525 -0.031523403 0.010322395 0.100128114 -0.026267884 0.017331460 0.994476736
1341846321.299948 -0.176409110 -0.033031687 0.028164608 0.098852381 -0.022498503 0.011569404 0.994780421
1341846321.331858 -0.179629847 -0.041692417 0.017798303 0.098351203 -0.018998025 0.007907307 0.994938970
1341846321.367913 -0.162449345 -0.043071005 0.019074012 0.099970259 -0.016802585 0.003672131 0.994841754
1341846321.399897 -0.157205269 -0.039842807 0.018648939 0.102052867 -0.011530567 0.002584575 0.994708776
1341846321.435994 -0.154198602 -0.041746702 0.024804479 0.103695825 -0.007915036 0.001798617 0.994575918
1341846321.467946 -0.139550552 -0.046106189 0.018653549 0.104936101 -0.005986593 0.002841585 0.994456887
1341846321.499882 -0.121599302 -0.039387282 0.031279985 0.106935576 -0.003954580 0.003343014 0.994252443
1341846321.536109 -0.102399290 -0.033282630 0.011259118 0.106601335 0.000963976 0.000330134 0.994301319
1341846321.568960 -0.103574321 -0.022716422 0.039306354 0.104392491 0.007786817 -0.001687472 0.994504273
1341846321.603938 -0.100312203 -0.027115840 0.043385431 0.100964889 0.010450829 -0.002185473 0.994832695
1341846321.637163 -0.064454995 -0.024794852 0.004146194 0.098268360 0.012988940 -0.002078048 0.995072961
1341846321.668306 -0.083202928 -0.024985887 0.040670350 0.093602583 0.024495106 0.000918901 0.995307863
1341846321.704411 -0.092849813 -0.025912303 0.042703737 0.090564683 0.026046781 0.008141545 0.995516598
1341846321.736861 -0.079502560 -0.023829803 0.042503431 0.089669362 0.022821985 0.016696332 0.995570064
1341846321.771881 -0.068854474 -0.005862451 0.036385976 0.088289760 0.022933276 0.021328773 0.995602310
1341846321.804114 -0.060089372 -0.011418115 0.040557358 0.083643861 0.025114723 0.024137313 0.995886683
1341846321.836152 -0.066789567 -0.008535492 0.042591330 0.080724806 0.028354974 0.023910502 0.996046066
1341846321.871882 -0.063790418 0.004094351 0.046792783 0.076075263 0.029937742 0.020074021 0.996450305
1341846321.904074 -0.057760134 -0.005233103 0.043416787 0.069056608 0.030997971 0.017475696 0.996977866
1341846321.939847 -0.052561775 -0.010112267 0.045292798 0.064809486 0.033747908 0.015197989 0.997211039
1341846322.004094 -0.049678832 -0.012023441 0.060003817 0.057981405 0.031288572 0.015597319 0.997705281
1341846322.066178 -0.039676346 -0.023403030 0.049404815 0.052667160 0.036166839 0.011854135 0.997886539
1341846322.107979 -0.036468115 -0.036066562 0.061228264 0.049921393 0.037908394 0.011098485 0.997971714
1341846322.166164 -0.037320081 -0.056582276 0.060952403 0.052955166 0.037896812 0.011229795 0.997814357
1341846322.202932 -0.032677282 -0.060597636 0.055485040 0.054317709 0.035102036 0.011101381 0.997844756
1341846322.234093 -0.035625663 -0.065744773 0.056541711 0.052953944 0.033931047 0.008878947 0.997980833
1341846322.265941 -0.034799498 -0.073285870 0.057845492 0.050597899 0.030741990 0.010213939 0.998193622
1341846322.301996 -0.027610764 -0.091672741 0.055248328 0.048128914 0.028808258 0.010912848 0.998365998
1341846322.333949 -0.035131052 -0.102595545 0.054687053 0.047444623 0.027674505 0.010271842 0.998437583
1341846322.369871 -0.024075698 -0.120540999 0.052991249 0.047595914 0.021149145 0.006876052 0.998619080
1341846322.402292 -0.013366163 -0.130563885 0.054471683 0.049889639 0.022473205 0.001072358 0.998501301
1341846322.433955 -0.023803150 -0.153672740 0.054413266 0.054013629 0.024415709 -0.002614379 0.998238266
1341846322.470030 -0.023780715 -0.160349190 0.059343390 0.062482238 0.019854773 0.000916085 0.997848153
1341846322.502433 -0.012049880 -0.172911987 0.055372283 0.068654232 0.016472317 0.004412197 0.997494757
1341846322.534002 -0.006771236 -0.191247940 0.062767565 0.076728217 0.016197290 0.005787847 0.996903658
1341846322.570196 -0.008102428 -0.199348629 0.055789333 0.086473823 0.016033258 0.007972270 0.996093214
1341846322.601920 -0.013165997 -0.207844615 0.049481645 0.091452591 0.013089176 0.011148036 0.995661020
1341846322.638119 -0.001625896 -0.214804783 0.057847418 0.097240761 0.009214627 0.010939732 0.995158136
1341846322.669947 0.008259006 -0.221543908 0.062623307 0.102653943 0.012253940 0.010240708 0.994588971
1341846322.702026 -0.004156430 -0.239803776 0.059799671 0.104565643 0.014734921 0.012841733 0.994325936
1341846322.738006 0.001052024 -0.234135479 0.066642411 0.106780030 0.011459704 0.014046009 0.994117439
1341846322.770087 0.007998172 -0.252430856 0.068070985 0.106562838 0.012249672 0.013890241 0.994133472
1341846322.806047 0.001191250 -0.268213928 0.070941381 0.109422252 0.012132049 0.015746081 0.993796587
1341846322.838063 0.000294741 -0.270677239 0.073477283 0.111684628 0.007533818 0.017750425 0.993556619
1341846322.870081 0.003669823 -0.284928054 0.071306422 0.113610759 0.002665680 0.018420966 0.993350983
1341846322.906018 0.010960585 -0.291543841 0.078843519 0.118670143 0.001011741 0.017952133 0.992770910
1341846322.938349 0.007132560 -0.271933347 0.074026339 0.120483987 0.002503827 0.018407185 0.992541432
1341846322.970069 0.011831397 -0.283117235 0.071637094 0.114972547 0.001682202 0.020194562 0.993161976
1341846323.011820 0.009611273 -0.298185289 0.085957825 0.112407371 0.002340844 0.021108715 0.993435264
1341846323.073951 0.006246894 -0.301417023 0.092204481 0.109553732 0.002327869 0.025024494 0.993663132
1341846323.105962 0.019113513 -0.316927910 0.089756630 0.106028087 0.001431582 0.026234040 0.994015992
1341846323.138158 0.018155601 -0.320503861 0.087958813 0.106372744 0.001620047 0.022698531 0.994065881
1341846323.174092 0.015591062 -0.319236696 0.086881906 0.104795851 0.001267393 0.021417987 0.994262278
1341846323.206059 0.024892615 -0.327613324 0.088865668 0.101531811 0.000142012 0.019172663 0.994647503
1341846323.238053 0.032796811 -0.326185077 0.091734573 0.099245489 0.002681097 0.018155582 0.994893730
1341846323.273997 0.008954659 -0.332262635 0.087815881 0.095188804 0.004357440 0.018164644 0.995283961
1341846323.305946 0.018735381 -0.340689451 0.089758024 0.089708216 -0.000369426 0.019219473 0.995782554
1341846323.342027 0.040584479 -0.359836251 0.094737291 0.087381057 0.000465594 0.016987056 0.996030033
1341846323.374048 0.019353662 -0.366616219 0.094113350 0.087740541 0.004942344 0.017936023 0.995969594
1341846323.405987 0.005692645 -0.377803743 0.090943314 0.087752037 0.001307738 0.022124892 0.995895743
1341846323.441956 0.020433336 -0.389987469 0.091954105 0.088506915 -0.003237948 0.024962923 0.995757401
1341846323.473878 0.025861215 -0.398208082 0.091837361 0.092428215 -0.001986275 0.024300836 0.995420814
1341846323.506129 0.017525999 -0.394148380 0.092039816 0.095355958 -0.001733433 0.021192221 0.995216131
1341846323.541972 0.023196260 -0.395009786 0.093548164 0.094347589 -0.001998410 0.017546467 0.995382726
1341846323.573913 0.053446170 -0.412287205 0.080705032 0.093082316 0.000363138 0.013766802 0.995563149
1341846323.609927 0.035000421 -0.409049988 0.088010453 0.093990371 0.007660055 0.010080167 0.995492578
1341846323.642014 0.022304067 -0.419845790 0.090004772 0.092532746 0.009788601 0.010916580 0.995601654
1341846323.674081 0.017964629 -0.432395607 0.087406017 0.091926672 0.008262749 0.013228690 0.995643616
1341846323.710069 0.018008249 -0.455505818 0.079816550 0.092626758 0.007064556 0.016929077 0.995531917
1341846323.742111 0.019546067 -0.466643631 0.078191176 0.097416766 0.004958088 0.017552802 0.995076478
1341846323.774928 0.022469487 -0.459782660 0.075071983 0.101389766 0.002558138 0.014502074 0.994737744
1341846323.810012 0.023593023 -0.466440350 0.072362572 0.102347292 0.001495649 0.011719137 0.994678557
1341846323.842207 0.029783703 -0.472088754 0.067054085 0.103645504 0.001298769 0.006512930 0.994592130
1341846323.878019 0.018642262 -0.485052735 0.065476105 0.103962056 0.001134306 0.001982311 0.994578600
1341846323.909826 0.021022823 -0.493579388 0.076806545 0.107437156 -0.000801200 -0.002173120 0.994209170
1341846323.942459 0.019471269 -0.493749380 0.069046646 0.111112684 -0.000638101 -0.002242145 0.993805051
1341846323.978055 0.012479400 -0.496947706 0.069393158 0.113607362 -0.003326961 -0.000847580 0.993519783
1341846324.015934 0.022341862 -0.499343395 0.074772879 0.117233619 -0.005961182 -0.000281817 0.993086398
1341846324.047722 0.023309898 -0.488283098 0.070932925 0.121344373 -0.004253965 -0.001930170 0.992599428
1341846324.083904 0.024671657 -0.474194854 0.078245051 0.121835776 -0.003179155 -0.001784078 0.992543578
1341846324.115968 0.028814446 -0.478836626 0.066215329 0.118839890 -0.001579909 -0.003757427 0.992905021
1341846324.151967 0.031291131 -0.471659631 0.067385852 0.118644640 0.001314429 -0.008216597 0.992901862
1341846324.183941 0.023271516 -0.457506657 0.071721695 0.116260916 0.005970401 -0.012097977 0.993127048
1341846324.219984 0.020925621 -0.456714004 0.073144004 0.111893184 0.007803272 -0.011070693 0.993627906
1341846324.251968 0.015800461 -0.455123425 0.076055653 0.111478619 0.008069909 -0.011599124 0.993666351
1341846324.284052 0.011352980 -0.440940410 0.081406347 0.112289354 0.007482937 -0.012374498 0.993570268
1341846324.319880 0.007551072 -0.425108105 0.077908859 0.111308299 0.004123008 -0.012545446 0.993698180
1341846324.351917 0.010658830 -0.407176971 0.075896226 0.108091906 0.000767342 -0.013804005 0.994044721
1341846324.388001 0.022252802 -0.400192827 0.074924819 0.103917852 0.000341370 -0.017624047 0.994429648
1341846324.419908 0.016334742 -0.388163537 0.080871515 0.099100649 0.002683590 -0.019976867 0.994873226
1341846324.452027 0.012114748 -0.389351726 0.084067717 0.094308041 0.003061491 -0.020691967 0.995323241
1341846324.487928 0.012659769 -0.383525848 0.082413368 0.093014732 0.002598026 -0.018078253 0.995497167
1341846324.519985 -0.002579387 -0.371053934 0.086088628 0.092004292 0.001162397 -0.014154476 0.995657325
1341846324.556001 -0.001575309 -0.351806164 0.088537589 0.090676427 -0.003957928 -0.009589469 0.995826364
1341846324.587888 0.000555209 -0.343016386 0.084480271 0.087027155 -0.007074598 -0.008169368 0.996147275
1341846324.620086 0.002384600 -0.338805169 0.087932959 0.084462084 -0.009660980 -0.010527295 0.996324241
1341846324.655955 0.007758914 -0.325846702 0.090343252 0.083473079 -0.011008393 -0.011342067 0.996384680
1341846324.688082 0.005361199 -0.323889792 0.097828567 0.082711928 -0.010834361 -0.010370313 0.996460617
1341846324.755922 -0.013828391 -0.284273803 0.094177462 0.084819920 -0.013112116 -0.007070235 0.996284902
1341846324.814016 0.006777680 -0.247528031 0.091924369 0.080169737 -0.019803638 -0.009173660 0.996542215
1341846324.849979 -0.005356728 -0.242397189 0.096498005 0.074184455 -0.015992446 -0.012293595 0.997040510
1341846324.881924 -0.012652360 -0.237470135 0.103134513 0.071390353 -0.017100075 -0.011967812 0.997230053
1341846324.913902 -0.005085720 -0.230086774 0.102146231 0.069779254 -0.018804675 -0.008367051 0.997350097
1341846324.949999 -0.009892887 -0.234118193 0.103324495 0.069830671 -0.018678943 -0.005581126 0.997368336
1341846324.981922 -0.019476919 -0.225227013 0.106913850 0.074809574 -0.020630337 -0.002671227 0.996980786
1341846325.018013 -0.020062881 -0.213123068 0.101625398 0.078988463 -0.025676545 -0.000209768 0.996544778
1341846325.050079 -0.023892522 -0.198139533 0.099500231 0.081176683 -0.030719738 -0.001525342 0.996224999
1341846325.081901 -0.021671116 -0.176860839 0.102151647 0.081170529 -0.036386535 -0.003315001 0.996030271
1341846325.118531 -0.006664301 -0.159520060 0.100183427 0.077144705 -0.038709845 -0.004623167 0.996257424
1341846325.149933 -0.012502576 -0.164528444 0.104618534 0.070816062 -0.035890821 -0.006846826 0.996819973
1341846325.181925 -0.017610310 -0.157786027 0.106659181 0.067859232 -0.034422327 -0.004713705 0.997089744
1341846325.218055 -0.010843306 -0.147614449 0.107585005 0.065345250 -0.035090890 0.000231429 0.997245491
1341846325.249811 -0.019771945 -0.140874684 0.106230699 0.063212670 -0.034370683 0.003113886 0.997403145
1341846325.285925 -0.010104367 -0.128496096 0.106770881 0.060893595 -0.035679813 0.006738087 0.997483552
1341846325.317988 -0.002964596 -0.134737819 0.112767041 0.057849035 -0.033651818 0.009327454 0.997714400
1341846325.349844 -0.008830609 -0.136664346 0.118678495 0.060707971 -0.028398257 0.011034751 0.997690499
1341846325.387302 -0.005928369 -0.122560896 0.119734161 0.065838046 -0.026009722 0.014208877 0.997390032
1341846325.417931 0.003574515 -0.117425889 0.113727212 0.068424821 -0.021376340 0.016987536 0.997282505
1341846325.450747 0.013414213 -0.129725710 0.115117282 0.072006680 -0.013770066 0.018868592 0.997130573
1341846325.485954 -0.007780582 -0.098936878 0.133633077 0.082920969 -0.005745155 0.020916807 0.996320009
1341846325.517875 -0.005664541 -0.093126863 0.128644049 0.085869320 -0.003102786 0.022953110 0.996037126
1341846325.553859 -0.005668542 -0.087627791 0.127005398 0.088818841 0.000509043 0.022176480 0.995800734
1341846325.585855 -0.016602997 -0.067011125 0.126352802 0.091913290 0.003937588 0.020210097 0.995554090
1341846325.617990 -0.016632300 -0.047324285 0.130662829 0.089565985 0.005479965 0.019264644 0.995779455
1341846325.653982 -0.018758109 -0.064562358 0.134263530 0.085479356 0.007444413 0.016399248 0.996177137
1341846325.685819 -0.024211997 -0.059733421 0.141564190 0.090956978 0.009179358 0.017686510 0.995655417
1341846325.717857 -0.027302844 -0.048598167 0.139363304 0.095364809 0.010307567 0.025010463 0.995074749
1341846325.754083 -0.032226637 -0.048204429 0.140228674 0.098210543 0.010596045 0.028772259 0.994693220
1341846325.786087 -0.026061654 -0.039711058 0.140611380 0.104992844 0.010652523 0.030370679 0.993952036
1341846325.821856 -0.026138226 -0.021326903 0.142589048 0.109184153 0.012378502 0.032199848 0.993422747
1341846325.853827 -0.035823528 -0.016646761 0.142507821 0.109610893 0.013567463 0.035470381 0.993248820
1341846325.885958 -0.043574199 -0.003420014 0.139211297 0.110339470 0.011026288 0.041250207 0.992976367
1341846325.921984 -0.037028417 -0.000231434 0.141119927 0.109308451 0.006741932 0.045579657 0.992939413
1341846325.953899 -0.023705378 0.004203504 0.142960206 0.112402476 0.006378008 0.047293253 0.992516160
1341846325.985823 -0.030653428 0.016828571 0.148884445 0.115271933 0.009763150 0.051437363 0.991953254
1341846326.021991 -0.035919450 0.016457483 0.146318793 0.117530629 0.010187791 0.057253122 0.991365135
1341846326.054055 -0.030431837 0.034123965 0.152319014 0.123561241 0.009005225 0.060406357 0.990455747
1341846326.089984 -0.026617769 0.049761955 0.150458902 0.126154229 0.010618348 0.059871234 0.990145326
1341846326.121822 -0.030324433 0.061512128 0.154050708 0.125988767 0.015169002 0.056926638 0.990280807
1341846326.154079 -0.032058399 0.060459897 0.158947006 0.126013786 0.017514896 0.055824574 0.990301669
1341846326.190178 -0.035810247 0.074043825 0.161057502 0.128793851 0.017136287 0.058595143 0.989790380
1341846326.222162 -0.039920203 0.089618847 0.156653985 0.128194302 0.015643157 0.064532720 0.989523590
1341846326.259181 -0.041899491 0.100584805 0.160625085 0.124875568 0.013123560 0.068352148 0.989728153
1341846326.322766 -0.036606435 0.125560760 0.178601921 0.118466042 0.012308318 0.067016594 0.990617514
1341846326.359773 -0.036427200 0.129055932 0.174921930 0.114123873 0.013935565 0.064796142 0.991253197
1341846326.392109 -0.033040654 0.124870107 0.180162296 0.112344608 0.015507352 0.065910764 0.991359651
1341846326.423985 -0.035285380 0.128875256 0.184739605 0.116121665 0.016303441 0.072449841 0.990454912
1341846326.459869 -0.043267053 0.148433849 0.183665112 0.119119547 0.014382938 0.075293154 0.989916444
1341846326.526163 -0.029722281 0.181598529 0.192854643 0.119897589 0.015121382 0.074044354 0.989905655
1341846326.560211 -0.035173889 0.191513196 0.206384495 0.115175791 0.019202806 0.073846824 0.990410209
1341846326.591828 -0.036563613 0.190703467 0.205195740 0.111018740 0.021468187 0.076003581 0.990675211
1341846326.627027 -0.032204997 0.207790464 0.208162293 0.111456640 0.022482581 0.075409219 0.990648925
1341846326.658442 -0.029974155 0.221075580 0.206690833 0.109399974 0.026394768 0.073590942 0.990918398
1341846326.694856 -0.041206684 0.234952256 0.216967478 0.106557667 0.030637942 0.073051035 0.991145909
1341846326.726206 -0.035902143 0.251159042 0.214117229 0.100240454 0.030955134 0.072466306 0.991837859
1341846326.762753 -0.026413864 0.263621807 0.209129632 0.094344787 0.032662470 0.070260145 0.992519915
1341846326.826821 -0.036695540 0.297782928 0.218775690 0.079843417 0.039269183 0.066200666 0.993831158
1341846326.858887 -0.037830859 0.291804850 0.226492316 0.070576735 0.040584449 0.065697759 0.994512796
1341846326.895360 -0.043705918 0.296086162 0.228396744 0.068626024 0.040585339 0.066908658 0.994568527
1341846326.926897 -0.045583226 0.301809162 0.234353870 0.070840329 0.037114870 0.067139491 0.994533241
1341846326.958888 -0.036612011 0.317197144 0.234281525 0.073746264 0.034244519 0.070088908 0.994221449
1341846326.994594 -0.033124793 0.329752207 0.227816612 0.074306913 0.034479812 0.071954094 0.994038343
1341846327.026301 -0.035728008 0.342921704 0.232262045 0.072542474 0.035926301 0.071353495 0.994160712
1341846327.063945 -0.031228010 0.346202552 0.240623638 0.069075815 0.037781127 0.068434276 0.994544029
1341846327.094662 -0.035603508 0.355886787 0.241231114 0.068827227 0.040723041 0.066219613 0.994595110
1341846327.128901 -0.038710594 0.366576821 0.242028877 0.068065025 0.041148189 0.064906210 0.994716644
1341846327.161940 -0.033291969 0.378588766 0.244070157 0.067045122 0.039225642 0.064671867 0.994878829
1341846327.193867 -0.030491574 0.387593359 0.247656494 0.066173717 0.040805813 0.061276898 0.995088458
1341846327.229885 -0.029379571 0.402563542 0.247313410 0.067517132 0.043739732 0.060832661 0.994900823
1341846327.262014 -0.052978259 0.402531922 0.225408122 0.064371288 0.052430447 0.051881678 0.995196342
1341846327.294023 -0.024685573 0.421255738 0.208056569 0.068500727 0.059948191 0.048305735 0.994675994
1341846327.330015 -0.030143851 0.444197416 0.222352624 0.072584055 0.071086019 0.047193844 0.993705750
1341846327.361939 -0.029738251 0.457889080 0.234279543 0.070154898 0.075284734 0.042613849 0.993777931
1341846327.393887 -0.027419537 0.465889812 0.267333061 0.068969913 0.078511983 0.036206506 0.993865252
1341846327.429966 -0.031588741 0.495400101 0.262635469 0.068688460 0.078019217 0.036368884 0.993917584
1341846327.461965 -0.038128462 0.507546365 0.269484162 0.060924739 0.073936485 0.037339643 0.994699597
1341846327.497931 -0.034076028 0.497215986 0.274687827 0.053277288 0.072819985 0.032290161 0.995397508
1341846327.530068 -0.028198589 0.532139063 0.280044556 0.055166177 0.071515590 0.038265280 0.995177329
1341846327.561895 -0.040843558 0.531281769 0.288296908 0.052689608 0.070836984 0.043023694 0.995165765
1341846327.598010 -0.044170991 0.537243128 0.287883669 0.054462604 0.067804322 0.047720097 0.995067418
1341846327.629945 -0.049555205 0.547899902 0.286207736 0.053815719 0.063044541 0.046184380 0.995487928
1341846327.662003 -0.044164829 0.550740540 0.285245717 0.053998049 0.059105236 0.042153858 0.995898485
1341846327.697919 -0.042331062 0.577224791 0.288190842 0.057669710 0.058203135 0.044248037 0.995654941
1341846327.730075 -0.049156725 0.601276755 0.289689779 0.054787919 0.058106247 0.044477165 0.995813072
1341846327.766017 -0.048474327 0.601967335 0.287627190 0.048832282 0.057570048 0.045802217 0.996093988
1341846327.797917 -0.043988384 0.627994537 0.296210498 0.046271712 0.056269169 0.048457429 0.996164918
1341846327.830054 -0.044133354 0.619335890 0.297081947 0.037250493 0.055964630 0.048359822 0.996564925
1341846327.865944 -0.044161640 0.627808630 0.296600401 0.033271521 0.057171386 0.047591336 0.996674180
1341846327.898010 -0.049120665 0.645004332 0.302734822 0.031618420 0.058722470 0.049214981 0.996559024
1341846327.929991 -0.046807192 0.659917593 0.304743409 0.027845779 0.056611478 0.047416747 0.996880829
1341846327.966065 -0.049425066 0.677337706 0.299575657 0.024586253 0.056817386 0.046392355 0.997003019
1341846327.998073 -0.046992056 0.680073440 0.299581319 0.017342862 0.057566874 0.043163761 0.997257352
1341846328.034045 -0.042949457 0.683202922 0.307948470 0.011412078 0.057867371 0.041870385 0.997380555
1341846328.065993 -0.061139256 0.678715825 0.312975526 0.005176342 0.061402678 0.041769881 0.997225285
1341846328.098045 -0.048056450 0.665080130 0.309420526 0.002039484 0.060185034 0.041381203 0.997327030
1341846328.133967 -0.051043469 0.665121198 0.310497820 0.005680225 0.059303552 0.045692496 0.997177541
1341846328.166023 -0.050846275 0.666117132 0.306245565 0.005859646 0.056016579 0.047270190 0.997292995
1341846328.198018 -0.052631162 0.650230467 0.302408695 0.004346981 0.053627849 0.044321500 0.997567415
1341846328.234044 -0.050211877 0.637889326 0.298130661 0.006649334 0.052145127 0.042320006 0.997720242
1341846328.265899 -0.048756316 0.628946900 0.295319706 0.008630042 0.049844895 0.042863678 0.997799456
1341846328.302051 -0.048468452 0.609268069 0.289279163 0.010293279 0.049619023 0.043461196 0.997769058
1341846328.333917 -0.046466306 0.590399683 0.289085776 0.013461072 0.049427696 0.046193205 0.997618079
1341846328.366008 -0.048066802 0.572438776 0.288141370 0.018114682 0.049418662 0.042732220 0.997699142
1341846328.402010 -0.046314813 0.550803006 0.279653043 0.030741297 0.051258210 0.045255043 0.997185826
1341846328.433920 -0.042731818 0.532948911 0.277168423 0.033649582 0.048573956 0.046041321 0.997190297
1341846328.470003 -0.036560781 0.498758852 0.270435721 0.031793173 0.047099404 0.037786424 0.997668803
1341846328.502194 -0.032085449 0.476535469 0.267620891 0.033286847 0.048754700 0.030748608 0.997782290
1341846328.534033 -0.030151037 0.460467458 0.271212101 0.034771360 0.051450346 0.028583253 0.997660697
1341846328.570125 -0.033260599 0.448768795 0.271720141 0.037789181 0.051990621 0.031196516 0.997444570
1341846328.602804 -0.035594665 0.418645024 0.255744874 0.042618882 0.046714935 0.034285475 0.997409582
1341846328.672663 -0.037338860 0.367629617 0.258475900 0.049956072 0.034938514 0.029316416 0.997709513
1341846328.702975 -0.032355793 0.352494597 0.256235898 0.052341785 0.031657871 0.027853668 0.997738600
1341846328.770129 -0.020153951 0.319042981 0.249734893 0.060704950 0.027378516 0.025885057 0.997444391
1341846328.802331 -0.022054477 0.295881778 0.243124574 0.060809653 0.025266580 0.025013447 0.997515917
1341846328.838051 -0.012291425 0.278832942 0.230943322 0.063873738 0.022426842 0.023042681 0.997439802
1341846328.869939 -0.010204308 0.287045568 0.228432924 0.065111391 0.020961858 0.022015007 0.997414887
1341846328.904486 -0.014630895 0.268023163 0.231462032 0.059785265 0.018381502 0.022194942 0.997795165
1341846328.939814 -0.011240536 0.239641324 0.239791334 0.061895035 0.015575071 0.021044582 0.997739196
1341846328.970217 -0.002571403 0.235849068 0.222100362 0.066119760 0.012901476 0.024822222 0.997419477
1341846329.006232 -0.000720084 0.223169327 0.218282938 0.066838220 0.010621985 0.029032554 0.997284770
1341846329.038243 0.002419232 0.201926857 0.217791095 0.069628872 0.009615880 0.030027797 0.997074604
1341846329.106125 0.003606091 0.203485429 0.208911449 0.073462620 0.009354178 0.028735427 0.996840000
1341846329.138340 0.004897580 0.183491752 0.206659287 0.073980764 0.008564669 0.027148252 0.996853292
1341846329.169991 0.006723876 0.182142094 0.201296747 0.076469585 0.007323805 0.025728760 0.996712983
1341846329.208656 0.009541982 0.174603373 0.200737327 0.076816015 0.006295984 0.024942148 0.996713340
1341846329.238169 0.010592639 0.173306033 0.194813520 0.076526552 0.005342159 0.024399104 0.996754646
1341846329.273827 0.007006841 0.155282706 0.194601208 0.074177086 0.004843149 0.024442896 0.996933758
1341846329.306052 0.012232143 0.154108226 0.184065327 0.075387217 0.001347943 0.024565868 0.996850789
1341846329.338104 0.015589508 0.154988229 0.183623090 0.072088785 -0.000336465 0.022944024 0.997134209
1341846329.373907 0.013606702 0.128937423 0.186372608 0.067362629 -0.000470716 0.020182345 0.997524321
1341846329.405985 0.014934198 0.118038490 0.183319226 0.068355255 -0.002128271 0.017745160 0.997500956
1341846329.442057 0.016998902 0.118592940 0.179464862 0.068131633 -0.002789064 0.014390194 0.997568667
1341846329.473950 0.011339501 0.101100445 0.175134808 0.066459447 -0.003315095 0.008087010 0.997750878
1341846329.506147 0.011890135 0.096856371 0.170319617 0.067337222 -0.005513241 0.005603700 0.997699320
1341846329.542121 0.011724159 0.084432058 0.164587945 0.065320611 -0.008597398 0.005678107 0.997811139
1341846329.574086 0.017566497 0.066708006 0.164810956 0.067121632 -0.011278953 0.004701245 0.997669935
1341846329.606387 0.015570080 0.065085143 0.161863074 0.069795646 -0.011419062 0.003169712 0.997490883
1341846329.641955 0.010001219 0.062956616 0.155419886 0.070029177 -0.012137307 0.003135564 0.997466147
1341846329.681570 0.010859317 0.048071742 0.153738141 0.068723492 -0.015292956 0.003141072 0.997513592
1341846329.748113 0.015809748 0.044446453 0.153756306 0.071006894 -0.015524385 0.000973271 0.997354507
1341846329.810175 0.013662985 0.017615266 0.153255463 0.068393357 -0.012200509 0.005997343 0.997565806
1341846329.842255 0.012883080 0.008976938 0.150208548 0.069974072 -0.011854966 0.008751908 0.997439921
1341846329.874044 0.011724338 0.003223857 0.150127620 0.071727537 -0.012084276 0.012110960 0.997277498
1341846329.910073 0.010330899 0.006774230 0.149156585 0.072163381 -0.012294857 0.014137853 0.997216821
1341846329.942009 0.010910002 0.006960452 0.148728967 0.067916699 -0.013101211 0.019992348 0.997404575
1341846329.978087 0.010867405 -0.018707490 0.145804837 0.065126479 -0.013155743 0.020274702 0.997584283
1341846330.016305 0.014918608 -0.009215982 0.143150315 0.067674115 -0.012357245 0.018186690 0.997465134
1341846330.048192 0.007197837 -0.003511867 0.144453317 0.064215831 -0.010453658 0.019817682 0.997684479
1341846330.080418 0.010343867 -0.025983445 0.140942201 0.058960896 -0.010818411 0.021591173 0.997968137
1341846330.115886 0.010903444 -0.040387131 0.139031738 0.061569367 -0.009170601 0.022655731 0.997803509
1341846330.147839 0.005032036 -0.026935164 0.135485426 0.064478442 -0.008817950 0.024592414 0.997577071
1341846330.181257 0.005429273 -0.013323057 0.136190549 0.060231455 -0.009515021 0.027810868 0.997751534
1341846330.215852 0.010188363 -0.031961456 0.133664653 0.053023968 -0.008888424 0.027407095 0.998177469
1341846330.247833 0.003003471 -0.036826052 0.134678110 0.051209312 -0.008002985 0.026411135 0.998306572
1341846330.283913 0.003605289 -0.022153389 0.131122157 0.048288252 -0.008854282 0.027062045 0.998427510
1341846330.316011 -0.000626147 -0.038031876 0.131992519 0.041404746 -0.009244635 0.025744485 0.998767912
1341846330.347868 -0.001143985 -0.047677577 0.132664889 0.038832255 -0.011090215 0.025233004 0.998865545
1341846330.383835 0.001837438 -0.050143771 0.135410175 0.037061717 -0.011609106 0.025487650 0.998920381
1341846330.415934 -0.000557112 -0.065962583 0.131785050 0.035954189 -0.010544430 0.023518909 0.999020994
1341846330.452561 -0.002507300 -0.067721263 0.129798040 0.038777482 -0.011171622 0.022690985 0.998927712
1341846330.483903 -0.008704172 -0.061994262 0.123777322 0.039256468 -0.012471590 0.025007352 0.998838305
1341846330.515970 -0.006265696 -0.071152113 0.124805942 0.037372507 -0.015072962 0.028767671 0.998773515
1341846330.552099 -0.005950843 -0.073182151 0.124457926 0.038804509 -0.016255416 0.030816674 0.998639226
1341846330.583876 -0.010131566 -0.063634411 0.122266643 0.038716622 -0.016291166 0.030897252 0.998639584
1341846330.619992 -0.010498023 -0.054789562 0.122083053 0.034554858 -0.017588317 0.031299423 0.998757720
1341846330.652136 -0.005639996 -0.063648447 0.121819071 0.027620452 -0.019587712 0.029691290 0.998985410
1341846330.683796 -0.010231758 -0.068612009 0.117740251 0.022760719 -0.019013185 0.028562760 0.999151945
1341846330.719991 -0.016059948 -0.082116149 0.110414051 0.019895988 -0.020977721 0.029665679 0.999141634
1341846330.752103 -0.020751074 -0.085981317 0.107966445 0.021638198 -0.024826992 0.033671200 0.998890221
1341846330.787952 -0.023182575 -0.081496172 0.095550254 0.022666199 -0.029552748 0.037432812 0.998604834
1341846330.819823 -0.020483324 -0.077969521 0.101443395 0.022760907 -0.034176994 0.038245156 0.998424351
1341846330.852208 -0.021324569 -0.071732901 0.097787499 0.022518054 -0.035784796 0.039493620 0.998324931
1341846330.914111 -0.027232204 -0.060269788 0.094140083 0.013956608 -0.038660418 0.038874380 0.998398423
1341846330.949903 -0.030606620 -0.071420111 0.096440837 0.010311660 -0.039640985 0.038891923 0.998403549
1341846330.981986 -0.037537146 -0.072190918 0.083632872 0.011074826 -0.043853413 0.040008098 0.998175144
1341846331.014111 -0.034164466 -0.065586835 0.083723724 0.011008525 -0.048182089 0.039791066 0.997984946
1341846331.082139 -0.036604397 -0.071572870 0.076227248 0.012308214 -0.050880007 0.036843717 0.997949004
1341846331.114334 -0.036988679 -0.066306524 0.075416572 0.012651482 -0.053104077 0.036033180 0.997858465
1341846331.149989 -0.035882320 -0.072423108 0.077386342 0.012803337 -0.054131892 0.035221118 0.997830272
1341846331.181954 -0.039630353 -0.073649161 0.071016520 0.015815694 -0.054081231 0.034143820 0.997827232
1341846331.218151 -0.049061041 -0.060175102 0.069512337 0.016188458 -0.056798350 0.034778792 0.997648418
1341846331.249914 -0.036778923 -0.074361496 0.069175564 0.013003035 -0.059338309 0.033201907 0.997600913
1341846331.318141 -0.030417912 -0.067767113 0.075472362 0.024204573 -0.049898814 0.028777268 0.998046160
1341846331.349926 -0.029353742 -0.064669713 0.077739418 0.023374366 -0.047351193 0.027914820 0.998214543
1341846331.382003 0.011785895 -0.091303490 0.088429846 0.024590077 -0.044346306 0.029558208 0.998276055
1341846331.418008 -0.001019960 -0.080177523 0.100926489 0.032277845 -0.032447208 0.028082436 0.998557329
1341846331.450327 -0.010716399 -0.071318977 0.111550428 0.034759019 -0.026820520 0.028179897 0.998638272
1341846331.486219 -0.019832041 -0.062583461 0.119286835 0.035367530 -0.024119370 0.028601570 0.998673797
1341846331.518344 -0.008781150 -0.064828530 0.119025312 0.034056786 -0.024264960 0.028339570 0.998723269
1341846331.550202 -0.012108936 -0.071012057 0.106064133 0.035458077 -0.019320300 0.026152119 0.998842061
1341846331.586139 -0.023815447 -0.055517640 0.111643776 0.038619556 -0.016971435 0.025991451 0.998771727
1341846331.617931 -0.016598806 -0.051359139 0.119473383 0.037848838 -0.017787078 0.026526114 0.998772979
1341846331.654027 -0.005631521 -0.060598649 0.130747259 0.037882950 -0.015421183 0.027505178 0.998784542
1341846331.686123 -0.013854447 -0.049931157 0.134151176 0.040663403 -0.012078973 0.028978217 0.998679578
1341846331.717954 -0.019910524 -0.038174536 0.142149910 0.038258988 -0.012926687 0.028784692 0.998769522
1341846331.754076 -0.011269616 -0.054401670 0.150277793 0.034976643 -0.012841939 0.027587363 0.998924732
1341846331.785920 -0.008000519 -0.053764742 0.164526924 0.037916712 -0.010026897 0.026602054 0.998876452
1341846331.818053 -0.009489466 -0.040949546 0.179654792 0.039100096 -0.008365237 0.026994964 0.998835564
1341846331.853849 -0.009031682 -0.050089255 0.190131426 0.037218772 -0.007980047 0.025800444 0.998942137
1341846331.885987 -0.004031317 -0.049835607 0.194038272 0.040352661 -0.005786249 0.023500232 0.998892367
1341846331.922014 -0.006461781 -0.043425135 0.208960220 0.042409878 -0.002504837 0.022766832 0.998837709
1341846331.954037 0.001171448 -0.044014826 0.217015356 0.042162653 -0.000320803 0.023566728 0.998832703
1341846331.986135 0.009190490 -0.054958507 0.230408028 0.043933291 0.004981811 0.024952333 0.998710394
1341846332.022364 -0.001852733 -0.054196991 0.248638943 0.051200055 0.010746771 0.023831904 0.998346150
1341846332.054175 -0.009872228 -0.050444793 0.255242497 0.057325795 0.011239069 0.025873723 0.997956872
1341846332.086502 -0.006309029 -0.046360537 0.265919566 0.060304243 0.010996655 0.027664213 0.997736037
1341846332.122051 -0.006309418 -0.042226270 0.276425183 0.062071100 0.011997880 0.026955198 0.997635543
1341846332.153983 -0.011596480 -0.026122356 0.294639021 0.061451741 0.011632008 0.024789607 0.997734368
1341846332.190165 -0.013688812 -0.024045672 0.306666195 0.055494238 0.010224926 0.022663455 0.998149395
1341846332.254145 -0.014499762 -0.045423783 0.332968533 0.054111261 0.010599292 0.019861033 0.998281121
1341846332.289948 -0.018789414 -0.039151594 0.343281806 0.056396089 0.010701748 0.021982333 0.998109102
1341846332.322172 -0.014183622 -0.041014247 0.358857810 0.056852110 0.009582146 0.024718141 0.998030603
1341846332.354003 -0.009641506 -0.045716293 0.361874193 0.058957558 0.011456589 0.021717649 0.997958481
1341846332.390180 -0.006059270 -0.034126610 0.372307479 0.061421432 0.015310693 0.019557424 0.997802854
1341846332.422055 -0.009480298 -0.030803423 0.386371851 0.059582684 0.017976927 0.015965296 0.997933805
1341846332.458114 -0.003155541 -0.038076006 0.400925189 0.058337811 0.019886130 0.012473492 0.998020887
1341846332.489993 -0.011536255 -0.031593077 0.412697345 0.059795879 0.022413811 0.014462488 0.997854173
1341846332.522130 -0.018546676 -0.027712421 0.427944869 0.059300419 0.018981757 0.020671545 0.997845590
1341846332.558114 -0.015091606 -0.033051856 0.431876242 0.059045583 0.013281415 0.027378753 0.997791409
1341846332.589874 -0.007562377 -0.020533105 0.436446518 0.059667345 0.009948777 0.031163434 0.997682154
1341846332.621889 -0.008121963 -0.014522973 0.442387313 0.055654813 0.010267779 0.032854289 0.997856557
1341846332.658202 -0.000812805 -0.020921204 0.454074442 0.051054567 0.010134568 0.032089133 0.998128772
1341846332.690001 -0.002341372 -0.015898716 0.465211302 0.049615420 0.011517568 0.031765364 0.998196661
1341846332.726000 -0.004608872 -0.021227876 0.474754572 0.048129808 0.010697968 0.036305077 0.998123765
1341846332.758386 0.001035075 -0.019258423 0.483217239 0.048915699 0.007760079 0.037649322 0.998062909
1341846332.789937 0.009675003 -0.011117976 0.489245474 0.048823711 0.007874465 0.036822561 0.998097360
1341846332.825925 0.011399180 -0.011410046 0.504951119 0.046341769 0.010420293 0.034936186 0.998260140
1341846332.857898 0.011241512 -0.012484718 0.512886047 0.047155552 0.011972263 0.034156542 0.998231590
1341846332.894069 0.012838122 0.001825750 0.524202108 0.048069112 0.011784355 0.034367364 0.998183072
1341846332.926029 0.019485999 0.005352251 0.529086471 0.044578154 0.011740424 0.032407831 0.998411059
1341846332.958015 0.024589717 0.007227942 0.540868580 0.041791115 0.013662419 0.029800858 0.998588383
1341846332.994073 0.025181713 0.007214367 0.544927776 0.038457334 0.014991513 0.028355617 0.998745382
1341846333.026545 0.029113594 0.010666106 0.558479488 0.036354095 0.016102860 0.026231889 0.998864830
1341846333.057998 0.037553810 0.012273442 0.567166448 0.035659906 0.017652348 0.026458969 0.998857677
1341846333.094024 0.039726168 0.012055166 0.571610808 0.035792209 0.019062150 0.030074526 0.998724699
1341846333.126095 0.041114029 0.012967996 0.578624904 0.035926256 0.021308066 0.032275170 0.998605847
1341846333.161973 0.047470212 0.020421822 0.581709504 0.035475634 0.023254860 0.033121295 0.998550832
1341846333.195660 0.047311645 0.020315420 0.589820087 0.032681834 0.025470452 0.034888547 0.998531878
1341846333.226331 0.047155939 0.019164447 0.593909264 0.030828366 0.026392231 0.034586005 0.998577416
1341846333.262056 0.051226970 0.030675113 0.602390587 0.029029975 0.026372334 0.032648712 0.998697042
1341846333.294147 0.051425345 0.024897138 0.606770217 0.024810499 0.026377643 0.032496620 0.998815596
1341846333.326100 0.055255853 0.027053604 0.610938132 0.023504302 0.024862813 0.030882880 0.998937249
1341846333.362100 0.061110698 0.037591308 0.611768782 0.021110231 0.023226837 0.029670976 0.999066830
1341846333.394119 0.057693392 0.029766817 0.615097582 0.016999876 0.022912078 0.029482342 0.999158084
1341846333.429974 0.061058193 0.032812037 0.617710888 0.016748564 0.020576464 0.029696284 0.999206781
1341846333.462115 0.064888462 0.028433055 0.619178236 0.015692307 0.020403674 0.028394105 0.999265313
1341846333.494040 0.065599479 0.032114618 0.623005211 0.017334364 0.021537701 0.027003245 0.999252975
1341846333.529953 0.058172129 0.028983271 0.618652523 0.017676543 0.024360154 0.026364220 0.999199212
1341846333.562063 0.067662634 0.033700686 0.623447061 0.019008012 0.024964552 0.028454518 0.999102533
1341846333.594090 0.062744424 0.040613838 0.629175186 0.018636860 0.024655096 0.029581696 0.999084473
1341846333.629994 0.062629096 0.042735711 0.627607048 0.015211993 0.021987388 0.028621871 0.999232650
1341846333.662127 0.062993497 0.041355886 0.626565874 0.011932199 0.021090921 0.027893621 0.999317169
1341846333.697964 0.065047309 0.033750296 0.625662982 0.009365932 0.020873960 0.028235769 0.999339461
1341846333.730092 0.063735843 0.034268871 0.621640563 0.012116451 0.021367317 0.029132819 0.999273658
1341846333.762089 0.066613197 0.035000876 0.617276192 0.013724421 0.021403369 0.030718222 0.999204636
1341846333.798006 0.065763198 0.031385697 0.613701403 0.014706975 0.021963203 0.030569412 0.999183059
1341846333.830055 0.062041499 0.031504206 0.608496010 0.017536871 0.023776928 0.028214257 0.999165177
1341846333.866045 0.058834635 0.032925628 0.605261505 0.018773930 0.025300529 0.026989201 0.999139130
1341846333.897987 0.056582119 0.027616696 0.600515425 0.019744545 0.025549477 0.025933811 0.999142051
1341846333.930099 0.053755578 0.024242528 0.592951775 0.022495857 0.026739471 0.024481721 0.999089360
1341846333.965889 0.052118890 0.024417613 0.588520288 0.024641801 0.027631832 0.024489559 0.999014258
1341846333.997985 0.054111682 0.021663852 0.582752287 0.027345838 0.028170129 0.023949459 0.998941958
1341846334.030076 0.047529750 0.023775417 0.576574087 0.030489193 0.030017227 0.025450135 0.998760045
1341846334.066000 0.046402443 0.021952808 0.567330062 0.031934425 0.029665615 0.026873514 0.998688102
1341846334.097932 0.043206830 0.019572649 0.562999785 0.033640511 0.029830342 0.026544336 0.998636007
1341846334.133884 0.040184144 0.019620690 0.558182657 0.035310127 0.030871786 0.026954638 0.998535752
1341846334.166115 0.034903646 0.019651197 0.548454344 0.035427108 0.030022455 0.027360519 0.998546422
1341846334.198072 0.031524945 0.019836497 0.541983604 0.036065564 0.028666738 0.026617488 0.998583496
1341846334.234097 0.035865605 0.019610759 0.530440629 0.036545623 0.028707070 0.024538079 0.998618186
1341846334.266045 0.030697359 0.018076919 0.528480172 0.036790129 0.030390844 0.025200637 0.998542845
1341846334.297946 0.023868578 0.017740622 0.519944727 0.037872337 0.029318873 0.027198259 0.998482049
1341846334.334036 0.024177220 0.020048738 0.512720585 0.038462814 0.027422110 0.027209809 0.998512983
1341846334.365871 0.024178617 0.021706425 0.504945636 0.038108960 0.027383599 0.025917595 0.998562038
1341846334.401845 0.021632679 0.019284412 0.497037232 0.036478911 0.028276633 0.024774894 0.998627007
1341846334.433864 0.014020699 0.015427150 0.489991814 0.036351480 0.027752006 0.025419332 0.998630166
1341846334.466105 0.013708010 0.018891752 0.483546257 0.037405133 0.025915204 0.026197568 0.998620510
1341846334.502142 0.005433278 0.019786831 0.474605232 0.036450628 0.025509162 0.026440773 0.998659849
1341846334.540153 0.005854821 0.017258186 0.464091986 0.035508998 0.024017565 0.025533371 0.998754382
1341846334.602351 -0.004226962 0.027519876 0.449589163 0.031793874 0.020666398 0.018435892 0.999110699
1341846334.670161 -0.007491373 0.018705700 0.435575664 0.025812773 0.017756676 0.012013733 0.999436855
1341846334.702085 -0.016650889 0.014914066 0.427629828 0.024356062 0.016293481 0.012327838 0.999494493
1341846334.734751 -0.018764254 0.013840308 0.419931918 0.024465790 0.013735984 0.013819949 0.999510765
1341846334.770889 -0.022563946 0.011931892 0.404964924 0.024321178 0.012447220 0.016439589 0.999491513
1341846334.802194 -0.028557308 0.015702119 0.398122251 0.024278916 0.010121164 0.017160274 0.999506652
1341846334.833908 -0.026981644 0.017620543 0.389943570 0.024109960 0.008221206 0.015166893 0.999560416
1341846334.869874 -0.029025709 0.017897986 0.379983008 0.022532061 0.007797945 0.015167550 0.999600649
1341846334.902006 -0.036337238 0.014400112 0.368096262 0.020474687 0.006528587 0.015854208 0.999643326
1341846334.938010 -0.039245322 0.013306171 0.359746933 0.019966688 0.003458746 0.015617779 0.999672651
1341846334.970032 -0.033310410 0.014243692 0.352810532 0.020277351 0.001921937 0.014241110 0.999691069
1341846335.002203 -0.041940302 0.008478669 0.344329596 0.021242887 0.003114269 0.015658885 0.999646842
1341846335.037880 -0.047490839 0.012964247 0.327872813 0.024371166 0.000251088 0.017678004 0.999546647
1341846335.069990 -0.046816513 0.014693214 0.323985904 0.024625910 -0.002805094 0.017587641 0.999538064
1341846335.106038 -0.041614097 0.012911954 0.310987532 0.024763336 -0.002186079 0.016058607 0.999561965
1341846335.138045 -0.047699962 0.008750742 0.302264124 0.025982447 -0.000871468 0.015514351 0.999541640
1341846335.169900 -0.054079130 0.012458261 0.285467923 0.026279416 -0.003274643 0.015825273 0.999523997
1341846335.206091 -0.052456461 0.013130558 0.280917764 0.025735335 -0.005541269 0.013525273 0.999561906
1341846335.239365 -0.051447045 0.010454658 0.272881836 0.025655152 -0.004461154 0.010799839 0.999602497
1341846335.269948 -0.054529436 0.008670763 0.264099747 0.027084222 -0.003221774 0.010155354 0.999576330
1341846335.305972 -0.060174603 0.007488986 0.251222998 0.028915200 -0.004448183 0.011058970 0.999510765
1341846335.338012 -0.059240215 0.004560576 0.242719889 0.030221596 -0.005955653 0.012113225 0.999452055
1341846335.374005 -0.052012172 -0.004780345 0.227004409 0.033953607 -0.004450003 0.012480016 0.999335527
1341846335.406025 -0.057981875 -0.000699749 0.220951498 0.041101426 -0.001555290 0.014595841 0.999047101
1341846335.438079 -0.058524169 0.003491919 0.208503649 0.046136163 -0.001073179 0.018308572 0.998766780
1341846335.473998 -0.056694336 0.008477325 0.198403388 0.048614580 0.000358562 0.019168872 0.998633564
1341846335.507038 -0.055862349 0.012115179 0.187112883 0.049682040 0.002727463 0.017372856 0.998610258
1341846335.538040 -0.061315961 0.017350972 0.179409176 0.049278159 0.005356641 0.015442166 0.998651326
1341846335.574119 -0.067705631 0.020785078 0.169493586 0.046966404 0.005512386 0.015705779 0.998757720
1341846335.605970 -0.067370541 0.013339207 0.162337840 0.045019690 0.004710767 0.014988485 0.998862505
1341846335.641978 -0.063536562 0.014233296 0.149608120 0.046230029 0.005657695 0.012249608 0.998839676
1341846335.673993 -0.069617145 0.019122373 0.138157219 0.046252057 0.006551658 0.012251510 0.998833120
1341846335.706178 -0.072807841 0.016404802 0.128248096 0.045434155 0.005243279 0.013108302 0.998867512
1341846335.741982 -0.068770096 0.015934486 0.118615173 0.046092641 0.004846541 0.012231031 0.998850524
1341846335.773960 -0.074941687 0.022552602 0.109000437 0.046653729 0.005847390 0.011825181 0.998824000
1341846335.806271 -0.075627789 0.027359510 0.094145067 0.044802397 0.005172515 0.012156178 0.998908520
1341846335.842031 -0.074335016 0.022301158 0.085579105 0.042415962 0.005842532 0.012416142 0.999005795
1341846335.873966 -0.074120797 0.021603325 0.076498426 0.043432195 0.007339963 0.011532815 0.998962820
1341846335.910005 -0.083123468 0.025874127 0.065196820 0.043134283 0.007676941 0.013264555 0.998951733
1341846335.941936 -0.086965628 0.025065856 0.057070751 0.042037580 0.005938889 0.014141963 0.998998284
1341846335.974198 -0.087365225 0.024970505 0.044485673 0.041921932 0.005119497 0.011775445 0.999038398
1341846336.010032 -0.090874292 0.025740698 0.034928955 0.041668277 0.005215285 0.010569145 0.999062002
1341846336.042129 -0.096725561 0.026474813 0.023555728 0.040890176 0.004130208 0.010977662 0.999094784
1341846336.078076 -0.097022727 0.023163386 0.017676506 0.040615078 0.002114429 0.010302079 0.999119520
1341846336.110739 -0.098114848 0.026514867 0.010937601 0.041423928 0.001882302 0.008863038 0.999100566
1341846336.142002 -0.104560882 0.024017870 -0.002191160 0.040910605 0.002116096 0.009856087 0.999111950
1341846336.183953 -0.108481400 0.027077518 -0.020615090 0.040652618 -0.000306732 0.010848751 0.999114394
1341846336.241891 -0.105750985 0.028840588 -0.022077365 0.038944352 -0.001646317 0.010633187 0.999183416
1341846336.277946 -0.115115449 0.024006538 -0.030528340 0.039101295 -0.000718056 0.012432253 0.999157667
1341846336.309977 -0.118467644 0.023663526 -0.043076199 0.041743904 -0.003051968 0.015301775 0.999006510
1341846336.346143 -0.117702127 0.030131847 -0.050617430 0.043880749 -0.004660289 0.016341887 0.998892248
1341846336.377975 -0.118386909 0.026863378 -0.056450937 0.044491284 -0.004307290 0.015347939 0.998882592
1341846336.410032 -0.123729996 0.031206049 -0.065281287 0.045642495 -0.003325304 0.015529356 0.998831570
1341846336.446041 -0.122789457 0.033900715 -0.082466856 0.045137420 -0.004086141 0.015531176 0.998851657
1341846336.477990 -0.123974219 0.033655748 -0.083124392 0.044189118 -0.004130495 0.015344172 0.998896778
1341846336.510056 -0.125029817 0.031253617 -0.090357251 0.044350822 -0.003530781 0.015933840 0.998882711
1341846336.546024 -0.127501011 0.031248579 -0.097642168 0.045251295 -0.003351199 0.017715579 0.998812914
1341846336.578003 -0.131314650 0.038413163 -0.106149130 0.045416337 -0.003578124 0.019268401 0.998775899
1341846336.614020 -0.126457557 0.039120093 -0.107633814 0.044756483 -0.003379518 0.018786738 0.998815536
1341846336.645982 -0.133764297 0.043623950 -0.112798400 0.043920156 -0.001671902 0.017849075 0.998874187
1341846336.678036 -0.139312059 0.038214162 -0.118770644 0.041847203 -0.003362884 0.018283263 0.998951077
1341846336.714024 -0.141738147 0.031177366 -0.118190363 0.042977583 -0.005399293 0.017986357 0.998899519
1341846336.746016 -0.144910902 0.029040609 -0.131121829 0.046712440 -0.007420782 0.020135306 0.998677850
1341846336.778014 -0.149849489 0.037812896 -0.142570168 0.049742214 -0.011145967 0.023559859 0.998421967
1341846336.820006 -0.150140017 0.040781297 -0.146010131 0.050340727 -0.014960857 0.025655234 0.998290420
1341846336.882056 -0.154429257 0.037961625 -0.161441565 0.052876469 -0.016884880 0.024183368 0.998165369
1341846336.914273 -0.158392876 0.031688429 -0.173737258 0.054678630 -0.021167619 0.026610954 0.997924864
1341846336.945998 -0.151134953 0.030122403 -0.171709552 0.061249040 -0.028473113 0.028851593 0.997299075
1341846336.981980 -0.156596169 0.050275445 -0.180254400 0.065332681 -0.031759545 0.026737869 0.996999562
1341846337.014238 -0.158418462 0.055066951 -0.181607425 0.062507413 -0.034529317 0.024821961 0.997138083
1341846337.046017 -0.158012077 0.051857054 -0.174729317 0.060141690 -0.035814729 0.020306207 0.997340441
1341846337.082104 -0.161365926 0.052667148 -0.187249452 0.059410945 -0.036032297 0.017271157 0.997433543
1341846337.114317 -0.166702479 0.051058568 -0.185505778 0.057630897 -0.038035594 0.016744940 0.997472584
1341846337.150037 -0.161309540 0.050681844 -0.187547922 0.055937100 -0.040233165 0.015490474 0.997503042
1341846337.181873 -0.159417987 0.049833585 -0.186545461 0.055389255 -0.040057965 0.012276866 0.997585416
1341846337.214073 -0.164766967 0.059234720 -0.191819936 0.053625979 -0.038363270 0.010100415 0.997772813
1341846337.250087 -0.183027908 0.045032825 -0.203784719 0.050069556 -0.038604360 0.010987615 0.997938871
1341846337.282028 -0.167895317 0.045295745 -0.202297837 0.051257972 -0.044098474 0.015370644 0.997592926
1341846337.317920 -0.159819856 0.047008637 -0.203043655 0.050977532 -0.045920424 0.015621301 0.997521222
1341846337.350018 -0.164522439 0.054575697 -0.212935865 0.049845673 -0.044829991 0.015029118 0.997637093
1341846337.382159 -0.164322004 0.049327679 -0.201376885 0.046959575 -0.044709466 0.013263864 0.997807562
1341846337.417941 -0.167929560 0.043483932 -0.208476499 0.047459841 -0.043919381 0.013643079 0.997813880
1341846337.450137 -0.167625621 0.050243080 -0.220279008 0.048185203 -0.045763195 0.014835576 0.997679234
1341846337.482096 -0.165412545 0.047947023 -0.216077313 0.046659037 -0.046128221 0.015427510 0.997725964
1341846337.518008 -0.165759608 0.041728538 -0.220215142 0.047268238 -0.046583045 0.015676631 0.997672260
1341846337.549978 -0.167320311 0.050503686 -0.226570085 0.047974192 -0.047173731 0.013852030 0.997637868
1341846337.585971 -0.167742595 0.046893053 -0.220428869 0.045065816 -0.047438685 0.012603697 0.997777402
1341846337.617903 -0.164040923 0.034366295 -0.215221062 0.045632247 -0.048387270 0.013391198 0.997695863
1341846337.650141 -0.165963262 0.051886588 -0.218592882 0.049246855 -0.048383560 0.012470944 0.997536063
1341846337.686352 -0.165511638 0.053430982 -0.220388219 0.047423441 -0.048246089 0.012886829 0.997625828
1341846337.718002 -0.159989670 0.049520578 -0.212590799 0.045305479 -0.048166923 0.013182470 0.997724235
1341846337.749920 -0.159130424 0.053591378 -0.211990997 0.045370437 -0.046156697 0.012020134 0.997830987
1341846337.786157 -0.158786088 0.058898993 -0.209310457 0.042342220 -0.043400872 0.012381286 0.998083293
1341846337.817945 -0.156262830 0.051961083 -0.201110408 0.039676018 -0.041468993 0.013803184 0.998256266
1341846337.854071 -0.152244180 0.056813691 -0.199102998 0.038694642 -0.038479835 0.013291477 0.998421431
1341846337.885951 -0.157046586 0.062881701 -0.194365248 0.035766322 -0.035733838 0.011709452 0.998652458
1341846337.918223 -0.154757291 0.063409381 -0.189147934 0.031658348 -0.034490041 0.008816382 0.998864591
1341846337.954120 -0.154070660 0.060001094 -0.180392340 0.029177280 -0.033136934 0.008547272 0.998988271
1341846337.985994 -0.151588261 0.066708058 -0.177775607 0.026786137 -0.032382850 0.008707669 0.999078572
1341846338.018107 -0.149700016 0.062862694 -0.168506503 0.023161476 -0.030825172 0.009786522 0.999208510
1341846338.054055 -0.145789295 0.069459565 -0.160756528 0.021176444 -0.029618576 0.008927302 0.999297023
1341846338.085986 -0.140796289 0.066908687 -0.151738659 0.017519958 -0.026713630 0.008628706 0.999452353
1341846338.121875 -0.141961902 0.061340045 -0.147267118 0.015222881 -0.024335127 0.010868049 0.999528885
1341846338.154089 -0.146662027 0.062451731 -0.140183598 0.014544863 -0.023353634 0.013882332 0.999525070
1341846338.186029 -0.144539237 0.063622385 -0.131280616 0.013463333 -0.023782747 0.015985230 0.999498665
1341846338.222071 -0.134472281 0.066631429 -0.123826064 0.012294200 -0.023399465 0.015693415 0.999527395
1341846338.254107 -0.136733994 0.063446328 -0.112577491 0.010480187 -0.021238711 0.016108492 0.999589682
1341846338.290130 -0.136181697 0.061717071 -0.106196217 0.010835980 -0.021128612 0.017897578 0.999557793
1341846338.321952 -0.134693071 0.064795241 -0.097686343 0.010945771 -0.020368394 0.019886633 0.999534786
1341846338.354022 -0.132468760 0.062003899 -0.087609008 0.010150396 -0.019914081 0.020323057 0.999543607
1341846338.389969 -0.130518630 0.070670471 -0.078758344 0.010291051 -0.019150795 0.020416265 0.999555171
1341846338.422377 -0.130203485 0.070314914 -0.066856429 0.008361188 -0.018683184 0.020620737 0.999577820
1341846338.454010 -0.130720317 0.074424125 -0.057006504 0.007791038 -0.018961361 0.019229129 0.999604881
1341846338.489894 -0.127990469 0.070363350 -0.044612266 0.005773222 -0.019670142 0.019840090 0.999592960
1341846338.522066 -0.128414929 0.070734285 -0.042065505 0.006952811 -0.018849634 0.018744120 0.999622464
1341846338.558058 -0.129164889 0.076020792 -0.039816007 0.006310298 -0.018823802 0.018204227 0.999637127
1341846338.589842 -0.119683027 0.073921680 -0.021772979 0.003918819 -0.020015189 0.018516798 0.999620497
1341846338.622019 -0.114373051 0.069920160 -0.004449835 0.004515605 -0.019323159 0.020091522 0.999601185
1341846338.657984 -0.118630186 0.077823617 0.001873789 0.005213248 -0.019154839 0.021723626 0.999566913
1341846338.690198 -0.114158586 0.078198984 0.008711958 0.003135582 -0.020016562 0.021014528 0.999573827
1341846338.722454 -0.107458867 0.076308727 0.027253840 0.002519361 -0.019286204 0.021633826 0.999576747
1341846338.757945 -0.113489866 0.081328712 0.028894268 0.002816858 -0.018924879 0.023629570 0.999537647
1341846338.790039 -0.110054731 0.079740122 0.038781866 0.000582694 -0.021155355 0.023894891 0.999490440
1341846338.826048 -0.102600865 0.079171836 0.057204917 0.001126380 -0.020651799 0.022345711 0.999536335
1341846338.858027 -0.104666226 0.083514556 0.059389874 0.001054980 -0.018860694 0.021422915 0.999592006
1341846338.889902 -0.101939358 0.083584964 0.073374115 -0.001485226 -0.020130495 0.021356942 0.999568164
1341846338.925948 -0.093837053 0.082845479 0.090561502 -0.002013396 -0.020053377 0.019664565 0.999603450
1341846338.958108 -0.093363971 0.084370993 0.101668857 -0.001897635 -0.017949479 0.019050062 0.999655604
1341846338.990057 -0.092593744 0.081650749 0.110136732 -0.001514887 -0.017680060 0.019233001 0.999657512
1341846339.025928 -0.084662393 0.079680331 0.125269577 0.000248754 -0.017511059 0.019868871 0.999649167
1341846339.057939 -0.086295418 0.086174861 0.127481461 0.003554939 -0.014600542 0.019233834 0.999702096
1341846339.093927 -0.091324367 0.094496071 0.135313064 0.002659324 -0.014780538 0.020813240 0.999670565
1341846339.126562 -0.082878873 0.102476016 0.151554078 0.000351514 -0.016471693 0.019623183 0.999671698
1341846339.157969 -0.074214540 0.097704679 0.163365260 -0.002496612 -0.014470174 0.017628731 0.999736786
1341846339.194113 -0.080581427 0.100058258 0.167520061 -0.004697403 -0.012646811 0.018869119 0.999730945
1341846339.228165 -0.080071568 0.104941942 0.174592599 -0.007738854 -0.014689972 0.020933758 0.999642968
1341846339.257998 -0.069659971 0.098684363 0.190621182 -0.011066700 -0.014888873 0.021937942 0.999587238
1341846339.294132 -0.073014662 0.101659432 0.194594324 -0.010835020 -0.011759027 0.022227632 0.999625087
1341846339.326577 -0.072733544 0.109797105 0.198887512 -0.014456281 -0.013833386 0.026409145 0.999450982
1341846339.362269 -0.063160472 0.106592596 0.214263171 -0.018899770 -0.016770115 0.024090825 0.999390423
1341846339.394725 -0.060998574 0.108729951 0.222163290 -0.019411923 -0.014678922 0.022947289 0.999440432
1341846339.462186 -0.054447971 0.107224226 0.245616823 -0.023088193 -0.015832851 0.023147536 0.999339998
1341846339.496743 -0.044870831 0.106956154 0.252377659 -0.020232968 -0.012747837 0.020927466 0.999494970
1341846339.562052 -0.043394718 0.102619261 0.275217623 -0.019731017 -0.009722058 0.023648372 0.999478340
1341846339.595122 -0.033714339 0.105247408 0.282167584 -0.017272418 -0.009734838 0.022708472 0.999545515
1341846339.632085 -0.032405216 0.110050105 0.287781030 -0.015347188 -0.005665359 0.019577628 0.999674499
1341846339.664568 -0.029997744 0.107490405 0.299905092 -0.015471583 -0.003207396 0.017970549 0.999713659
1341846339.698896 -0.027686279 0.105808683 0.309112340 -0.015728118 -0.002357564 0.017107407 0.999727190
1341846339.731977 -0.024295872 0.103942834 0.316374451 -0.015742227 -0.002153015 0.015588875 0.999752223
1341846339.762241 -0.018676164 0.103156142 0.325804740 -0.015388863 -0.001172447 0.015712235 0.999757469
1341846339.797873 -0.017927524 0.100394346 0.332166255 -0.015823172 -0.000706279 0.017242119 0.999725878
1341846339.830245 -0.013969804 0.101747632 0.342390031 -0.015692936 -0.001455253 0.017268736 0.999726713
1341846339.862015 -0.011391603 0.101026900 0.342626274 -0.016411191 -0.001223508 0.017870223 0.999704897
1341846339.897797 -0.005967847 0.100037083 0.348875076 -0.017490862 -0.000365858 0.017090419 0.999700844
1341846339.929916 -0.007785906 0.095762327 0.359047085 -0.018133722 0.001290523 0.018761899 0.999658704
1341846339.961960 -0.003692243 0.093515530 0.366154760 -0.017001227 0.000324683 0.019681267 0.999661684
1341846339.997845 0.001284700 0.099834956 0.372524828 -0.014728299 0.001179261 0.019159297 0.999707222
1341846340.029925 0.003611193 0.094723120 0.378320992 -0.014630410 0.003550284 0.020880226 0.999668658
1341846340.066044 0.005549069 0.095639788 0.384234816 -0.012331579 0.004792183 0.022065481 0.999669015
1341846340.098009 0.005791770 0.097295426 0.388572365 -0.011220441 0.005587562 0.023038687 0.999655962
1341846340.130102 0.009014267 0.097188570 0.395757318 -0.011883044 0.005362493 0.021713976 0.999679208
1341846340.166041 0.015334696 0.094843529 0.401101500 -0.011163325 0.007179194 0.019346407 0.999724746
1341846340.197867 0.014300469 0.097455829 0.406363547 -0.009813447 0.009978692 0.019311335 0.999715567
1341846340.229904 0.015876750 0.098994464 0.416994005 -0.010947988 0.009555317 0.019531796 0.999703646
1341846340.265859 0.020691581 0.094663687 0.422724068 -0.011935554 0.010394884 0.018986490 0.999694467
1341846340.298061 0.023586743 0.094846047 0.432598323 -0.009850122 0.012443007 0.019493811 0.999684036
1341846340.334063 0.019490102 0.098616809 0.433151960 -0.010665539 0.012243358 0.021511970 0.999636710
1341846340.366064 0.026276138 0.093391277 0.443118542 -0.012810663 0.009644290 0.020545302 0.999660313
1341846340.397995 0.028778415 0.092958659 0.446420610 -0.010669337 0.010233616 0.019853970 0.999693573
1341846340.433895 0.032458365 0.095245272 0.458825678 -0.009860304 0.009545692 0.021193268 0.999681175
1341846340.465959 0.027865119 0.093567096 0.459472328 -0.009459210 0.008196830 0.022494350 0.999668598
1341846340.501858 0.036573619 0.093088098 0.454520822 -0.008681648 0.003736295 0.023075962 0.999689043
1341846340.534329 0.042464867 0.095374078 0.456197858 -0.008068618 0.001904417 0.022620380 0.999709725
1341846340.566041 0.044244349 0.090879880 0.459622085 -0.007211403 0.001047114 0.023654573 0.999693632
1341846340.601909 0.050852664 0.091892943 0.456638426 -0.004542335 0.000024581 0.023965290 0.999702454
1341846340.634005 0.051434204 0.095602609 0.454889297 -0.003418762 -0.000189164 0.022539686 0.999740064
1341846340.666028 0.058714911 0.092916988 0.451324373 -0.003911836 -0.000565358 0.020941680 0.999772847
1341846340.701946 0.061041530 0.089480594 0.451111645 -0.002418102 0.000800176 0.018568650 0.999824345
1341846340.733954 0.061931342 0.095262237 0.445603788 -0.000699861 0.002597383 0.016896663 0.999853611
1341846340.770081 0.064747274 0.097107664 0.444722533 -0.001369454 0.002647813 0.014588073 0.999889135
1341846340.801980 0.069262505 0.092794254 0.441065162 -0.001843533 0.003410416 0.009116969 0.999950886
1341846340.833999 0.067606993 0.096833974 0.442000926 -0.001589007 0.006025498 0.004600877 0.999970019
1341846340.870013 0.064187720 0.096254334 0.444431990 -0.002952887 0.006320227 0.003113454 0.999970794
1341846340.901955 0.066468827 0.092740469 0.444575369 -0.002336705 0.005976814 0.002626728 0.999975920
1341846340.933918 0.065335274 0.093025543 0.439199746 -0.000368792 0.005448922 0.005708459 0.999968767
1341846340.970122 0.061196133 0.095827132 0.441225052 0.001344476 0.002828985 0.010549271 0.999939442
1341846341.001922 0.063105591 0.091781065 0.433032334 0.002218964 -0.001232464 0.015541428 0.999875963
1341846341.037923 0.068474516 0.092808947 0.431902289 0.003405208 -0.004382014 0.018371779 0.999815822
1341846341.070300 0.067649484 0.092594668 0.430246472 0.003846410 -0.004700667 0.018286185 0.999814332
1341846341.102028 0.065601915 0.091428056 0.426594943 0.003468966 -0.006066130 0.018883880 0.999797225
1341846341.137982 0.067081921 0.090436749 0.424294978 0.003482924 -0.008006580 0.018616389 0.999788582
1341846341.170048 0.069491833 0.089322388 0.426698238 0.004027303 -0.008798200 0.019835854 0.999756455
1341846341.202110 0.069602408 0.084778272 0.422605634 0.004862348 -0.009114425 0.021692092 0.999711335
1341846341.237996 0.070514716 0.087685466 0.418679625 0.007025676 -0.008889017 0.022354208 0.999685943
1341846341.269883 0.069032609 0.088789016 0.416923851 0.008315910 -0.008360635 0.022678586 0.999673247
1341846341.306107 0.064551726 0.088962875 0.413584352 0.008904098 -0.008297027 0.021552352 0.999693632
1341846341.338109 0.068608582 0.088391587 0.408704579 0.009706740 -0.008515996 0.020113742 0.999714315
1341846341.370120 0.068454258 0.087818533 0.411799431 0.010175261 -0.007088633 0.017211365 0.999774992
1341846341.406074 0.063841701 0.086887158 0.412162304 0.010191863 -0.006176442 0.016397359 0.999794543
1341846341.438113 0.063429423 0.082493387 0.410225719 0.010989375 -0.008205337 0.016865896 0.999763668
1341846341.470024 0.065668374 0.085289069 0.402376950 0.014032604 -0.008443934 0.015281198 0.999749124
1341846341.506077 0.064058393 0.092058130 0.402278394 0.014534517 -0.007600075 0.014410355 0.999761641
1341846341.538156 0.058343366 0.087156765 0.403576255 0.013191205 -0.008752499 0.014456433 0.999770164
1341846341.574016 0.061083920 0.087349877 0.402700633 0.014163396 -0.011356635 0.015708506 0.999711812
1341846341.612466 0.061553761 0.090553492 0.393179804 0.014865505 -0.011884894 0.015916711 0.999692142
1341846341.643972 0.057327017 0.092407390 0.396386981 0.014198709 -0.012955696 0.015111862 0.999701023
1341846341.679982 0.056791328 0.088311039 0.396185756 0.013589244 -0.014359074 0.015531901 0.999683917
1341846341.712332 0.054445148 0.088767171 0.393657595 0.014261840 -0.016299723 0.018319994 0.999597609
1341846341.744185 0.056963835 0.088750258 0.389395416 0.014699768 -0.018440539 0.020592157 0.999509811
1341846341.780061 0.056302957 0.091299482 0.388788134 0.015439377 -0.019216867 0.021995209 0.999454141
1341846341.842595 0.061024129 0.084539756 0.383295387 0.017065367 -0.020332841 0.026947325 0.999284327
1341846341.906227 0.062667586 0.081226863 0.378794849 0.020169374 -0.021141432 0.031653266 0.999071717
1341846341.942069 0.062643796 0.077633671 0.374780625 0.023363486 -0.021005422 0.033136629 0.998956919
1341846341.974775 0.063200653 0.079029471 0.373017490 0.026782533 -0.021127222 0.034967452 0.998806119
1341846342.010161 0.057935841 0.079460062 0.370496035 0.027489996 -0.021936165 0.037108868 0.998692155
1341846342.042024 0.064569592 0.070890084 0.371174514 0.028292501 -0.023278002 0.037112560 0.998639226
1341846342.080032 0.067481294 0.077900238 0.369104415 0.031227196 -0.021162339 0.037079256 0.998600066
1341846342.112265 0.062659472 0.072660729 0.366167247 0.030884622 -0.019982092 0.039317839 0.998549461
1341846342.147954 0.062086064 0.066757955 0.367531270 0.032739900 -0.021113973 0.041139282 0.998393655
1341846342.179852 0.067564391 0.069574445 0.362622321 0.035983615 -0.021167289 0.042473413 0.998224974
1341846342.211848 0.066538230 0.070824414 0.362208188 0.036750853 -0.020432437 0.042362824 0.998217046
1341846342.247920 0.066885807 0.067486003 0.361675024 0.037551418 -0.020157907 0.041015826 0.998249114
1341846342.279870 0.070630267 0.066900373 0.358286113 0.038931128 -0.020154694 0.041456264 0.998178124
1341846342.316068 0.069001697 0.067318693 0.357127935 0.040210549 -0.019662462 0.042542469 0.998091519
1341846342.347894 0.071761906 0.071000114 0.359471947 0.041062392 -0.019934757 0.042332664 0.998060346
1341846342.379953 0.072854809 0.066538595 0.356944621 0.040649287 -0.019548748 0.042454805 0.998079717
1341846342.416195 0.072014861 0.066891342 0.358294517 0.041321315 -0.019326258 0.043859914 0.997995675
