1341846313.592026 0.000000000 0.000000000 0.000000000 0.000000000 0.000000000 0.000000000 1.000000000
1341846313.654184 -0.004059403 -0.000572674 -0.004488118 -0.000798252 -0.001838087 0.004184204 0.999989271
1341846313.686156 0.007933926 -0.001162024 0.006677138 -0.000106748 -0.004611994 0.004020008 0.999981284
1341846313.721918 0.012310362 0.004935432 0.005077642 0.000653640 -0.005345239 0.004733931 0.999974251
1341846313.753994 0.022840165 0.002056202 0.001843491 -0.000312398 -0.006615462 0.006255669 0.999958456
1341846313.789969 0.030424582 -0.000045801 0.000857933 0.000548484 -0.007442936 0.004779194 0.999960721
1341846313.822075 0.043689348 0.005896979 0.002698536 0.001212574 -0.007487304 0.003921313 0.999963522
1341846313.853928 0.047415402 0.006300130 0.018345388 0.000704916 -0.005330784 0.002358158 0.999982774
1341846313.890011 0.064594045 0.009085214 0.004700868 0.000954132 -0.004806550 0.004931262 0.999975801
1341846313.922055 0.067583278 0.012487455 0.006462048 -0.000814651 -0.004402166 0.005926275 0.999972403
1341846313.957927 0.098918945 0.002078026 -0.010714560 -0.004198972 -0.003321963 0.008033215 0.999953389
1341846313.990058 0.086920202 0.003337521 -0.000363055 -0.005061212 0.005793347 0.007810467 0.999939919
1341846314.022042 0.093323156 0.018789109 -0.001761545 -0.006158127 0.006771503 0.009554306 0.999912500
1341846314.057816 0.092451721 0.015969815 0.023126807 -0.010030925 0.010188292 0.009109692 0.999856293
1341846314.089801 0.088728748 0.020054394 0.043576054 -0.008598688 0.017404201 0.006269543 0.999791920
1341846314.122037 0.115055129 0.021602089 0.003840151 -0.009213018 0.017616961 0.012441219 0.999724925
1341846314.157989 0.111555785 0.020600654 0.014533145 -0.011485282 0.021813581 0.012163669 0.999622107
1341846314.190094 0.138382941 0.017224768 0.009741072 -0.011871795 0.023082718 0.014963778 0.999551058
1341846314.225969 0.135918021 0.026249379 0.008097662 -0.013301942 0.025827223 0.018292733 0.999410510
1341846314.257923 0.132638529 0.018721210 0.010582166 -0.015914798 0.029180048 0.017439751 0.999295294
1341846314.290052 0.154736936 0.022180773 0.024716683 -0.014441052 0.027867267 0.018395463 0.999338031
1341846314.325981 0.151067331 0.026706414 0.013420172 -0.014606278 0.030049011 0.015875354 0.999315619
1341846314.357905 0.159558252 0.022091221 0.022615964 -0.015857091 0.032595553 0.014430317 0.999238670
1341846314.389899 0.159780845 0.020720698 0.017449852 -0.014552197 0.035948213 0.013478856 0.999156773
1341846314.427905 0.168956876 0.026608227 0.008925438 -0.013935714 0.037316706 0.011893659 0.999135494
1341846314.493987 0.180789068 0.018274654 0.013817979 -0.013512622 0.046742417 0.004600732 0.998804986
1341846314.526085 0.190807343 0.019167347 0.001511309 -0.013392688 0.048079718 0.002906614 0.998749495
1341846314.558292 0.197600260 0.023524126 0.020030541 -0.014227595 0.050693952 0.002923386 0.998608649
1341846314.594085 0.209063977 0.017273823 0.020417966 -0.013535471 0.054307356 0.003204259 0.998427391
1341846314.626096 0.203741074 0.022028591 0.015710944 -0.012818371 0.059715971 0.003812730 0.998125851
1341846314.658455 0.201294646 0.024934245 0.011611544 -0.014287922 0.062922210 0.001685930 0.997914732
1341846314.694004 0.220542043 0.017779429 0.022291254 -0.014651557 0.064911611 0.000249406 0.997783422
1341846314.725910 0.227864727 0.010021454 0.025247917 -0.011668691 0.067581125 0.004947750 0.997633278
1341846314.761942 0.225557670 0.012794217 0.018556267 -0.007741697 0.068669960 0.008836885 0.997570276
1341846314.794030 0.235816315 0.017424585 0.020280812 -0.003957649 0.070036441 0.009478293 0.997491539
1341846314.826092 0.246454984 0.018980129 0.019938756 -0.001890312 0.073808402 0.010890044 0.997211218
1341846314.862145 0.258820713 0.014106651 0.000040051 -0.002811993 0.076288104 0.012346420 0.997005403
1341846314.894072 0.267793715 0.011385521 0.005189385 -0.003551372 0.079787783 0.015004275 0.996692598
1341846314.925969 0.270321578 0.014329401 0.000406399 -0.003306287 0.082352765 0.018834874 0.996419787
1341846314.961937 0.274441183 0.024997545 -0.004420303 -0.005101742 0.082905933 0.023490589 0.996267438
1341846314.994564 0.292670608 0.023622269 0.005492907 -0.008474748 0.082157709 0.024786284 0.996275008
1341846315.029900 0.310072303 0.023902126 0.016020127 -0.008710371 0.084257312 0.022068350 0.996161520
1341846315.061965 0.304970086 0.020965738 0.014272984 -0.009536901 0.087560490 0.025358168 0.995790720
1341846315.094388 0.310807258 0.021079285 0.020766877 -0.009349387 0.086267084 0.026026150 0.995888174
1341846315.129851 0.316425890 0.022744264 0.020245336 -0.007050141 0.086637571 0.024617361 0.995910764
1341846315.161941 0.311927676 0.043264780 0.000136930 -0.007526383 0.086981140 0.027042793 0.995814383
1341846315.197984 0.316041052 0.036357194 0.010140996 -0.014891411 0.084921092 0.023739636 0.995993495
1341846315.230076 0.333876610 0.033035655 0.018833846 -0.018837538 0.082085915 0.022444373 0.996194422
1341846315.262069 0.333912849 0.028642934 0.023361422 -0.022245085 0.079904452 0.025200218 0.996235609
1341846315.298000 0.333013505 0.023502167 0.030501693 -0.024650490 0.077038281 0.024625750 0.996419132
1341846315.329931 0.346376300 0.008027244 0.036603004 -0.022926679 0.074611433 0.026282536 0.996602595
1341846315.361981 0.340941578 0.013619324 0.030370630 -0.017374435 0.075384684 0.028456239 0.996596992
1341846315.397962 0.344848990 0.021041587 0.029256459 -0.013689196 0.075260773 0.030949906 0.996589422
1341846315.429923 0.357998461 0.020350024 0.025311809 -0.010915287 0.075892232 0.032977190 0.996510744
1341846315.466047 0.383591771 0.030683160 0.011708695 -0.009051401 0.076441303 0.037480775 0.996328235
1341846315.497883 0.387237370 0.030450026 0.013463549 -0.010040451 0.079241969 0.043340467 0.995862186
1341846315.530008 0.392864704 0.029059812 0.020500489 -0.010080373 0.080225997 0.044291675 0.995741129
1341846315.566108 0.394478559 0.030733682 0.017395638 -0.010858851 0.081853956 0.044884194 0.995573938
1341846315.597986 0.392302185 0.025761247 0.019346140 -0.011535603 0.083566539 0.044116396 0.995458364
1341846315.630109 0.390465558 0.024429260 0.016704090 -0.011670384 0.085141145 0.043024741 0.995371103
1341846315.666042 0.391398877 0.036001008 -0.002501674 -0.011204081 0.086899653 0.041631855 0.995283723
1341846315.698114 0.384863228 0.050037842 -0.005973607 -0.014492862 0.090949461 0.037656438 0.995037735
1341846315.733985 0.391817093 0.027921773 0.006071731 -0.019768406 0.093012072 0.041943543 0.994584680
1341846315.766041 0.382812411 0.028475670 -0.001517147 -0.019357076 0.091525100 0.042734034 0.994697094
1341846315.798188 0.382758081 0.026930250 0.000945419 -0.020563036 0.090888478 0.041149635 0.994798064
1341846315.834140 0.381101400 0.018740576 0.006908678 -0.020464977 0.093356252 0.039587636 0.994634926
1341846315.866751 0.378603846 0.018059855 0.009315655 -0.018105812 0.094950095 0.038732950 0.994563460
1341846315.898492 0.371968508 0.019072557 0.007970542 -0.016655128 0.096205130 0.038350459 0.994482994
1341846315.936901 0.373882949 0.010826304 0.013201192 -0.014816742 0.096901730 0.037789382 0.994465947
1341846315.966572 0.362951159 0.013565172 0.020438984 -0.010953211 0.099415235 0.036031529 0.994333148
1341846316.034204 0.351376206 0.011746374 0.014666438 -0.007466309 0.099641420 0.034556951 0.994395137
1341846316.066113 0.344540775 0.007809647 0.022300318 -0.005502332 0.100317933 0.034201812 0.994352221
1341846316.101867 0.341256320 0.012492661 0.019240849 -0.003714209 0.098752551 0.037066177 0.994414508
1341846316.134066 0.325990558 0.014751417 0.021922585 -0.004197672 0.096854560 0.033265382 0.994733632
1341846316.202049 0.303494394 0.007290216 0.013061814 -0.004560803 0.093595512 0.027138766 0.995229900
1341846316.233979 0.309871048 0.010902819 0.014251538 -0.003870324 0.090874575 0.026709320 0.995496571
1341846316.270052 0.300933897 0.007502462 0.006138902 -0.005432512 0.092454188 0.022896495 0.995438814
1341846316.301915 0.291861713 0.002489557 0.012890827 -0.005436879 0.094024472 0.020451760 0.995344937
1341846316.334208 0.284372240 -0.005494108 0.007511765 -0.004528602 0.093018137 0.023437174 0.995378196
1341846316.370006 0.287255228 -0.005599012 0.011027530 -0.002569191 0.090694033 0.025251918 0.995555282
1341846316.401994 0.268658638 0.000509485 0.013551801 -0.000056588 0.092207059 0.025910787 0.995402634
1341846316.438069 0.265949845 -0.001905387 0.015098870 0.002079222 0.091584720 0.028021118 0.995400786
1341846316.470076 0.255569816 -0.008463818 0.012477361 0.005867538 0.091035560 0.030809568 0.995353639
1341846316.502034 0.243450493 0.005577270 -0.001101520 0.008959359 0.089204192 0.032254439 0.995450616
1341846316.537975 0.236693010 0.010458175 0.008528199 0.007076979 0.086525112 0.030077092 0.995770395
1341846316.570121 0.235191748 -0.000298279 0.008827504 0.005954335 0.085717164 0.027947918 0.995909631
1341846316.601885 0.225703537 -0.004214949 0.014441676 0.007706130 0.085555628 0.025746906 0.995970845
1341846316.638009 0.206196606 -0.007739882 0.002204563 0.009620506 0.085759498 0.026522819 0.995916307
1341846316.669925 0.208047643 -0.005731241 0.012724813 0.012433028 0.084152080 0.026583550 0.996020675
1341846316.705941 0.200521871 -0.007234756 0.013963014 0.016802000 0.084489249 0.027109182 0.995913863
1341846316.738062 0.182820365 -0.004827722 -0.009583332 0.019310020 0.085054524 0.029442694 0.995754004
1341846316.770433 0.178191185 0.002190359 0.007298289 0.018889248 0.084215455 0.028718892 0.995854497
1341846316.805932 0.171644181 -0.006907716 0.005805222 0.018662645 0.084157154 0.029017000 0.995855093
1341846316.838029 0.155794531 -0.001423524 0.008655187 0.020631447 0.083751842 0.029186957 0.995845377
1341846316.870034 0.151930511 -0.012301595 0.012947805 0.019836359 0.079793699 0.031969748 0.996101141
1341846316.906344 0.144315511 -0.012631265 -0.000338849 0.021125508 0.076812774 0.031533126 0.996322811
1341846316.937940 0.133918226 -0.005408343 0.006323371 0.021585459 0.076267600 0.026707718 0.996495843
1341846316.973994 0.124442734 -0.002057415 0.003729736 0.021231327 0.074659072 0.027578941 0.996601522
1341846317.005913 0.120463006 -0.007497779 0.013236776 0.019485740 0.071711943 0.028160319 0.996837378
1341846317.037936 0.115718707 -0.012733343 0.027009623 0.019637596 0.069344126 0.027405385 0.997022927
1341846317.073972 0.120903842 -0.015619824 0.011024440 0.020610314 0.065741688 0.031011892 0.997141659
1341846317.106113 0.101267047 -0.025048496 0.000081091 0.022309318 0.065272018 0.034172472 0.997032642
1341846317.137887 0.093858339 -0.012138322 0.019465055 0.026797587 0.059576102 0.036980923 0.997178495
1341846317.173970 0.077882558 -0.023168191 -0.003614546 0.026553495 0.053047426 0.039712753 0.997448623
1341846317.205887 0.079398863 -0.016461739 0.014691402 0.027221074 0.050144922 0.040575307 0.997546077
1341846317.248131 0.070047237 -0.015656751 0.028976317 0.028749691 0.047871184 0.042924061 0.997516572
1341846317.306289 0.049039781 -0.018681543 0.017704591 0.030013170 0.042868994 0.045111790 0.997610331
1341846317.348137 0.052653033 -0.022069072 0.005376708 0.030583864 0.042564947 0.047146715 0.997511923
1341846317.410120 0.028361041 -0.015501917 0.004516603 0.032787338 0.043339226 0.052238073 0.997154891
1341846317.442569 0.019027255 -0.017838873 0.010227061 0.035549123 0.044275071 0.054472629 0.996899545
1341846317.474010 0.006314470 -0.022919677 0.011870019 0.040649574 0.045817316 0.056902338 0.996499121
1341846317.509927 0.016806634 -0.015877603 0.012631513 0.044302821 0.040989425 0.063130602 0.996178508
1341846317.542282 -0.008095983 -0.015871231 0.001104229 0.043261558 0.040440548 0.062060881 0.996313930
1341846317.573943 -0.013406171 -0.023396643 0.002242344 0.042161692 0.041749001 0.058975615 0.996494472
1341846317.610159 -0.020764459 -0.024090096 0.008614378 0.044963181 0.043680292 0.060530569 0.996195972
1341846317.643553 -0.028132856 -0.021013111 0.015421580 0.047813550 0.042831589 0.065413132 0.995791376
1341846317.677993 -0.030819057 -0.014351164 0.028113615 0.049875967 0.038806569 0.067959808 0.995684683
1341846317.709996 -0.041032974 -0.020671478 0.019501429 0.051628139 0.036774557 0.066508807 0.995770454
1341846317.741834 -0.037068732 -0.008998793 0.021216461 0.053163551 0.034439094 0.067933328 0.995676994
1341846317.777923 -0.040574171 -0.006597880 0.037413906 0.051600050 0.033032607 0.068040051 0.995799601
1341846317.810021 -0.066669464 -0.015625253 0.025014883 0.049907863 0.033465188 0.063204564 0.996189952
1341846317.841886 -0.077179775 -0.011614799 0.020554664 0.049474247 0.032884646 0.060928401 0.996372700
1341846317.878017 -0.086100437 -0.011301409 0.024643011 0.046912841 0.032996580 0.055802818 0.996793091
1341846317.909910 -0.090670839 -0.017159978 0.021439413 0.045705788 0.033789467 0.053168934 0.996966600
1341846317.946031 -0.104194731 -0.021426698 0.022292549 0.046796892 0.035198763 0.054562304 0.996791899
1341846317.978041 -0.112357400 -0.024082677 0.025819333 0.048498243 0.033961967 0.054533739 0.996755004
1341846318.009897 -0.120880373 -0.019776883 0.019121669 0.051285755 0.034577690 0.052092012 0.996724963
1341846318.045949 -0.130066752 -0.015533274 0.023931891 0.051782861 0.035773292 0.051201962 0.996703148
1341846318.078074 -0.137537032 -0.018289739 0.023338653 0.050792079 0.033900484 0.050338425 0.996863544
1341846318.109894 -0.153552085 -0.021648413 0.016653728 0.050131407 0.030615387 0.047457982 0.997144580
1341846318.145957 -0.151470497 -0.019982655 0.023641363 0.049581077 0.027839324 0.045316141 0.997353077
1341846318.178001 -0.160291508 -0.021058118 0.027196247 0.048921674 0.028873371 0.042112645 0.997496605
1341846318.214074 -0.167460591 -0.018829204 0.049081214 0.050139382 0.027069839 0.042008515 0.997491121
1341846318.245970 -0.176095262 -0.024026258 0.052480027 0.052822404 0.021921022 0.042834438 0.997443974
1341846318.278018 -0.179829136 -0.014601625 0.060161881 0.057991788 0.016526809 0.042532455 0.997273684
1341846318.313937 -0.196011916 -0.017812684 0.051534384 0.059173305 0.011158274 0.042429864 0.997283161
1341846318.345989 -0.213925868 -0.032100637 0.029251687 0.059135955 0.002506860 0.041301541 0.997391999
1341846318.382046 -0.228040799 -0.032724619 0.030335918 0.061214611 -0.003407306 0.040474810 0.997297823
1341846318.414072 -0.233621359 -0.036069512 0.022388818 0.062341683 -0.010356738 0.041362494 0.997143626
1341846318.446035 -0.248834088 -0.034636252 0.030558471 0.064782202 -0.015444530 0.041556958 0.996914089
1341846318.482196 -0.253700405 -0.033554271 0.018493267 0.065967523 -0.017719587 0.041668519 0.996793926
1341846318.514144 -0.252498806 -0.032636218 0.020883547 0.066199869 -0.020036003 0.042888820 0.996682823
1341846318.546259 -0.265800297 -0.042687271 0.022293121 0.066552043 -0.020130798 0.041137286 0.996731281
1341846318.582042 -0.289360851 -0.037484553 0.006912074 0.068452157 -0.018600563 0.040644467 0.996652544
1341846318.614115 -0.289620101 -0.036703240 0.013702730 0.068153478 -0.019715352 0.040809680 0.996644855
1341846318.650038 -0.295710117 -0.029947190 0.015532559 0.068487339 -0.020186754 0.037411474 0.996745884
1341846318.682350 -0.306727141 -0.028180333 0.022006378 0.068451442 -0.020506643 0.035386551 0.996815741
1341846318.714063 -0.313165665 -0.022882875 0.032749034 0.068498842 -0.021542864 0.034211516 0.996831656
1341846318.749905 -0.317759991 -0.026004104 0.025555380 0.068917185 -0.021677187 0.035241336 0.996764064
1341846318.782036 -0.331125677 -0.039136857 0.024662523 0.069647431 -0.021956867 0.037993178 0.996606052
1341846318.814121 -0.353961319 -0.043886233 -0.002896450 0.068636097 -0.026528249 0.037870351 0.996569693
1341846318.850072 -0.363132656 -0.040030126 -0.015508521 0.068981715 -0.032313250 0.034942586 0.996481955
1341846318.883516 -0.375910550 -0.046099603 0.026163302 0.072702736 -0.039741725 0.033186439 0.996008813
1341846318.918047 -0.381317616 -0.038286500 0.004428439 0.076510057 -0.052699853 0.031495675 0.995176852
1341846318.950044 -0.401183248 -0.044663675 0.006417330 0.077186257 -0.059822366 0.030037072 0.994766951
1341846318.982028 -0.402986288 -0.040848289 -0.003954560 0.079291284 -0.063971810 0.025912341 0.994459212
1341846319.018123 -0.415234536 -0.042708520 -0.005624451 0.078993574 -0.068834521 0.024636557 0.994190574
1341846319.050745 -0.426137984 -0.044588808 0.016290024 0.080122367 -0.074877366 0.023473136 0.993691504
1341846319.081905 -0.440581679 -0.045315772 -0.005756438 0.085444503 -0.075560987 0.023967553 0.993184447
1341846319.117976 -0.461632818 -0.039727598 -0.022037432 0.088121556 -0.073201381 0.027372001 0.993039250
1341846319.150093 -0.440349042 -0.044442654 0.000520706 0.090036251 -0.079749078 0.035492107 0.992105782
1341846319.186069 -0.424627513 -0.025285766 0.016510613 0.092782103 -0.082256161 0.036241781 0.991620898
1341846319.218149 -0.424112827 -0.007774143 0.013904091 0.090689860 -0.077931002 0.034708571 0.992218494
1341846319.250034 -0.443241835 -0.012816848 0.023205426 0.084247187 -0.070734970 0.033221982 0.993375719
1341846319.286594 -0.448579252 -0.023786239 0.018403649 0.081439562 -0.067999169 0.037947088 0.993631601
1341846319.318034 -0.459185302 -0.026480958 0.023809027 0.082029656 -0.067073517 0.041381188 0.993508875
1341846319.350268 -0.479750663 -0.038422368 0.004406646 0.082042582 -0.065236181 0.046618186 0.993398190
1341846319.386163 -0.504545629 -0.045781292 -0.008378681 0.083004616 -0.068286762 0.054911278 0.992689252
1341846319.418386 -0.495146722 -0.036455959 -0.011212982 0.084534310 -0.075126335 0.056666628 0.991967142
1341846319.453961 -0.494981527 -0.029958483 0.000291310 0.085932665 -0.077433854 0.051590245 0.991946578
1341846319.486271 -0.506112516 -0.048073504 -0.048639048 0.083415680 -0.076447316 0.050419632 0.992298067
1341846319.554083 -0.512484610 -0.059269495 -0.051541086 0.077144854 -0.083010629 0.049915437 0.992303550
1341846319.586296 -0.540141523 -0.039027706 -0.027617663 0.080279954 -0.081427656 0.044199139 0.992457151
1341846319.622031 -0.575698793 -0.038434118 -0.039932556 0.077604048 -0.083575949 0.043441799 0.992524803
1341846319.653962 -0.578733146 -0.051536031 -0.011863016 0.076197863 -0.089241497 0.043269116 0.992147982
1341846319.686352 -0.573659003 -0.043924648 -0.002540261 0.079145208 -0.094143637 0.043451849 0.991455972
1341846319.721992 -0.576640606 -0.045188431 -0.003138766 0.079499520 -0.098614924 0.044558536 0.990943730
1341846319.754063 -0.589228928 -0.019884085 -0.003028564 0.078466937 -0.100373134 0.042849191 0.990924835
1341846319.786397 -0.592427254 -0.024809297 -0.004093342 0.073473997 -0.100632384 0.047498200 0.991069436
1341846319.822008 -0.603568971 -0.020958213 -0.005765475 0.070531420 -0.100821264 0.051681548 0.991054654
1341846319.853917 -0.625621259 -0.021469194 -0.053676218 0.064708874 -0.099597976 0.056354303 0.991320968
1341846319.889942 -0.628020942 -0.035079625 -0.047821023 0.060589831 -0.100472398 0.061475746 0.991188645
1341846319.922039 -0.625482619 -0.047689181 -0.017023370 0.059964627 -0.105666794 0.061949246 0.990656912
1341846319.953946 -0.617521226 -0.047908962 -0.003562897 0.060625117 -0.112824559 0.059318129 0.989988148
1341846319.990054 -0.617824972 -0.043149941 0.003368407 0.063914925 -0.115982547 0.051307064 0.989863873
1341846320.028122 -0.622182846 -0.047383212 -0.012408763 0.065545902 -0.119165674 0.050851580 0.989402533
1341846320.090047 -0.619777381 -0.027418979 -0.033081226 0.071978547 -0.125987306 0.050928716 0.988105536
1341846320.122011 -0.597749591 -0.029287504 0.009509400 0.072963394 -0.125736922 0.051210430 0.988050640
1341846320.157952 -0.598575830 -0.035853647 -0.000470787 0.072222166 -0.122733064 0.053777535 0.988346338
1341846320.190003 -0.583853304 -0.041175157 -0.010386504 0.075003520 -0.119512692 0.051732581 0.988642991
1341846320.221941 -0.581364334 -0.040720515 -0.001226500 0.079328798 -0.116033092 0.052871235 0.988659680
1341846320.258015 -0.572361290 -0.043851666 -0.000668466 0.083076350 -0.115307413 0.055615518 0.988286138
1341846320.289887 -0.545475602 -0.043320827 0.029566154 0.089461781 -0.117835142 0.055078346 0.987460315
1341846320.321954 -0.531828225 -0.041180730 0.010451078 0.098917343 -0.118330345 0.054108519 0.986552358
1341846320.357890 -0.509740174 -0.036791090 0.035254292 0.103770636 -0.119620748 0.055823408 0.985802352
1341846320.390064 -0.496221215 -0.038342860 0.028761804 0.104938351 -0.115786582 0.056523018 0.986096621
1341846320.426544 -0.489494026 -0.042304613 0.035566881 0.107746057 -0.108318232 0.051628925 0.986910522
1341846320.458122 -0.473002374 -0.048612908 0.002635248 0.107761756 -0.100983180 0.049109824 0.987814784
1341846320.490186 -0.431547910 -0.048500780 -0.025072541 0.110767402 -0.094235741 0.050460175 0.988080978
1341846320.525911 -0.399976254 -0.055888273 -0.048149429 0.112745538 -0.088828437 0.049246635 0.988419294
1341846320.558091 -0.416879296 -0.042895295 0.015112326 0.115930334 -0.084012620 0.043852866 0.988725901
1341846320.594093 -0.398717999 -0.046522871 0.009682372 0.116944723 -0.079137817 0.040327094 0.989158630
1341846320.631955 -0.392673016 -0.046913926 0.020110033 0.119575813 -0.071424961 0.039353371 0.989470303
1341846320.664916 -0.390637636 -0.035592496 0.013155617 0.119954385 -0.068798840 0.037952743 0.989665210
1341846320.699927 -0.359513789 -0.046553083 0.017223693 0.119665742 -0.066091478 0.035275683 0.989983678
1341846320.731822 -0.351664424 -0.039489806 0.013532192 0.122222424 -0.059154924 0.033978578 0.990155458
1341846320.763877 -0.349172175 -0.014574994 0.002834693 0.121056817 -0.058474284 0.036259569 0.990258157
1341846320.799999 -0.342748165 -0.032435946 -0.000647027 0.112538956 -0.059426449 0.031097779 0.991381049
1341846320.831871 -0.294239819 -0.037582248 0.002212226 0.114682399 -0.050707679 0.026184198 0.991761625
1341846320.863887 -0.339880258 -0.026304990 0.045827325 0.113751724 -0.039961804 0.027840024 0.992314696
1341846320.900014 -0.307906151 -0.038604762 0.024316777 0.105658002 -0.045960922 0.032600280 0.992804706
1341846320.931889 -0.277984113 -0.044194616 0.020445630 0.106876232 -0.046943944 0.031407233 0.992666781
1341846320.967866 -0.336509287 -0.023179859 -0.032290451 0.107072063 -0.036195345 0.025857553 0.993255675
1341846321.000017 -0.313445449 -0.030690100 -0.008744879 0.100953549 -0.037946928 0.026394857 0.993816733
1341846321.031860 -0.288410574 -0.035886828 0.000987476 0.098872483 -0.038050584 0.023244498 0.994100630
1341846321.068047 -0.266190112 -0.032251831 0.019344877 0.099019893 -0.035926089 0.022110587 0.994190872
1341846321.099840 -0.241913721 -0.028086375 0.034492962 0.097040877 -0.035919610 0.023238311 0.994360507
1341846321.131821 -0.210330114 -0.029691618 0.046428256 0.097877406 -0.035505287 0.023410950 0.994289339
1341846321.167887 -0.184443370 -0.024952050 0.076627195 0.100861788 -0.033501521 0.025044627 0.994020820
1341846321.200042 -0.209205776 -0.030983504 0.041184813 0.100576065 -0.028644277 0.024666958 0.994210958
1341846321.231950 -0.176523104 -0.024748104 0.074742742 0.100617431 -0.029297432 0.022902960 0.994229972
1341846321.267939 -0.199019745 -0.039611060 -0.004854228 0.099141791 -0.025068752 0.018494239 0.994585514
1341846321.299948 -0.191997394 -0.039102256 0.023901891 0.098346949 -0.020557279 0.012656147 0.994859338
1341846321.331858 -0.112940662 -0.023627650 0.087161288 0.100409888 -0.021558030 0.008113853 0.994679511
1341846321.367913 -0.172017172 -0.047947131 0.021394374 0.099674746 -0.015525978 0.004915692 0.994886756
1341846321.399897 -0.170447260 -0.047802109 0.002023255 0.100889586 -0.009766346 0.002782958 0.994845808
1341846321.435994 -0.161162987 -0.046296693 0.020974424 0.103039414 -0.006533267 0.002290106 0.994653165
1341846321.467946 -0.132693723 -0.039948370 0.047897607 0.105627269 -0.005788781 0.004177495 0.994380176
1341846321.499882 -0.115739979 -0.040218268 0.047295731 0.106870614 -0.003478764 0.004660392 0.994255900
1341846321.536109 -0.101506785 -0.032898623 0.024248842 0.106374979 0.002043655 0.000525633 0.994323850
1341846321.568960 -0.087518945 -0.023392275 0.065188468 0.104391962 0.006990969 0.001993931 0.994509637
1341846321.603938 -0.090330929 -0.026633039 0.063913032 0.100916572 0.010633860 -0.000798548 0.994837761
1341846321.637163 -0.054157980 -0.017503783 0.036959790 0.098650716 0.013002402 -0.002858849 0.995033085
1341846321.668306 -0.082961895 -0.020913824 0.048266277 0.093581133 0.024950849 0.000679395 0.995298743
1341846321.704411 -0.108562753 -0.018884700 0.051267166 0.090990297 0.028311606 0.006740621 0.995426416
1341846321.736861 -0.087946258 -0.016088735 0.064351447 0.089929268 0.024935761 0.015642846 0.995513022
1341846321.771881 -0.069752760 -0.003978838 0.051552352 0.088322952 0.023734113 0.020641917 0.995595157
1341846321.804114 -0.063352458 -0.011517102 0.054280750 0.083558656 0.025850939 0.024128921 0.995875239
1341846321.836152 -0.062276695 -0.002243791 0.060990319 0.080955990 0.028926244 0.024477568 0.995997131
1341846321.871882 -0.057039395 0.008355407 0.064715460 0.076106861 0.029933732 0.021641407 0.996415257
1341846321.904074 -0.048371598 -0.002604295 0.059982546 0.068972819 0.030709445 0.019606091 0.996953011
1341846321.939847 -0.046194892 -0.009177111 0.065129176 0.064644225 0.033864964 0.016528390 0.997196615
1341846322.004094 -0.051990170 -0.012630519 0.065266088 0.057875097 0.032133527 0.016254723 0.997674167
1341846322.066178 0.010585546 -0.009693441 0.135566831 0.054198284 0.034333345 0.011706281 0.997871101
1341846322.107979 -0.002981709 -0.038261063 0.115816489 0.049934145 0.036814854 0.011954840 0.998002172
1341846322.166164 -0.038242534 -0.057328552 0.067842305 0.052772880 0.038396254 0.011616621 0.997800469
1341846322.202932 -0.077308282 -0.071632706 -0.018540874 0.051831003 0.037151322 0.015056944 0.997851014
1341846322.234093 -0.037050299 -0.066765092 0.063668109 0.052978083 0.034427188 0.010187277 0.997950017
1341846322.265941 -0.035542641 -0.075245537 0.061544683 0.050413232 0.031207265 0.011173707 0.998178184
1341846322.301996 -0.028878324 -0.093472265 0.063081712 0.047812104 0.029309265 0.012233122 0.998351336
1341846322.333949 -0.041888531 -0.115407422 0.053057048 0.046194971 0.028244041 0.011579406 0.998465955
1341846322.369871 -0.027548313 -0.118483320 0.065463014 0.048076063 0.021838259 0.008375936 0.998569787
1341846322.402292 -0.017875176 -0.142795011 0.055398207 0.048920967 0.022935396 0.001571836 0.998538017
1341846322.433955 -0.031086568 -0.164584875 0.057251032 0.053360477 0.025229905 -0.002289601 0.998253942
1341846322.470030 -0.034170225 -0.170557544 0.063831136 0.061911024 0.021379009 0.001318973 0.997851789
1341846322.502433 -0.016534768 -0.186912060 0.065129802 0.067619815 0.016809484 0.004799474 0.997557998
1341846322.534002 -0.011242378 -0.190068394 0.060953334 0.077323653 0.016530370 0.007611856 0.996839941
1341846322.570196 -0.016366983 -0.208289564 0.055601265 0.085612617 0.017060038 0.008670365 0.996144712
1341846322.601920 -0.025016151 -0.217679232 0.049894508 0.090677269 0.014624104 0.011541693 0.995706081
1341846322.638119 -0.007244414 -0.230379552 0.052184917 0.096098617 0.010198260 0.011788403 0.995249808
1341846322.669947 0.011637265 -0.227940187 0.078790970 0.101231761 0.011942863 0.011078407 0.994729459
1341846322.702026 -0.000851819 -0.245593593 0.076153606 0.103178933 0.014183248 0.013733058 0.994466841
1341846322.738006 0.003701640 -0.244095877 0.076937377 0.104911208 0.011149236 0.015344071 0.994300723
1341846322.770087 0.010569645 -0.266413897 0.069599830 0.104024813 0.012298288 0.015282896 0.994381249
1341846322.806047 0.003063843 -0.286095440 0.065044969 0.106735751 0.012593302 0.016790772 0.994065821
1341846322.838063 -0.006637163 -0.288967192 0.069160104 0.108809143 0.008256873 0.017852863 0.993868053
1341846322.870081 0.007563198 -0.298573881 0.093029566 0.111680701 0.002087680 0.020281279 0.993534923
1341846322.906018 0.019167285 -0.301577002 0.083372086 0.116284668 0.000034171 0.021315942 0.992987156
1341846322.938349 0.015455973 -0.285042197 0.086384006 0.117798284 0.001138799 0.022051742 0.992792010
1341846322.970069 0.017318532 -0.294307858 0.085002884 0.112645894 0.000891640 0.023692325 0.993352294
1341846323.011820 0.024132270 -0.313117802 0.101621240 0.109833293 0.000787468 0.023652593 0.993668199
1341846323.073951 0.021943927 -0.307935864 0.100541756 0.107390024 0.000484523 0.028488649 0.993808568
1341846323.105962 0.028983785 -0.328765303 0.093545482 0.103618778 0.000496508 0.029543838 0.994178116
1341846323.138158 0.028628344 -0.327486634 0.093766168 0.104835756 0.000326349 0.026200341 0.994144320
1341846323.174092 0.019362738 -0.329896003 0.094817638 0.102687448 0.000513365 0.023407968 0.994438052
1341846323.206059 0.028650420 -0.338544428 0.092924803 0.099405199 -0.000659648 0.021147000 0.994822085
1341846323.238053 0.029374447 -0.342225224 0.096166715 0.097042404 0.002998408 0.018254850 0.995108306
1341846323.273997 0.009170951 -0.345809907 0.093473405 0.093387321 0.004002404 0.018502560 0.995449901
1341846323.305946 0.018342098 -0.356756002 0.094700903 0.087569691 -0.000356446 0.019772755 0.995962083
1341846323.342027 0.044707753 -0.353353083 0.105480358 0.086621895 -0.000544417 0.016323384 0.996107399
1341846323.374048 0.021562615 -0.382116079 0.095316976 0.085495256 0.004735969 0.019501397 0.996136427
1341846323.405987 0.010584824 -0.376420885 0.091405198 0.086199880 0.000519892 0.022833319 0.996016026
1341846323.441956 0.022519046 -0.389360905 0.104498237 0.087286517 -0.003933415 0.025035007 0.995860875
1341846323.473878 0.033075027 -0.405649215 0.085030906 0.090924591 -0.002829535 0.025513319 0.995526910
1341846323.506129 0.025485408 -0.407558709 0.092443399 0.092587143 -0.002564121 0.023942029 0.995413363
1341846323.541972 0.030551052 -0.413391441 0.094577126 0.091305412 -0.002756670 0.020882966 0.995600104
1341846323.573913 0.053397398 -0.433302790 0.084061541 0.090038054 0.000326755 0.014154812 0.995837688
1341846323.609927 0.041628413 -0.431200653 0.100602947 0.090355806 0.006986401 0.012788504 0.995802939
1341846323.642014 0.027970508 -0.445180029 0.099391915 0.088849887 0.009319290 0.013730125 0.995906770
1341846323.674081 0.023301953 -0.462709576 0.093101114 0.088182956 0.007809273 0.015986571 0.995945394
1341846323.710069 -0.003118756 -0.456073076 0.053729601 0.091674715 0.008218231 0.015934262 0.995627582
1341846323.742111 0.019442087 -0.479605138 0.081127405 0.095538832 0.005267117 0.017225968 0.995262682
1341846323.774928 0.021448089 -0.483417302 0.065183632 0.097562112 0.002766444 0.015748717 0.995100975
1341846323.810012 -0.001177718 -0.479366243 0.047309145 0.099652566 0.002608002 0.010300037 0.994965553
1341846323.842207 0.002855991 -0.480713844 0.050926693 0.101112552 0.002546747 0.005209974 0.994858086
1341846323.878019 0.019518245 -0.504774272 0.061495967 0.100695282 0.001005941 0.002871024 0.994912684
1341846323.909826 0.029256057 -0.497843742 0.079059467 0.105945088 -0.001476315 -0.000079762 0.994370878
1341846323.942459 0.019494947 -0.515518665 0.059766300 0.107533604 -0.000796643 -0.000671382 0.994200885
1341846323.978055 0.020421557 -0.507442057 0.072310336 0.111558907 -0.003966308 0.000866780 0.993749559
1341846324.015934 0.030335173 -0.501328707 0.078331620 0.116033420 -0.006552636 0.001253281 0.993222952
1341846324.047722 0.029549558 -0.497190922 0.071751319 0.119542956 -0.004810610 -0.000165136 0.992817342
1341846324.083904 0.001499091 -0.485459417 0.052037135 0.119035602 -0.002059613 -0.002940936 0.992883503
1341846324.115968 0.032134742 -0.482800364 0.071702071 0.117495142 -0.001796850 -0.002374994 0.993068993
1341846324.151967 0.037848804 -0.474096388 0.071381912 0.117683448 0.000853819 -0.007303271 0.993023932
1341846324.183941 0.032030322 -0.461620748 0.077437662 0.114912122 0.005160728 -0.010311432 0.993308723
1341846324.219984 0.024651485 -0.461092889 0.082401983 0.110480517 0.007414733 -0.009306865 0.993807077
1341846324.251968 0.015160190 -0.482790679 0.062066428 0.107348807 0.008076549 -0.010052410 0.994137764
1341846324.284052 0.014026826 -0.466300279 0.064689524 0.108465724 0.007114392 -0.011038533 0.994013429
1341846324.319880 0.004083420 -0.449412465 0.060215294 0.107711896 0.004372531 -0.012662583 0.994091928
1341846324.351917 0.020168288 -0.415637195 0.074115768 0.107114635 -0.000182372 -0.011257682 0.994182944
1341846324.388001 0.020044642 -0.425743103 0.065650806 0.100253947 0.000175508 -0.017480794 0.994808257
1341846324.419908 0.015796315 -0.410372972 0.069323152 0.095924541 0.002622239 -0.019682705 0.995190561
1341846324.452027 0.015556633 -0.404615700 0.087835163 0.092159301 0.002653216 -0.018240340 0.995573699
1341846324.487928 0.002339962 -0.403484523 0.059380099 0.089429170 0.003458820 -0.018260114 0.995819807
1341846324.519985 -0.005327254 -0.372268945 0.100874275 0.090574645 0.001362705 -0.013352002 0.995799184
1341846324.556001 0.000184156 -0.373606265 0.078314438 0.087530665 -0.004269269 -0.008971186 0.996112287
1341846324.587888 -0.003319421 -0.341114908 0.105981544 0.085965157 -0.006867310 -0.007411066 0.996246874
1341846324.620086 -0.003062616 -0.336352825 0.103373297 0.083738655 -0.009483286 -0.010131263 0.996391118
1341846324.655955 -0.001025109 -0.322260588 0.102762617 0.082704268 -0.010336443 -0.010987157 0.996459961
1341846324.688082 -0.004121826 -0.320025533 0.110973880 0.081967376 -0.010183099 -0.010161486 0.996531188
1341846324.755922 -0.012905735 -0.285475403 0.107183278 0.083726972 -0.013428836 -0.005464668 0.996383250
1341846324.814016 0.009089326 -0.252602994 0.103554130 0.078862295 -0.020368516 -0.008305810 0.996642828
1341846324.849979 -0.009058421 -0.251020342 0.089128189 0.072550125 -0.015735049 -0.011591027 0.997173309
1341846324.881924 -0.018657107 -0.230001509 0.119545251 0.071048804 -0.016533287 -0.011716661 0.997267008
1341846324.913902 -0.004435527 -0.232916445 0.111307956 0.068993531 -0.019173440 -0.006276650 0.997413099
1341846324.949999 -0.006479565 -0.232840478 0.114067398 0.069546133 -0.019175120 -0.004862571 0.997382581
1341846324.981922 -0.015760308 -0.224023640 0.114362806 0.074163668 -0.021044824 -0.001428202 0.997022986
1341846325.018013 -0.021455882 -0.217074573 0.104234487 0.077964254 -0.025939563 0.000326780 0.996618629
1341846325.050079 -0.023965336 -0.201203734 0.105093285 0.080084503 -0.031036770 -0.000723785 0.996304512
1341846325.081901 -0.022382690 -0.181630448 0.103018448 0.079750009 -0.036188219 -0.002944606 0.996153474
1341846325.118531 -0.007795149 -0.156310409 0.110194638 0.077012435 -0.038669202 -0.004101076 0.996271551
1341846325.149933 -0.013615459 -0.163485393 0.104539409 0.070588209 -0.035663791 -0.004790409 0.996856272
1341846325.181925 -0.015936978 -0.163405478 0.105942786 0.066129610 -0.034738239 -0.003427429 0.997200310
1341846325.218055 -0.015530184 -0.151479006 0.109078199 0.064073525 -0.034580424 0.000402098 0.997345805
1341846325.249811 -0.018309683 -0.139627069 0.117483146 0.062606409 -0.034772448 0.004776291 0.997420907
1341846325.285925 -0.013801843 -0.132155612 0.113838531 0.059777603 -0.035533246 0.007099805 0.997553825
1341846325.317988 -0.000639075 -0.133789882 0.123014286 0.057264145 -0.034073271 0.010462642 0.997722566
1341846325.349844 -0.007239814 -0.135650739 0.129932076 0.060166284 -0.028710961 0.012368310 0.997698724
1341846325.387302 -0.007845093 -0.121464491 0.127944171 0.065306403 -0.025922192 0.014602262 0.997421622
1341846325.417931 0.001487831 -0.122904420 0.132147774 0.067793794 -0.021311127 0.016459648 0.997335911
1341846325.450747 0.012627142 -0.129156604 0.141387269 0.072220378 -0.013564141 0.018437425 0.997126043
1341846325.485954 -0.012471674 -0.107786268 0.134623557 0.081564844 -0.005059843 0.019986371 0.996454775
1341846325.517875 -0.009750201 -0.089345828 0.138409451 0.085714974 -0.003163757 0.023766056 0.996031225
1341846325.553859 -0.006550759 -0.082173504 0.139100179 0.088959157 0.000213863 0.023480076 0.995758474
1341846325.585855 -0.006068301 -0.078883760 0.152438879 0.090558983 0.002868979 0.021916416 0.995645761
1341846325.617990 -0.009848261 -0.060586743 0.148246139 0.087743171 0.004932449 0.020633884 0.995917201
1341846325.653982 -0.013318092 -0.075637594 0.155924976 0.084088877 0.007046022 0.017288916 0.996283352
1341846325.685819 -0.012840122 -0.072869562 0.160949871 0.089684419 0.008259717 0.019231770 0.995750308
1341846325.717857 -0.019341050 -0.057824843 0.160513654 0.094584376 0.009675815 0.026027119 0.995129526
1341846325.754083 -0.022767369 -0.058361977 0.160043702 0.097130544 0.009880192 0.030278962 0.994761884
1341846325.786087 -0.017848089 -0.052160122 0.160215527 0.103747562 0.009923367 0.031904880 0.994042277
1341846325.821856 -0.022177495 -0.033251438 0.159988686 0.108023167 0.012338041 0.033138938 0.993519247
1341846325.853827 -0.029342400 -0.027185455 0.165808499 0.108596899 0.013170131 0.036353808 0.993333578
1341846325.885958 -0.038702428 -0.016019950 0.159115523 0.109136023 0.010972392 0.042159576 0.993071735
1341846325.921984 -0.032972753 -0.009355156 0.171688080 0.108561672 0.006446660 0.046396423 0.992985487
1341846325.953899 -0.020907287 -0.005271323 0.172455981 0.111473620 0.006203094 0.048093300 0.992583573
1341846325.985823 -0.025269734 0.006798312 0.177313328 0.114224635 0.009384729 0.053006314 0.991995454
1341846326.021991 -0.031093888 0.010631982 0.180963784 0.117235608 0.009859209 0.058010485 0.991359353
1341846326.054055 -0.025355356 0.026372798 0.179493189 0.122918740 0.008566679 0.061286140 0.990485549
1341846326.089984 -0.020592317 0.045651391 0.174850360 0.125921041 0.010224367 0.060672563 0.990130365
1341846326.121822 -0.029146384 0.063903674 0.156673312 0.126123741 0.014953903 0.058858026 0.990154028
1341846326.154079 -0.036270242 0.064384311 0.166330263 0.126352355 0.018151635 0.057250537 0.990165651
1341846326.190178 -0.037550628 0.075410172 0.165729597 0.128634751 0.017505540 0.060507588 0.989689589
1341846326.222162 -0.043509707 0.095068865 0.167957366 0.128687590 0.016062560 0.065737471 0.989373624
1341846326.259181 -0.044683099 0.107911035 0.169052809 0.125764892 0.013533511 0.069141351 0.989555240
1341846326.322766 -0.040460527 0.134523198 0.183844894 0.119453959 0.012912016 0.067194097 0.990479171
1341846326.359773 -0.039452694 0.143186674 0.191436470 0.115280181 0.014477048 0.065156415 0.991088092
1341846326.392109 -0.036646880 0.129198566 0.184888944 0.112800501 0.016152790 0.066676304 0.991246402
1341846326.423985 -0.041539028 0.137093693 0.183311373 0.117244788 0.017398058 0.072639309 0.990290105
1341846326.459869 -0.043256097 0.154882073 0.187412560 0.119944908 0.014483979 0.075939722 0.989765942
1341846326.526163 -0.025433233 0.201278150 0.198681116 0.121293880 0.014561347 0.075184122 0.989658058
1341846326.560211 -0.036043849 0.198787943 0.211327255 0.115714513 0.019807214 0.074430086 0.990291893
1341846326.591828 -0.032383688 0.216793448 0.208187759 0.112998113 0.021013666 0.076851815 0.990395725
1341846326.627027 -0.032420006 0.228982061 0.212483898 0.113157794 0.022650421 0.075762920 0.990425289
1341846326.658442 -0.031505268 0.244602233 0.210926294 0.111437790 0.026394567 0.073850997 0.990671992
1341846326.694856 -0.033330791 0.259379596 0.217271432 0.107917644 0.029757692 0.074948251 0.990883946
1341846326.726206 -0.033564631 0.276701063 0.222304106 0.102897897 0.030755058 0.072275691 0.991585791
1341846326.762753 -0.030935438 0.283009440 0.221470594 0.096770033 0.033108059 0.069145635 0.992349863
1341846326.826821 -0.040213924 0.311662853 0.228997260 0.081922084 0.040155429 0.064645529 0.993728936
1341846326.858887 -0.044620007 0.316092849 0.240774423 0.073970161 0.041534252 0.062800258 0.994414151
1341846326.895360 -0.045028940 0.311159641 0.239286020 0.070775084 0.040679131 0.066513143 0.994440615
1341846326.926897 -0.048973143 0.317440629 0.237316474 0.072770953 0.037225164 0.068006009 0.994330823
1341846326.958888 -0.040619776 0.332766473 0.240862474 0.075499132 0.034380242 0.070757240 0.994037867
1341846326.994594 -0.041388001 0.348559529 0.229321674 0.076546527 0.035261977 0.072274901 0.993817687
1341846327.026301 -0.039063852 0.362708598 0.227909997 0.074775867 0.035993636 0.071711525 0.993967056
1341846327.063945 -0.036407389 0.367066801 0.238126472 0.071295299 0.038638275 0.067722097 0.994403243
1341846327.094662 -0.045608576 0.374759465 0.231204063 0.070915885 0.041682161 0.065484844 0.994457245
1341846327.128901 -0.039387796 0.383743763 0.242454827 0.070516549 0.041132718 0.066146806 0.994464695
1341846327.161940 -0.039040506 0.396178514 0.239301279 0.069504730 0.039702702 0.065676041 0.994625270
1341846327.193867 -0.052757166 0.401799530 0.230122909 0.067835115 0.043124862 0.061441410 0.994868636
1341846327.229885 -0.014921138 0.417504817 0.251573682 0.069418006 0.041615427 0.064383827 0.994637668
1341846327.262014 -0.035961851 0.428311139 0.230771616 0.068207756 0.049661729 0.055602014 0.994881868
1341846327.294023 -0.031049287 0.451022655 0.208153337 0.073330522 0.059961975 0.050641660 0.994214594
1341846327.330015 -0.049914025 0.466386288 0.184522524 0.074076042 0.070976630 0.048155662 0.993557274
1341846327.361939 -0.081596658 0.478744715 0.185499623 0.072339028 0.079779238 0.042359728 0.993281424
1341846327.393887 -0.124621235 0.473698407 0.176290661 0.067344390 0.088366561 0.032624170 0.993273258
1341846327.429966 -0.167555600 0.486338317 0.174334884 0.066309176 0.094488867 0.031795133 0.992806137
1341846327.461965 -0.210016072 0.472699672 0.169920355 0.052860793 0.096147917 0.030135829 0.993505478
1341846327.497931 -0.264770895 0.450943440 0.187368155 0.042671770 0.104593016 0.024437822 0.993298650
1341846327.530068 -0.308550894 0.441243142 0.186205015 0.036883589 0.112216480 0.024393912 0.992699325
1341846327.561895 -0.369015932 0.460500240 0.249424934 0.039797731 0.123352922 0.028292330 0.991160810
1341846327.598010 -0.373354882 0.463471025 0.249397799 0.041208245 0.120835185 0.032060958 0.991298556
1341846327.629945 -0.373778820 0.491273761 0.242276728 0.044267114 0.115086004 0.030321931 0.991905332
1341846327.662003 -0.367759138 0.494342238 0.246429339 0.044685181 0.111408010 0.026872577 0.992405832
1341846327.697919 -0.381467849 0.528059721 0.248133600 0.050248817 0.112717055 0.024311086 0.992057860
1341846327.730075 -0.401115865 0.557823896 0.251704574 0.048433039 0.115261249 0.022940615 0.991888523
1341846327.766017 -0.425109774 0.562595308 0.253512233 0.043996893 0.118641794 0.023432806 0.991685092
1341846327.797917 -0.402670711 0.605964303 0.257356942 0.044946879 0.114817023 0.023149267 0.992099226
1341846327.830054 -0.408306509 0.607672870 0.258330286 0.037754674 0.115323074 0.023502434 0.992332041
1341846327.865944 -0.416540712 0.607320964 0.261904478 0.032419253 0.118733913 0.022823837 0.992134213
1341846327.898010 -0.416371971 0.628051817 0.260420442 0.031324349 0.118912823 0.024682211 0.992103457
1341846327.929991 -0.407492369 0.627692103 0.262879848 0.025514426 0.116208613 0.024477744 0.992595315
1341846327.966065 -0.410370439 0.633177340 0.260665178 0.019729605 0.117315091 0.021865992 0.992657959
1341846327.998073 -0.409390330 0.638467431 0.265284151 0.011777499 0.118474409 0.020417267 0.992677331
1341846328.034045 -0.409326583 0.640369177 0.261421591 0.005850575 0.119290143 0.019725865 0.992646217
1341846328.065993 -0.411112487 0.639950991 0.265777975 0.000393392 0.120638125 0.019769160 0.992499590
1341846328.098045 -0.409292340 0.624768794 0.268160284 -0.002019890 0.120725289 0.023644481 0.992402256
1341846328.133967 -0.409962416 0.629194856 0.266307056 0.001989363 0.118718766 0.027405493 0.992547691
1341846328.166023 -0.416577250 0.618304670 0.259214759 0.000052923 0.116724297 0.027207578 0.992791593
1341846328.198018 -0.417363882 0.603094816 0.258387595 -0.000438870 0.114198007 0.023105567 0.993189216
1341846328.234044 -0.428726912 0.607190371 0.258209288 0.004929256 0.115260132 0.021249313 0.993095815
1341846328.265899 -0.424862951 0.598522604 0.259704173 0.007163571 0.112576440 0.021734023 0.993379533
1341846328.302051 -0.422137320 0.578747392 0.257138222 0.008700789 0.111889012 0.022887243 0.993418992
1341846328.333917 -0.411560327 0.555596292 0.257715821 0.010310634 0.109170392 0.027417593 0.993591368
1341846328.366008 -0.404725611 0.535699308 0.254127055 0.013479276 0.107268728 0.026073029 0.993796706
1341846328.402010 -0.382850885 0.500377893 0.243685767 0.023052875 0.104663663 0.030006634 0.993787527
1341846328.433920 -0.381999463 0.492938399 0.250233263 0.027460922 0.103071146 0.029404704 0.993859947
1341846328.470003 -0.351890683 0.491486490 0.247210398 0.029899977 0.096448272 0.025660744 0.994557798
1341846328.502194 -0.373314619 0.449262977 0.235858709 0.030031340 0.103542060 0.009578858 0.994125426
1341846328.534033 -0.374742240 0.420001924 0.225037768 0.028805094 0.106907144 0.006591502 0.993829787
1341846328.570125 -0.394631803 0.395731539 0.196858063 0.027723115 0.112363666 0.025947895 0.992941320
1341846328.602804 -0.423092365 0.366074920 0.207959682 0.032542959 0.111733466 0.030795246 0.992727697
1341846328.672663 -0.480186105 0.348504096 0.234956369 0.046987582 0.109765626 0.024493687 0.992544055
1341846328.702975 -0.504814625 0.341352463 0.243795291 0.051247124 0.111849442 0.019398646 0.992213249
1341846328.770129 -0.491253972 0.321210951 0.227011770 0.060938202 0.107148916 0.016551591 0.992235720
1341846328.802331 -0.471504450 0.329248309 0.233880460 0.066562727 0.100508861 0.017131602 0.992559254
1341846328.838051 -0.466412157 0.283432186 0.223484963 0.064434923 0.098116174 0.015133716 0.992971480
1341846328.869939 -0.476917326 0.286248595 0.223963439 0.065389991 0.098820671 0.014326885 0.992851138
1341846328.904486 -0.470098406 0.261014521 0.221227497 0.058822736 0.094689518 0.015023408 0.993653893
1341846328.939814 -0.453735769 0.221242487 0.216854542 0.059906084 0.089690052 0.013288450 0.994077623
1341846328.970217 -0.450290710 0.216310725 0.204098627 0.064092532 0.087041669 0.019142883 0.993956447
1341846329.006232 -0.443397164 0.212322608 0.208361357 0.066252388 0.083818495 0.024042007 0.993985474
1341846329.038243 -0.439719826 0.186690196 0.203675240 0.069029570 0.083078288 0.022609152 0.993892252
1341846329.106125 -0.442580849 0.184442252 0.194894657 0.072350286 0.083198801 0.021046862 0.993680239
1341846329.138340 -0.449116826 0.153906852 0.193440139 0.070978865 0.083467372 0.019142784 0.993795097
1341846329.169991 -0.432700515 0.157744512 0.181902260 0.073408373 0.079688966 0.017435225 0.993960202
1341846329.208656 -0.436767250 0.150547966 0.182278454 0.074691780 0.079678454 0.017031543 0.993872404
1341846329.238169 -0.443588704 0.176549748 0.178119749 0.078833736 0.080038160 0.017955750 0.993507326
1341846329.273827 -0.440551549 0.141109630 0.178968906 0.073566251 0.078753345 0.018656073 0.994000912
1341846329.306052 -0.436909616 0.132741734 0.169104546 0.072742410 0.075340196 0.016866559 0.994358063
1341846329.338104 -0.433082998 0.127064019 0.176818445 0.068622455 0.073595345 0.014795141 0.994814456
1341846329.373907 -0.425582618 0.119207390 0.172801852 0.066966161 0.071624286 0.014947728 0.995068848
1341846329.405985 -0.442951798 0.111794740 0.165645242 0.068809144 0.072982274 0.008277611 0.994922280
1341846329.442057 -0.427300334 0.092663512 0.155415475 0.064852007 0.070067607 0.008706327 0.995393872
1341846329.473950 -0.430913270 0.083884165 0.154808924 0.064408191 0.069159091 0.003517431 0.995518088
1341846329.506147 -0.436926126 0.088894404 0.150025278 0.066202834 0.068383574 0.001246924 0.995459378
1341846329.542121 -0.438216835 0.054568153 0.144180700 0.060370352 0.065080956 -0.000392549 0.996052086
1341846329.574086 -0.430993825 0.037022047 0.148278415 0.062215608 0.062308546 -0.002315875 0.996113181
1341846329.606387 -0.433009237 0.041215096 0.138819009 0.065717272 0.062139742 -0.003650970 0.995894849
1341846329.641955 -0.436913759 0.031529568 0.133614659 0.064769126 0.061000809 -0.003382590 0.996028304
1341846329.681570 -0.443725765 0.019490749 0.139812380 0.063693576 0.058985528 -0.003728094 0.996217787
1341846329.748113 -0.429258764 0.011836048 0.135584667 0.065429710 0.057194956 -0.005876340 0.996199369
1341846329.810175 -0.435653090 -0.015964879 0.134215117 0.063220620 0.061196674 -0.001157650 0.996120870
1341846329.842255 -0.436170667 -0.028014034 0.133869320 0.064449541 0.061314993 0.001940437 0.996033609
1341846329.874044 -0.440461487 -0.031833023 0.131991148 0.066476196 0.061665021 0.004678852 0.995869696
1341846329.910073 -0.438266307 -0.026149152 0.128490865 0.067447573 0.060916599 0.007348982 0.995834351
1341846329.942009 -0.441293120 -0.031416439 0.128261030 0.063016087 0.060790911 0.013159529 0.996072412
1341846329.978087 -0.442883819 -0.058045991 0.130945563 0.060255501 0.060596846 0.014105018 0.996242106
1341846330.016305 -0.441850066 -0.051399212 0.124003507 0.061995391 0.061474502 0.012179388 0.996106982
1341846330.048192 -0.438129872 -0.046866924 0.129027337 0.059573736 0.063007742 0.017081760 0.996086955
1341846330.080418 -0.440554738 -0.072238989 0.129873782 0.053979564 0.063455977 0.017984670 0.996361375
1341846330.115886 -0.434006184 -0.092606448 0.127843022 0.055597298 0.064024054 0.019589072 0.996205866
1341846330.147839 -0.447825909 -0.073779680 0.125353515 0.059371363 0.065762877 0.020958761 0.995846868
1341846330.181257 -0.447061926 -0.048471849 0.120857522 0.056774694 0.063797206 0.022106728 0.996101320
1341846330.215852 -0.444226682 -0.069007516 0.126683116 0.048946619 0.064902216 0.022464506 0.996437252
1341846330.247833 -0.451220661 -0.081225753 0.121134043 0.045989405 0.065858930 0.022070212 0.996524215
1341846330.283913 -0.456722021 -0.064037092 0.114889979 0.043945290 0.065786198 0.022404928 0.996613801
1341846330.316011 -0.458153576 -0.085322052 0.119484544 0.036267012 0.065062121 0.022994649 0.996956766
1341846330.347868 -0.464107901 -0.095269285 0.118279636 0.033124696 0.064096428 0.021236435 0.997167706
1341846330.383835 -0.459169358 -0.101151720 0.115459040 0.030929625 0.063118599 0.021459639 0.997295797
1341846330.415934 -0.456106454 -0.102406241 0.118574180 0.031764440 0.063414663 0.019820703 0.997284710
1341846330.452561 -0.460139096 -0.104807720 0.116586059 0.034387816 0.062837102 0.018904664 0.997252047
1341846330.483903 -0.465700835 -0.098660320 0.112163708 0.035142045 0.061436728 0.021464208 0.997261167
1341846330.515970 -0.464066625 -0.107609443 0.116287902 0.033451453 0.059116155 0.024675768 0.997385263
1341846330.552099 -0.459502816 -0.111294180 0.114625275 0.034802366 0.057393182 0.027096393 0.997376859
1341846330.583876 -0.464236379 -0.100482821 0.109752879 0.035171054 0.057331167 0.027654106 0.997352183
1341846330.619992 -0.472463876 -0.090716004 0.104282394 0.031708080 0.056673568 0.027528701 0.997509360
1341846330.652136 -0.470023841 -0.099078991 0.100542128 0.024350928 0.054876119 0.025711656 0.997864962
1341846330.683796 -0.469515175 -0.104402132 0.097822398 0.019265991 0.054749396 0.026497435 0.997962534
1341846330.719991 -0.485487282 -0.121737026 0.093168244 0.015896866 0.054273192 0.026466189 0.998048663
1341846330.752103 -0.488295913 -0.123641834 0.093041554 0.018114649 0.050285175 0.030377021 0.998108447
1341846330.787952 -0.477248490 -0.117403679 0.097674102 0.020325812 0.043644655 0.035585638 0.998206258
1341846330.819823 -0.494072974 -0.121638589 0.086098306 0.018821033 0.041319367 0.034491330 0.998373091
1341846330.852208 -0.466416806 -0.111543030 0.091936193 0.020059587 0.036151007 0.038198993 0.998414516
1341846330.914111 -0.486125320 -0.088586412 0.083580457 0.012090416 0.034638412 0.037719816 0.998614669
1341846330.949903 -0.483863503 -0.112601705 0.079367854 0.007570043 0.033279978 0.037663728 0.998707473
1341846330.981986 -0.506714523 -0.105642319 0.078686193 0.008253627 0.030808508 0.037723303 0.998779118
1341846331.014111 -0.499017358 -0.096330866 0.081620187 0.008996348 0.025827015 0.038607273 0.998880088
1341846331.082139 -0.499942273 -0.101093948 0.076046757 0.010096300 0.022804771 0.035213742 0.999068558
1341846331.114334 -0.499936372 -0.098528892 0.070184626 0.009843099 0.020426583 0.035352360 0.999117613
1341846331.149989 -0.499862373 -0.108979799 0.065746911 0.009915216 0.019373968 0.034584764 0.999164760
1341846331.181954 -0.507392764 -0.108102679 0.061730027 0.013159913 0.019769302 0.032639191 0.999185026
1341846331.218151 -0.511052728 -0.092685230 0.051019937 0.013831032 0.016279247 0.034813356 0.999165535
1341846331.249914 -0.499055535 -0.104765929 0.060907476 0.010890124 0.013893044 0.032662496 0.999310553
1341846331.318141 -0.492269039 -0.098655276 0.065751575 0.021595556 0.023281623 0.027969014 0.999104261
1341846331.349926 -0.484002024 -0.099589512 0.058811475 0.020221451 0.025049442 0.027366288 0.999106944
1341846331.382003 -0.458243191 -0.116259024 0.081175297 0.021783149 0.031416152 0.024779059 0.998961747
1341846331.418008 -0.469268680 -0.109714948 0.070409879 0.029182512 0.041121606 0.026020415 0.998388886
1341846331.450327 -0.471922100 -0.100604534 0.075563103 0.031531055 0.045980524 0.025496276 0.998118997
1341846331.486219 -0.483341485 -0.092623219 0.083122760 0.032185078 0.049068984 0.026314203 0.997929811
1341846331.518344 -0.470516086 -0.096136361 0.080093667 0.030564301 0.048876125 0.025494147 0.998011529
1341846331.550202 -0.473693907 -0.113806479 0.095511392 0.030593932 0.055171099 0.021721115 0.997771680
1341846331.586139 -0.482317805 -0.092782937 0.097150803 0.034626275 0.056949094 0.022595439 0.997520566
1341846331.617931 -0.475429118 -0.091991477 0.101598114 0.033665851 0.056606993 0.022636494 0.997571945
1341846331.654027 -0.462661207 -0.100505315 0.107638717 0.033761676 0.058139734 0.023560042 0.997459233
1341846331.686123 -0.472268403 -0.088392541 0.113375247 0.036782403 0.061830509 0.025091721 0.997093022
1341846331.717954 -0.475967824 -0.071293846 0.123668522 0.035224997 0.060951572 0.025593130 0.997190595
1341846331.754076 -0.460982203 -0.089285769 0.136792436 0.031312045 0.060703736 0.024163561 0.997371912
1341846331.785920 -0.459872782 -0.088277906 0.144624457 0.034269001 0.063655183 0.022766000 0.997123539
1341846331.818053 -0.461262256 -0.076031573 0.156044364 0.035512481 0.065474309 0.023101961 0.996954501
1341846331.853849 -0.459736049 -0.083587006 0.171423584 0.033708058 0.066064797 0.021881957 0.997005761
1341846331.885987 -0.448908448 -0.083407894 0.177616522 0.036675468 0.067759566 0.019904515 0.996828675
1341846331.922014 -0.448664606 -0.076562583 0.185133815 0.038608290 0.070968248 0.019028857 0.996549428
1341846331.954037 -0.444068819 -0.080563366 0.198223680 0.037817523 0.073823459 0.019305214 0.996367037
1341846331.986135 -0.435576409 -0.090744860 0.199593216 0.039930895 0.078555271 0.020816680 0.995892167
1341846332.022364 -0.447289348 -0.090279281 0.220784381 0.046860889 0.084793285 0.019179301 0.995111227
1341846332.054175 -0.446599722 -0.083518997 0.236077994 0.053787477 0.084728986 0.021160178 0.994726121
1341846332.086502 -0.444226861 -0.080613777 0.247350022 0.056885153 0.084801704 0.022159316 0.994525850
1341846332.122051 -0.440972358 -0.078395009 0.263816237 0.058259416 0.086016886 0.020817799 0.994370937
1341846332.153983 -0.448252767 -0.053633794 0.271014482 0.058625653 0.086036243 0.018321415 0.994396865
1341846332.190165 -0.450390756 -0.051243477 0.291174293 0.052530330 0.084974691 0.016594838 0.994858980
1341846332.254145 -0.441142201 -0.078771234 0.315315396 0.050064228 0.084383048 0.015488921 0.995054364
1341846332.289948 -0.440583557 -0.075464629 0.332924485 0.052023452 0.084320039 0.017081842 0.994933128
1341846332.322172 -0.434234500 -0.074350528 0.341410458 0.053107578 0.082977764 0.019796859 0.994938374
1341846332.354003 -0.432348192 -0.074763261 0.341925710 0.055633388 0.085234180 0.015495528 0.994685829
1341846332.390180 -0.427034050 -0.059293520 0.356855899 0.058235101 0.089213401 0.012894572 0.994225025
1341846332.422055 -0.429946303 -0.058855396 0.367780805 0.056025952 0.091859460 0.010288800 0.994141400
1341846332.458114 -0.422317147 -0.062409654 0.376908213 0.054774471 0.093695499 0.006683438 0.994070530
1341846332.489993 -0.428886235 -0.056928556 0.389586270 0.056299731 0.095979474 0.008694387 0.993751824
1341846332.522130 -0.434994042 -0.054767106 0.402426779 0.056106955 0.092954412 0.013629288 0.993994832
1341846332.558114 -0.428841919 -0.058079455 0.413785130 0.056416862 0.086951427 0.021521250 0.994380951
1341846332.589874 -0.417226672 -0.041834999 0.420203418 0.057937663 0.083582930 0.025551166 0.994486928
1341846332.621889 -0.419183612 -0.034180880 0.436975688 0.054359209 0.084687248 0.027280249 0.994549632
1341846332.658202 -0.408302367 -0.040254667 0.448968887 0.050002061 0.084246248 0.026775921 0.994829357
1341846332.690001 -0.408094883 -0.037483215 0.459173858 0.048175376 0.085507855 0.027742563 0.994785368
1341846332.726000 -0.407964528 -0.043579400 0.464849621 0.046852957 0.084475689 0.032610375 0.994789064
1341846332.758386 -0.400713146 -0.040810645 0.476712763 0.047851894 0.081538171 0.033656210 0.994951725
1341846332.789937 -0.393542469 -0.031131171 0.477636576 0.047754597 0.082235731 0.031721149 0.994962633
1341846332.825925 -0.386541396 -0.029834617 0.495599478 0.045525756 0.084325574 0.030459067 0.994931579
1341846332.857898 -0.382319272 -0.033151433 0.502665579 0.045793843 0.085238263 0.030195829 0.994849563
1341846332.894069 -0.382004648 -0.019831106 0.511199713 0.046659462 0.085351489 0.030565741 0.994788289
1341846332.926029 -0.376012176 -0.013755156 0.518201530 0.043623984 0.085662723 0.028337128 0.994965255
1341846332.958015 -0.369306982 -0.011855008 0.528502762 0.040097356 0.087649561 0.025511960 0.995017052
1341846332.994073 -0.368916065 -0.010210410 0.533239186 0.036994811 0.089122333 0.023880553 0.995046854
1341846333.026545 -0.363470048 -0.010078747 0.543471813 0.034034979 0.090408906 0.021502314 0.995090663
1341846333.057998 -0.354272485 -0.009429494 0.547813296 0.033123296 0.091728933 0.021875050 0.994992495
1341846333.094024 -0.350742638 -0.010980429 0.553824544 0.033491153 0.093240865 0.026308918 0.994732261
1341846333.126095 -0.341596723 -0.005225902 0.557878852 0.034711808 0.094058409 0.028022872 0.994566679
1341846333.161973 -0.340536952 0.003236808 0.565875351 0.034333963 0.097369760 0.029496690 0.994218409
1341846333.195660 -0.339930713 0.002348915 0.573707998 0.031555969 0.099566735 0.030851128 0.994051754
1341846333.226331 -0.338655919 0.007458400 0.577668428 0.030773778 0.100392193 0.029596768 0.994031370
1341846333.262056 -0.337907672 0.017186495 0.582505584 0.028735714 0.101053245 0.029104255 0.994039953
1341846333.294147 -0.337758183 0.011582725 0.587106764 0.024713675 0.101107150 0.028691407 0.994154632
1341846333.326100 -0.336206317 0.013890104 0.590005636 0.022910642 0.099913366 0.027022822 0.994365215
1341846333.362100 -0.331558675 0.020988962 0.591593206 0.020335644 0.098932385 0.025789652 0.994552016
1341846333.394119 -0.329129994 0.012819784 0.599539697 0.015759915 0.097864099 0.025778143 0.994741023
1341846333.429974 -0.329347610 0.019296046 0.602357805 0.015944196 0.096481055 0.025231780 0.994887233
1341846333.462115 -0.327502012 0.011777746 0.596376419 0.014777634 0.096016876 0.024447503 0.994969726
1341846333.494040 -0.341390491 0.008846997 0.597734451 0.015019395 0.099462271 0.022733118 0.994668245
1341846333.529953 -0.322924584 0.013315285 0.596922338 0.016694542 0.097891524 0.022795331 0.994795918
1341846333.562063 -0.323959440 0.017379569 0.598853827 0.018086094 0.100031249 0.024411781 0.994520366
1341846333.594090 -0.337045163 0.024005212 0.597393334 0.017189780 0.100833148 0.024871593 0.994443893
1341846333.629994 -0.336594462 0.030478746 0.598886490 0.014972080 0.098252103 0.023996416 0.994759560
1341846333.662127 -0.333622158 0.028304841 0.598317802 0.011384374 0.097021922 0.023839120 0.994931579
1341846333.697964 -0.332571477 0.018717915 0.598158002 0.008761122 0.097083628 0.025258271 0.994917095
1341846333.730092 -0.324917495 0.016224448 0.595021844 0.011151520 0.096041843 0.025799703 0.994980395
1341846333.762089 -0.353722990 0.018464092 0.595182419 0.013596021 0.101991415 0.026564520 0.994337559
1341846333.798006 -0.376954913 0.011970312 0.594461441 0.014021864 0.106207058 0.026939804 0.993880093
1341846333.830055 -0.394374847 0.009445202 0.587812424 0.016066020 0.109915555 0.024014957 0.993520856
1341846333.866045 -0.415133923 0.005768298 0.586442709 0.016374841 0.114555366 0.022373730 0.993029892
1341846333.897987 -0.396008909 0.006022674 0.580965698 0.018049031 0.110765338 0.021966765 0.993439853
1341846333.930099 -0.331817150 0.013330318 0.570470572 0.022437189 0.100117445 0.019841157 0.994524717
1341846333.965889 -0.326636195 0.014151469 0.567696214 0.024797652 0.099918753 0.019340741 0.994498491
1341846333.997985 -0.336575001 -0.001117501 0.564117074 0.024778673 0.102495112 0.020519607 0.994213104
1341846334.030076 -0.341157377 -0.000188380 0.559119523 0.028036281 0.103924803 0.021490643 0.993957639
1341846334.066000 -0.342950821 -0.000118304 0.553818047 0.029932151 0.103354476 0.023121832 0.993925214
1341846334.097932 -0.342969179 -0.000799660 0.546091557 0.031944457 0.103223674 0.022442978 0.993891716
1341846334.133884 -0.346154809 -0.001109358 0.543286562 0.033328854 0.104097411 0.023151303 0.993738890
1341846334.166115 -0.358629197 -0.000831023 0.537113965 0.033935711 0.103997678 0.023503054 0.993720531
1341846334.198072 -0.364101827 -0.002417661 0.530648708 0.034266751 0.102946505 0.022107372 0.993850648
1341846334.234097 -0.365298003 0.000303650 0.523344636 0.035111252 0.103408642 0.020290822 0.993811905
1341846334.266045 -0.369993478 -0.002434123 0.520892501 0.034621965 0.105028935 0.021353262 0.993636906
1341846334.297946 -0.378972441 -0.002977859 0.510866106 0.035892136 0.104075320 0.022600504 0.993664563
1341846334.334036 -0.381126791 -0.000661941 0.499045402 0.036560368 0.102542616 0.022824498 0.993794441
1341846334.365871 -0.381125629 -0.002452124 0.489065826 0.035791308 0.101816207 0.021435693 0.993928015
1341846334.401845 -0.389656246 -0.003255451 0.489062399 0.034478106 0.103320457 0.019998085 0.993849158
1341846334.433864 -0.395733535 -0.010599663 0.485039532 0.033761170 0.102319568 0.021437751 0.993947327
1341846334.466105 -0.401059508 -0.007327849 0.478685647 0.034976400 0.101203769 0.021262353 0.994023323
1341846334.502142 -0.407893300 -0.004348364 0.476456851 0.033996753 0.100171275 0.022893570 0.994125664
1341846334.540153 -0.405488849 -0.009604687 0.454207957 0.032760553 0.098587900 0.021618012 0.994353950
1341846334.602351 -0.420586437 0.002832228 0.439723283 0.028793333 0.095778093 0.014843661 0.994875431
1341846334.670161 -0.428365678 -0.005857868 0.425366580 0.022604592 0.093232781 0.008200435 0.995353937
1341846334.702085 -0.433818638 -0.010638770 0.414982855 0.020698322 0.090906203 0.009089663 0.995602846
1341846334.734751 -0.436553836 -0.009188119 0.408465058 0.021195540 0.088421144 0.010720256 0.995799959
1341846334.770889 -0.442169547 -0.010143169 0.398276478 0.021237535 0.087150760 0.013659953 0.995875061
1341846334.802194 -0.449018091 -0.011233384 0.386077255 0.020745585 0.084938139 0.014167331 0.996069491
1341846334.833908 -0.449449658 -0.009049808 0.376491159 0.020522190 0.083052576 0.012334697 0.996257484
1341846334.869874 -0.455322891 -0.008409042 0.369972587 0.018935837 0.083018057 0.012424268 0.996290624
1341846334.902006 -0.463871181 -0.010912308 0.360757947 0.017055992 0.081664801 0.013251847 0.996425807
1341846334.938010 -0.465227127 -0.013978617 0.351008952 0.016384289 0.078241162 0.012385794 0.996722817
1341846334.970032 -0.460730046 -0.014439895 0.340708494 0.016190872 0.076618664 0.011930728 0.996857584
1341846335.002203 -0.472164631 -0.020956540 0.334424019 0.017220471 0.077890322 0.013412848 0.996722937
1341846335.037880 -0.480301023 -0.019696338 0.324006677 0.020130023 0.075033717 0.015736537 0.996853590
1341846335.069990 -0.479611456 -0.014715568 0.311997294 0.020724092 0.072053298 0.015056644 0.997071743
1341846335.106038 -0.477652043 -0.015371205 0.301682234 0.021052936 0.072755001 0.013294677 0.997039020
1341846335.138045 -0.488354146 -0.020155743 0.293716341 0.022074312 0.074559629 0.012879669 0.996888995
1341846335.169900 -0.495954424 -0.015661074 0.279867291 0.022697277 0.072110035 0.012977150 0.997053981
1341846335.206091 -0.491258383 -0.015946914 0.271573365 0.021758042 0.069533385 0.010612070 0.997285843
1341846335.239365 -0.487279922 -0.018337958 0.260647744 0.021480132 0.069378510 0.008944036 0.997319043
1341846335.269948 -0.491396457 -0.021111302 0.250716746 0.022739192 0.070481345 0.008066280 0.997221291
1341846335.305972 -0.499024183 -0.020671431 0.239523113 0.024764409 0.069141097 0.008805774 0.997260571
1341846335.338012 -0.497315675 -0.021670064 0.234051242 0.026295176 0.067480423 0.010223620 0.997321606
1341846335.374005 -0.496454030 -0.030125000 0.224221706 0.030242998 0.069252387 0.010390337 0.997086465
1341846335.406025 -0.500143826 -0.030038066 0.215833098 0.037043326 0.071774349 0.012359467 0.996656120
1341846335.438079 -0.506869137 -0.022713754 0.198531300 0.042926054 0.073182985 0.014714866 0.996285617
1341846335.473998 -0.507379711 -0.017104566 0.188885957 0.045493972 0.074671537 0.014930171 0.996057987
1341846335.507038 -0.509874225 -0.012023146 0.178128630 0.046687730 0.077358462 0.013183290 0.995822310
1341846335.538040 -0.515786469 -0.007157412 0.172464728 0.046107084 0.079795241 0.011691353 0.995675743
1341846335.574119 -0.523531675 -0.003705328 0.161848381 0.043801777 0.079944715 0.012257642 0.995760977
1341846335.605970 -0.524114847 -0.013230138 0.155133665 0.041610893 0.079140708 0.011471514 0.995928526
1341846335.641978 -0.521714628 -0.008909010 0.143172190 0.042909577 0.079630889 0.008622675 0.995863080
1341846335.673993 -0.528713465 -0.006587138 0.129847050 0.042618740 0.080552764 0.008752225 0.995800316
1341846335.706178 -0.534962773 -0.009405566 0.119072691 0.041802097 0.079551175 0.009798625 0.995905697
1341846335.741982 -0.528141975 -0.013262726 0.108726606 0.041958034 0.078193679 0.009428753 0.996010244
1341846335.773960 -0.534052730 -0.009839185 0.096775994 0.042109225 0.078940518 0.008932162 0.995949507
1341846335.806271 -0.539831936 -0.000915045 0.080302857 0.040902108 0.078847945 0.008874726 0.996007621
1341846335.842031 -0.536337376 -0.010158923 0.071020789 0.038119692 0.079024345 0.009357927 0.996099651
1341846335.873966 -0.545517683 -0.007596806 0.066080563 0.039311145 0.081391647 0.008190255 0.995872915
1341846335.910005 -0.549748302 -0.006443587 0.049185511 0.038739059 0.080921538 0.010475986 0.995912254
1341846335.941936 -0.555270195 -0.006128123 0.043476626 0.037802640 0.079397619 0.011439470 0.996060312
1341846335.974198 -0.553789437 -0.006656772 0.034052454 0.037514023 0.078213871 0.009254429 0.996187568
1341846336.010032 -0.561556995 -0.006785600 0.020086862 0.037154712 0.078459114 0.008037953 0.996192276
1341846336.042129 -0.566511691 -0.006989926 0.011926398 0.036331322 0.077207953 0.008575736 0.996315897
1341846336.078076 -0.569340885 -0.009190086 0.005753212 0.036005478 0.075305864 0.007902130 0.996478915
1341846336.110739 -0.571645498 -0.005328113 0.002438955 0.036837026 0.075115018 0.006117613 0.996475458
1341846336.142002 -0.581444085 -0.008331386 -0.012870394 0.036355995 0.075612672 0.007035285 0.996449411
1341846336.183953 -0.586658716 -0.006387368 -0.029295623 0.036104485 0.072973140 0.008473479 0.996644199
1341846336.241891 -0.583613217 -0.004616921 -0.031395696 0.034268592 0.071537271 0.008704379 0.996811092
1341846336.277946 -0.595240235 -0.010559038 -0.041876286 0.034550235 0.072645187 0.009834612 0.996710658
1341846336.309977 -0.601556182 -0.015224332 -0.036813624 0.037076239 0.070322379 0.012797832 0.996752918
1341846336.346143 -0.600446761 -0.006963552 -0.060160644 0.039468952 0.068653084 0.013464979 0.996768653
1341846336.377975 -0.601015568 -0.005862576 -0.067824878 0.040191643 0.068971284 0.012958303 0.996724486
1341846336.410032 -0.609690487 -0.001935795 -0.076602705 0.041404285 0.070034347 0.012397276 0.996607840
1341846336.446041 -0.601578891 0.003198262 -0.116320215 0.040727388 0.068288572 0.014778954 0.996724367
1341846336.477990 -0.598736048 0.003280068 -0.109176442 0.039620176 0.067333668 0.015443004 0.996823907
1341846336.510056 -0.604306340 -0.000112038 -0.115521722 0.039845806 0.068386175 0.015953435 0.996735215
1341846336.546024 -0.607599199 -0.002574978 -0.118601255 0.040875606 0.068316795 0.018287765 0.996658206
1341846336.578003 -0.568133533 0.000797637 -0.144366026 0.040292215 0.061328843 0.020386085 0.997095644
1341846336.614020 -0.553984046 0.007711916 -0.146839157 0.040459581 0.059618730 0.019146299 0.997217119
1341846336.645982 -0.512508512 0.011859889 -0.170016944 0.039442092 0.054267257 0.018653719 0.997572780
1341846336.678036 -0.566617012 0.017096486 -0.150331572 0.039204005 0.060402058 0.019340040 0.997216403
1341846336.714024 -0.595922589 -0.000356238 -0.141078442 0.038512614 0.062675290 0.019398337 0.997101963
1341846336.746016 -0.598716736 0.000499565 -0.143350571 0.042898078 0.060559254 0.021643050 0.997007489
1341846336.778014 -0.600091219 0.006251231 -0.155132428 0.046035867 0.056406867 0.025105745 0.997029901
1341846336.820006 -0.564075470 0.007050838 -0.169684321 0.046279896 0.046794940 0.027624084 0.997449398
1341846336.882056 -0.566716492 0.005470350 -0.172000334 0.048511166 0.045153305 0.025858929 0.997466385
1341846336.914273 -0.510540903 0.011870382 -0.181956023 0.052189946 0.031607643 0.028146686 0.997739911
1341846336.945998 -0.443005860 0.029554434 -0.189848870 0.061491150 0.014709228 0.028120223 0.997602999
1341846336.981980 -0.360001326 0.041893292 -0.207599670 0.064446203 -0.002412185 0.024726607 0.997611880
1341846337.014238 -0.262913853 0.065381721 -0.215741441 0.065322466 -0.024210492 0.019178323 0.997386098
1341846337.046017 -0.219328403 0.053567655 -0.198316053 0.060025800 -0.031206131 0.020268155 0.997503042
1341846337.082104 -0.196113795 0.049892090 -0.179376975 0.059189845 -0.033167928 0.017496003 0.997542143
1341846337.114317 -0.166941687 0.053681411 -0.179042444 0.057651829 -0.036917035 0.016435876 0.997518539
1341846337.150037 -0.137519792 0.058663845 -0.160029277 0.056640647 -0.040429991 0.015468501 0.997455716
1341846337.181873 -0.108971372 0.062320754 -0.159138978 0.056158565 -0.041554548 0.012114381 0.997483134
1341846337.214073 -0.084922478 0.070187740 -0.179793462 0.054070603 -0.041023549 0.009939696 0.997644544
1341846337.250087 -0.066030651 0.074153900 -0.177892163 0.051469550 -0.043115560 0.010552808 0.997687578
1341846337.282028 -0.043678060 0.075298235 -0.185355827 0.052592680 -0.048687559 0.014103495 0.997328758
1341846337.317920 -0.025485136 0.078438103 -0.194249287 0.052126784 -0.050770029 0.014687877 0.997240901
1341846337.350018 -0.011279261 0.080023959 -0.208917618 0.050791930 -0.050100923 0.012956637 0.997367680
1341846337.382159 -0.086919799 0.055346482 -0.178914413 0.047193911 -0.047164977 0.012247435 0.997696459
1341846337.417941 -0.088641226 0.052957464 -0.179318458 0.048127424 -0.046593666 0.012904077 0.997670412
1341846337.450137 -0.087920427 0.060334541 -0.191280499 0.049044330 -0.048424944 0.013727536 0.997527540
1341846337.482096 0.004970161 0.085401043 -0.231797665 0.047452953 -0.052091766 0.014469230 0.997409284
1341846337.518008 0.006264912 0.078650653 -0.230206430 0.047826353 -0.052703604 0.014934021 0.997352481
1341846337.549978 -0.087238774 0.060684368 -0.198540956 0.048585378 -0.050038192 0.013288946 0.997476339
1341846337.585971 -0.085893154 0.055539541 -0.188593224 0.045456767 -0.050566413 0.012670584 0.997605205
1341846337.617903 -0.080151148 0.038946461 -0.189651206 0.045749653 -0.051370945 0.013171745 0.997544229
1341846337.650141 -0.082674414 0.058473602 -0.192973167 0.049572926 -0.051400173 0.012158483 0.997372925
1341846337.686352 -0.084038414 0.062220991 -0.190498665 0.047924485 -0.051397737 0.012562658 0.997448564
1341846337.718002 -0.083864458 0.057953320 -0.188585848 0.045752808 -0.050709367 0.012474584 0.997586906
1341846337.749920 -0.077650927 0.064699739 -0.182572782 0.046016935 -0.049081970 0.012189435 0.997659683
1341846337.786157 -0.080598868 0.067832440 -0.182126641 0.042951386 -0.046157621 0.012009980 0.997938097
1341846337.817945 -0.077181920 0.062866837 -0.178832576 0.040424652 -0.044141531 0.013194259 0.998119891
1341846337.854071 -0.073288925 0.068949334 -0.177374288 0.039530452 -0.041081574 0.012783885 0.998291612
1341846337.885951 -0.079028770 0.076522984 -0.172420561 0.036791101 -0.038230568 0.010587797 0.998535275
1341846337.918223 -0.075136565 0.073406257 -0.164250955 0.032307163 -0.037336055 0.008285908 0.998745978
1341846337.954120 -0.074921787 0.070230708 -0.159858838 0.029954106 -0.035899565 0.007765519 0.998876214
1341846337.985994 -0.072158232 0.077534243 -0.153394297 0.027417772 -0.035231624 0.008427125 0.998967469
1341846338.018107 -0.068592265 0.071657121 -0.147848934 0.023807436 -0.033740062 0.009142730 0.999105215
1341846338.054055 -0.065243952 0.083387621 -0.135701090 0.022479746 -0.032564498 0.008426181 0.999181271
1341846338.085986 -0.062674001 0.078738689 -0.126176298 0.018580243 -0.029438049 0.007849541 0.999363065
1341846338.121875 -0.065081328 0.073295042 -0.121311963 0.016420737 -0.026941337 0.009577073 0.999456227
1341846338.154089 -0.067226939 0.072982334 -0.117166683 0.015503983 -0.026220446 0.012936852 0.999452233
1341846338.186029 -0.066064253 0.072720826 -0.108778030 0.014391689 -0.026624452 0.014743828 0.999433160
1341846338.222071 -0.057941213 0.079142444 -0.099575862 0.013377811 -0.025944693 0.014515087 0.999468505
1341846338.254107 -0.057972807 0.075979866 -0.085016996 0.011516734 -0.024248524 0.015329901 0.999522090
1341846338.290130 -0.057882067 0.073285125 -0.078757979 0.011704128 -0.023957152 0.016811907 0.999503076
1341846338.321952 -0.054767288 0.075987622 -0.074315250 0.011612650 -0.023488956 0.019252142 0.999471247
1341846338.354022 -0.053456645 0.077773035 -0.060931370 0.011506018 -0.022802781 0.018890629 0.999495268
1341846338.389969 -0.053685635 0.079383284 -0.058950935 0.010875347 -0.021614574 0.019472308 0.999517560
1341846338.422377 -0.053848639 0.081775144 -0.042698283 0.009384788 -0.021273179 0.019470602 0.999540031
1341846338.454010 -0.050945159 0.081606008 -0.035906442 0.008275358 -0.021853654 0.018436758 0.999556899
1341846338.489894 -0.048521582 0.082295574 -0.019567356 0.006934429 -0.022630988 0.018923903 0.999540687
1341846338.522066 -0.044585112 0.080406763 -0.012516703 0.007506247 -0.022525383 0.018633276 0.999544442
1341846338.558058 -0.044446524 0.082171239 -0.005538622 0.006476296 -0.022683132 0.018531531 0.999549925
1341846338.589842 -0.044566825 0.080851190 -0.000318143 0.004346192 -0.022614818 0.017487463 0.999581873
1341846338.622019 -0.044017550 0.078764506 0.008999264 0.005392808 -0.021280225 0.018097593 0.999595165
1341846338.657984 -0.045160014 0.088861138 0.018821197 0.006367059 -0.021338707 0.020044480 0.999551117
1341846338.690198 -0.042326614 0.087667480 0.014920361 0.004148380 -0.022105968 0.018742295 0.999571323
1341846338.722454 -0.031299114 0.085962459 0.046991643 0.003366589 -0.021977786 0.020274157 0.999547184
1341846338.757945 -0.033934340 0.089358367 0.048003186 0.003363416 -0.021878572 0.022313334 0.999505937
1341846338.790039 -0.032205507 0.092863068 0.059307922 0.001872663 -0.023908781 0.022610582 0.999456644
1341846338.826048 -0.029680321 0.089601494 0.071146272 0.002003488 -0.022869291 0.019873675 0.999538898
1341846338.858027 -0.030579470 0.097944304 0.077362396 0.002623226 -0.021137089 0.019549230 0.999581993
1341846338.889902 -0.026879016 0.098471060 0.092143439 0.000011823 -0.022505367 0.019401677 0.999558449
1341846338.925948 -0.023755746 0.099405542 0.104210272 -0.000165263 -0.021743711 0.016755881 0.999623120
1341846338.958108 -0.023545463 0.098497212 0.111581802 -0.000137723 -0.019618157 0.016311763 0.999674439
1341846338.990057 -0.016683716 0.095067859 0.129209206 -0.000135508 -0.020484515 0.017882796 0.999630213
1341846339.025928 -0.012061624 0.095729031 0.144397274 0.002159927 -0.019684345 0.017912827 0.999643445
1341846339.057939 -0.012229817 0.103224911 0.151498228 0.005420823 -0.017240381 0.017862491 0.999677122
1341846339.093927 -0.015630921 0.108677700 0.156501606 0.004278607 -0.017233809 0.018855112 0.999664545
1341846339.126562 -0.011363046 0.112856112 0.169057757 0.001641603 -0.018467925 0.017418101 0.999676347
1341846339.157969 -0.000568873 0.110013314 0.178953469 -0.001250721 -0.016780209 0.016165797 0.999727726
1341846339.194113 -0.005997924 0.110322945 0.187601730 -0.003837395 -0.015681539 0.018487869 0.999698699
1341846339.228165 -0.004563193 0.114349514 0.197127864 -0.006811197 -0.017686989 0.020001998 0.999620259
1341846339.257998 0.004588936 0.114495128 0.214965641 -0.009144072 -0.017579885 0.020230677 0.999598920
1341846339.294132 0.000436777 0.112799339 0.218168452 -0.009617833 -0.014567239 0.021412198 0.999618292
1341846339.326577 -0.000417010 0.126293480 0.209480315 -0.012358074 -0.015802858 0.023586007 0.999520481
1341846339.362269 0.000243891 0.120876245 0.218993679 -0.016972112 -0.017421437 0.020294290 0.999498188
1341846339.394725 0.016228970 0.119067788 0.239049494 -0.018224586 -0.017094644 0.020421203 0.999479175
1341846339.462186 0.021345055 0.118446276 0.254951656 -0.021666024 -0.018113693 0.020459510 0.999391794
1341846339.496743 0.034327012 0.116909005 0.271324664 -0.019061262 -0.015814267 0.019819384 0.999496758
1341846339.562052 0.033615779 0.114399940 0.292945832 -0.018564988 -0.012548128 0.022052800 0.999505639
1341846339.595122 0.041013982 0.115261897 0.298781782 -0.016163211 -0.012304380 0.021051189 0.999571979
1341846339.632085 0.042837568 0.119250819 0.306642085 -0.014427323 -0.008467736 0.018480711 0.999689281
1341846339.664568 0.046638381 0.118807144 0.314588964 -0.014281735 -0.005921743 0.017166512 0.999733090
1341846339.698896 0.045129448 0.115765274 0.322474897 -0.014595567 -0.004618932 0.015798945 0.999758005
1341846339.731977 0.049588505 0.117330566 0.333475590 -0.014051783 -0.004432290 0.013695577 0.999797642
1341846339.762241 0.050388113 0.118726015 0.344306320 -0.013382701 -0.003195060 0.013373652 0.999815881
1341846339.797873 0.048817709 0.118377276 0.349777311 -0.013406250 -0.002382614 0.014387673 0.999803782
1341846339.830245 0.054766789 0.117787369 0.362004191 -0.013672810 -0.003629690 0.014920739 0.999788582
1341846339.862015 0.055573743 0.120704845 0.366528273 -0.013537654 -0.003084273 0.013799312 0.999808371
1341846339.897797 0.058359623 0.117480539 0.372650146 -0.014938569 -0.002004996 0.013435704 0.999796152
1341846339.929916 0.060154572 0.111964099 0.383759350 -0.015737275 -0.001015486 0.015314868 0.999758363
1341846339.961960 0.062334783 0.110172123 0.387720853 -0.014667075 -0.001560562 0.016571872 0.999753833
1341846339.997845 0.067794599 0.114701994 0.388489008 -0.012805801 -0.000818526 0.015876232 0.999791622
1341846340.029925 0.067642868 0.108350389 0.395099014 -0.012761923 0.001962974 0.017872404 0.999756932
1341846340.066044 0.072611332 0.105187796 0.402119070 -0.011026930 0.002608074 0.019121710 0.999752939
1341846340.098009 0.070391975 0.108837664 0.403562218 -0.009825148 0.003486786 0.019636840 0.999752820
1341846340.130102 0.082862563 0.109102786 0.412707627 -0.010531241 0.002664232 0.018871261 0.999762893
1341846340.166041 0.088916317 0.107909508 0.418974012 -0.009391843 0.004386787 0.016582089 0.999808788
1341846340.197867 0.087638065 0.111244850 0.427003026 -0.007971622 0.007097032 0.016628087 0.999804795
1341846340.229904 0.088706553 0.112681709 0.433002740 -0.009317253 0.006986419 0.016956052 0.999788404
1341846340.265859 0.093235776 0.106494308 0.439607441 -0.010294872 0.008005775 0.015668588 0.999792218
1341846340.298061 0.095632158 0.107369483 0.447460026 -0.007968030 0.010158544 0.015971642 0.999789119
1341846340.334063 0.092048734 0.115200929 0.453958541 -0.008126620 0.009661430 0.018192561 0.999754786
1341846340.366064 0.097344019 0.107190058 0.457252979 -0.010808891 0.007310459 0.017927818 0.999754131
1341846340.397995 0.102158733 0.106637836 0.459828317 -0.008876757 0.007668363 0.016989039 0.999786854
1341846340.433895 0.100815140 0.107178688 0.463892341 -0.008353702 0.007755589 0.018205674 0.999769270
1341846340.465959 0.102258630 0.106404290 0.467184275 -0.007915610 0.005420589 0.019416930 0.999765456
1341846340.501858 0.108578302 0.105715528 0.466262698 -0.007163705 0.001193312 0.019947371 0.999774635
1341846340.534329 0.109270513 0.110591754 0.469626635 -0.005912946 0.000390814 0.019305907 0.999796093
1341846340.566041 0.115793027 0.104275152 0.472000271 -0.005406733 -0.001118809 0.020781845 0.999768794
1341846340.601909 0.125065207 0.104741059 0.470684320 -0.002928941 -0.002643101 0.021502782 0.999760985
1341846340.634005 0.131746173 0.110024095 0.476290435 -0.001421524 -0.003692916 0.020025805 0.999791682
1341846340.666028 0.136357963 0.108254306 0.480263293 -0.001789374 -0.003639343 0.018233040 0.999825537
1341846340.701946 0.139476597 0.106185369 0.487533391 0.000158753 -0.002384021 0.015683996 0.999874115
1341846340.733954 0.135789752 0.106976435 0.457465261 0.000923151 0.000095463 0.013849159 0.999903679
1341846340.770081 0.135073841 0.109157056 0.456877500 0.000208982 0.000760321 0.011710499 0.999931097
1341846340.801980 0.142515793 0.104708582 0.454092711 -0.000242375 0.000747633 0.006859130 0.999976158
1341846340.833999 0.142294317 0.110586978 0.454570979 0.000308353 0.003243419 0.002800149 0.999990761
1341846340.870013 0.136955902 0.107749090 0.459304959 -0.001317450 0.003922854 0.000750540 0.999991179
1341846340.901955 0.141243607 0.103844367 0.458663583 -0.000947333 0.003061198 0.000898167 0.999994457
1341846340.933918 0.141352773 0.105432793 0.454724699 0.001233677 0.002356005 0.002757685 0.999992669
1341846340.970122 0.139029086 0.106094398 0.449681640 0.002314030 -0.000168046 0.007546841 0.999968827
1341846341.001922 0.138980001 0.104945056 0.451144159 0.003674098 -0.004357408 0.012979207 0.999899566
1341846341.037923 0.142098874 0.105595969 0.444885463 0.005025742 -0.007001651 0.014883965 0.999852061
1341846341.070300 0.140001819 0.106185466 0.441697359 0.005560026 -0.007424862 0.015053702 0.999843657
1341846341.102028 0.137859255 0.108015910 0.441125035 0.005676733 -0.008614962 0.015261532 0.999830306
1341846341.137982 0.141799808 0.105964184 0.438773721 0.005593602 -0.011052644 0.015228718 0.999807298
1341846341.170048 0.141159952 0.104934327 0.436713785 0.005951517 -0.011328178 0.016488789 0.999782145
1341846341.202110 0.142907158 0.099862695 0.432450891 0.006893451 -0.011737593 0.018002447 0.999745250
1341846341.237996 0.146014765 0.100874923 0.428818017 0.008641617 -0.012015492 0.019136840 0.999707341
1341846341.269883 0.141687661 0.102524810 0.427234650 0.009997387 -0.010998288 0.019301819 0.999703228
1341846341.306107 0.140047103 0.103877552 0.423114061 0.010732004 -0.011255771 0.018633099 0.999705434
1341846341.338109 0.142874077 0.101740241 0.421506912 0.011324233 -0.011212965 0.017106056 0.999726653
1341846341.370120 0.145066515 0.102094322 0.422498643 0.011953480 -0.010374944 0.014803886 0.999765158
1341846341.406074 0.139467299 0.100748673 0.421755522 0.011789702 -0.009315352 0.014289988 0.999784946
1341846341.438113 0.138826847 0.094758004 0.417980015 0.012443950 -0.011149601 0.014432143 0.999756217
1341846341.470024 0.140695423 0.100272134 0.415226966 0.015937172 -0.011339259 0.012498937 0.999730587
1341846341.506077 0.134765387 0.105738454 0.415117711 0.016288063 -0.009854657 0.011144409 0.999756694
1341846341.538156 0.130248353 0.098532535 0.415316880 0.014617077 -0.011006425 0.011306472 0.999768615
1341846341.574016 0.134365216 0.099782355 0.412273616 0.015770646 -0.013696103 0.012108439 0.999708474
1341846341.612466 0.132500052 0.105024815 0.408834368 0.016955083 -0.013999486 0.012556331 0.999679387
1341846341.643972 0.131038040 0.103790037 0.408826351 0.015489272 -0.015600370 0.011213033 0.999695420
1341846341.679982 0.131486431 0.101864547 0.408179581 0.015074536 -0.017249318 0.012303097 0.999661863
1341846341.712332 0.129752219 0.103502847 0.403816491 0.015928010 -0.019183679 0.014937758 0.999577463
1341846341.744185 0.130449489 0.104001299 0.404034615 0.016511735 -0.021225842 0.017027857 0.999493301
1341846341.780061 0.130400017 0.104374208 0.400423974 0.016901327 -0.021749238 0.018694576 0.999445736
1341846341.842595 0.136494577 0.097125389 0.392558664 0.018378036 -0.023377072 0.023871010 0.999272704
1341846341.906227 0.136540323 0.094452024 0.393568844 0.021704091 -0.024107559 0.029376624 0.999041915
1341846341.942069 0.136549890 0.087786332 0.390332162 0.024401097 -0.023893166 0.030151917 0.998961747
1341846341.974775 0.138461694 0.092794389 0.390006065 0.028223874 -0.024407946 0.032098241 0.998787999
1341846342.010161 0.133511096 0.093150176 0.386611551 0.028941333 -0.025009133 0.033432435 0.998708785
1341846342.042024 0.142512456 0.084265910 0.385567218 0.029932123 -0.026741436 0.033881981 0.998619556
1341846342.080032 0.143321633 0.090464652 0.379696131 0.032425988 -0.024340037 0.034126785 0.998594761
1341846342.112265 0.138207063 0.085592821 0.381743729 0.032342166 -0.023282176 0.035967145 0.998558104
1341846342.147954 0.136640936 0.079236388 0.383194357 0.034303866 -0.024070710 0.037919708 0.998401701
1341846342.179852 0.142312557 0.084335066 0.382937074 0.037762232 -0.024184316 0.039642666 0.998207211
1341846342.211848 0.141100541 0.084649421 0.382757664 0.038267553 -0.023507331 0.039328374 0.998216510
1341846342.247920 0.143419176 0.082316168 0.381914198 0.039304748 -0.023650207 0.038149565 0.998218596
1341846342.279870 0.143229619 0.080751993 0.377257854 0.040588878 -0.022937452 0.038433567 0.998172998
1341846342.316068 0.144092336 0.082546264 0.373208851 0.042081770 -0.022994114 0.039610732 0.998063803
1341846342.347894 0.145719007 0.083416492 0.374153227 0.042277493 -0.023147089 0.039690908 0.998048842
1341846342.379953 0.144226819 0.081291504 0.373247266 0.042263057 -0.022240492 0.039644711 0.998071849
1341846342.416195 0.144518539 0.082237139 0.372964084 0.043001175 -0.022208640 0.040415078 0.998010159
