1341846313.592026 0.000000000 0.000000000 0.000000000 0.000000000 0.000000000 0.000000000 1.000000000
1341846313.654184 0.010060061 -0.006427065 -0.008851822 -0.001551862 -0.003581200 0.004750147 0.999981105
1341846313.686156 0.020228511 -0.004437752 -0.005249525 -0.000611236 -0.006176501 0.004603900 0.999970138
1341846313.721918 0.024590226 0.001322438 -0.006650215 0.000108260 -0.006888857 0.005297869 0.999962211
1341846313.753994 0.034720331 -0.002806327 -0.009972377 -0.001055588 -0.008113418 0.006846530 0.999943078
1341846313.789969 0.042194676 -0.003631641 -0.011801887 0.000027405 -0.008907524 0.005248448 0.999946535
1341846313.822075 0.060950369 -0.001934475 -0.005791996 0.000125052 -0.009799663 0.004949144 0.999939740
1341846313.853928 0.060306218 -0.000112617 0.005317004 -0.000131182 -0.006865861 0.002726241 0.999972701
1341846313.890011 0.067888334 -0.000391317 -0.003821508 -0.000526130 -0.004851941 0.003983679 0.999980152
1341846313.922055 0.072891802 0.002183350 -0.003118746 -0.002464785 -0.004719215 0.005053630 0.999973059
1341846313.957927 0.106977917 0.007887594 -0.005571389 -0.003622534 -0.003884648 0.006567176 0.999964297
1341846313.990058 0.093459912 0.007775303 0.002398957 -0.004720934 0.005369524 0.007156672 0.999948800
1341846314.022042 0.096670866 0.011050939 -0.020893121 -0.006711646 0.006506917 0.009001620 0.999915779
1341846314.057816 0.099506170 0.007472301 0.006095413 -0.010572214 0.009342770 0.008741958 0.999862254
1341846314.089801 0.096897110 0.011412665 0.027759705 -0.009195855 0.016528547 0.005863762 0.999803901
1341846314.122037 0.125481129 0.016245324 -0.008420103 -0.010083312 0.016617769 0.014160190 0.999710798
1341846314.157989 0.134718776 0.012336194 0.000654785 -0.012756716 0.019191429 0.014554526 0.999628484
1341846314.190094 0.126488209 0.014850008 0.004873308 -0.012066035 0.024939258 0.014027742 0.999517679
1341846314.225969 0.122275345 0.021242334 -0.004526177 -0.013754210 0.028237404 0.016419239 0.999371767
1341846314.257923 0.151298061 0.013277289 0.007792880 -0.016780192 0.026846394 0.018985523 0.999318421
1341846314.290052 0.145397678 0.018514628 0.006416705 -0.014606341 0.029576115 0.016733680 0.999315679
1341846314.325981 0.167812973 0.023818282 0.011664607 -0.015245479 0.028270729 0.017383173 0.999332845
1341846314.357905 0.178520620 0.007967127 0.009160146 -0.018314391 0.030342706 0.016063590 0.999242663
1341846314.389899 0.176478893 0.013103503 0.012637753 -0.015825134 0.034360912 0.013395310 0.999194384
1341846314.427905 0.183600828 0.021512330 0.011900528 -0.014981913 0.035833761 0.012129790 0.999171853
1341846314.493987 0.197605073 0.013470484 0.005516924 -0.014357345 0.044978991 0.003888207 0.998877168
1341846314.526085 0.203838915 0.014198380 -0.005801120 -0.014358009 0.046917815 0.002219465 0.998793125
1341846314.558292 0.211873129 0.016799886 0.007556945 -0.015326968 0.049548212 0.003580881 0.998647690
1341846314.594085 0.225029901 0.005470622 0.019061483 -0.015221659 0.053233285 0.003434155 0.998460174
1341846314.626096 0.217443541 0.010782090 0.009649731 -0.014310229 0.058794674 0.003946750 0.998159707
1341846314.658455 0.218663707 0.014372244 0.008530868 -0.015769741 0.061499961 0.002600023 0.997979105
1341846314.694004 0.235209003 0.006897662 0.023273131 -0.016314421 0.063873462 0.001324974 0.997823775
1341846314.725910 0.242112324 -0.000329384 0.023022432 -0.012788322 0.066129871 0.007608768 0.997700095
1341846314.761942 0.238609284 0.001611578 0.015434280 -0.009031832 0.067428984 0.011514726 0.997616768
1341846314.794030 0.247037232 0.006339480 0.012451660 -0.005130389 0.069467977 0.011960092 0.997499287
1341846314.826092 0.255470932 0.007162766 0.011765882 -0.003035750 0.073244400 0.012947151 0.997225344
1341846314.862145 0.268276215 0.010042687 0.005171847 -0.003312451 0.076153956 0.012699679 0.997009695
1341846314.894072 0.283316970 0.006720291 0.013959579 -0.004317761 0.078661188 0.016262712 0.996759415
1341846314.925969 0.282566905 0.008128443 0.008648403 -0.004362112 0.081970535 0.020884851 0.996406376
1341846314.961937 0.291349441 0.018789914 0.001313172 -0.006327945 0.081795864 0.026111498 0.996286929
1341846314.994564 0.287336320 0.015615004 0.013404470 -0.009766384 0.083809532 0.022084055 0.996189177
1341846315.029900 0.301420391 0.017616898 0.008211851 -0.009552279 0.086423881 0.019851100 0.996014833
1341846315.061965 0.305102319 0.018353907 0.005971037 -0.009893488 0.088072158 0.025602357 0.995735884
1341846315.094388 0.308018953 0.019167548 0.008381892 -0.009649447 0.087333001 0.026384903 0.995782912
1341846315.129851 0.317534149 0.017756369 0.006698526 -0.007833253 0.086644940 0.025439106 0.995883584
1341846315.161941 0.319137871 0.035052504 -0.006410498 -0.009166148 0.086733788 0.028776964 0.995773613
1341846315.197984 0.317654014 0.027141221 -0.005126346 -0.016733529 0.085335799 0.023500986 0.995934486
1341846315.230076 0.336753607 0.023251759 -0.001491953 -0.020710101 0.082362555 0.022166507 0.996140659
1341846315.262069 0.332066417 0.024778027 0.012580194 -0.023473257 0.080809452 0.023442836 0.996177316
1341846315.298000 0.338176131 0.021971935 0.022595879 -0.025088457 0.076754823 0.025381396 0.996411085
1341846315.329931 0.350059599 0.022857893 0.034041621 -0.021529596 0.074667461 0.026461404 0.996624768
1341846315.361981 0.346962333 0.021999467 0.027501445 -0.016292423 0.074631557 0.029372549 0.996645331
1341846315.397962 0.354777157 0.018078724 0.027324688 -0.013894627 0.074345700 0.032725558 0.996598542
1341846315.429923 0.365590721 0.019603092 0.017295707 -0.010974805 0.075430766 0.034905717 0.996479452
1341846315.466047 0.397493750 0.028396366 0.011567812 -0.009430972 0.075857170 0.038157914 0.996343672
1341846315.497883 0.394563019 0.023286264 0.011942841 -0.011181490 0.079728365 0.043437999 0.995806992
1341846315.530008 0.398067236 0.024383321 0.017158024 -0.011058532 0.080989040 0.044315025 0.995667934
1341846315.566108 0.401879042 0.024950527 0.012064658 -0.011913599 0.082097374 0.045441229 0.995516539
1341846315.597986 0.403989166 0.025119813 0.016316935 -0.011915207 0.083304673 0.044747137 0.995447636
1341846315.630109 0.400206834 0.026303263 0.014756955 -0.011767121 0.085124806 0.043144222 0.995366156
1341846315.666042 0.404851794 0.031800658 0.004849248 -0.011890191 0.086214468 0.042415597 0.995302260
1341846315.698114 0.412158042 0.047666878 0.001074918 -0.015060442 0.088436417 0.039212562 0.995195746
1341846315.733985 0.400642693 0.036704265 0.019702166 -0.019088564 0.092863195 0.041058879 0.994648814
1341846315.766041 0.387903035 0.031273764 0.019430839 -0.019325331 0.092045665 0.041089870 0.994718909
1341846315.798188 0.395140737 0.024797378 0.014671952 -0.021389892 0.090378866 0.041930348 0.994794428
1341846315.834140 0.393000215 0.018210439 0.017485291 -0.020861827 0.092888981 0.039479464 0.994674683
1341846315.866751 0.377862453 0.013557538 0.015912458 -0.018718086 0.095899530 0.037614223 0.994503915
1341846315.898492 0.375616252 0.014336582 0.018620431 -0.017395388 0.096608527 0.037320867 0.994470358
1341846315.936901 0.374643296 0.010805503 0.021758392 -0.015090193 0.098123081 0.036400586 0.994393885
1341846315.966572 0.366782188 0.010507243 0.024071008 -0.011590339 0.099991351 0.036130380 0.994264543
1341846316.034204 0.348896027 0.008093948 0.019155383 -0.007990152 0.100856386 0.033818979 0.994293928
1341846316.066113 0.343386292 0.009694399 0.021453880 -0.005320425 0.100804873 0.034018282 0.994310260
1341846316.101867 0.337564081 0.011481480 0.018028684 -0.003909726 0.099598251 0.035801090 0.994375765
1341846316.134066 0.323802680 0.009039901 0.015162487 -0.004966255 0.097557172 0.031981304 0.994703531
1341846316.202049 0.304882050 -0.000412405 0.015845884 -0.005503939 0.093704902 0.027783781 0.995197058
1341846316.233979 0.310023308 0.002402853 -0.003278896 -0.004628687 0.091339849 0.026938871 0.995444596
1341846316.270052 0.308018059 0.005769520 0.000856422 -0.005591270 0.091940455 0.024148315 0.995455980
1341846316.301915 0.297783315 -0.002387182 0.004070036 -0.005961100 0.093616694 0.022079125 0.995345652
1341846316.334208 0.284975290 -0.002543942 0.009792894 -0.004356941 0.093780123 0.023113811 0.995315075
1341846316.370006 0.281166971 -0.005030280 0.011981301 -0.002438669 0.092456467 0.024556525 0.995410860
1341846316.401994 0.276181102 -0.003187288 0.012322273 -0.000468593 0.091906719 0.027343975 0.995392025
1341846316.438069 0.272840798 -0.007735744 0.016950421 0.001586353 0.091414161 0.028382134 0.995407164
1341846316.470076 0.262062818 -0.006242725 0.017631218 0.006007407 0.090939783 0.031045787 0.995354235
1341846316.502034 0.276788175 0.004883890 0.017750062 0.008686035 0.085533895 0.035925217 0.995649457
1341846316.537975 0.237640798 0.003868039 -0.004994046 0.006404690 0.086297952 0.031354196 0.995755255
1341846316.570121 0.231787071 -0.007142150 0.002525609 0.005251239 0.086399600 0.028019972 0.995852590
1341846316.601885 0.224911556 -0.010264341 0.003092367 0.007095293 0.085585937 0.026831735 0.995944142
1341846316.638009 0.215111092 -0.010144268 0.005177800 0.009652480 0.084827393 0.027578585 0.995967150
1341846316.669925 0.209253505 -0.015705004 0.008174926 0.011345406 0.084132329 0.027321128 0.996015370
1341846316.705941 0.198471442 -0.023469631 0.002707146 0.014935163 0.084979959 0.027470332 0.995891929
1341846316.738062 0.191074908 -0.001402581 -0.011726741 0.019454211 0.084045805 0.031292815 0.995780408
1341846316.770433 0.190021202 -0.001517462 -0.009813391 0.018555261 0.082583800 0.032078762 0.995894849
1341846316.805932 0.178051621 -0.010467058 -0.001786411 0.018179346 0.083679244 0.030337542 0.995864928
1341846316.838029 0.167143166 -0.007120982 0.000343958 0.019998793 0.082238801 0.031435456 0.995915949
1341846316.870034 0.157439619 -0.018219437 0.002277505 0.019434499 0.079016440 0.033402894 0.996123970
1341846316.906344 0.147514895 -0.011656606 0.003858864 0.021151340 0.076533616 0.030675430 0.996370554
1341846316.937940 0.156433374 -0.010149037 -0.003056603 0.021237271 0.073702440 0.031064970 0.996570110
1341846316.973994 0.140199125 -0.011718580 -0.001844082 0.020615326 0.072851144 0.029811788 0.996684015
1341846317.005913 0.130374998 -0.010757027 0.007511158 0.019134715 0.070410974 0.029195366 0.996907115
1341846317.037936 0.126591384 -0.016198080 0.019011123 0.019194106 0.067809649 0.027807852 0.997125924
1341846317.073972 0.120246165 -0.017288115 0.020036796 0.020198006 0.066002525 0.029149933 0.997189045
1341846317.106113 0.103237122 -0.013594802 0.022163130 0.023128347 0.065584391 0.031954370 0.997067034
1341846317.137887 0.101074934 -0.015445960 0.022309225 0.026396651 0.059419148 0.036316104 0.997223020
1341846317.173970 0.089963242 -0.018038353 0.007562474 0.027022153 0.052367259 0.038973890 0.997501135
1341846317.205887 0.081207737 -0.021536866 0.003065379 0.026768839 0.049705762 0.039020292 0.997642338
1341846317.248131 0.081816062 -0.015398160 0.014204880 0.028725266 0.046294168 0.043900568 0.997549176
1341846317.306289 0.071273550 -0.013767192 0.018030245 0.030388098 0.040207185 0.047541335 0.997596979
1341846317.348137 0.065027758 -0.015531640 0.017759664 0.031408731 0.041600566 0.048300203 0.997471750
1341846317.410120 0.053098183 -0.009810074 0.018821416 0.033245634 0.040794373 0.055448323 0.997073710
1341846317.442569 0.044786431 -0.015844194 0.021306029 0.035951130 0.041847184 0.056718998 0.996864736
1341846317.474010 0.036291655 -0.019362587 0.009708965 0.041190811 0.041708238 0.059264787 0.996519685
1341846317.509927 0.019962477 -0.016232217 0.005310580 0.043877739 0.040556870 0.062397636 0.996261239
1341846317.542282 0.016813967 -0.011204931 0.003023263 0.043740053 0.037107382 0.064139806 0.996291101
1341846317.573943 0.009950447 -0.019815303 0.006342479 0.042529237 0.038695753 0.059824187 0.996551514
1341846317.610159 -0.000905726 -0.025295584 0.019003166 0.044661988 0.041412819 0.061306249 0.996258914
1341846317.643553 -0.007012717 -0.017330995 0.002794430 0.048091352 0.039816100 0.065769836 0.995879591
1341846317.677993 -0.009383718 -0.011942690 0.018876120 0.049874678 0.036071185 0.067935519 0.995789230
1341846317.709996 -0.015046657 -0.012788191 0.016288687 0.052249581 0.033397812 0.067961276 0.995758951
1341846317.741834 -0.012542686 -0.008108784 0.016292041 0.052631903 0.031119874 0.068902791 0.995747864
1341846317.777923 -0.013734528 -0.011053654 0.009526599 0.051035054 0.028907493 0.071078777 0.995744705
1341846317.810021 -0.011316787 -0.010908446 0.021349248 0.050909385 0.026424872 0.069404781 0.995938241
1341846317.841886 0.000822789 -0.017409440 0.011616698 0.049013998 0.021420015 0.068581320 0.996210515
1341846317.878017 0.020251038 -0.022202760 0.013427822 0.044923950 0.016684769 0.063710719 0.996817172
1341846317.909910 0.053007647 -0.016159937 0.009167230 0.045428332 0.011045845 0.059806269 0.997114599
1341846317.946031 0.032027271 -0.012603859 0.008265346 0.047310840 0.013964429 0.059769392 0.996992648
1341846317.978041 0.056007434 -0.014701176 0.015669756 0.048697986 0.007327314 0.058860049 0.997050762
1341846318.009897 0.043674383 -0.019618515 0.011910078 0.050012995 0.009999901 0.058677111 0.996973276
1341846318.045949 0.061458416 -0.025491053 0.008896755 0.048276044 0.006292183 0.055820044 0.997253180
1341846318.078074 0.073331960 -0.019225299 0.009386705 0.048927195 0.001911943 0.054152291 0.997331440
1341846318.109894 0.082939729 -0.019525474 0.010250690 0.048811771 -0.005247584 0.051886711 0.997445583
1341846318.145957 0.080470465 -0.013684351 0.004965468 0.049042426 -0.007088832 0.048070181 0.997614086
1341846318.178001 0.094439939 -0.021890445 0.004659433 0.046059098 -0.010897397 0.045141079 0.997858763
1341846318.214074 0.109710865 -0.016819803 0.005672086 0.047942329 -0.016395660 0.042802855 0.997797906
1341846318.245970 0.144883275 -0.007940500 0.009503348 0.053020172 -0.030839145 0.042366795 0.997217536
1341846318.278018 0.142759144 -0.013744307 0.005374108 0.055399664 -0.035977021 0.043245599 0.996878326
1341846318.313937 0.163198546 -0.008122939 0.001467982 0.057929479 -0.047188085 0.041291084 0.996349573
1341846318.345989 0.172298864 -0.012473112 0.004017250 0.058631279 -0.057932850 0.039699368 0.995806277
1341846318.382046 0.176689953 -0.011440166 -0.001687802 0.060239136 -0.066636041 0.036162555 0.995300531
1341846318.414072 0.199514717 -0.009006754 -0.002048071 0.062053729 -0.079318337 0.036163080 0.994258583
1341846318.446035 0.191372380 -0.009548044 -0.002661990 0.063885324 -0.084475912 0.038408153 0.993633389
1341846318.482196 0.204202086 -0.011809715 -0.001960158 0.064126812 -0.089944132 0.035568189 0.993243515
1341846318.514144 0.205101117 -0.011351056 -0.001313757 0.064344950 -0.092554696 0.038284224 0.992888570
1341846318.546259 0.206992090 -0.014253544 0.000953883 0.065976545 -0.094621375 0.039542481 0.992537320
1341846318.582042 0.209199414 -0.013877146 -0.006303098 0.067152448 -0.096410774 0.040399961 0.992251635
1341846318.614115 0.212689742 -0.010742248 -0.013458237 0.067508250 -0.098928526 0.041631501 0.991928697
1341846318.650038 0.206466660 -0.008336598 -0.017118394 0.068631887 -0.099289179 0.041453674 0.991823018
1341846318.682350 0.200606391 0.002198100 -0.023169868 0.071210578 -0.100504242 0.042464506 0.991475999
1341846318.714063 0.234456003 -0.007846284 -0.015682761 0.067725964 -0.108307168 0.038581237 0.991057158
1341846318.749905 0.234360293 -0.011472181 -0.010513425 0.068416230 -0.109093994 0.039508723 0.990886867
1341846318.782036 0.248842195 -0.030140337 0.001264516 0.066781759 -0.113731861 0.044523016 0.990264058
1341846318.814121 0.264043272 -0.008904220 -0.023176078 0.070126332 -0.123625085 0.042857070 0.988919795
1341846318.850072 0.254655033 -0.002657826 -0.026329186 0.072305873 -0.128352135 0.042771500 0.988164008
1341846318.883516 0.245777234 0.010154361 -0.030100707 0.078380466 -0.135812134 0.043394879 0.986675441
1341846318.918047 0.211593613 0.009526365 -0.038025916 0.081319951 -0.142330170 0.049254760 0.985242665
1341846318.950044 0.233889580 0.016640261 -0.056148805 0.085010178 -0.157832712 0.045167662 0.982762456
1341846318.982028 0.241074473 0.016539488 -0.056461558 0.087123282 -0.163939044 0.043824539 0.981637895
1341846319.018123 0.213285163 0.019267391 -0.065400600 0.086847752 -0.165445209 0.048901629 0.981169701
1341846319.050745 0.245413095 0.030344706 -0.060501657 0.090638936 -0.177852124 0.043743722 0.978897154
1341846319.081905 0.321975201 0.108124189 0.005463563 0.106386013 -0.190066621 0.042856999 0.975048721
1341846319.117976 0.297706187 0.116957739 -0.011426464 0.108915329 -0.187115729 0.052826084 0.974851012
1341846319.150093 0.276212782 0.121972740 -0.034780167 0.110018760 -0.188630104 0.058278941 0.974124253
1341846319.186069 0.256312042 0.118887305 -0.029187411 0.111208141 -0.188524827 0.053273953 0.974296153
1341846319.218149 0.230016991 0.121916533 -0.047858685 0.108349875 -0.181414977 0.051396504 0.976067245
1341846319.250034 0.199623436 0.122778147 -0.061845489 0.102655739 -0.172233298 0.049233951 0.978454649
1341846319.286594 0.219454110 0.134298742 -0.029037789 0.101451531 -0.173271790 0.054546028 0.978115141
1341846319.318034 0.220228404 0.117432877 -0.021996200 0.100359455 -0.172682837 0.055790663 0.978261709
1341846319.350268 0.189261541 0.116312854 -0.029555552 0.100080192 -0.170237929 0.064040318 0.978213608
1341846319.386163 0.163685516 0.102934971 -0.005178384 0.101780772 -0.173090309 0.069915459 0.977134705
1341846319.418386 0.167775586 0.101802431 -0.041839868 0.101561844 -0.178388059 0.072172150 0.976040006
1341846319.453961 0.168201536 0.109654307 -0.044620343 0.102751903 -0.180414841 0.068779826 0.975787818
1341846319.486271 0.173556894 0.102068558 -0.052807905 0.100476913 -0.182851762 0.070613571 0.975440085
1341846319.554083 0.173905194 0.101664305 -0.051956348 0.094622105 -0.190843940 0.072164141 0.974380612
1341846319.586296 0.159888104 0.102221698 -0.055792361 0.094421223 -0.189119160 0.070569530 0.974853098
1341846319.622031 0.104800127 0.107480884 -0.089514531 0.095947139 -0.185191885 0.060084518 0.976159811
1341846319.653962 0.093731225 0.106745876 -0.070097536 0.096201152 -0.190385729 0.058837123 0.975211143
1341846319.686352 0.096854649 0.103456974 -0.076609775 0.096603028 -0.195361510 0.060761556 0.974068642
1341846319.721992 0.086614713 0.115314528 -0.099380970 0.098308511 -0.197127715 0.063484982 0.973368227
1341846319.754063 0.055943593 0.109693080 -0.114946023 0.093850262 -0.196122453 0.065077588 0.973906040
1341846319.786397 0.147259101 0.110973485 -0.086095423 0.086432703 -0.209448740 0.081153490 0.970605314
1341846319.822008 0.043607909 0.115893833 -0.107420415 0.086621150 -0.197257802 0.077118352 0.973467469
1341846319.853917 0.019863950 0.121695235 -0.106367946 0.082930550 -0.194946662 0.077062562 0.974258542
1341846319.889942 0.034051415 0.110373959 -0.080852002 0.079244889 -0.201384559 0.074181318 0.973479152
1341846319.922039 0.024676122 0.080532677 -0.111206129 0.072920337 -0.199791655 0.081149735 0.973745644
1341846319.953946 0.038817294 0.108563140 -0.084212258 0.078582600 -0.211573064 0.073151641 0.971447587
1341846319.990054 0.020077985 0.103497289 -0.091392986 0.082413889 -0.212501898 0.064789288 0.971521139
1341846320.028122 0.019535363 0.103173845 -0.093747430 0.084337384 -0.216259137 0.064796224 0.970525980
1341846320.090047 0.046518661 0.126131430 -0.070480548 0.092287511 -0.226472557 0.064082675 0.967515707
1341846320.122011 0.051736824 0.124754518 -0.083130464 0.092433818 -0.223436192 0.063179925 0.968266785
1341846320.157952 0.047313936 0.131307080 -0.073092014 0.093918972 -0.220491737 0.063015237 0.968809426
1341846320.190003 0.083333701 0.085828736 -0.039114915 0.092026576 -0.221413523 0.065820768 0.968594253
1341846320.221941 0.082913712 0.093542024 -0.033099752 0.096219525 -0.218261510 0.068289943 0.968731225
1341846320.258015 0.086111017 0.087426722 -0.033695318 0.099761710 -0.216975957 0.071375899 0.968439221
1341846320.289887 0.097970955 0.083848059 -0.015495114 0.105005242 -0.218654394 0.072917111 0.967391968
1341846320.321954 0.119529448 0.102398083 0.012826562 0.115492329 -0.221768662 0.071803719 0.965569437
1341846320.357890 0.134801701 0.105533525 -0.007968724 0.120583601 -0.220958471 0.072143145 0.965107381
1341846320.390064 0.174563289 0.103363782 -0.032731734 0.120477602 -0.219465911 0.073842496 0.965332687
1341846320.426544 0.190501213 0.093270913 -0.022707939 0.122937866 -0.212568462 0.069674827 0.966874480
1341846320.458122 0.204718947 0.105047151 -0.010989070 0.125372872 -0.206563801 0.069570243 0.967870355
1341846320.490186 0.261643916 0.101628140 -0.009918489 0.126957476 -0.203897938 0.070816658 0.968138635
1341846320.525911 0.340260804 0.138800636 0.049972162 0.134735078 -0.200899482 0.064564325 0.968151510
1341846320.558091 0.292699456 0.128878444 -0.008321419 0.134124175 -0.192567974 0.063935824 0.969969332
1341846320.594093 0.287273616 0.086442575 0.005611569 0.133381456 -0.187582403 0.059800252 0.971311569
1341846320.631955 0.294373095 0.109380081 0.023306824 0.137933150 -0.180537060 0.060437731 0.971971214
1341846320.664916 0.323371649 0.096246637 0.002016440 0.136638567 -0.178122357 0.056943707 0.972810209
1341846320.699927 0.333315194 0.103889130 0.024740323 0.138067961 -0.176077366 0.054952871 0.973095179
1341846320.731822 0.346450984 0.106994353 0.025932148 0.139903754 -0.170492947 0.055184502 0.973814011
1341846320.763877 0.350329161 0.115308695 0.016045965 0.138471931 -0.167555451 0.055056941 0.974535465
1341846320.799999 0.359420002 0.084063537 -0.009673260 0.128766999 -0.168847084 0.048878625 0.975971639
1341846320.831871 0.383253932 0.078260064 -0.012899898 0.128725484 -0.158951879 0.046822235 0.977738082
1341846320.863887 0.368098527 0.119839877 0.022165179 0.132617712 -0.151407003 0.049245212 0.978296161
1341846320.900014 0.382515132 0.092643961 0.019452162 0.122802436 -0.156024307 0.050255075 0.978800476
1341846320.931889 0.432798088 0.090469010 0.050621942 0.124337323 -0.161324650 0.047375824 0.977890611
1341846320.967866 0.411422789 0.129778311 0.055268183 0.127890199 -0.153132200 0.047762204 0.978730500
1341846321.000017 0.409546584 0.117187247 0.030021124 0.120551780 -0.151442617 0.044542510 0.980075657
1341846321.031860 0.462970853 0.081759147 0.053748526 0.116232648 -0.154970810 0.040688004 0.980213523
1341846321.068047 0.448700875 0.110442705 0.044043779 0.118688889 -0.149456620 0.037831940 0.980889559
1341846321.099840 0.465273678 0.112697132 0.080555037 0.117527291 -0.150410444 0.038816463 0.980845213
1341846321.131821 0.488649815 0.103824399 0.115526214 0.117467530 -0.151346132 0.039981339 0.980661631
1341846321.167887 0.521969974 0.116667561 0.124315307 0.120869614 -0.149093226 0.040531900 0.980570734
1341846321.200042 0.529656708 0.119543992 0.124996252 0.121299766 -0.147568285 0.042385772 0.980669856
1341846321.231950 0.535687625 0.121820256 0.136057079 0.121523201 -0.145895824 0.039040975 0.981031239
1341846321.267939 0.544466019 0.118887126 0.102488197 0.121062256 -0.142909467 0.033181842 0.981743217
1341846321.299948 0.563975096 0.124926850 0.130024254 0.122035235 -0.140833676 0.027559072 0.982096612
1341846321.331858 0.549999833 0.105993658 0.102849416 0.120198138 -0.136006728 0.025918093 0.983047724
1341846321.367913 0.573509514 0.101012699 0.106620498 0.121775590 -0.134380668 0.020535480 0.983204365
1341846321.399897 0.590436757 0.106356077 0.125401706 0.124352634 -0.131225422 0.019995786 0.983319104
1341846321.435994 0.593261540 0.106087640 0.142472669 0.126151681 -0.128052846 0.020034514 0.983507454
1341846321.467946 0.618984103 0.112946518 0.169233307 0.128904447 -0.128409475 0.022030806 0.983061194
1341846321.499882 0.638567865 0.118325993 0.183221638 0.130861104 -0.126923606 0.022690887 0.982980609
1341846321.536109 0.676397562 0.125515461 0.172443941 0.130726889 -0.124295950 0.021743989 0.983355582
1341846321.568960 0.668726861 0.129471004 0.196478650 0.128235385 -0.116996139 0.019696733 0.984621584
1341846321.603938 0.709396780 0.171609998 0.265479028 0.133274511 -0.122678012 0.013230279 0.983368158
1341846321.637163 0.694552481 0.137860745 0.172771037 0.123835921 -0.109798543 0.014674990 0.986100197
1341846321.668306 0.662190318 0.143216178 0.179666936 0.120048650 -0.097850680 0.016161073 0.987801790
1341846321.704411 0.656662941 0.120478399 0.168592378 0.112212397 -0.096215375 0.024806159 0.988703966
1341846321.736861 0.693108261 0.127144992 0.222938150 0.114925250 -0.106115118 0.027200727 0.987315476
1341846321.771881 0.680643141 0.141348839 0.175696135 0.109460510 -0.100209191 0.035196073 0.988300443
1341846321.804114 0.689464509 0.138606668 0.190088749 0.105083317 -0.098584786 0.038796186 0.988804042
1341846321.836152 0.669862330 0.160070598 0.198309883 0.105439514 -0.093535811 0.036680803 0.989337206
1341846321.871882 0.697648227 0.167297423 0.199654609 0.099497318 -0.095479466 0.035380676 0.989814222
1341846321.904074 0.698370278 0.170554683 0.209827065 0.094252191 -0.094010234 0.030577255 0.990627885
1341846321.939847 0.710578442 0.161649510 0.208705112 0.089526929 -0.092254505 0.028797016 0.991284370
1341846322.004094 0.691905260 0.152793735 0.214470536 0.082431249 -0.092987545 0.027150562 0.991877615
1341846322.066178 0.717351139 0.142428383 0.218918711 0.077482559 -0.089833394 0.023675501 0.992655993
1341846322.107979 0.706476510 0.128479883 0.220814690 0.074583292 -0.086752385 0.021964898 0.993191242
1341846322.166164 0.712469697 0.088183314 0.198015153 0.075000636 -0.086722724 0.022458870 0.993151367
1341846322.202932 0.718122065 0.088430017 0.205693364 0.076937325 -0.089618452 0.021812093 0.992760479
1341846322.234093 0.721237481 0.076596588 0.199434310 0.074713200 -0.091259286 0.019704759 0.992824972
1341846322.265941 0.719362140 0.073154546 0.209499225 0.073033959 -0.094820932 0.020331766 0.992603481
1341846322.301996 0.731847346 0.058054622 0.210533887 0.070695892 -0.097726129 0.020192228 0.992493808
1341846322.333949 0.710002780 0.023618819 0.188114852 0.067245632 -0.096671112 0.021317504 0.992813349
1341846322.369871 0.740319073 0.026976140 0.211637214 0.069702715 -0.105649695 0.018254230 0.991789520
1341846322.402292 0.748468816 -0.000802594 0.220861435 0.070524365 -0.104674987 0.011405090 0.991937220
1341846322.433955 0.743310869 -0.034485493 0.211510003 0.073684998 -0.102764063 0.008870929 0.991933107
1341846322.470030 0.738988638 -0.037787158 0.212841377 0.081917748 -0.106752299 0.013538867 0.990812838
1341846322.502433 0.759055614 -0.058920674 0.210915416 0.086208634 -0.111550137 0.016474662 0.989875376
1341846322.534002 0.768255770 -0.068791002 0.233845800 0.095113188 -0.113050073 0.020673651 0.988810301
1341846322.570196 0.770906806 -0.095798708 0.226687640 0.101722986 -0.113430403 0.023974091 0.988034010
1341846322.601920 0.761887372 -0.124702677 0.206840694 0.104060411 -0.114842370 0.027966680 0.987522423
1341846322.638119 0.783379793 -0.138164982 0.222411469 0.109158218 -0.120270275 0.027886765 0.986327469
1341846322.669947 0.800400674 -0.138011709 0.230514199 0.114414401 -0.119010121 0.026347898 0.985926867
1341846322.702026 0.771662116 -0.155573487 0.219208062 0.116150349 -0.113910139 0.027623802 0.986291289
1341846322.738006 0.782446563 -0.163850173 0.217876107 0.116211228 -0.117518961 0.029474072 0.985807061
1341846322.770087 0.787447810 -0.180844948 0.227805406 0.115573972 -0.117258385 0.028557023 0.985939980
1341846322.806047 0.787403226 -0.207598463 0.223605990 0.116920710 -0.118236065 0.032169413 0.985553086
1341846322.838063 0.786533952 -0.217379451 0.213356853 0.117794566 -0.122164331 0.034258734 0.984899342
1341846322.870081 0.792605281 -0.237959057 0.218979746 0.118294440 -0.127586529 0.034669109 0.984137237
1341846322.906018 0.813302875 -0.245844051 0.228705317 0.122613125 -0.131504610 0.035631508 0.983057976
1341846322.938349 0.799187243 -0.211800337 0.229618117 0.126627177 -0.128885880 0.037288021 0.982834518
1341846322.970069 0.800441980 -0.226251662 0.234813496 0.120420158 -0.129599139 0.037878159 0.983497977
1341846323.011820 0.811881363 -0.247565329 0.239614919 0.116632849 -0.130461872 0.038297173 0.983824074
1341846323.073951 0.809256256 -0.250231415 0.242113084 0.113097996 -0.130492434 0.042348795 0.984066606
1341846323.105962 0.810123444 -0.270601034 0.244671375 0.109202638 -0.130539149 0.041516781 0.984535754
1341846323.138158 0.809868276 -0.267723769 0.244804472 0.110458344 -0.130494773 0.038279541 0.984532773
1341846323.174092 0.805448294 -0.271072090 0.247494489 0.108615808 -0.130793199 0.036831092 0.984753370
1341846323.206059 0.816066861 -0.283717543 0.244761854 0.105045244 -0.132117480 0.034039617 0.985064328
1341846323.238053 0.834956169 -0.298263460 0.251911432 0.101319797 -0.131339982 0.030883143 0.985662401
1341846323.273997 0.807309151 -0.308522433 0.228219301 0.096063994 -0.127476931 0.031188326 0.986685693
1341846323.305946 0.817451656 -0.319142997 0.240859896 0.090602234 -0.132848069 0.031239152 0.986492157
1341846323.342027 0.811528862 -0.282195002 0.217538118 0.095735691 -0.127739698 0.026036967 0.986832976
1341846323.374048 0.780168831 -0.297913969 0.199381292 0.094816998 -0.121389516 0.027654335 0.987678885
1341846323.405987 0.770134866 -0.326896191 0.201483250 0.092967235 -0.124463350 0.031310748 0.987362981
1341846323.441956 0.793775082 -0.329540402 0.217428803 0.093752019 -0.131322548 0.034358263 0.986298382
1341846323.473878 0.808021843 -0.346748829 0.214474618 0.096689716 -0.130710110 0.033766601 0.986116529
1341846323.506129 0.797456264 -0.340646148 0.206403106 0.099820860 -0.129618913 0.032222744 0.986000240
1341846323.541972 0.789573550 -0.350524068 0.200754806 0.094913945 -0.127483696 0.038609162 0.986533642
1341846323.573913 0.828699589 -0.350134254 0.196187809 0.098139837 -0.128193080 0.024624895 0.986574233
1341846323.609927 0.822417736 -0.350344360 0.225584894 0.100323625 -0.122185469 0.020679718 0.987207294
1341846323.642014 0.803166032 -0.393673182 0.204931468 0.092768826 -0.119560078 0.021854013 0.988241732
1341846323.674081 0.804441690 -0.405687898 0.210579127 0.092918284 -0.120601669 0.024396380 0.988041639
1341846323.710069 0.809868693 -0.411297441 0.223572433 0.094348803 -0.122882985 0.028404515 0.987517715
1341846323.742111 0.809802473 -0.413402349 0.217537433 0.099991947 -0.124183707 0.029103898 0.986779094
1341846323.774928 0.803596437 -0.428994656 0.217083395 0.101842768 -0.125802055 0.025647515 0.986480653
1341846323.810012 0.813325047 -0.410867721 0.218987882 0.106216490 -0.127687290 0.023066841 0.985840738
1341846323.842207 0.812040448 -0.436867267 0.207251519 0.107436508 -0.127441540 0.017634600 0.985852420
1341846323.878019 0.809946418 -0.463476270 0.197867513 0.106116340 -0.128144071 0.013984345 0.985962927
1341846323.909826 0.807703555 -0.472821772 0.201954186 0.109714307 -0.129262194 0.009479761 0.985476673
1341846323.942459 0.810636699 -0.497168094 0.213605076 0.107771061 -0.131190285 0.011141682 0.985418916
1341846323.978055 0.799474001 -0.513756275 0.199256480 0.107865341 -0.132262543 0.012324265 0.985251188
1341846324.015934 0.757610321 -0.440301120 0.163980842 0.124489188 -0.124656416 0.014998273 0.984245062
1341846324.047722 0.761759043 -0.423906565 0.165324092 0.129836902 -0.123732604 0.013568411 0.983691275
1341846324.083904 0.769624412 -0.415398598 0.158618748 0.130228549 -0.122855961 0.012865822 0.983758807
1341846324.115968 0.764726281 -0.396374792 0.161996573 0.131033152 -0.120858073 0.010793027 0.983924389
1341846324.151967 0.825144589 -0.439939946 0.184837192 0.123765059 -0.127997860 0.004852043 0.984009802
1341846324.183941 0.821715355 -0.417323679 0.192333847 0.123012707 -0.123691253 0.002671224 0.984663010
1341846324.219984 0.796964705 -0.410685003 0.200475410 0.119881108 -0.119487025 0.001591272 0.985570312
1341846324.251968 0.798830092 -0.444369078 0.195202887 0.112499438 -0.119888380 0.000759979 0.986392438
1341846324.284052 0.789198697 -0.404072016 0.206978798 0.118328907 -0.119247623 -0.000538276 0.985788047
1341846324.319880 0.784209967 -0.381122917 0.187071085 0.120033585 -0.121977143 0.000665875 0.985247731
1341846324.351917 0.794637024 -0.354333937 0.190319762 0.118777476 -0.126383230 -0.000847180 0.984844387
1341846324.388001 0.806347132 -0.339441955 0.197224185 0.114155643 -0.128260955 -0.004362675 0.985138834
1341846324.419908 0.799919903 -0.320936710 0.200430766 0.110910535 -0.125758871 -0.007344383 0.985814214
1341846324.452027 0.785792053 -0.325091273 0.201367706 0.105766609 -0.124244869 -0.008118674 0.986565113
1341846324.487928 0.783063948 -0.309872270 0.202269867 0.105141051 -0.124187723 -0.006378305 0.986651957
1341846324.519985 0.768819869 -0.305320501 0.199863210 0.103206903 -0.125279337 -0.001845257 0.986737072
1341846324.556001 0.768624365 -0.271992207 0.205860555 0.103589751 -0.130556300 0.002642143 0.986010790
1341846324.587888 0.773763895 -0.257761359 0.204603553 0.100799806 -0.134023070 0.004141581 0.985829651
1341846324.620086 0.768455625 -0.243546605 0.204244271 0.099893704 -0.135807261 0.000957519 0.985685945
1341846324.655955 0.770126700 -0.221419081 0.211765602 0.100789540 -0.137063161 -0.000978693 0.985420823
1341846324.688082 0.766160727 -0.219704062 0.212488845 0.099892721 -0.136596754 0.000385025 0.985577345
1341846324.755922 0.751350820 -0.187256694 0.216642126 0.099909782 -0.139650494 0.005271432 0.985133469
1341846324.814016 0.778596938 -0.145415917 0.225059509 0.097247250 -0.147571832 0.002753537 0.984255016
1341846324.849979 0.756813169 -0.116715476 0.229408041 0.095465116 -0.142697334 -0.002183590 0.985149264
1341846324.881924 0.742266059 -0.126892433 0.227756247 0.090002500 -0.142342150 0.000500917 0.985716999
1341846324.913902 0.759743452 -0.123726673 0.236914724 0.088142112 -0.146145791 0.002530103 0.985325336
1341846324.949999 0.750969768 -0.117519945 0.231064796 0.088556550 -0.145228013 0.007189929 0.985400856
1341846324.981922 0.735131264 -0.126045316 0.219120353 0.090690240 -0.145745903 0.007883875 0.985125005
1341846325.018013 0.741810024 -0.101740204 0.229798034 0.096861750 -0.151879758 0.013065870 0.983554542
1341846325.050079 0.730411828 -0.077950306 0.222671643 0.100833364 -0.155081540 0.011516400 0.982674778
1341846325.081901 0.737799883 -0.049104244 0.225367203 0.102100693 -0.161275953 0.009980376 0.981562972
1341846325.118531 0.757622957 -0.033381838 0.223936930 0.098626718 -0.164728314 0.007908024 0.981363773
1341846325.149933 0.743842244 -0.022042528 0.236445636 0.094970509 -0.161379278 0.005264834 0.982298136
1341846325.181925 0.747881830 -0.021700002 0.228136107 0.090450585 -0.160766989 0.007180885 0.982812822
1341846325.218055 0.739414036 -0.010945191 0.237833366 0.088066764 -0.160184368 0.010901597 0.983090222
1341846325.249811 0.738787055 0.002436781 0.233122006 0.086675145 -0.159991100 0.014005510 0.983206034
1341846325.285925 0.732280731 0.019392442 0.241870061 0.085276462 -0.159781218 0.015682088 0.983337164
1341846325.317988 0.756997645 0.003651920 0.248691976 0.079590172 -0.160746202 0.019001473 0.983597934
1341846325.349844 0.742088974 0.002801338 0.253646612 0.082972199 -0.154572651 0.020953193 0.984268188
1341846325.387302 0.739914417 0.026953746 0.257613569 0.089508235 -0.151688084 0.024206571 0.984069645
1341846325.417931 0.763626516 0.026986815 0.265948147 0.090163261 -0.149874240 0.028707536 0.984166741
1341846325.450747 0.777667642 0.020389047 0.269856632 0.093802936 -0.143391520 0.031294305 0.984713435
1341846325.485954 0.741376221 0.052532032 0.270650566 0.105957791 -0.132502958 0.033994626 0.984916389
1341846325.517875 0.738869727 0.067783944 0.261749536 0.110253885 -0.129238039 0.036528300 0.984787941
1341846325.553859 0.737614512 0.078703709 0.266126990 0.114216827 -0.125645354 0.037013106 0.984783113
1341846325.585855 0.732998729 0.101992093 0.240608364 0.117373027 -0.120841667 0.038386423 0.984960556
1341846325.617990 0.722180009 0.135331079 0.265190750 0.117987141 -0.119272500 0.035217635 0.985196829
1341846325.653982 0.718976557 0.111399971 0.265028954 0.113177143 -0.117006116 0.031006020 0.986173987
1341846325.685819 0.723998904 0.110767029 0.269170225 0.117795549 -0.116810247 0.032666150 0.985602617
1341846325.717857 0.719111085 0.126832739 0.265996397 0.121771388 -0.114848100 0.041081175 0.985035002
1341846325.754083 0.709952533 0.123683989 0.257649809 0.123486876 -0.113595419 0.045669857 0.984764576
1341846325.786087 0.717841744 0.140843809 0.269158870 0.132125884 -0.114777751 0.047140889 0.983436048
1341846325.821856 0.704962909 0.168105453 0.270806581 0.137869149 -0.111256637 0.049168035 0.982953012
1341846325.853827 0.691016972 0.181050032 0.271044672 0.139067322 -0.109420761 0.053204343 0.982780099
1341846325.885958 0.693892121 0.179315493 0.260356009 0.136005476 -0.113017946 0.059254818 0.982455254
1341846325.921984 0.682202041 0.203503549 0.271226704 0.138571903 -0.115532570 0.063082233 0.981565416
1341846325.953899 0.714262009 0.197794616 0.281313866 0.139111847 -0.119383074 0.066182300 0.980823874
1341846325.985823 0.701884210 0.228296548 0.290439576 0.145003304 -0.115579337 0.070336089 0.980136871
1341846326.021991 0.702142358 0.190992832 0.292737901 0.139099270 -0.116222613 0.075781673 0.980510473
1341846326.054055 0.700448751 0.224225312 0.293404520 0.148395166 -0.116162010 0.079945602 0.978822768
1341846326.089984 0.705896199 0.258792520 0.297013670 0.153982773 -0.114745736 0.079558559 0.978158057
1341846326.121822 0.700227439 0.275917649 0.304277033 0.155214459 -0.110198788 0.076912507 0.978697717
1341846326.154079 0.669872880 0.243190318 0.297253191 0.149005264 -0.102650106 0.076019034 0.980551600
1341846326.190178 0.669094265 0.254259884 0.298253387 0.151307106 -0.103561245 0.079230860 0.979848862
1341846326.222162 0.685450435 0.286491483 0.303928673 0.152533084 -0.109346442 0.085286044 0.978520989
1341846326.259181 0.677787542 0.296044648 0.292957902 0.148321301 -0.110605292 0.087477513 0.978833497
1341846326.322766 0.685090303 0.322950721 0.300480187 0.142363876 -0.111972287 0.085523419 0.979734898
1341846326.359773 0.688729942 0.327182412 0.304388613 0.138087720 -0.111096114 0.084159307 0.980564475
1341846326.392109 0.690459311 0.324930459 0.312543005 0.136536926 -0.109680012 0.084736593 0.980891287
1341846326.423985 0.679701686 0.327571899 0.311998665 0.140346393 -0.107545011 0.088385530 0.980267763
1341846326.459869 0.673283637 0.352678776 0.315164655 0.143542632 -0.109849930 0.093665369 0.979058385
1341846326.526163 0.676004410 0.414582223 0.354096889 0.148714826 -0.109694041 0.093384080 0.978330493
1341846326.560211 0.674378753 0.397921175 0.332339495 0.141445011 -0.104587905 0.093045093 0.979998589
1341846326.591828 0.665846288 0.429730713 0.364589304 0.140883818 -0.103286490 0.094146855 0.980112255
1341846326.627027 0.668526471 0.447757334 0.365705848 0.141422123 -0.102038518 0.094376877 0.980143309
1341846326.658442 0.670745969 0.470263064 0.373775899 0.141001910 -0.098644525 0.092280559 0.980750740
1341846326.694856 0.661050975 0.472063601 0.375741035 0.136725932 -0.094769783 0.092258751 0.981739819
1341846326.726206 0.660887778 0.502588212 0.379699022 0.133781701 -0.093817465 0.090242244 0.982424080
1341846326.762753 0.663197279 0.507056653 0.374140620 0.127255559 -0.090910584 0.086103849 0.983934700
1341846326.826821 0.660742164 0.564721107 0.392234564 0.116715133 -0.086063720 0.081072025 0.986102402
1341846326.858887 0.651995480 0.558457434 0.400933921 0.108297251 -0.084096096 0.077701688 0.987502933
1341846326.895360 0.641315460 0.551865041 0.419691205 0.106298253 -0.083687402 0.079441488 0.987616360
1341846326.926897 0.628785729 0.560501158 0.410133541 0.107503429 -0.086170316 0.081354879 0.987116516
1341846326.958888 0.642844856 0.580098391 0.418222845 0.110723808 -0.089965075 0.084141232 0.986187994
1341846326.994594 0.618827224 0.573301971 0.390480638 0.106780440 -0.083297230 0.085317209 0.987107098
1341846327.026301 0.651690841 0.616359591 0.409532368 0.110500231 -0.089366846 0.086382478 0.986073673
1341846327.063945 0.590945303 0.593603730 0.367347479 0.103198349 -0.074463986 0.077825107 0.988811672
1341846327.094662 0.658826292 0.628371239 0.419067860 0.108052991 -0.086012170 0.081244029 0.987079442
1341846327.128901 0.637131214 0.639541149 0.419820845 0.107256778 -0.082988903 0.080200948 0.987510324
1341846327.161940 0.655661404 0.658017516 0.420345783 0.107821420 -0.086929590 0.079758771 0.987145543
1341846327.193867 0.617595732 0.664343357 0.402035892 0.107619375 -0.078207508 0.074561976 0.988302708
1341846327.229885 0.668723285 0.682939529 0.432570606 0.109248258 -0.083791450 0.076111116 0.987547934
1341846327.262014 0.642148137 0.698855639 0.402344167 0.109003574 -0.072877198 0.069742687 0.988910019
1341846327.294023 0.594539046 0.710985363 0.384831965 0.113875829 -0.052213378 0.065711714 0.989943445
1341846327.330015 0.568147361 0.723810256 0.366166592 0.114970110 -0.038650069 0.064887099 0.990493655
1341846327.361939 0.510045528 0.751299143 0.355922729 0.114377908 -0.023773097 0.067946404 0.990825832
1341846327.393887 0.466036052 0.748717427 0.341743827 0.111295469 -0.013975373 0.061662212 0.991774082
1341846327.429966 0.417905509 0.742871106 0.330893099 0.106286839 -0.005565343 0.059264801 0.992552161
1341846327.461965 0.385764986 0.739630044 0.309411854 0.094676785 -0.004862522 0.057199109 0.993851542
1341846327.497931 0.324203491 0.721007586 0.321330369 0.086441614 0.005860774 0.051194973 0.994923413
1341846327.530068 0.312215805 0.706199884 0.304663301 0.080199406 0.008859194 0.051943783 0.995385051
1341846327.561895 0.311440080 0.709571064 0.305233836 0.077781349 0.006239841 0.055784781 0.995388985
1341846327.598010 0.305039972 0.728138387 0.306105256 0.082575768 0.003554536 0.061315212 0.994690418
1341846327.629945 0.259940356 0.726352692 0.298454046 0.079936720 0.006379878 0.056339398 0.995186031
1341846327.662003 0.223896489 0.710563540 0.301949263 0.076659508 0.010665577 0.053138878 0.995583117
1341846327.697919 0.201196581 0.741502821 0.300161779 0.082552820 0.013467304 0.050525513 0.995213985
1341846327.730075 0.129614353 0.738749802 0.292536736 0.075039446 0.025314659 0.047352705 0.995733857
1341846327.766017 0.107600279 0.732236505 0.289817154 0.067922026 0.028493654 0.048524618 0.996102452
1341846327.797917 0.079221211 0.758980751 0.291112453 0.065467902 0.032703258 0.048390388 0.996143937
1341846327.830054 0.045194373 0.752702057 0.300405473 0.057717007 0.038693130 0.047254067 0.996463060
1341846327.865944 0.033045679 0.760992348 0.313221693 0.054703780 0.042735059 0.046401046 0.996507943
1341846327.898010 0.019324185 0.768901050 0.302731216 0.051410589 0.045924470 0.045112573 0.996600628
1341846327.929991 -0.000016876 0.773059249 0.304958642 0.045931004 0.048411660 0.039995316 0.996968925
1341846327.966065 0.008416325 0.793930292 0.306312978 0.044847429 0.046912421 0.037825257 0.997174561
1341846327.998073 0.001007035 0.792751431 0.303518564 0.036502220 0.049420901 0.034259751 0.997522652
1341846328.034045 0.000547132 0.802649558 0.304086149 0.031655617 0.050481476 0.032253768 0.997702003
1341846328.065993 -0.004251536 0.794289291 0.303156585 0.025128163 0.051992401 0.032860804 0.997790337
1341846328.098045 -0.021419024 0.789320111 0.310035348 0.024970537 0.055348035 0.034335766 0.997564077
1341846328.133967 -0.015581185 0.782380223 0.305694342 0.026765339 0.053248644 0.038757514 0.997469842
1341846328.166023 -0.007816782 0.776728570 0.301654071 0.025312256 0.048147041 0.040001661 0.997717917
1341846328.198018 -0.031331051 0.758382142 0.302970409 0.023385661 0.049740173 0.038331598 0.997752368
1341846328.234044 0.004647207 0.729388237 0.292497933 0.021285068 0.041755501 0.041676041 0.998031318
1341846328.265899 0.009219822 0.724139988 0.293660045 0.023818165 0.038870890 0.043847155 0.997997582
1341846328.302051 0.009713570 0.727000058 0.300972134 0.030101996 0.038547982 0.047514800 0.997672439
1341846328.333917 0.015928602 0.715225101 0.299669594 0.033131339 0.037078615 0.050762370 0.997472107
1341846328.366008 0.011642978 0.721821964 0.321402580 0.043132257 0.035922773 0.050490696 0.997145832
1341846328.402010 0.005885791 0.697804570 0.337596744 0.053980518 0.038618632 0.054163709 0.996323764
1341846328.433920 0.007655874 0.696441770 0.308768839 0.060742941 0.036843907 0.054107592 0.996004581
1341846328.470003 0.004602302 0.617356062 0.269967556 0.051266380 0.039356388 0.041822433 0.997032464
1341846328.502194 -0.033110790 0.613683999 0.282658398 0.057982292 0.048343763 0.032443095 0.996618509
1341846328.534033 -0.008287614 0.584629655 0.264543593 0.056083158 0.047833815 0.031148804 0.996793032
1341846328.570125 -0.002438111 0.536962330 0.268405765 0.052686054 0.046029069 0.034111828 0.996966362
1341846328.602804 -0.028965427 0.505436957 0.272435516 0.055930555 0.045050062 0.038001910 0.996693611
1341846328.672663 0.016817670 0.427767098 0.248380169 0.058986574 0.025795141 0.033092830 0.997376561
1341846328.702975 -0.008171413 0.416427314 0.257981628 0.063301459 0.027653389 0.028785940 0.997195840
1341846328.770129 0.044389792 0.428077877 0.242016435 0.078113616 0.016077766 0.032457780 0.996286213
1341846328.802331 0.039331537 0.418709338 0.251538277 0.080257870 0.013747199 0.032846544 0.996137917
1341846328.838051 0.025962533 0.413032055 0.241373509 0.086268395 0.015273999 0.026237233 0.995809257
1341846328.869939 0.043187693 0.382268608 0.233515024 0.081376694 0.011240660 0.025751380 0.996287286
1341846328.904486 0.034515999 0.371106952 0.243106991 0.078028880 0.009262844 0.025263974 0.996587873
1341846328.939814 0.039763629 0.368440092 0.233939677 0.084285028 0.006283283 0.024846859 0.996112049
1341846328.970217 0.015777851 0.357232571 0.227444366 0.086554699 0.008647794 0.029042475 0.995786130
1341846329.006232 0.040018566 0.294516265 0.211294964 0.079469122 0.003098361 0.033146009 0.996281266
1341846329.038243 0.040678341 0.287467927 0.211227208 0.085139535 0.003105857 0.031161575 0.995876789
1341846329.106125 0.041214921 0.275976211 0.198820084 0.086658813 0.002732089 0.030956889 0.995753169
1341846329.138340 0.041972049 0.260937989 0.193497941 0.088259585 0.002387960 0.029716128 0.995651245
1341846329.169991 0.044981916 0.255703419 0.190405533 0.089565560 0.000757290 0.028271645 0.995579302
1341846329.208656 0.051468834 0.250988007 0.188443586 0.090453230 -0.000961545 0.028000349 0.995506525
1341846329.238169 0.044942655 0.238842845 0.182778567 0.088406205 -0.000650551 0.028596845 0.995673716
1341846329.273827 0.040397663 0.214259580 0.174558222 0.084597275 -0.000457334 0.029620172 0.995974779
1341846329.306052 0.047822636 0.225136220 0.182861030 0.087812364 -0.004624436 0.026274461 0.995779753
1341846329.338104 0.045662023 0.224337995 0.175524458 0.084495723 -0.005161350 0.025148030 0.996093035
1341846329.373907 0.055319671 0.208264187 0.178880721 0.081768073 -0.007779753 0.023749972 0.996338010
1341846329.405985 0.060561765 0.187342927 0.169525951 0.080932982 -0.009655207 0.019612480 0.996479809
1341846329.442057 0.063894823 0.183780283 0.166867405 0.080219872 -0.010398618 0.014624069 0.996615648
1341846329.473950 0.071461260 0.170833796 0.162198275 0.079292655 -0.012854917 0.009412029 0.996724069
1341846329.506147 0.056192275 0.165075868 0.157076925 0.079026662 -0.012337473 0.007852675 0.996765196
1341846329.542121 0.048138738 0.144863695 0.154469401 0.075980291 -0.014230107 0.007194350 0.996981800
1341846329.574086 0.054419510 0.129761815 0.161914617 0.078464828 -0.017180806 0.003886419 0.996761262
1341846329.606387 0.043954067 0.135643795 0.152726144 0.082285821 -0.015651023 0.003504521 0.996479690
1341846329.641955 0.061421886 0.128483623 0.140939236 0.081469327 -0.019941319 0.006290819 0.996456444
1341846329.681570 0.060075425 0.114924565 0.142312467 0.080164529 -0.022885980 0.006844099 0.996495366
1341846329.748113 0.075303003 0.116802506 0.142506525 0.083798438 -0.024920860 0.004483434 0.996160984
1341846329.810175 0.064157732 0.077071801 0.140020356 0.078812189 -0.019912878 0.009273284 0.996647418
1341846329.842255 0.064428292 0.062261373 0.140477657 0.079316489 -0.019960241 0.012447428 0.996571898
1341846329.874044 0.064356267 0.058426231 0.141584530 0.081526898 -0.020264897 0.016331190 0.996331275
1341846329.910073 0.058778204 0.064681381 0.136503220 0.082632393 -0.019764613 0.018741978 0.996207833
1341846329.942009 0.055853553 0.069335423 0.133676782 0.078800872 -0.020183319 0.022971351 0.996421337
1341846329.978087 0.053438965 0.045942355 0.134885713 0.076567605 -0.020138301 0.022400077 0.996609330
1341846330.016305 0.054989800 0.051234584 0.126499966 0.078636281 -0.018829610 0.021948421 0.996483862
1341846330.048192 0.047647264 0.057197049 0.125294149 0.075164914 -0.016863229 0.021862814 0.996788800
1341846330.080418 0.055213630 0.034599066 0.124938302 0.069462344 -0.018096723 0.023596896 0.997141302
1341846330.115886 0.055136178 0.018946636 0.123948008 0.072153963 -0.016506704 0.025114147 0.996940613
1341846330.147839 0.051192909 0.036736507 0.121923663 0.075391077 -0.016472103 0.027669307 0.996634007
1341846330.181257 0.058150701 0.053198852 0.122283220 0.072449572 -0.018138949 0.030371860 0.996744514
1341846330.215852 0.051142119 0.031274088 0.123525247 0.064236246 -0.015824484 0.029400343 0.997376025
1341846330.247833 0.040787332 0.030376887 0.123931758 0.062794037 -0.014279636 0.027691744 0.997540057
1341846330.283913 0.044589881 0.029123239 0.119149767 0.058686595 -0.015408432 0.028544592 0.997749329
1341846330.316011 0.040055890 0.020013746 0.119342141 0.051923163 -0.015782479 0.028121250 0.998130322
1341846330.347868 0.038212236 0.007549530 0.115074448 0.048606440 -0.017341306 0.027038462 0.998301387
1341846330.383835 0.046840038 0.005596525 0.121014364 0.047090121 -0.018861795 0.027570130 0.998331964
1341846330.415934 0.041745685 -0.004391578 0.117258489 0.046807297 -0.017297897 0.025170045 0.998436987
1341846330.452561 0.048073769 -0.010504460 0.115799457 0.048532899 -0.019041495 0.026703035 0.998283029
1341846330.483903 0.027659627 -0.011409999 0.109303951 0.048582952 -0.018304858 0.025296940 0.998331010
1341846330.515970 0.035046674 -0.007332390 0.112852402 0.048085004 -0.021773661 0.030405836 0.998142898
1341846330.552099 0.038022444 -0.012283400 0.111238606 0.049345825 -0.023346575 0.032294009 0.997986495
1341846330.583876 0.032922253 -0.000425178 0.107394934 0.049620844 -0.023117740 0.032756496 0.997963130
1341846330.619992 0.027162693 0.010193891 0.100258760 0.045959238 -0.024024980 0.032532092 0.998124361
1341846330.652136 0.030215183 0.000358133 0.102500491 0.038844284 -0.025978342 0.031046495 0.998424947
1341846330.683796 0.027100256 -0.007800512 0.101533026 0.033818476 -0.025506817 0.030257206 0.998644233
1341846330.719991 0.017698847 -0.020458907 0.089672349 0.030376565 -0.026717054 0.031347837 0.998689532
1341846330.752103 0.013404943 -0.037368044 0.089251533 0.030651730 -0.030379925 0.034535822 0.998471260
1341846330.787952 0.006794397 -0.017966639 0.082986951 0.033643045 -0.035166278 0.038156211 0.998085976
1341846330.819823 0.006664339 -0.015781630 0.090056479 0.034119967 -0.039535295 0.037628613 0.997926295
1341846330.852208 0.008446126 -0.002202300 0.096005201 0.034780841 -0.041688420 0.040187400 0.997716069
1341846330.914111 0.016575871 0.013434727 0.075336874 0.026854606 -0.046349362 0.040076170 0.997759759
1341846330.949903 -0.007274161 -0.003404565 0.085189834 0.022489134 -0.044572100 0.038288370 0.998018861
1341846330.981986 -0.007866224 -0.009373038 0.071234420 0.022037061 -0.049543209 0.039886523 0.997731924
1341846331.014111 0.009300685 0.004117547 0.069549829 0.023607915 -0.055956412 0.041912563 0.997273684
1341846331.082139 0.008337397 0.002014936 0.065269165 0.025458092 -0.058889136 0.038547397 0.997195065
1341846331.114334 0.008130507 0.007568456 0.061579749 0.025704298 -0.061308954 0.037777811 0.997072399
1341846331.149989 0.007905114 -0.002727971 0.066070810 0.025348518 -0.061899766 0.036267187 0.997101068
1341846331.181954 -0.000183485 -0.000739236 0.058484599 0.028824508 -0.061208285 0.034695752 0.997105241
1341846331.218151 -0.005326699 0.015104607 0.053135905 0.029564489 -0.064243302 0.036351793 0.996833622
1341846331.249914 0.008992691 0.007060066 0.061240919 0.026815875 -0.067195155 0.035107203 0.996761322
1341846331.318141 0.010567282 0.010039121 0.063068807 0.037648078 -0.057116527 0.030617222 0.997187495
1341846331.349926 0.014992712 0.013731454 0.065813415 0.037152462 -0.054685671 0.028995069 0.997390807
1341846331.382003 0.021989886 0.009708161 0.052732065 0.040274914 -0.048147235 0.026756350 0.997669220
1341846331.418008 0.027164971 0.002842670 0.076350793 0.046077479 -0.038485743 0.028478967 0.997789860
1341846331.450327 0.023333086 0.009188848 0.088723078 0.048173055 -0.033616241 0.028252212 0.997873306
1341846331.486219 0.015308999 0.014470464 0.088754095 0.048563648 -0.030899789 0.029265009 0.997913003
1341846331.518344 0.028766507 0.012002544 0.092482552 0.047110625 -0.031215925 0.027896672 0.998011947
1341846331.550202 0.029374370 0.004368010 0.101075761 0.049030274 -0.026247310 0.026361143 0.998104274
1341846331.586139 0.024902819 0.023676977 0.110991329 0.052752171 -0.024917757 0.027822804 0.997908890
1341846331.617931 0.035005108 0.027585182 0.116016105 0.052124023 -0.025970513 0.028364150 0.997899830
1341846331.654027 0.044602551 0.015566067 0.120626926 0.051562056 -0.024186382 0.028664799 0.997965276
1341846331.686123 0.025073387 0.008927842 0.120393626 0.051185723 -0.018846462 0.030725302 0.998038471
1341846331.717954 0.021978633 0.047120109 0.138574868 0.053642675 -0.020262254 0.029974863 0.997904480
1341846331.754076 0.032581624 0.005334203 0.137104943 0.045552842 -0.020061500 0.029451510 0.998326123
1341846331.785920 0.032154486 0.005229957 0.149023488 0.048647415 -0.017121993 0.027974416 0.998277366
1341846331.818053 0.035324410 0.039841756 0.165667996 0.053952441 -0.016825520 0.028899020 0.997983396
1341846331.853849 0.025859972 0.010941753 0.170206815 0.048396718 -0.014376059 0.027471241 0.998346865
1341846331.885987 0.045208152 0.016845185 0.181458026 0.052388780 -0.014109255 0.027423978 0.998150408
1341846331.922014 0.042640664 0.027689271 0.194037393 0.055302195 -0.010654946 0.026312668 0.998066008
1341846331.954037 0.047367238 0.026478035 0.201516062 0.055050466 -0.008213733 0.027206279 0.998079062
1341846331.986135 0.062622212 0.014364840 0.207725421 0.056374751 -0.004000456 0.028926730 0.997982502
1341846332.022364 0.041992527 0.007570419 0.226319283 0.062947318 0.002875555 0.028484916 0.997606158
1341846332.054175 0.038195234 0.008427139 0.235296935 0.068467356 0.003011086 0.031150781 0.997162402
1341846332.086502 0.043460369 0.015699036 0.251839221 0.071996421 0.002394763 0.032824725 0.996861756
1341846332.122051 0.039093450 0.022228763 0.268297046 0.074382775 0.003924359 0.031531621 0.996723473
1341846332.153983 0.035842106 0.037935879 0.277891427 0.073690332 0.003558462 0.029248316 0.996845841
1341846332.190165 0.030280255 0.039929036 0.291841000 0.068010770 0.002579889 0.026727647 0.997323215
1341846332.254145 0.034313988 0.015926715 0.323359162 0.066151023 0.002036462 0.025510883 0.997481406
1341846332.289948 0.032998983 0.023328930 0.331151873 0.068607025 0.001582119 0.028065041 0.997247696
1341846332.322172 0.037142515 0.021701753 0.343669444 0.069140531 0.000605052 0.030020479 0.997154951
1341846332.354003 0.036996901 0.017209768 0.348414361 0.071706876 0.003287119 0.026292145 0.997073770
1341846332.390180 0.040531054 0.033708166 0.360553324 0.074592151 0.007100997 0.023595631 0.996909678
1341846332.422055 0.037118010 0.040585101 0.374862432 0.073464952 0.009780222 0.020109905 0.997047067
1341846332.458114 0.043075874 0.032637849 0.383153886 0.072225593 0.011670837 0.015887020 0.997193456
1341846332.489993 0.030177336 0.033133201 0.393035144 0.072539687 0.014907150 0.017746465 0.997096181
1341846332.522130 0.015309811 0.036911342 0.404395193 0.072095729 0.012763383 0.022578722 0.997060418
1341846332.558114 0.025689922 0.031833388 0.416014761 0.071731187 0.006025634 0.030443802 0.996941090
1341846332.589874 0.035243899 0.044283856 0.419633716 0.072442271 0.002406655 0.034446403 0.996774673
1341846332.621889 0.036091838 0.050366029 0.427359134 0.068511747 0.002556952 0.035366058 0.997020006
1341846332.658202 0.044263914 0.046994053 0.443709761 0.064614274 0.002254952 0.034413155 0.997314215
1341846332.690001 0.041281287 0.048422433 0.447292328 0.062499728 0.003773488 0.035200883 0.997416854
1341846332.726000 0.040310346 0.046929695 0.472286701 0.061488088 0.002464648 0.039220769 0.997333884
1341846332.758386 0.046381503 0.053074684 0.482853770 0.062879004 -0.000491014 0.040159848 0.997212708
1341846332.789937 0.055260532 0.062819213 0.491347134 0.062943719 -0.000233200 0.038101196 0.997289479
1341846332.825925 0.053633690 0.062122554 0.503155112 0.060573928 0.002688178 0.036213078 0.997502983
1341846332.857898 0.056391507 0.061605047 0.513596952 0.061675977 0.003840143 0.035624489 0.997452855
1341846332.894069 0.058015555 0.072924376 0.523747206 0.062156461 0.003517939 0.036900360 0.997377813
1341846332.926029 0.062472090 0.074679792 0.526770473 0.058394235 0.003834246 0.034578804 0.997687161
1341846332.958015 0.064694516 0.077836514 0.537454247 0.055920862 0.006270241 0.031277910 0.997925460
1341846332.994073 0.065950751 0.082462192 0.549338579 0.053453587 0.007460106 0.030043576 0.998090386
1341846333.026545 0.073293157 0.081436545 0.552582085 0.050571255 0.007969501 0.027680919 0.998304963
1341846333.057998 0.081031695 0.080566116 0.561684728 0.049262900 0.009651193 0.027916277 0.998348951
1341846333.094024 0.079408467 0.075453296 0.569307506 0.049116105 0.011470853 0.034488261 0.998131573
1341846333.126095 0.084142074 0.080022611 0.573274314 0.049782678 0.012696181 0.036062695 0.998028040
1341846333.161973 0.088881522 0.087613329 0.577312708 0.049345482 0.015117480 0.037700936 0.997955441
1341846333.195660 0.088455901 0.086576410 0.587287366 0.046277259 0.017476488 0.038391672 0.998037636
1341846333.226331 0.092964530 0.084217086 0.588921249 0.044235595 0.017376976 0.037806001 0.998154283
1341846333.262056 0.084600739 0.096031219 0.594884038 0.042355243 0.019576853 0.035346504 0.998285234
1341846333.294147 0.092098624 0.089187652 0.602124870 0.038170591 0.018478476 0.035721563 0.998461604
1341846333.326100 0.095357254 0.089667618 0.604986370 0.036391679 0.016796289 0.033801042 0.998624563
1341846333.362100 0.102561995 0.107418254 0.609582067 0.035393778 0.014924935 0.033194900 0.998710454
1341846333.394119 0.084741414 0.093138687 0.613721788 0.029555451 0.017511645 0.030937739 0.998930752
1341846333.429974 0.103774630 0.104448378 0.621183157 0.031215129 0.012469738 0.033054620 0.998888135
1341846333.462115 0.111475505 0.095050037 0.610601902 0.029824819 0.010953984 0.032651432 0.998961627
1341846333.494040 0.106022015 0.094342202 0.614696503 0.030443644 0.013624425 0.029025652 0.999022067
1341846333.529953 0.109594397 0.095345557 0.614908159 0.031581953 0.014441382 0.028700596 0.998984635
1341846333.562063 0.107940905 0.095813394 0.617905438 0.032117531 0.016870651 0.030268792 0.998883188
1341846333.594090 0.100255921 0.103816204 0.619022250 0.031793509 0.017052889 0.031367607 0.998856604
1341846333.629994 0.103829198 0.108406588 0.618950129 0.028702557 0.013717124 0.030560177 0.999026537
1341846333.662127 0.104016215 0.107558027 0.615387678 0.025693884 0.012710703 0.029923543 0.999141037
1341846333.697964 0.107816182 0.098279506 0.615298748 0.022825239 0.012244417 0.030680774 0.999193549
1341846333.730092 0.103301629 0.095737718 0.611718774 0.025011158 0.013436209 0.031418487 0.999103010
1341846333.762089 0.104268119 0.099131376 0.609188914 0.027217619 0.013772021 0.033109553 0.998986125
1341846333.798006 0.101824261 0.095375024 0.605097532 0.028299203 0.014680668 0.032250229 0.998971224
1341846333.830055 0.103627473 0.095697463 0.598393500 0.030771514 0.015747810 0.030553037 0.998935223
1341846333.866045 0.098708995 0.097745433 0.595723927 0.032271143 0.017568363 0.029292379 0.998895288
1341846333.897987 0.093970843 0.091663256 0.590517700 0.033084609 0.018206408 0.028139178 0.998890460
1341846333.930099 0.097260788 0.087091222 0.584983945 0.035505064 0.018383052 0.026946433 0.998836994
1341846333.965889 0.093038887 0.088278458 0.579601467 0.037910726 0.019854998 0.027036341 0.998717964
1341846333.997985 0.096303098 0.085239835 0.574142694 0.040381808 0.020190062 0.026558846 0.998627186
1341846334.030076 0.089604795 0.088119388 0.566374660 0.043890454 0.022080420 0.027726341 0.998407364
1341846334.066000 0.084112130 0.085717849 0.559189379 0.045343205 0.022425896 0.028986217 0.998298943
1341846334.097932 0.088826753 0.086857989 0.552669048 0.047512215 0.021503193 0.028801365 0.998223782
1341846334.133884 0.082843691 0.084692337 0.547126293 0.048478898 0.023029983 0.029470529 0.998123646
1341846334.166115 0.073473476 0.084733874 0.540242970 0.048879500 0.022663837 0.029878592 0.998100400
1341846334.198072 0.070248649 0.083960980 0.528714597 0.049459677 0.021527385 0.028483830 0.998137772
1341846334.234097 0.071592681 0.087001570 0.524399579 0.050224680 0.021713031 0.027291911 0.998128831
1341846334.266045 0.064002343 0.082486764 0.518483162 0.049812939 0.024015933 0.027699737 0.998085499
1341846334.297946 0.063152403 0.076537654 0.505643547 0.049789723 0.021584772 0.029914577 0.998078287
1341846334.334036 0.061095845 0.079084828 0.500852704 0.050465941 0.020036811 0.030223886 0.998067260
1341846334.365871 0.065637939 0.081511393 0.489320457 0.050193258 0.019252960 0.028641108 0.998143137
1341846334.401845 0.060468189 0.077987298 0.481525958 0.048141882 0.020615365 0.028019061 0.998234570
1341846334.433864 0.050540984 0.075143158 0.474074632 0.048180845 0.020522764 0.028320635 0.998226106
1341846334.466105 0.050236583 0.078736469 0.466834247 0.049015034 0.018745692 0.029147500 0.998196661
1341846334.502142 0.045351654 0.079927772 0.459298790 0.047876395 0.017625064 0.030068664 0.998245001
1341846334.540153 0.043823890 0.077503681 0.449163169 0.047136225 0.016431700 0.029049436 0.998330772
1341846334.602351 0.034074362 0.090175159 0.440619498 0.044190984 0.012817972 0.022951474 0.998677135
1341846334.670161 0.026983298 0.089965969 0.427464306 0.039445527 0.010760858 0.015848925 0.999038041
1341846334.702085 0.025952715 0.082622394 0.420444578 0.037291821 0.008215600 0.016750829 0.999130249
1341846334.734751 0.022676071 0.084364578 0.412001908 0.037753165 0.005877522 0.018361498 0.999101102
1341846334.770889 0.019426472 0.080850750 0.402705282 0.037292171 0.004196429 0.021113666 0.999072492
1341846334.802194 0.015257186 0.083426148 0.387904376 0.037055124 0.001930704 0.021624092 0.999077320
1341846334.833908 0.009606175 0.082861267 0.377830893 0.036708482 0.001119718 0.019349979 0.999138057
1341846334.869874 0.005711750 0.084149078 0.368181050 0.035254661 0.001107272 0.019354846 0.999190331
1341846334.902006 -0.000823074 0.081746928 0.359221220 0.033142425 -0.000220363 0.020027991 0.999249876
1341846334.938010 -0.000210370 0.079853058 0.349918157 0.032433499 -0.004000108 0.020131027 0.999263108
1341846334.970032 -0.000497357 0.075701624 0.338788897 0.031919636 -0.004308627 0.017353497 0.999330521
1341846335.002203 -0.006395490 0.070031926 0.330224693 0.033011328 -0.003611137 0.018758822 0.999272406
1341846335.037880 -0.009400743 0.078293115 0.315586507 0.036330618 -0.007034791 0.022998201 0.999050379
1341846335.069990 -0.011447376 0.078114718 0.304757148 0.036347140 -0.009154992 0.020834636 0.999080122
1341846335.106038 -0.004779519 0.080442719 0.300588816 0.037307050 -0.009262006 0.020196417 0.999056816
1341846335.138045 -0.013223035 0.076346271 0.291311651 0.038621429 -0.007343832 0.019897522 0.999028802
1341846335.169900 -0.011365067 0.081347585 0.269064695 0.038756572 -0.010529934 0.020604242 0.998980701
1341846335.206091 -0.017542487 0.077015027 0.264553070 0.037564877 -0.011590983 0.016306365 0.999093950
1341846335.239365 -0.014731744 0.071388468 0.255444020 0.037323456 -0.010624084 0.012940913 0.999162972
1341846335.269948 -0.022155829 0.070839942 0.246700630 0.038773932 -0.008718237 0.012132719 0.999136329
1341846335.305972 -0.021425724 0.072342917 0.237424001 0.040772188 -0.011121439 0.015075671 0.998992801
1341846335.338012 -0.018874118 0.072036758 0.230312526 0.042340267 -0.012680515 0.016432863 0.998887599
1341846335.374005 -0.012544835 0.060527958 0.218904987 0.045788746 -0.011424700 0.016533675 0.998748958
1341846335.406025 -0.014283274 0.064293019 0.211436227 0.053012736 -0.008995389 0.019145552 0.998369753
1341846335.438079 -0.018845154 0.071911328 0.198476881 0.058392208 -0.007817449 0.022551637 0.998008311
1341846335.473998 -0.014936441 0.076682597 0.185405150 0.060700484 -0.006572153 0.023803994 0.997850478
1341846335.507038 -0.021015579 0.080464758 0.175319910 0.061798986 -0.003126144 0.020214425 0.997879028
1341846335.538040 -0.028726863 0.084725671 0.168155566 0.061250463 -0.000174469 0.018144270 0.997957528
1341846335.574119 -0.029185675 0.092695750 0.158635929 0.059778851 -0.001245398 0.020440876 0.998001575
1341846335.605970 -0.028207485 0.085161485 0.147415951 0.057695098 -0.002130314 0.019429419 0.998142898
1341846335.641978 -0.022915600 0.088093944 0.135463461 0.059024237 -0.001508507 0.017398475 0.998103797
1341846335.673993 -0.028465755 0.086671270 0.124324366 0.058378410 -0.000441986 0.017039774 0.998149037
1341846335.706178 -0.032509964 0.088947788 0.114011474 0.058054265 -0.001715635 0.018441657 0.998141587
1341846335.741982 -0.028501207 0.090130016 0.105326027 0.058833603 -0.002428808 0.017726516 0.998107433
1341846335.773960 -0.030987145 0.091691256 0.093097270 0.058672272 -0.001833693 0.017443180 0.998123229
1341846335.806271 -0.031546678 0.099529482 0.071790315 0.057546251 -0.002317397 0.015782522 0.998215437
1341846335.842031 -0.033522043 0.096189216 0.080754340 0.055131953 -0.001405929 0.017079040 0.998332024
1341846335.873966 -0.033769488 0.095164783 0.070558600 0.056057759 0.000024888 0.016408281 0.998292685
1341846335.910005 -0.038471594 0.096658401 0.041668780 0.055549372 0.000431142 0.017267106 0.998306513
1341846335.941936 -0.040194049 0.097310051 0.029471945 0.054491702 -0.001689883 0.017836085 0.998353481
1341846335.974198 -0.041173041 0.095997036 0.020816529 0.054302845 -0.002441921 0.015588108 0.998399854
1341846336.010032 -0.044328496 0.098082289 0.011874033 0.054105476 -0.002333877 0.014342232 0.998429477
1341846336.042129 -0.048172064 0.099601723 -0.002080449 0.053286087 -0.003610470 0.014949477 0.998460889
1341846336.078076 -0.050250482 0.096784361 -0.008232958 0.053212117 -0.005370384 0.013931306 0.998471618
1341846336.110739 -0.051303089 0.100080557 -0.008006396 0.054112192 -0.005716313 0.012519060 0.998440027
1341846336.142002 -0.056255084 0.098528393 -0.027294708 0.053385157 -0.005507390 0.013983002 0.998460889
1341846336.183953 -0.060651541 0.101934530 -0.042186201 0.053106308 -0.007910005 0.014877419 0.998446703
1341846336.241891 -0.060865283 0.102993906 -0.046345755 0.051474359 -0.008820558 0.013921662 0.998538315
1341846336.277946 -0.067688532 0.097924642 -0.056484565 0.051366467 -0.008156001 0.016264416 0.998514056
1341846336.309977 -0.063996494 0.097219802 -0.076183021 0.053823221 -0.011107877 0.018960783 0.998308659
1341846336.346143 -0.040964767 0.106720589 -0.116022475 0.055288807 -0.014270880 0.022846691 0.998106956
1341846336.377975 -0.067558832 0.101288013 -0.089122847 0.056674641 -0.011954172 0.019389180 0.998132825
1341846336.410032 -0.072155878 0.103649959 -0.099114634 0.057452247 -0.011045489 0.019792454 0.998090923
1341846336.446041 -0.074707285 0.107930943 -0.104674652 0.057375714 -0.011615725 0.019817669 0.998088360
1341846336.477990 -0.074300662 0.106129907 -0.110558718 0.056084815 -0.011789399 0.019708354 0.998161852
1341846336.510056 -0.076073989 0.106873728 -0.114530273 0.056639127 -0.011135236 0.020346334 0.998125255
1341846336.546024 -0.077086821 0.105959795 -0.119827770 0.057412460 -0.011181784 0.022168923 0.998041749
1341846336.578003 -0.078148924 0.112201147 -0.133276328 0.057169441 -0.011726161 0.024098771 0.998004735
1341846336.614020 -0.077477455 0.114746377 -0.132169053 0.056920070 -0.011081789 0.022532554 0.998062909
1341846336.645982 -0.081770219 0.118642598 -0.142538324 0.055940568 -0.009489080 0.022404807 0.998137593
1341846336.678036 -0.082444213 0.112826884 -0.149644420 0.053433135 -0.011835118 0.024099993 0.998210371
1341846336.714024 -0.089085430 0.106998861 -0.146185622 0.054959383 -0.013400435 0.023105588 0.998131275
1341846336.746016 -0.099875852 0.104605339 -0.154742047 0.058516733 -0.014712488 0.025259731 0.997858346
1341846336.778014 -0.070797339 0.107020184 -0.184665367 0.059442740 -0.021994673 0.033754319 0.997418344
1341846336.820006 -0.036460668 0.105624177 -0.213232771 0.058439426 -0.029286947 0.039507139 0.997078896
1341846336.882056 0.139951900 0.102396607 -0.183268160 0.059357520 -0.060346320 0.039267022 0.995637059
1341846336.914273 0.213495538 0.100669235 -0.163513571 0.061094269 -0.077914119 0.044959880 0.994070172
1341846336.945998 0.276609957 0.125015900 -0.170239300 0.071754076 -0.093136884 0.044293977 0.992076039
1341846336.981980 0.336330473 0.153908312 -0.179170310 0.077944435 -0.105318166 0.040354401 0.990557551
1341846337.014238 0.400859147 0.175963819 -0.168514103 0.078530207 -0.118111059 0.037217844 0.989190400
1341846337.046017 0.462947994 0.184239805 -0.134399325 0.078496762 -0.130812004 0.033083647 0.987740815
1341846337.082104 0.519171655 0.198348001 -0.120621547 0.080632702 -0.139974922 0.028675683 0.986449718
1341846337.114317 0.557390630 0.193157524 -0.114332840 0.078135975 -0.147737965 0.027490014 0.985551894
1341846337.150037 0.579138577 0.192797422 -0.109259278 0.076531388 -0.152638465 0.025988212 0.984971583
1341846337.181873 0.586024940 0.192792296 -0.101801425 0.076603271 -0.153216749 0.022378109 0.984964848
1341846337.214073 0.585169613 0.196312174 -0.116635263 0.074389517 -0.151330754 0.020096030 0.985475183
1341846337.250087 0.562428474 0.188038066 -0.129006296 0.070699781 -0.150210559 0.021404726 0.985890567
1341846337.282028 0.582449973 0.187608600 -0.120774969 0.071441457 -0.157197341 0.025528291 0.984648883
1341846337.317920 0.588150740 0.193681479 -0.117115945 0.071887076 -0.159134686 0.025356930 0.984309614
1341846337.350018 0.580466270 0.199020788 -0.129365027 0.070663489 -0.157388732 0.024749069 0.984694302
1341846337.382159 0.585099995 0.192958474 -0.119807154 0.067776449 -0.157982424 0.022896893 0.984847009
1341846337.417941 0.590885222 0.190818742 -0.120091349 0.068370342 -0.158193424 0.024011943 0.984745502
1341846337.450137 0.593545020 0.193612680 -0.128816396 0.068836488 -0.160036996 0.024955349 0.984391630
1341846337.482096 0.591395617 0.192202434 -0.127613023 0.067058042 -0.160170496 0.025512114 0.984478414
1341846337.518008 0.585430324 0.191059828 -0.119197130 0.068222255 -0.160013050 0.025333809 0.984428644
1341846337.549978 0.589630365 0.199138373 -0.130007371 0.069270015 -0.160921216 0.023632716 0.984249711
1341846337.585971 0.589568913 0.194526076 -0.128697976 0.066286318 -0.161188290 0.022108624 0.984446883
1341846337.617903 0.585243106 0.186738387 -0.118790686 0.066915601 -0.161688343 0.022744088 0.984307826
1341846337.650141 0.591972768 0.195212737 -0.123677000 0.070185803 -0.162459120 0.022411017 0.983960748
1341846337.686352 0.592756033 0.200265825 -0.129403979 0.068562649 -0.162249804 0.022899026 0.984098434
1341846337.718002 0.594175935 0.197829753 -0.121917248 0.066697627 -0.161964431 0.022433769 0.984284341
1341846337.749920 0.595234752 0.200377792 -0.115019754 0.066952422 -0.160224035 0.021459792 0.984573543
1341846337.786157 0.594692886 0.202452973 -0.117967963 0.063837297 -0.157198966 0.020898614 0.985279918
1341846337.817945 0.594491601 0.197046086 -0.110348970 0.060937878 -0.155442432 0.022561068 0.985705435
1341846337.854071 0.595756173 0.201612905 -0.112657517 0.060146313 -0.152233854 0.021595994 0.986276269
1341846337.885951 0.594675422 0.203984022 -0.113710731 0.057371877 -0.149633229 0.019350834 0.986885965
1341846337.918223 0.591746211 0.205245316 -0.110192895 0.053704415 -0.147919938 0.015967479 0.987411022
1341846337.954120 0.586358845 0.201414585 -0.106515676 0.051354531 -0.146277145 0.015604265 0.987786531
1341846337.985994 0.597331882 0.208949789 -0.098566785 0.048992153 -0.146316886 0.015241360 0.987906277
1341846338.018107 0.598527014 0.205112129 -0.088461354 0.045264907 -0.145065144 0.016078632 0.988255382
1341846338.054055 0.601443827 0.209229589 -0.088230938 0.043385509 -0.143710107 0.014895069 0.988556147
1341846338.085986 0.600694299 0.206850752 -0.079274684 0.039786261 -0.140613303 0.014062176 0.989164889
1341846338.121875 0.599314034 0.204113930 -0.070408270 0.037642680 -0.138380364 0.015910860 0.989535630
1341846338.154089 0.597075641 0.203622594 -0.066957369 0.036389548 -0.137858257 0.019189086 0.989597261
1341846338.186029 0.608814001 0.197425365 -0.055266187 0.033816755 -0.139603436 0.022028819 0.989384651
1341846338.222071 0.599440336 0.208927125 -0.047171891 0.034113403 -0.137442350 0.020725893 0.989705145
1341846338.254107 0.595218658 0.214780182 -0.034146503 0.033487085 -0.135492921 0.021253368 0.989984155
1341846338.290130 0.600184500 0.203025460 -0.026407585 0.032300547 -0.136172876 0.023338851 0.989883304
1341846338.321952 0.603395700 0.207350731 -0.019795746 0.032359548 -0.135776356 0.025296409 0.989887714
1341846338.354022 0.599903345 0.206530467 -0.007539406 0.031760510 -0.134937629 0.025303189 0.990021646
1341846338.389969 0.605159521 0.209875673 0.001357913 0.031214034 -0.135055766 0.026162749 0.990000546
1341846338.422377 0.597668886 0.207382143 0.009654671 0.029392291 -0.133646131 0.025551954 0.990263581
1341846338.454010 0.601276278 0.207653284 0.019792795 0.028657557 -0.134862095 0.024169283 0.990154922
1341846338.489894 0.598461747 0.203458428 0.033213824 0.026275268 -0.135287195 0.025350207 0.990133524
1341846338.522066 0.598054230 0.211300313 0.042583674 0.028028928 -0.134761006 0.024444055 0.990179956
1341846338.558058 0.596533477 0.216882184 0.046056397 0.027559193 -0.134892568 0.023766670 0.990191698
1341846338.589842 0.592114151 0.218449503 0.050134100 0.026358461 -0.134418830 0.022237990 0.990324378
1341846338.622019 0.589470625 0.215818733 0.066301376 0.026759954 -0.133139476 0.023643680 0.990453839
1341846338.657984 0.591537833 0.219139978 0.072355419 0.026665838 -0.133919954 0.026248863 0.990285456
1341846338.690198 0.595440209 0.223010793 0.084048346 0.024999265 -0.135108024 0.025659507 0.990183055
1341846338.722454 0.595656514 0.222032592 0.096568413 0.024995402 -0.134065017 0.025209298 0.990336478
1341846338.757945 0.592340112 0.223855332 0.099429250 0.024370817 -0.134029999 0.027374612 0.990299284
1341846338.790039 0.591912210 0.225427747 0.114778519 0.022826411 -0.136228815 0.027509011 0.990032315
1341846338.826048 0.597950816 0.220122680 0.130248070 0.022694020 -0.135991901 0.026190573 0.990103662
1341846338.858027 0.593537509 0.227698371 0.133657157 0.023037456 -0.134135932 0.025321756 0.990371466
1341846338.889902 0.589350939 0.226058736 0.150602028 0.020493899 -0.134781837 0.024892733 0.990350544
1341846338.925948 0.591488063 0.220452756 0.161239117 0.019540541 -0.133927181 0.022236554 0.990548968
1341846338.958108 0.596001565 0.218677685 0.169721454 0.019668346 -0.132979602 0.022272516 0.990673244
1341846338.990057 0.596080005 0.219246566 0.180452302 0.020640012 -0.133179888 0.022722419 0.990616381
1341846339.025928 0.594705880 0.217762142 0.196043760 0.022176838 -0.132062301 0.023417920 0.990716577
1341846339.057939 0.591559410 0.223292857 0.202534959 0.025628865 -0.129136264 0.022477135 0.991040766
1341846339.093927 0.586456418 0.222674713 0.204572737 0.023426143 -0.129318655 0.025072506 0.991009176
1341846339.126562 0.591577470 0.224685520 0.218923092 0.020084813 -0.130802482 0.023246292 0.990932345
1341846339.157969 0.597235620 0.230015054 0.230841994 0.019275231 -0.128910080 0.020925304 0.991248071
1341846339.194113 0.593030334 0.231525689 0.242561743 0.016916890 -0.128209829 0.023050230 0.991334796
1341846339.228165 0.594242513 0.230222568 0.245830804 0.012417220 -0.130318657 0.025701551 0.991061211
1341846339.257998 0.597234547 0.237967104 0.268259704 0.011861715 -0.129793510 0.023885122 0.991182327
1341846339.294132 0.596809685 0.237404615 0.273945332 0.011065159 -0.127462387 0.026030913 0.991439998
1341846339.326577 0.596445918 0.239842027 0.275844544 0.006346675 -0.129573137 0.029770190 0.991102517
1341846339.362269 0.603173554 0.235587552 0.286847830 0.002463057 -0.132297695 0.025348889 0.990882754
1341846339.394725 0.603313208 0.234135360 0.301668406 0.001153194 -0.130562544 0.025277385 0.991117120
1341846339.462186 0.600888371 0.243247777 0.324956566 -0.000673064 -0.131121382 0.023719814 0.991082311
1341846339.496743 0.610841632 0.237336144 0.339115590 0.001406950 -0.128625736 0.022499410 0.991436958
1341846339.562052 0.609532833 0.227661207 0.350716531 0.000776265 -0.125852048 0.026280612 0.991700530
1341846339.595122 0.610770345 0.236869976 0.366057992 0.004668931 -0.125097260 0.024273589 0.991836488
1341846339.632085 0.614963830 0.244690955 0.375538409 0.007358767 -0.121735327 0.022294104 0.992284894
1341846339.664568 0.613003254 0.245802984 0.380904287 0.008421693 -0.118680909 0.019520279 0.992704809
1341846339.698896 0.614797592 0.233023107 0.395526350 0.006143362 -0.118461616 0.020346045 0.992731154
1341846339.731977 0.618980944 0.233950078 0.403787822 0.007036303 -0.118107647 0.017908655 0.992814362
1341846339.762241 0.618864357 0.231668562 0.413005143 0.007103820 -0.116603456 0.017928777 0.992991328
1341846339.797873 0.620383561 0.229049131 0.419005513 0.006568458 -0.116448998 0.019105244 0.992991149
1341846339.830245 0.623786867 0.229856476 0.427119851 0.006612941 -0.117376663 0.019259943 0.992878675
1341846339.862015 0.623922408 0.231273025 0.428873003 0.006477932 -0.116839215 0.018615637 0.992955208
1341846339.897797 0.629318833 0.227605686 0.444868386 0.004941081 -0.116704881 0.018353501 0.992984772
1341846339.929916 0.632391572 0.215971857 0.453303725 0.002404053 -0.116372019 0.021609675 0.992967665
1341846339.961960 0.630063415 0.215755880 0.461235791 0.004046530 -0.116366811 0.021719184 0.992960572
1341846339.997845 0.632943749 0.220410064 0.465156436 0.006033887 -0.115383573 0.022016097 0.993058622
1341846340.029925 0.631276965 0.219382763 0.473433763 0.007045643 -0.112574957 0.022923848 0.993353784
1341846340.066044 0.632701993 0.218717858 0.480792820 0.008997249 -0.111558102 0.024250649 0.993421257
1341846340.098009 0.636578977 0.216441855 0.482737005 0.008593500 -0.111811399 0.026663925 0.993334472
1341846340.130102 0.639136434 0.217686817 0.495900244 0.008712052 -0.112378493 0.025047962 0.993311524
1341846340.166041 0.641737223 0.220188171 0.507441342 0.010856536 -0.110251099 0.022332534 0.993593514
1341846340.197867 0.638124108 0.218305662 0.513202131 0.011398312 -0.107334062 0.023271412 0.993885279
1341846340.229904 0.635398746 0.224363521 0.517340541 0.011134935 -0.106891148 0.022729028 0.993948579
1341846340.265859 0.641750813 0.218409121 0.523955762 0.010079470 -0.106699601 0.021784676 0.994001508
1341846340.298061 0.636209369 0.220136136 0.528261065 0.012335348 -0.103152208 0.022296809 0.994339168
1341846340.334063 0.634257257 0.222129732 0.540064752 0.011082697 -0.104569383 0.024778729 0.994147062
1341846340.366064 0.642202497 0.215931088 0.550087214 0.008914006 -0.107585020 0.024197010 0.993861437
1341846340.397995 0.640656710 0.217483163 0.551780522 0.011346897 -0.106399760 0.023712456 0.993975878
1341846340.433895 0.636731982 0.219956458 0.558776557 0.012329672 -0.105952293 0.024585577 0.993990779
1341846340.465959 0.639356136 0.208558664 0.555183053 0.010367505 -0.108423002 0.026806047 0.993689299
1341846340.501858 0.648015141 0.213412270 0.558499396 0.012103791 -0.112762548 0.026535103 0.993193805
1341846340.534329 0.643502235 0.215188846 0.558840096 0.012982256 -0.112663060 0.025185591 0.993229210
1341846340.566041 0.645440280 0.210926607 0.560359895 0.013623401 -0.113416642 0.026703272 0.993095160
1341846340.601909 0.651182652 0.207693562 0.561542511 0.015360332 -0.114390232 0.027103597 0.992947280
1341846340.634005 0.655975044 0.206262723 0.553120494 0.015640397 -0.114880942 0.025449742 0.992930055
1341846340.666028 0.660327077 0.205785900 0.558021128 0.015758248 -0.115061305 0.023604175 0.992952883
1341846340.701946 0.674897492 0.215906307 0.558184743 0.020310663 -0.115949430 0.022259515 0.992797911
1341846340.733954 0.675866127 0.219217926 0.557878733 0.021884020 -0.114016630 0.020180382 0.993032753
1341846340.770081 0.676143646 0.221689597 0.555498838 0.021578712 -0.113555022 0.018444622 0.993126094
1341846340.801980 0.685103774 0.215055645 0.551752448 0.021184007 -0.113389634 0.013276111 0.993236005
1341846340.833999 0.683962464 0.218425572 0.553899765 0.021830020 -0.110874921 0.009287508 0.993551195
1341846340.870013 0.679445982 0.217106506 0.553841770 0.020427406 -0.110219456 0.007672015 0.993667722
1341846340.901955 0.680925965 0.213320911 0.554168403 0.021185197 -0.110554218 0.007443582 0.993616402
1341846340.933918 0.677597404 0.213345319 0.550869823 0.022940516 -0.110417739 0.009322753 0.993576705
1341846340.970122 0.674839914 0.214094028 0.545517385 0.023617310 -0.112654775 0.013936719 0.993255675
1341846341.001922 0.679420233 0.209975272 0.539492846 0.023779832 -0.117148645 0.018617146 0.992655039
1341846341.037923 0.681293249 0.216312945 0.546100497 0.025770465 -0.120369688 0.022085313 0.992148817
1341846341.070300 0.683450520 0.215019137 0.540438890 0.025813980 -0.121234886 0.022358267 0.992036223
1341846341.102028 0.678192437 0.212771863 0.532755136 0.025465032 -0.121423654 0.021557152 0.992039859
1341846341.137982 0.683656573 0.211314872 0.534549475 0.025380930 -0.124291658 0.021669807 0.991684318
1341846341.170048 0.683121502 0.214689046 0.533457398 0.026254814 -0.124606118 0.023544602 0.991579354
1341846341.202110 0.686129510 0.212066531 0.533345044 0.027370263 -0.125463918 0.025487391 0.991393030
1341846341.237996 0.687000394 0.214153588 0.532438040 0.029283056 -0.125137225 0.026282785 0.991358876
1341846341.269883 0.683923841 0.215827599 0.523345828 0.030504625 -0.123905465 0.026641697 0.991467178
1341846341.306107 0.684140086 0.216325298 0.524540663 0.031268977 -0.124790363 0.025863787 0.991352975
1341846341.338109 0.689879358 0.216911331 0.522346437 0.032106992 -0.124848753 0.024547385 0.991352260
1341846341.370120 0.686500669 0.217092842 0.521253645 0.033322897 -0.123081833 0.021371733 0.991606593
1341846341.406074 0.683799565 0.212029383 0.516613007 0.032279126 -0.122473694 0.021951888 0.991703749
1341846341.438113 0.681652129 0.209080920 0.520552278 0.033337645 -0.124250740 0.021916294 0.991448462
1341846341.470024 0.689045012 0.212363377 0.514322281 0.036819704 -0.124961533 0.020364715 0.991268992
1341846341.506077 0.683044016 0.218078777 0.515143335 0.037338849 -0.123379469 0.019616833 0.991462827
1341846341.538156 0.677547216 0.210792229 0.510031700 0.035513423 -0.124373831 0.019411599 0.991409659
1341846341.574016 0.685774982 0.216373712 0.511485577 0.037272159 -0.127808288 0.020161092 0.990893245
1341846341.612466 0.681922615 0.216917425 0.505675077 0.037570138 -0.127651855 0.020788236 0.990889132
1341846341.643972 0.678845048 0.219041601 0.505861640 0.037040327 -0.128667906 0.019651476 0.990800917
1341846341.679982 0.679836631 0.218683541 0.503164649 0.037024558 -0.130232811 0.019490862 0.990600169
1341846341.712332 0.680260837 0.220488355 0.498904228 0.037540548 -0.132565275 0.021904171 0.990220845
1341846341.744185 0.683492959 0.220159918 0.500193000 0.037911251 -0.134850919 0.023603976 0.989858985
1341846341.780061 0.683058381 0.222523183 0.497131586 0.038252402 -0.135321647 0.025486203 0.989734948
1341846341.842595 0.690389991 0.214527830 0.491480589 0.039018758 -0.136880651 0.030880013 0.989336967
1341846341.906227 0.687864482 0.211172789 0.489941955 0.041470047 -0.137208939 0.036773026 0.988990247
1341846341.942069 0.692368388 0.207689181 0.490868211 0.044338956 -0.137911871 0.039050233 0.988680661
1341846341.974775 0.696691573 0.207241237 0.485028744 0.047000874 -0.138535649 0.041795239 0.988358200
1341846342.010161 0.687779486 0.210285380 0.482746780 0.047896080 -0.138561860 0.043048196 0.988257766
1341846342.042024 0.695809245 0.202416301 0.484194875 0.049256530 -0.139962450 0.042537555 0.988015592
1341846342.080032 0.698113561 0.207925826 0.478586257 0.051716615 -0.137680873 0.042633355 0.988206327
1341846342.112265 0.691164374 0.202398673 0.477262348 0.051327918 -0.136291012 0.044747923 0.988325775
1341846342.147954 0.700031698 0.197944775 0.480431378 0.052982379 -0.139035448 0.047964245 0.987705112
1341846342.179852 0.698033810 0.201317087 0.478130758 0.056208424 -0.137722835 0.048716441 0.987673879
1341846342.211848 0.699011743 0.202181712 0.478663057 0.057086565 -0.137214079 0.047713295 0.987743318
1341846342.247920 0.701754332 0.199295655 0.477360725 0.058059413 -0.137404218 0.046823770 0.987702727
1341846342.279870 0.702063143 0.198606446 0.477170855 0.059568733 -0.136868179 0.047653798 0.987647593
1341846342.316068 0.701092482 0.199095488 0.470704466 0.060550947 -0.136169910 0.048726130 0.987632096
1341846342.347894 0.703464150 0.202389389 0.471994489 0.061278865 -0.136548802 0.048977792 0.987522423
1341846342.379953 0.703917503 0.200199291 0.467764676 0.060956933 -0.135766715 0.049143955 0.987641871
1341846342.416195 0.700427532 0.202121049 0.471106291 0.061827376 -0.135327220 0.050349057 0.987587392
