1341846313.592026 0.000000000 0.000000000 0.000000000 0.000000000 0.000000000 0.000000000 1.000000000
1341846313.654184 0.004632857 0.001500999 0.015115679 -0.000546000 -0.002817666 0.005366542 0.999981463
1341846313.686156 0.012107497 0.004749155 0.018112764 0.000659315 -0.005178880 0.004313513 0.999977052
1341846313.721918 0.017249346 0.009751998 0.016580785 0.001275423 -0.006002349 0.004989363 0.999968708
1341846313.753994 0.026725730 0.007559409 0.015062872 0.000384375 -0.007161494 0.006540778 0.999952853
1341846313.789969 0.031126758 0.008463938 0.015648119 0.002005354 -0.007609984 0.004861043 0.999957204
1341846313.822075 0.046615571 0.011925922 0.013090382 0.001854289 -0.008008755 0.004973250 0.999953866
1341846313.853928 0.047507804 0.013999477 0.024702875 0.001653417 -0.005256845 0.002721020 0.999981105
1341846313.890011 0.055531401 0.009767743 0.012193013 0.000861184 -0.003609048 0.003551585 0.999986827
1341846313.922055 0.056814317 0.012507045 0.014207535 -0.000966975 -0.002905758 0.004185393 0.999986529
1341846313.957927 0.097868644 0.013525039 0.000694490 -0.003117337 -0.003038163 0.004544500 0.999980211
1341846313.990058 0.092777483 0.013651051 0.012095725 -0.004160437 0.004942890 0.005002655 0.999966621
1341846314.022042 0.088520482 0.019565690 -0.008254275 -0.005625753 0.007088369 0.008298481 0.999924600
1341846314.057816 0.089549467 0.015631771 0.017874775 -0.009542382 0.010205750 0.008161538 0.999869049
1341846314.089801 0.086108431 0.021310050 0.036544491 -0.007941493 0.017582677 0.005144265 0.999800622
1341846314.122037 0.114225157 0.026228398 0.004935396 -0.008685752 0.017685685 0.013248924 0.999718070
1341846314.157989 0.127180353 0.019279774 0.019965330 -0.011941973 0.019690748 0.014210762 0.999633789
1341846314.190094 0.119763367 0.021990124 0.024436679 -0.011239909 0.025281586 0.013761916 0.999522448
1341846314.225969 0.119994320 0.026688600 0.020297961 -0.013334213 0.027817847 0.016038068 0.999395370
1341846314.257923 0.144700140 0.018209768 0.020621143 -0.016023332 0.026787855 0.019203683 0.999328196
1341846314.290052 0.137910694 0.023116261 0.020517863 -0.013966969 0.029722638 0.016650338 0.999321938
1341846314.325981 0.150369495 0.030340491 0.023489419 -0.014091079 0.029850025 0.015763462 0.999330759
1341846314.357905 0.177232474 0.026442874 0.033776835 -0.015485357 0.029791564 0.017410006 0.999284506
1341846314.389899 0.171012998 0.019496076 0.025084913 -0.014947266 0.034329124 0.015302422 0.999181628
1341846314.427905 0.179190859 0.025814265 0.009801712 -0.014257600 0.035710752 0.013139445 0.999174058
1341846314.493987 0.185670167 0.020728946 0.022644555 -0.013243769 0.045933589 0.003929091 0.998848975
1341846314.526085 0.200381935 0.023963843 0.012036184 -0.013061062 0.046536267 0.004086916 0.998822868
1341846314.558292 0.206213683 0.022627899 0.015055042 -0.014412931 0.049372062 0.004614544 0.998665810
1341846314.594085 0.217996359 0.014814251 0.013168987 -0.013765470 0.053146187 0.004083248 0.998483479
1341846314.626096 0.208717570 0.027081244 0.018435840 -0.011876058 0.059142403 0.003165286 0.998173892
1341846314.658455 0.212598696 0.028195672 0.015991326 -0.013873697 0.061094850 0.003556794 0.998029172
1341846314.694004 0.237307474 0.013677592 0.017379042 -0.015269713 0.062410273 0.002095618 0.997931540
1341846314.725910 0.235493660 0.007635952 0.016488025 -0.011880354 0.066168219 0.007898471 0.997706473
1341846314.761942 0.235835388 0.009304157 0.022325903 -0.008234691 0.067142785 0.011601754 0.997641921
1341846314.794030 0.245991856 0.013202711 0.012335941 -0.004490738 0.068466313 0.010601797 0.997587025
1341846314.826092 0.268500984 0.013147369 0.005283102 -0.002715012 0.070174083 0.013429425 0.997440636
1341846314.862145 0.272636533 0.014310394 0.003385019 -0.002667353 0.074156255 0.014079720 0.997143686
1341846314.894072 0.275964618 0.011903321 0.005409803 -0.003297420 0.078392565 0.015729256 0.996792972
1341846314.925969 0.282851040 0.010585420 0.004336253 -0.003667778 0.080515616 0.019996427 0.996545970
1341846314.961937 0.289465219 0.033389263 -0.004791189 -0.004096036 0.080411494 0.025643559 0.996423423
1341846314.994564 0.293488950 0.034189872 0.002336461 -0.007162144 0.081461400 0.024269277 0.996355236
1341846315.029900 0.305753410 0.030683696 0.009587899 -0.007752860 0.084144525 0.019936282 0.996223986
1341846315.061965 0.305952698 0.028318737 0.007704921 -0.008630651 0.086796150 0.024064317 0.995898008
1341846315.094388 0.309092849 0.023212196 0.013650205 -0.008985431 0.086026333 0.024547454 0.995949864
1341846315.129851 0.309592128 0.028102145 0.006559759 -0.006274055 0.086898692 0.022268010 0.995948493
1341846315.161941 0.317121834 0.049645849 0.005168613 -0.007248661 0.086391695 0.025599567 0.995905936
1341846315.197984 0.325985730 0.050923359 0.011271186 -0.013450848 0.083225787 0.022084761 0.996195138
1341846315.230076 0.336377859 0.047614321 0.019360848 -0.017355666 0.081494667 0.019117834 0.996339262
1341846315.262069 0.339171380 0.044395212 0.019656129 -0.020949844 0.078738771 0.023815176 0.996390522
1341846315.298000 0.339688718 0.041991837 0.031753972 -0.022858813 0.075693905 0.024087055 0.996577978
1341846315.329931 0.366045594 0.006477867 0.030858688 -0.023125250 0.071593404 0.028330367 0.996763289
1341846315.361981 0.359286577 0.012186037 0.026852768 -0.017285315 0.072877839 0.030978443 0.996709764
1341846315.397962 0.372604966 0.021167826 0.025121659 -0.013329561 0.071023032 0.034303948 0.996795475
1341846315.429923 0.375610203 0.024514835 0.022506982 -0.010240464 0.072983362 0.035748795 0.996639669
1341846315.466047 0.378021240 0.030314546 0.016103745 -0.008923674 0.076778971 0.036359631 0.996344984
1341846315.497883 0.386148185 0.027231095 0.027727548 -0.010117528 0.079329148 0.042596817 0.995886564
1341846315.530008 0.389261782 0.031321932 0.020995341 -0.009472003 0.080420814 0.042801030 0.995796561
1341846315.566108 0.389157772 0.029982889 0.020282596 -0.010747052 0.082188658 0.043748595 0.995598078
1341846315.597986 0.394449145 0.027041828 0.012460031 -0.011354350 0.083084598 0.042976454 0.995550632
1341846315.630109 0.387252837 0.031705931 0.018879645 -0.010680935 0.085507520 0.040264450 0.995466292
1341846315.666042 0.392086208 0.031748030 0.004358076 -0.011635042 0.086362712 0.040239200 0.995382786
1341846315.698114 0.421222180 0.048017561 0.000332505 -0.015266662 0.085910343 0.041367441 0.995326638
1341846315.733985 0.411549479 0.034477971 0.020153068 -0.019396530 0.089978844 0.043552697 0.994801879
1341846315.766041 0.401453167 0.034504555 0.019031823 -0.019088391 0.088981584 0.043648314 0.994893312
1341846315.798188 0.402219951 0.027049273 0.007660151 -0.020854704 0.088163882 0.042446740 0.994982660
1341846315.834140 0.403687030 0.020400558 0.016886994 -0.020553892 0.090137832 0.040867206 0.994878173
1341846315.866751 0.402805358 0.022935908 0.016371563 -0.018001162 0.091469929 0.040899750 0.994804680
1341846315.898492 0.397035867 0.022708062 0.017243303 -0.016630147 0.092618451 0.039841600 0.994765282
1341846315.936901 0.382548332 0.011400539 0.020837843 -0.014912643 0.095511630 0.037641577 0.994604588
1341846315.966572 0.370537817 0.013065710 0.019630335 -0.011219550 0.098249942 0.037064273 0.994408011
1341846316.034204 0.361962348 0.013686650 0.016667187 -0.007519585 0.098018318 0.036118284 0.994500577
1341846316.066113 0.349495053 0.011223239 0.025343813 -0.005190293 0.098734185 0.034023032 0.994518518
1341846316.101867 0.344829887 0.016740212 0.014977001 -0.003202264 0.097518936 0.035981409 0.994577885
1341846316.134066 0.333889872 0.019469222 0.014328882 -0.003614933 0.095068991 0.032197196 0.994943261
1341846316.202049 0.309413224 0.007209418 0.018110417 -0.004513218 0.091890648 0.028197069 0.995359600
1341846316.233979 0.308049589 0.010139018 0.015138399 -0.003943287 0.090553984 0.026019759 0.995543778
1341846316.270052 0.301759899 0.012797695 0.013989549 -0.004623080 0.091807477 0.023071630 0.995498717
1341846316.301915 0.291570097 0.001326346 0.017443415 -0.005601954 0.093372524 0.020978522 0.995394468
1341846316.334208 0.282659203 -0.000713931 0.014144823 -0.004255178 0.093018651 0.023141203 0.995386302
1341846316.370006 0.288044631 -0.001084808 0.018420890 -0.002281079 0.090316020 0.024368523 0.995612383
1341846316.401994 0.271769106 -0.002535641 -0.001618344 -0.000444551 0.090850040 0.025475616 0.995538592
1341846316.438069 0.276012510 -0.003596388 0.004215606 0.001782835 0.089135922 0.028553309 0.995608509
1341846316.470076 0.256571651 -0.010013540 0.005805559 0.005740388 0.090257652 0.030823594 0.995424747
1341846316.502034 0.236672685 0.011170955 -0.006618209 0.009716206 0.089193508 0.030758129 0.995491862
1341846316.537975 0.243962511 0.010569135 0.005390413 0.007161099 0.084984533 0.030039659 0.995903552
1341846316.570121 0.218362644 -0.000960449 -0.008159673 0.005960511 0.086907782 0.025473855 0.995872736
1341846316.601885 0.224256024 -0.004674309 0.006346192 0.007557856 0.085194558 0.025364334 0.996012747
1341846316.638009 0.213297203 -0.005136657 0.007346816 0.010025753 0.084345698 0.026914470 0.996022522
1341846316.669925 0.210126728 -0.006039280 0.009318773 0.012268375 0.083397366 0.026741745 0.996081948
1341846316.705941 0.198663518 -0.009283447 0.012149047 0.016508363 0.084319994 0.027385157 0.995925546
1341846316.738062 0.190291256 -0.003741322 -0.006169403 0.019024933 0.083649106 0.030229537 0.995854914
1341846316.770433 0.177968830 0.000727052 -0.000206631 0.018603720 0.083815992 0.029248700 0.995878160
1341846316.805932 0.169156119 -0.008059726 0.006137189 0.018483421 0.084297836 0.027574589 0.995887518
1341846316.838029 0.160635069 -0.005611160 0.007492209 0.019907622 0.082704298 0.030318566 0.995913863
1341846316.870034 0.155298188 -0.011362616 0.015269147 0.019933194 0.078949809 0.030202640 0.996221542
1341846316.906344 0.138684303 -0.007944963 0.007908659 0.021287793 0.077212639 0.029450124 0.996352196
1341846316.937940 0.132855341 -0.002633370 0.014372306 0.021760402 0.075963296 0.025669230 0.996542573
1341846316.973994 0.133448198 -0.009164258 0.002669921 0.020328859 0.073206097 0.029223708 0.996681273
1341846317.005913 0.121296346 -0.009346481 0.009093801 0.019230517 0.071180955 0.029072518 0.996854186
1341846317.037936 0.115805984 -0.013391161 0.014279854 0.019516818 0.068640195 0.027979795 0.997058034
1341846317.073972 0.108860932 -0.014329700 0.017923994 0.020605110 0.067045137 0.028553220 0.997128427
1341846317.106113 0.116660595 -0.022044091 0.028759670 0.022463867 0.064088546 0.035649236 0.997054219
1341846317.137887 0.088352717 -0.011422792 0.020712709 0.026907710 0.059602011 0.035346303 0.997233272
1341846317.173970 0.072809160 -0.011200339 0.020707369 0.027492488 0.054183912 0.036754683 0.997475505
1341846317.205887 0.071457535 -0.018068984 0.002959599 0.026929384 0.050765045 0.039580584 0.997562587
1341846317.248131 0.064940766 -0.019263024 0.006301593 0.028265603 0.047781684 0.042119961 0.997568965
1341846317.306289 0.049600318 -0.018220190 0.003286486 0.029935107 0.042247988 0.046101075 0.997593939
1341846317.348137 0.046791095 -0.021767754 -0.003136130 0.030845392 0.042998832 0.046376944 0.997521341
1341846317.410120 0.030967228 -0.014023321 0.012295749 0.033097062 0.043054514 0.052568965 0.997139573
1341846317.442569 0.020857060 -0.015245328 0.014880383 0.036010843 0.044201519 0.054328375 0.996894121
1341846317.474010 0.005532272 -0.020621017 0.019465545 0.041090526 0.046109706 0.057378177 0.996440232
1341846317.509927 0.007356599 -0.015653737 0.022356108 0.044051938 0.042607076 0.061045632 0.996251702
1341846317.542282 -0.001334568 -0.012364578 0.021721616 0.043716136 0.039969709 0.061760195 0.996331751
1341846317.573943 -0.014213633 -0.027012516 -0.008166891 0.041916229 0.041109543 0.060992949 0.996410012
1341846317.610159 -0.021000450 -0.027683187 -0.004816783 0.044597186 0.042960398 0.062280286 0.996135890
1341846317.643553 -0.033906776 -0.024137639 0.002249219 0.047187787 0.043353375 0.064072691 0.995885789
1341846317.677993 -0.039800171 -0.022491170 0.013036471 0.048214190 0.039761629 0.066455804 0.995830297
1341846317.709996 -0.038469091 -0.026243430 0.010918623 0.050360132 0.036428716 0.065524317 0.995913327
1341846317.741834 -0.046860036 -0.011939126 0.019818343 0.052051157 0.035885323 0.066602811 0.995774567
1341846317.777923 -0.041866962 -0.011209037 0.027404156 0.050399084 0.032695383 0.066221200 0.995994806
1341846317.810021 -0.054511596 -0.012527115 0.039877497 0.050203476 0.032553520 0.065001339 0.996089697
1341846317.841886 -0.089631207 -0.014668482 0.009993682 0.048942450 0.034129556 0.061020579 0.996351480
1341846317.878017 -0.082306989 -0.012097462 0.018167589 0.046972468 0.032601755 0.058823880 0.996629536
1341846317.909910 -0.087838285 -0.013586048 0.022430165 0.045754403 0.033885226 0.054040685 0.996914208
1341846317.946031 -0.084387526 -0.012362007 0.045983046 0.047610156 0.033638898 0.057519916 0.996640921
1341846317.978041 -0.102630526 -0.019668058 0.049476229 0.049127981 0.033741161 0.057727445 0.996551812
1341846318.009897 -0.101249345 -0.013888223 0.045492768 0.052550040 0.033536732 0.056990888 0.996426523
1341846318.045949 -0.126894712 -0.012853636 0.033380944 0.051962346 0.036057636 0.053191416 0.996579349
1341846318.078074 -0.145623758 -0.016261009 0.034011483 0.050996833 0.035335161 0.050936881 0.996772885
1341846318.109894 -0.124861211 -0.009601437 0.073729269 0.051826134 0.028948097 0.051990293 0.996881664
1341846318.145957 -0.150738671 -0.015230468 0.031851597 0.050153621 0.028229713 0.046804078 0.997244716
1341846318.178001 -0.160013050 -0.019281842 0.034994707 0.049027368 0.029068774 0.043249298 0.997437119
1341846318.214074 -0.175857291 -0.025330188 0.035800587 0.049321428 0.027710250 0.042728622 0.997483730
1341846318.245970 -0.187158570 -0.033946849 0.034704410 0.051635917 0.022570698 0.044514026 0.997418046
1341846318.278018 -0.205841154 -0.032279447 0.029419653 0.055517852 0.019097229 0.042716745 0.997360706
1341846318.313937 -0.209501445 -0.025655795 0.029449055 0.058184437 0.012167909 0.043433469 0.997286379
1341846318.345989 -0.222964600 -0.024019826 0.044160243 0.060256146 0.004074465 0.041134261 0.997326732
1341846318.382046 -0.237822190 -0.030192554 0.041428223 0.061303861 -0.002001635 0.040382203 0.997299969
1341846318.414072 -0.227409393 -0.015571671 0.041648652 0.065415516 -0.010875199 0.043200612 0.996863186
1341846318.446035 -0.252886057 -0.035876319 0.039818287 0.064820103 -0.014539346 0.041626312 0.996922374
1341846318.482196 -0.253024310 -0.029660694 0.042516660 0.066244394 -0.017165000 0.040907685 0.996816754
1341846318.514144 -0.267535597 -0.030630812 0.034329727 0.066512227 -0.017876310 0.042152237 0.996734560
1341846318.546259 -0.268794417 -0.048997506 0.055583406 0.065502159 -0.019280875 0.042202525 0.996773124
1341846318.582042 -0.284253210 -0.027842626 0.040238276 0.069606125 -0.018352995 0.040292282 0.996591508
1341846318.614115 -0.291085958 -0.030506313 0.039501369 0.069535971 -0.018844191 0.040390506 0.996583283
1341846318.650038 -0.297509283 -0.033561788 0.034549370 0.068141811 -0.019531542 0.037837751 0.996766508
1341846318.682350 -0.310026318 -0.032818377 0.032129038 0.067938961 -0.019524317 0.036325093 0.996836782
1341846318.714063 -0.318907589 -0.032140892 0.036386639 0.067658015 -0.020550823 0.035431001 0.996867418
1341846318.749905 -0.334661752 -0.040727910 0.039487489 0.067216083 -0.019023141 0.035263099 0.996933579
1341846318.782036 -0.342386693 -0.031969588 0.041458819 0.070225798 -0.020343650 0.037509695 0.996618032
1341846318.814121 -0.364645600 -0.036395699 0.031939387 0.069932967 -0.024587061 0.036517516 0.996579826
1341846318.850072 -0.378461987 -0.042152520 0.033227779 0.069905467 -0.029567115 0.034060664 0.996533453
1341846318.883516 -0.403766364 -0.045450896 0.033499211 0.072088413 -0.034088045 0.031367846 0.996321917
1341846318.918047 -0.424767405 -0.041766621 0.031597715 0.076118715 -0.044103663 0.030215364 0.995664537
1341846318.950044 -0.419362128 -0.049442206 0.017244846 0.077014565 -0.056837130 0.028925225 0.994988263
1341846318.982028 -0.422582567 -0.046911910 0.009989459 0.078846134 -0.061217546 0.025722593 0.994672835
1341846319.018123 -0.426654786 -0.048254047 0.009093437 0.078514718 -0.067542017 0.026504330 0.994269133
1341846319.050745 -0.429417968 -0.055601612 0.021623202 0.079745546 -0.074000545 0.025080580 0.993748188
1341846319.081905 -0.424356341 -0.050004333 0.011249267 0.085496470 -0.074625485 0.022767631 0.993278921
1341846319.117976 -0.447837532 -0.043311242 0.009807095 0.088231876 -0.073035873 0.028298721 0.993015647
1341846319.150093 -0.458230495 -0.049791474 0.007744066 0.089483477 -0.077151038 0.035455916 0.992362499
1341846319.186069 -0.442546993 -0.035052836 0.013612650 0.092199996 -0.080186479 0.036430761 0.991837740
1341846319.218149 -0.438460469 -0.015178645 0.007148728 0.089980558 -0.075558022 0.034932394 0.992458642
1341846319.250034 -0.470777154 -0.016703259 0.010986108 0.084238954 -0.067512043 0.032698926 0.993618011
1341846319.286594 -0.475389868 -0.028229455 0.017459013 0.081367083 -0.064902522 0.036764111 0.993889034
1341846319.318034 -0.482989967 -0.027801149 0.021716218 0.082303792 -0.064187437 0.039908446 0.993737042
1341846319.350268 -0.510778606 -0.032396793 0.025362626 0.082901284 -0.062508076 0.046395838 0.993512690
1341846319.386163 -0.526575744 -0.041439623 0.008884959 0.083486490 -0.066024490 0.054994594 0.992797256
1341846319.418386 -0.517926395 -0.028127959 -0.010308981 0.085067190 -0.072413951 0.056650970 0.992124259
1341846319.453961 -0.550789177 -0.028763236 -0.000051469 0.086515412 -0.072522938 0.051346894 0.992279708
1341846319.486271 -0.590643108 -0.028893624 -0.006944664 0.085853703 -0.070588440 0.049708661 0.992560029
1341846319.554083 -0.546318233 -0.034385171 -0.020679943 0.079122618 -0.079938471 0.050263699 0.992382467
1341846319.586296 -0.575017154 -0.038497861 -0.011790305 0.079804517 -0.078391828 0.045493107 0.992681384
1341846319.622031 -0.587103546 -0.037444443 -0.022905536 0.078338273 -0.081280909 0.042843755 0.992683709
1341846319.653962 -0.592478335 -0.044157565 -0.009820722 0.077070676 -0.086822331 0.042180143 0.992342114
1341846319.686352 -0.598808110 -0.046801876 -0.010643564 0.078765981 -0.090595342 0.043917123 0.991796196
1341846319.721992 -0.607676923 -0.041457660 -0.024512045 0.079809710 -0.094343156 0.044769447 0.991325080
1341846319.754063 -0.623319864 -0.022726573 -0.026853390 0.078001022 -0.095789343 0.043477558 0.991387904
1341846319.786397 -0.621526837 -0.027307965 -0.013019450 0.073387705 -0.096514329 0.047557969 0.991482437
1341846319.822008 -0.630173683 -0.027717901 -0.023561753 0.069794714 -0.096890405 0.052310299 0.991465867
1341846319.853917 -0.632761598 -0.023348581 -0.014938429 0.065515883 -0.097991735 0.055533454 0.991474330
1341846319.889942 -0.634837985 -0.035950299 -0.007478260 0.061388735 -0.098837443 0.061181884 0.991322041
1341846319.922039 -0.644480407 -0.047167078 -0.014428936 0.060364600 -0.102626659 0.062716760 0.990903854
1341846319.953946 -0.635691345 -0.050999597 -0.008083940 0.060601838 -0.109693691 0.059672669 0.990320086
1341846319.990054 -0.635181129 -0.047033072 -0.006038830 0.063658662 -0.112827666 0.052089471 0.990204096
1341846320.028122 -0.637073576 -0.047447756 -0.000113308 0.065924279 -0.116395362 0.050561585 0.989722013
1341846320.090047 -0.619859636 -0.034469534 0.005806267 0.072048798 -0.124991275 0.051643919 0.988189757
1341846320.122011 -0.608441830 -0.032268658 0.009393156 0.072889246 -0.123305023 0.052406833 0.988299847
1341846320.157952 -0.603883445 -0.032866195 0.013877779 0.073207706 -0.120606057 0.052627698 0.988597572
1341846320.190003 -0.585219204 -0.038137399 0.023312092 0.075742580 -0.118111193 0.051409401 0.988771915
1341846320.221941 -0.585480034 -0.039081953 0.016709581 0.079655409 -0.114012890 0.052366901 0.988895237
1341846320.258015 -0.575568318 -0.041273825 0.023851365 0.083608367 -0.113808781 0.055818141 0.988403499
1341846320.289887 -0.562521875 -0.056474522 0.007703349 0.087596886 -0.114336953 0.055873189 0.987993956
1341846320.321954 -0.546169817 -0.041667603 0.014713086 0.098197028 -0.116318636 0.055588696 0.986781240
1341846320.357890 -0.533155024 -0.033287287 0.036195248 0.103698805 -0.116843976 0.056759454 0.986089468
1341846320.390064 -0.511149108 -0.035326637 0.036845446 0.104983471 -0.113955393 0.057069715 0.986273646
1341846320.426544 -0.489243537 -0.039135519 0.041020848 0.107580051 -0.107254058 0.052870527 0.986979127
1341846320.458122 -0.526800990 -0.045973953 0.052227169 0.108739272 -0.097275145 0.049412977 0.988064587
1341846320.490186 -0.474448204 -0.049656577 0.062981464 0.111211739 -0.093103394 0.051021155 0.988109589
1341846320.525911 -0.439627856 -0.045348532 0.019004785 0.114609525 -0.085920915 0.048304778 0.988508403
1341846320.558091 -0.419641167 -0.041692566 0.015404664 0.115550287 -0.082677878 0.044812519 0.988839924
1341846320.594093 -0.388228118 -0.042296283 0.022164568 0.116825767 -0.079157226 0.040100917 0.989180326
1341846320.631955 -0.400393486 -0.040528204 0.034407377 0.119703978 -0.070323817 0.039615531 0.989523232
1341846320.664916 -0.399331689 -0.037887797 0.029006086 0.119996339 -0.067271575 0.038126078 0.989758492
1341846320.699927 -0.378441215 -0.036245875 0.030311540 0.120129429 -0.064579479 0.036232699 0.989992738
1341846320.731822 -0.352698326 -0.033643521 0.043244004 0.122319885 -0.059133787 0.035168279 0.990103126
1341846320.763877 -0.352565348 -0.012369651 0.004234750 0.120766491 -0.056765590 0.036387283 0.990388334
1341846320.799999 -0.334789038 -0.031788357 0.020431906 0.112598479 -0.059500832 0.031925701 0.991343498
1341846320.831871 -0.292846054 -0.033732019 0.028859027 0.115138382 -0.050698999 0.025499588 0.991727054
1341846320.863887 -0.337040484 -0.017850664 0.031553328 0.114091277 -0.038986016 0.027976358 0.992310703
1341846320.900014 -0.327987015 -0.028036918 0.046514302 0.106748186 -0.044481665 0.032952465 0.992743850
1341846320.931889 -0.296277225 -0.036804877 0.051757161 0.107659459 -0.045697656 0.031779259 0.992628396
1341846320.967866 -0.299092799 -0.009392012 0.042323325 0.108636677 -0.039279062 0.027937867 0.992912233
1341846321.000017 -0.294562608 -0.021307455 0.042757303 0.101645954 -0.039083753 0.026591653 0.993696868
1341846321.031860 -0.292749316 -0.038006786 0.022458181 0.098377034 -0.037636813 0.024643015 0.994131863
1341846321.068047 -0.273075789 -0.027101003 0.029094787 0.099651754 -0.034794733 0.021963924 0.994171262
1341846321.099840 -0.253865212 -0.024568947 0.055360179 0.097707860 -0.034840420 0.023440855 0.994328856
1341846321.131821 -0.225766361 -0.028800610 0.065478973 0.098000221 -0.034392998 0.024036456 0.994301438
1341846321.167887 -0.230892703 -0.029601339 0.048942767 0.100288019 -0.029362842 0.024613161 0.994220436
1341846321.200042 -0.227485970 -0.026347341 0.044978824 0.100763045 -0.026639946 0.024111316 0.994261444
1341846321.231950 -0.220350832 -0.036517482 0.036026198 0.099332742 -0.025623031 0.023019660 0.994457901
1341846321.267939 -0.205551937 -0.031259600 0.027954837 0.100035965 -0.023869911 0.018265869 0.994529724
1341846321.299948 -0.192812800 -0.033780392 0.036760032 0.098563634 -0.019944424 0.012780505 0.994848788
1341846321.331858 -0.185307488 -0.033655606 0.049413674 0.099087946 -0.017303852 0.009152320 0.994886100
1341846321.367913 -0.162488550 -0.039052546 0.053836908 0.100171231 -0.015828226 0.005338046 0.994829953
1341846321.399897 -0.160573766 -0.035882194 0.042985905 0.102163322 -0.010144070 0.003961100 0.994708002
1341846321.435994 -0.157276869 -0.042263143 0.043889437 0.103221223 -0.006568988 0.003263910 0.994631410
1341846321.467946 -0.143798515 -0.041772995 0.048354309 0.104975462 -0.004625891 0.003860137 0.994456530
1341846321.499882 -0.134350643 -0.038386650 0.050396930 0.106817424 -0.001672829 0.004142873 0.994268596
1341846321.536109 -0.104668178 -0.031536829 0.033278573 0.106554672 0.002062254 0.001555208 0.994303465
1341846321.568960 -0.118581854 -0.019283921 0.058285654 0.104479685 0.010352164 -0.002032803 0.994471073
1341846321.603938 -0.107893586 -0.026626278 0.059796292 0.100688569 0.012095286 -0.001299734 0.994843602
1341846321.637163 -0.070921399 -0.022843689 0.033725791 0.097875983 0.015149385 -0.001435804 0.995082259
1341846321.668306 -0.088945903 -0.021796182 0.058090948 0.093565553 0.026130751 0.000469390 0.995270014
1341846321.704411 -0.104479663 -0.023649435 0.063138008 0.090516597 0.028297437 0.008682206 0.995454967
1341846321.736861 -0.107280500 -0.031464145 0.034993630 0.088528112 0.027205735 0.015861969 0.995575726
1341846321.771881 -0.076745003 -0.008162819 0.061716750 0.087866433 0.024711519 0.021619949 0.995590985
1341846321.804114 -0.068678677 -0.012286616 0.061778862 0.083174698 0.026933255 0.024362763 0.995872974
1341846321.836152 -0.069274306 -0.004715304 0.069648728 0.081128150 0.029528949 0.023611616 0.995986342
1341846321.871882 -0.062524505 0.003624520 0.069928586 0.076162711 0.030644594 0.021286257 0.996397018
1341846321.904074 -0.052288622 0.004192294 0.076024748 0.069887474 0.030990688 0.018291222 0.996905565
1341846321.939847 -0.048779529 -0.005957140 0.074440747 0.065175287 0.034219932 0.015993822 0.997158647
1341846322.004094 -0.066454478 -0.010726665 0.082830392 0.058065124 0.034522947 0.015920952 0.997588634
1341846322.066178 -0.044781145 -0.014554769 0.075053044 0.053349089 0.038145903 0.012261297 0.997771680
1341846322.107979 -0.045161366 -0.030179575 0.075235210 0.050041620 0.039749123 0.011086291 0.997894228
1341846322.166164 -0.039076924 -0.058118381 0.075648412 0.052421477 0.038741615 0.011606362 0.997805774
1341846322.202932 -0.039236777 -0.063752092 0.074019007 0.053720038 0.036401555 0.011522480 0.997825801
1341846322.234093 -0.038769990 -0.061788835 0.074785233 0.053087819 0.035066292 0.009045538 0.997932971
1341846322.265941 -0.038288817 -0.079376601 0.068871468 0.049623258 0.031790968 0.011041970 0.998200834
1341846322.301996 -0.028993724 -0.094350770 0.068803139 0.047406074 0.029528052 0.011985670 0.998367190
1341846322.333949 -0.039950695 -0.103043891 0.070541203 0.046893325 0.028858365 0.010573565 0.998426974
1341846322.369871 -0.030552119 -0.118533283 0.079987563 0.047640037 0.022899829 0.007452498 0.998574197
1341846322.402292 -0.011603949 -0.135118902 0.079524852 0.048672996 0.022625469 0.002125847 0.998556256
1341846322.433955 -0.026356120 -0.157159686 0.078150228 0.052768875 0.025499701 -0.002474774 0.998278081
1341846322.470030 -0.026682345 -0.160929337 0.090229921 0.061630212 0.021020321 0.002868902 0.997873545
1341846322.502433 -0.010176634 -0.165876895 0.092726931 0.068359360 0.016952652 0.004069697 0.997508407
1341846322.534002 -0.005476793 -0.186172649 0.090610646 0.076346442 0.016529018 0.005945146 0.996926606
1341846322.570196 -0.013129385 -0.188934654 0.096648283 0.086433820 0.017228665 0.006258653 0.996088982
1341846322.601920 -0.011546109 -0.202174947 0.092718512 0.091208845 0.013572192 0.011343968 0.995674670
1341846322.638119 0.001870093 -0.216421962 0.096144691 0.096305035 0.009709453 0.010360684 0.995250583
1341846322.669947 0.011721019 -0.234093070 0.081415549 0.100247756 0.012210847 0.010257095 0.994834721
1341846322.702026 -0.002136488 -0.247632235 0.084653124 0.102843828 0.014587622 0.011920855 0.994519114
1341846322.738006 0.007987075 -0.238359541 0.090609223 0.104639135 0.011270497 0.013079704 0.994360387
1341846322.770087 0.017389406 -0.259502679 0.096526042 0.104242004 0.011643832 0.013068500 0.994397938
1341846322.806047 0.003138139 -0.279900014 0.086349323 0.107164629 0.012239712 0.015691817 0.994042099
1341846322.838063 0.002521307 -0.278946936 0.087472819 0.109185576 0.007872785 0.017084965 0.993843377
1341846322.870081 0.006257322 -0.297990024 0.094111413 0.111054949 0.002606365 0.018456476 0.993639469
1341846322.906018 0.019184386 -0.303840667 0.095569447 0.115857191 0.000419448 0.018928019 0.993085444
1341846322.938349 0.018949125 -0.283892304 0.106358148 0.117733277 0.001531089 0.020620560 0.992829919
1341846322.970069 0.019428402 -0.291805863 0.096374504 0.112449132 0.001010238 0.021579498 0.993422627
1341846323.011820 0.021549497 -0.308288813 0.099562705 0.109683849 0.001462577 0.021783298 0.993726730
1341846323.073951 0.018800855 -0.312483430 0.106589079 0.106546409 0.001298411 0.026338382 0.993957996
1341846323.105962 0.021913493 -0.332353801 0.105544388 0.103005737 0.001363887 0.025742849 0.994346678
1341846323.138158 0.020566959 -0.334296554 0.107919849 0.103695124 0.001278410 0.022811409 0.994346678
1341846323.174092 0.017486203 -0.335298508 0.105100691 0.101744145 0.001146539 0.021093573 0.994586289
1341846323.206059 0.036950536 -0.348317951 0.105995066 0.098050945 -0.001003435 0.020396208 0.994971871
1341846323.238053 0.031323116 -0.343345672 0.103448614 0.096197359 0.002881892 0.017328063 0.995207310
1341846323.273997 0.011419469 -0.347814471 0.097614296 0.092059039 0.004403185 0.017412456 0.995591581
1341846323.305946 0.023229146 -0.356735498 0.104157150 0.086606391 -0.000420043 0.018972781 0.996061862
1341846323.342027 0.051141657 -0.374385267 0.105290085 0.083959319 -0.000443439 0.017460199 0.996316075
1341846323.374048 0.026225852 -0.387405634 0.095417604 0.083615012 0.004499940 0.018371597 0.996318579
1341846323.405987 0.005808208 -0.390975803 0.101439580 0.084378950 0.001686737 0.023364896 0.996158361
1341846323.441956 0.029251534 -0.407142073 0.106573239 0.084786035 -0.003711705 0.025909217 0.996055365
1341846323.473878 0.031625025 -0.416903466 0.103948399 0.088935442 -0.002335018 0.024111228 0.995742798
1341846323.506129 0.023793960 -0.407559156 0.102486096 0.092023976 -0.002018996 0.021770254 0.995516717
1341846323.541972 0.036576368 -0.411325932 0.096807785 0.090133779 -0.002849387 0.020033510 0.995724082
1341846323.573913 0.061242562 -0.431796461 0.102173045 0.088820852 -0.000288311 0.014423428 0.995943129
1341846323.609927 0.046555068 -0.431098342 0.108468644 0.089411110 0.006650839 0.011777123 0.995902956
1341846323.642014 0.032643452 -0.441283435 0.105325885 0.088103354 0.008928683 0.011669083 0.996002972
1341846323.674081 0.027616905 -0.447994024 0.105011068 0.088314682 0.007582839 0.014471598 0.995958626
1341846323.710069 0.029966563 -0.481627464 0.084086344 0.088015504 0.006397671 0.018578736 0.995925307
1341846323.742111 0.026839921 -0.488321364 0.102032728 0.092937581 0.004607864 0.018538604 0.995488703
1341846323.774928 0.033372790 -0.485271573 0.085771017 0.096310675 0.001751858 0.016656622 0.995210409
1341846323.810012 0.036064688 -0.489974439 0.094738737 0.097841166 0.000467068 0.012426522 0.995124340
1341846323.842207 0.034672681 -0.488897353 0.094090849 0.099720277 0.000806276 0.007642994 0.994985819
1341846323.878019 0.025863333 -0.503409445 0.093099110 0.099871568 0.000595460 0.003397484 0.994994342
1341846323.909826 0.030191109 -0.515479267 0.088632889 0.102808855 -0.001326063 -0.001168209 0.994699538
1341846323.942459 0.025407553 -0.513672709 0.097014226 0.107152969 -0.001178353 -0.000728183 0.994241595
1341846323.978055 0.016648248 -0.518781722 0.089685738 0.109309122 -0.003471846 -0.000174012 0.994001746
1341846324.015934 0.024787953 -0.520567179 0.088078566 0.112861164 -0.005855147 -0.000253698 0.993593454
1341846324.047722 0.034988418 -0.520192266 0.078489766 0.115911208 -0.005326458 -0.001727791 0.993243814
1341846324.083904 0.031096613 -0.508425236 0.074760221 0.116330996 -0.003491227 -0.001687586 0.993202925
1341846324.115968 0.035415050 -0.501974225 0.070265956 0.114409238 -0.002113401 -0.003222536 0.993426263
1341846324.151967 0.041475337 -0.489930183 0.069806725 0.114351816 0.000464423 -0.006828621 0.993416727
1341846324.183941 0.027450353 -0.475159943 0.082999699 0.112068757 0.005582447 -0.011188740 0.993621767
1341846324.219984 0.025664877 -0.470444024 0.089529589 0.108038284 0.007290123 -0.009299024 0.994076550
1341846324.251968 0.024988076 -0.470768064 0.088223502 0.107513860 0.007275738 -0.010051307 0.994126141
1341846324.284052 0.018576935 -0.457083464 0.094549827 0.108541600 0.007035402 -0.011279732 0.994002998
1341846324.319880 0.011490669 -0.442914724 0.087045997 0.107425399 0.003937839 -0.012377367 0.994128287
1341846324.351917 0.015108940 -0.420698285 0.085780106 0.104729533 0.000383452 -0.012819118 0.994418085
1341846324.388001 0.045696832 -0.397493839 0.102855898 0.101537354 -0.001494749 -0.015436838 0.994710803
1341846324.419908 0.022589641 -0.407116592 0.091287471 0.095519654 0.002411150 -0.019783067 0.995228052
1341846324.452027 0.018449755 -0.404485136 0.104260884 0.091007181 0.002556266 -0.019578023 0.995654464
1341846324.487928 0.031085731 -0.376103073 0.119225077 0.091029100 0.001292920 -0.015923668 0.995720088
1341846324.519985 0.003881440 -0.386332691 0.108243108 0.088648558 0.001177933 -0.013259480 0.995974004
1341846324.556001 0.004572836 -0.368867904 0.100622490 0.087172300 -0.004248512 -0.008979173 0.996143758
1341846324.587888 0.008425883 -0.356908530 0.101213723 0.083977833 -0.007431897 -0.006883453 0.996416152
1341846324.620086 0.016841257 -0.328453094 0.120765470 0.083196744 -0.010498741 -0.008304212 0.996443212
1341846324.655955 0.014648135 -0.334759861 0.106537655 0.080934592 -0.011473961 -0.009891764 0.996604264
1341846324.688082 0.019364478 -0.310620636 0.124709494 0.081468366 -0.011549541 -0.009151111 0.996567011
1341846324.755922 0.003532422 -0.274025172 0.125277683 0.083614670 -0.014126417 -0.004175193 0.996389270
1341846324.814016 0.026422244 -0.234418824 0.125214979 0.079620436 -0.021173034 -0.007059511 0.996575356
1341846324.849979 0.013934916 -0.220946819 0.128484458 0.074289024 -0.017091343 -0.010278245 0.997037292
1341846324.881924 0.000532943 -0.225183040 0.136209652 0.070537277 -0.017650932 -0.009254488 0.997309983
1341846324.913902 0.009176945 -0.209518254 0.140960574 0.070276760 -0.019745283 -0.006936078 0.997308016
1341846324.949999 0.005262307 -0.216643944 0.135628298 0.069906160 -0.019466672 -0.003861930 0.997356117
1341846324.981922 -0.002018510 -0.204436272 0.148950025 0.075106457 -0.021698240 -0.000438398 0.996939301
1341846325.018013 -0.006516182 -0.194606319 0.138160542 0.079353169 -0.026535237 0.001636552 0.996491969
1341846325.050079 -0.012550218 -0.177254483 0.135020062 0.081770472 -0.031135704 0.000640854 0.996164501
1341846325.081901 -0.007758611 -0.160226271 0.133327007 0.081044838 -0.036827441 -0.000307905 0.996029794
1341846325.118531 -0.000724531 -0.139265418 0.133391201 0.077879496 -0.038555920 -0.003652773 0.996210277
1341846325.149933 -0.002757039 -0.142407969 0.140024528 0.071592748 -0.036261313 -0.004689106 0.996763587
1341846325.181925 -0.005459109 -0.134566188 0.138337061 0.068475112 -0.034814861 -0.003093842 0.997040391
1341846325.218055 -0.006776034 -0.123510227 0.143307626 0.066097081 -0.034753904 0.001225474 0.997207046
1341846325.249811 -0.011015737 -0.114870586 0.145887375 0.064312093 -0.034541123 0.004726415 0.997320712
1341846325.285925 -0.007303848 -0.104406327 0.147544041 0.061795205 -0.035368808 0.007900325 0.997430682
1341846325.317988 0.007664855 -0.109218255 0.154665142 0.059189115 -0.034454189 0.011242246 0.997588694
1341846325.349844 0.002556375 -0.114585415 0.162179857 0.061718144 -0.029226903 0.013639187 0.997572362
1341846325.387302 0.000704090 -0.100268774 0.159424320 0.066859357 -0.026243113 0.015718659 0.997293353
1341846325.417931 0.013707098 -0.093362816 0.152250722 0.069626816 -0.022235742 0.018500043 0.997153640
1341846325.450747 0.026613100 -0.106822424 0.157066733 0.072947383 -0.015146963 0.020541646 0.997009158
1341846325.485954 -0.002272044 -0.076178864 0.163151175 0.083602168 -0.005860200 0.021904321 0.996241212
1341846325.517875 0.000340334 -0.068940826 0.164161727 0.087071717 -0.003555812 0.024417821 0.995896399
1341846325.553859 -0.002708435 -0.061010253 0.167427689 0.090388887 0.000421778 0.024022970 0.995616674
1341846325.585855 -0.006857977 -0.041966248 0.166754752 0.093220636 0.003567621 0.022370158 0.995387733
1341846325.617990 -0.007004654 -0.022458002 0.166728139 0.091153346 0.005293559 0.021208916 0.995596886
1341846325.653982 -0.009982172 -0.038896531 0.175385088 0.087066732 0.007487834 0.017723255 0.996016681
1341846325.685819 -0.009803903 -0.037269030 0.168901399 0.092375740 0.008516274 0.019619040 0.995494485
1341846325.717857 -0.014611106 -0.024564628 0.171092510 0.096997656 0.009995794 0.026571833 0.994879603
1341846325.754083 -0.019440442 -0.022263482 0.171037644 0.100179404 0.010384312 0.030348053 0.994452238
1341846325.786087 -0.012202819 -0.012944622 0.180716231 0.107041314 0.010211226 0.032000419 0.993686974
1341846325.821856 -0.017065983 0.004597444 0.174339056 0.111260049 0.012421861 0.032986283 0.993166029
1341846325.853827 -0.026558844 0.012020987 0.177927405 0.111994527 0.013614002 0.036486827 0.992945373
1341846325.885958 -0.031896356 0.025602233 0.175518915 0.112675950 0.010858831 0.043106951 0.992636859
1341846325.921984 -0.026288189 0.028889555 0.179078326 0.111734942 0.006410846 0.047243655 0.992593706
1341846325.953899 -0.016710496 0.030528728 0.177711368 0.114331871 0.006544758 0.049096145 0.992207110
1341846325.985823 -0.023864754 0.046274066 0.187357247 0.117679216 0.009963321 0.052624043 0.991606295
1341846326.021991 -0.030056031 0.049368717 0.186234310 0.120531529 0.010482489 0.057888702 0.990964770
1341846326.054055 -0.022837371 0.064597875 0.190301716 0.126150340 0.009106210 0.061627291 0.990053117
1341846326.089984 -0.015973166 0.080477536 0.183185160 0.128520757 0.010352811 0.060998589 0.989774942
1341846326.121822 -0.021533540 0.095802009 0.188008353 0.128956363 0.014896364 0.058667380 0.989801228
1341846326.154079 -0.038924672 0.075734921 0.175725862 0.127827212 0.018732592 0.055625793 0.990058064
1341846326.190178 -0.024139535 0.103521943 0.200922281 0.131157026 0.016485164 0.060169678 0.989396632
1341846326.222162 -0.030977558 0.129147887 0.200767666 0.131559134 0.015306786 0.065751247 0.989006877
1341846326.259181 -0.032635044 0.145224005 0.209276214 0.129147008 0.012778400 0.069356821 0.989114463
1341846326.322766 -0.028754171 0.164543197 0.209101900 0.121760786 0.012081845 0.068203866 0.990139663
1341846326.359773 -0.028226243 0.172318697 0.215379089 0.118224211 0.013917868 0.064979665 0.990760803
1341846326.392109 -0.027650150 0.167577431 0.222000971 0.116524577 0.015924843 0.065964937 0.990866780
1341846326.423985 -0.028730053 0.171641082 0.221220762 0.120497718 0.016404837 0.071551740 0.989995718
1341846326.459869 -0.035445437 0.188083813 0.226284429 0.123148941 0.014303801 0.075740814 0.989390254
1341846326.526163 -0.025189869 0.222457737 0.217832729 0.123806894 0.015461542 0.074895792 0.989355028
1341846326.560211 -0.029032629 0.232715696 0.230545312 0.119006269 0.019601930 0.075244352 0.989844203
1341846326.591828 -0.031357870 0.238029301 0.235940725 0.115892872 0.021748712 0.076291785 0.990088522
1341846326.627027 -0.027996274 0.249233887 0.230900884 0.115784265 0.023198692 0.075246789 0.990148306
1341846326.658442 -0.023074757 0.268278301 0.237266093 0.114152819 0.026270214 0.074207850 0.990339398
1341846326.694856 -0.034265071 0.281004876 0.241783947 0.111007757 0.030458540 0.074849136 0.990528703
1341846326.726206 -0.033447485 0.281192333 0.223311633 0.103948779 0.031429738 0.072126225 0.991465926
1341846326.762753 -0.027913466 0.308493793 0.239407122 0.099936627 0.033632323 0.069846332 0.991969228
1341846326.826821 -0.043757446 0.319127887 0.200752825 0.083384454 0.040305205 0.065381683 0.993553102
1341846326.858887 -0.039822638 0.326878607 0.233170569 0.075079188 0.042061698 0.062464900 0.994329929
1341846326.895360 -0.043302514 0.324310780 0.235764533 0.072273210 0.041791491 0.064337321 0.994429886
1341846326.926897 -0.053827368 0.326108217 0.221745580 0.073876128 0.038267557 0.066206582 0.994331241
1341846326.958888 -0.050748535 0.339209318 0.226011708 0.077374555 0.035750702 0.070001371 0.993898809
1341846326.994594 -0.043638699 0.354203463 0.211010441 0.077520363 0.036092803 0.071425423 0.993773818
1341846327.026301 -0.045536581 0.367502213 0.224186331 0.076767281 0.037306726 0.070806444 0.993831694
1341846327.063945 -0.041013304 0.374018341 0.228490725 0.073391907 0.039296050 0.067302361 0.994253397
1341846327.094662 -0.050214868 0.382064670 0.230163440 0.073125310 0.042398203 0.065456085 0.994268835
1341846327.128901 -0.048615567 0.394724369 0.233898759 0.072455019 0.042277854 0.063983202 0.994418919
1341846327.161940 -0.046809860 0.407687724 0.230714664 0.071470514 0.040782303 0.063502006 0.994583488
1341846327.193867 -0.036470525 0.413119704 0.243818477 0.070769653 0.041393638 0.061736137 0.994719505
1341846327.229885 -0.034812979 0.430712461 0.241106808 0.072483584 0.044503808 0.060262147 0.994552195
1341846327.262014 -0.026225148 0.438944221 0.255417556 0.071833789 0.048768144 0.056547381 0.994617462
1341846327.294023 -0.016945641 0.446094126 0.260046244 0.074895263 0.060441937 0.051071651 0.994046867
1341846327.330015 -0.019093620 0.469817907 0.237058371 0.077108599 0.069891475 0.047506172 0.993434787
1341846327.361939 -0.033480421 0.491763622 0.254091382 0.076365307 0.077012673 0.041880943 0.993218720
1341846327.393887 -0.029172121 0.494437695 0.250779986 0.074208789 0.078362122 0.037166145 0.993464231
1341846327.429966 -0.048826307 0.527783096 0.246650130 0.074120283 0.079948589 0.035695493 0.993398309
1341846327.461965 -0.054247819 0.543967664 0.259009898 0.066363670 0.076227173 0.034174524 0.994292438
1341846327.497931 -0.051558763 0.534335554 0.263455421 0.057897143 0.074491598 0.029806813 0.995093226
1341846327.530068 -0.045566082 0.561340809 0.271855921 0.060475577 0.074249141 0.035276923 0.994778991
1341846327.561895 -0.049231425 0.573386073 0.286390275 0.060028162 0.072173625 0.041559812 0.994716227
1341846327.598010 -0.087801203 0.568071425 0.282727420 0.059066888 0.075259112 0.042826857 0.994491339
1341846327.629945 -0.055630147 0.594345450 0.290281653 0.061830390 0.064798407 0.044766147 0.994974434
1341846327.662003 -0.072982281 0.591653228 0.299077213 0.060907762 0.064708173 0.040812254 0.995207250
1341846327.697919 -0.115568183 0.591965377 0.287186444 0.059745595 0.070834085 0.038362883 0.994957924
1341846327.730075 -0.177663982 0.594999254 0.282350302 0.053204119 0.079296760 0.038937390 0.994668424
1341846327.766017 -0.245146185 0.602326035 0.296937674 0.049097873 0.090390049 0.039796662 0.993898988
1341846327.797917 -0.306286961 0.619489431 0.307823330 0.045533255 0.101414479 0.039053679 0.993034005
1341846327.830054 -0.361502886 0.626110971 0.322933435 0.039038792 0.110714689 0.038995095 0.992319345
1341846327.865944 -0.386274725 0.631212175 0.334818006 0.035213437 0.117135391 0.038099613 0.991759896
1341846327.898010 -0.403986275 0.641837895 0.335011065 0.032476708 0.121272482 0.036813647 0.991404533
1341846327.929991 -0.404685766 0.643185556 0.333231568 0.027051482 0.119812809 0.034532953 0.991826892
1341846327.966065 -0.412662089 0.656400979 0.339127123 0.023398368 0.122212067 0.031642705 0.991723478
1341846327.998073 -0.413034230 0.660282016 0.332879543 0.016006973 0.122931167 0.026678160 0.991927385
1341846328.034045 -0.430231422 0.659212172 0.334161848 0.007954245 0.127690583 0.022753233 0.991521120
1341846328.065993 -0.456964284 0.659001946 0.346499592 0.003332804 0.132814839 0.026046058 0.990792990
1341846328.098045 -0.453003943 0.638042092 0.349843800 0.000192550 0.132559374 0.029930415 0.990723014
1341846328.133967 -0.451401055 0.646354020 0.343062580 0.004731053 0.130743146 0.032985639 0.990856111
1341846328.166023 -0.449908257 0.641485095 0.339084685 0.003821278 0.127053455 0.034306861 0.991295040
1341846328.198018 -0.441582888 0.636981368 0.340989441 0.004130143 0.122606523 0.033601008 0.991877794
1341846328.234044 -0.424692035 0.626799881 0.336268485 0.006556110 0.117679894 0.034540206 0.992429018
1341846328.265899 -0.412747025 0.626001179 0.335819811 0.009689393 0.113465272 0.036624406 0.992819428
1341846328.302051 -0.344434261 0.610082150 0.324454576 0.011958258 0.101205036 0.040648535 0.993962884
1341846328.333917 -0.350348830 0.587956607 0.325527430 0.013080214 0.101783060 0.045819167 0.993664801
1341846328.366008 -0.347311825 0.608946919 0.339757442 0.026185296 0.100450978 0.045887720 0.993538260
1341846328.402010 -0.353263021 0.633569717 0.340517461 0.046389718 0.102836020 0.050325077 0.992340744
1341846328.433920 -0.369651377 0.629025102 0.336244106 0.050995402 0.103157252 0.051034719 0.992045105
1341846328.470003 -0.366430759 0.608531475 0.345445663 0.050633676 0.101940900 0.043223288 0.992560327
1341846328.502194 -0.365874618 0.620962381 0.340685606 0.059027705 0.104724914 0.035642929 0.992107868
1341846328.534033 -0.404105186 0.602112651 0.350639760 0.060380343 0.114640199 0.031166313 0.991080463
1341846328.570125 -0.440422952 0.567129374 0.339332759 0.060862064 0.122479513 0.028426826 0.990195155
1341846328.602804 -0.471972674 0.538385630 0.339327157 0.065397434 0.121384323 0.032341860 0.989920735
1341846328.672663 -0.478755325 0.529089451 0.310385615 0.080248542 0.111261077 0.026192220 0.990199506
1341846328.702975 -0.507537007 0.509617090 0.322649658 0.082169726 0.114810526 0.022811765 0.989720285
1341846328.770129 -0.468213469 0.469146699 0.296777546 0.088317461 0.104681201 0.021025982 0.990353346
1341846328.802331 -0.478455126 0.463990510 0.309559882 0.091559105 0.103479676 0.018990954 0.990226328
1341846328.838051 -0.488401175 0.457444429 0.301593453 0.096111894 0.104127817 0.015651500 0.989785314
1341846328.869939 -0.477870017 0.449584275 0.282650828 0.094841458 0.100903474 0.015585118 0.990242720
1341846328.904486 -0.466272086 0.438394904 0.292595983 0.091815792 0.095570140 0.016611850 0.991039991
1341846328.939814 -0.460839987 0.426633209 0.291745901 0.096886292 0.092754871 0.016031193 0.990834296
1341846328.970217 -0.481273562 0.419588923 0.288884014 0.100325197 0.094076321 0.019438539 0.990306377
1341846329.006232 -0.466495842 0.387542307 0.284680337 0.098217681 0.089600921 0.022005603 0.990878761
1341846329.038243 -0.464804947 0.364213943 0.283634245 0.101026714 0.088325828 0.021269351 0.990726888
1341846329.106125 -0.464035571 0.363482893 0.266109616 0.103907235 0.088033564 0.019968521 0.990482032
1341846329.138340 -0.459045976 0.352421582 0.256510198 0.106309302 0.086431608 0.018409034 0.990398407
1341846329.169991 -0.460208684 0.344241589 0.260757953 0.106487110 0.085648760 0.016897151 0.990474284
1341846329.208656 -0.470693052 0.330363125 0.253336251 0.105799988 0.086888641 0.015647072 0.990460455
1341846329.238169 -0.467361897 0.317689687 0.247427404 0.104128733 0.085327663 0.017056432 0.990749955
1341846329.273827 -0.467137307 0.308807880 0.242331684 0.102377474 0.084467024 0.017812079 0.990992904
1341846329.306052 -0.476950049 0.309630334 0.227135837 0.103828967 0.083629504 0.016144620 0.990941465
1341846329.338104 -0.453289360 0.316354871 0.235409632 0.100974463 0.078481071 0.013679768 0.991694391
1341846329.373907 -0.446151078 0.292586923 0.232806295 0.096297219 0.076419421 0.013315620 0.992325306
1341846329.405985 -0.459023684 0.266728401 0.212408602 0.095140323 0.077217974 0.011041080 0.992403090
1341846329.442057 -0.454785526 0.246050224 0.200515240 0.090698846 0.076024570 0.006898789 0.992948353
1341846329.473950 -0.458168179 0.263933122 0.221443757 0.094636738 0.075652979 -0.000115377 0.992633104
1341846329.506147 -0.460237265 0.254232675 0.216708720 0.094399691 0.074060492 -0.003838334 0.992768347
1341846329.542121 -0.469798803 0.262515008 0.217861086 0.095877200 0.072382458 -0.001497321 0.992756844
1341846329.574086 -0.463527232 0.223344162 0.217563868 0.094000429 0.069525622 -0.005435385 0.993126631
1341846329.606387 -0.452885956 0.213762999 0.214173928 0.095051691 0.066967621 -0.005681423 0.993201017
1341846329.641955 -0.468786895 0.219380438 0.204473376 0.096580304 0.068184912 -0.006464439 0.992965877
1341846329.681570 -0.470461875 0.204540581 0.207429081 0.095162392 0.065354563 -0.006084904 0.993295491
1341846329.748113 -0.455011189 0.201098919 0.202973217 0.097641192 0.063523620 -0.008380227 0.993156970
1341846329.810175 -0.460131109 0.169220656 0.199056268 0.094519503 0.067357808 -0.003643860 0.993234992
1341846329.842255 -0.460508972 0.161372438 0.201143011 0.096224546 0.067228191 -0.000759548 0.993086398
1341846329.874044 -0.460642010 0.155376449 0.197470188 0.098153673 0.067089327 0.002704786 0.992903590
1341846329.910073 -0.462945610 0.161432087 0.198540732 0.099349752 0.066381522 0.005148478 0.992822587
1341846329.942009 -0.464470267 0.157564104 0.200975448 0.095115051 0.065926887 0.010997993 0.993219912
1341846329.978087 -0.466013491 0.130819231 0.199700296 0.091974437 0.065987930 0.011716678 0.993503392
1341846330.016305 -0.463084728 0.137019753 0.188920796 0.094047680 0.066610254 0.009556606 0.993290901
1341846330.048192 -0.465549916 0.150241122 0.192296445 0.091536224 0.068149664 0.011229840 0.993403554
1341846330.080418 -0.464747280 0.121514030 0.192412555 0.085306294 0.068063274 0.013965727 0.993929148
1341846330.115886 -0.462563366 0.104738384 0.188223720 0.087620474 0.069054037 0.014789592 0.993647575
1341846330.147839 -0.448273659 0.111659825 0.173211887 0.090923786 0.065424137 0.019708278 0.993511021
1341846330.181257 -0.441777706 0.132148847 0.174492568 0.088466562 0.063784696 0.022633318 0.993777096
1341846330.215852 -0.443459272 0.110046200 0.178819373 0.080207869 0.065289587 0.023456018 0.994360983
1341846330.247833 -0.448109150 0.103010967 0.175856590 0.077801533 0.065973729 0.022584122 0.994527221
1341846330.283913 -0.477580309 0.124106467 0.173695639 0.075714983 0.070527539 0.019651363 0.994437993
1341846330.316011 -0.454271317 0.101734675 0.174430728 0.068220794 0.065293662 0.023670711 0.995249867
1341846330.347868 -0.480603874 0.099042803 0.181302428 0.065578230 0.068255618 0.018883310 0.995331168
1341846330.383835 -0.473145902 0.092403442 0.175710887 0.063416600 0.067088827 0.019906862 0.995530605
1341846330.415934 -0.476869434 0.075619504 0.180113375 0.061619565 0.068461053 0.017841021 0.995589197
1341846330.452561 -0.482123166 0.076143324 0.181450844 0.064733326 0.068238959 0.016389735 0.995431781
1341846330.483903 -0.486592054 0.093809776 0.175999925 0.067219973 0.066546880 0.018733427 0.995340168
1341846330.515970 -0.486230433 0.073225401 0.174310237 0.063552208 0.064264297 0.022496967 0.995653093
1341846330.552099 -0.483964056 0.069127575 0.172654733 0.064977892 0.062541746 0.024537360 0.995622575
1341846330.583876 -0.487978131 0.081531815 0.170615807 0.065473862 0.062524445 0.024763118 0.995585620
1341846330.619992 -0.496780992 0.099381983 0.167912871 0.063310258 0.062104847 0.023037205 0.995793223
1341846330.652136 -0.493097842 0.088276744 0.165438622 0.055834696 0.060125787 0.023392100 0.996353447
1341846330.683796 -0.498015225 0.085636243 0.165774047 0.051123068 0.061011638 0.021815533 0.996588230
1341846330.719991 -0.504764259 0.069052435 0.165985018 0.047286753 0.059124477 0.023758236 0.996846914
1341846330.752103 -0.510201812 0.066482201 0.158187211 0.049782485 0.055229302 0.026922436 0.996868372
1341846330.787952 -0.513816893 0.072171703 0.148828834 0.051432941 0.050427325 0.030592168 0.996933222
1341846330.819823 -0.513170481 0.073139288 0.153915092 0.051296398 0.045958441 0.031058321 0.997141838
1341846330.852208 -0.511114836 0.081217140 0.148440033 0.051319264 0.043935962 0.032125045 0.997198045
1341846330.914111 -0.519660354 0.099483803 0.141668573 0.043367408 0.040965680 0.033229373 0.997665703
1341846330.949903 -0.506583989 0.057780962 0.125853613 0.036279034 0.036486376 0.037191071 0.997982681
1341846330.981986 -0.535520673 0.077889517 0.133190036 0.039168864 0.036824521 0.033472508 0.997992694
1341846331.014111 -0.530525029 0.086511567 0.138087034 0.039617531 0.032109387 0.034096077 0.998116672
1341846331.082139 -0.524662793 0.066024713 0.130623385 0.038006060 0.028228924 0.030991614 0.998397827
1341846331.114334 -0.535918951 0.090059154 0.129197538 0.041250516 0.027262095 0.030342421 0.998315811
1341846331.149989 -0.542220831 0.082555681 0.130684972 0.041197550 0.027435910 0.028041046 0.998380601
1341846331.181954 -0.546171069 0.081455827 0.123118319 0.043986112 0.027255856 0.026985401 0.998295605
1341846331.218151 -0.546573162 0.097632304 0.120384999 0.044863105 0.023446767 0.028350072 0.998315454
1341846331.249914 -0.541691840 0.082127348 0.116208673 0.041313849 0.021792635 0.027127048 0.998540103
1341846331.318141 -0.523891568 0.096546598 0.139268801 0.053160988 0.029902900 0.021555103 0.997905314
1341846331.349926 -0.516539454 0.092260733 0.128607139 0.051356126 0.031852324 0.022252610 0.997924209
1341846331.382003 -0.498636752 0.077403419 0.124177009 0.054114621 0.038669705 0.018560139 0.997613072
1341846331.418008 -0.509994566 0.075008996 0.121576339 0.059700031 0.049390886 0.018720023 0.996817946
1341846331.450327 -0.511312544 0.088383697 0.140619993 0.062833726 0.053708583 0.020180579 0.996373475
1341846331.486219 -0.522688389 0.093861289 0.138344139 0.063086018 0.056545351 0.020843804 0.996186852
1341846331.518344 -0.497371852 0.092069536 0.164977074 0.062158547 0.055217847 0.021066703 0.996314943
1341846331.550202 -0.490065247 0.089719594 0.176392347 0.064374186 0.059687324 0.019649412 0.995945394
1341846331.586139 -0.501905918 0.103867605 0.184790492 0.067604721 0.061939135 0.019660998 0.995593607
1341846331.617931 -0.492249966 0.107000723 0.189185202 0.066995829 0.061263859 0.020076552 0.995668232
1341846331.654027 -0.476636320 0.095493197 0.197019517 0.066594705 0.062377326 0.021257222 0.995601535
1341846331.686123 -0.488434404 0.109793276 0.204370573 0.070280313 0.066444792 0.022138616 0.995065689
1341846331.717954 -0.492651343 0.123193093 0.209832609 0.068389855 0.065725550 0.022965897 0.995226383
1341846331.754076 -0.475616634 0.106541581 0.217124194 0.064595312 0.064979218 0.021924779 0.995552361
1341846331.785920 -0.473757356 0.104359895 0.229754865 0.067277938 0.067931570 0.020802826 0.995201588
1341846331.818053 -0.478234589 0.118317842 0.242542133 0.069008447 0.070149556 0.020400476 0.994937539
1341846331.853849 -0.483034998 0.104251318 0.233836576 0.065829605 0.071335346 0.019340886 0.995089769
1341846331.885987 -0.472569644 0.106779300 0.243969530 0.068972416 0.073412433 0.016786749 0.994772136
1341846331.922014 -0.470166266 0.113166451 0.256960869 0.071195982 0.076347463 0.015943730 0.994408369
1341846331.954037 -0.462294042 0.113879554 0.262940168 0.071443744 0.078382157 0.016875284 0.994216919
1341846331.986135 -0.455887914 0.102026835 0.265719265 0.072873309 0.083499543 0.018739996 0.993662953
1341846332.022364 -0.465139836 0.093507878 0.286993653 0.079229958 0.089430548 0.018311348 0.992667854
1341846332.054175 -0.464404821 0.102829337 0.304219723 0.086485758 0.089381605 0.020001100 0.992033839
1341846332.086502 -0.457776606 0.108283997 0.317432970 0.089920163 0.088894397 0.020816559 0.991755426
1341846332.122051 -0.461176932 0.113257080 0.330387115 0.091957644 0.090607561 0.019575350 0.991438806
1341846332.153983 -0.465739280 0.130598918 0.341599286 0.091431946 0.090725020 0.017550068 0.991514623
1341846332.190165 -0.464775443 0.135981455 0.364380926 0.085961848 0.089418590 0.015111788 0.992162585
1341846332.254145 -0.457608283 0.108136453 0.387167186 0.083460107 0.089259908 0.014049889 0.992406011
1341846332.289948 -0.455326349 0.114004664 0.397630692 0.086111546 0.088455990 0.016417133 0.992215097
1341846332.322172 -0.453034759 0.111066386 0.406131685 0.086675793 0.088117227 0.018029746 0.992168128
1341846332.354003 -0.447000742 0.106136933 0.401056468 0.088706478 0.089684896 0.015018513 0.991898298
1341846332.390180 -0.444526553 0.123874262 0.417373538 0.091589414 0.094167009 0.011537224 0.991267323
1341846332.422055 -0.447529316 0.124597229 0.434183627 0.089597896 0.097071894 0.008593400 0.991199017
1341846332.458114 -0.442049533 0.117725648 0.440869689 0.088174008 0.099163093 0.004950661 0.991144538
1341846332.489993 -0.448951185 0.124532074 0.455922753 0.089949980 0.101585761 0.007157385 0.990726054
1341846332.522130 -0.454405010 0.123122707 0.474377692 0.089130804 0.098351873 0.012064820 0.991078734
1341846332.558114 -0.450024694 0.118792906 0.475718260 0.089061953 0.092553303 0.017784305 0.991557181
1341846332.589874 -0.438093305 0.137777135 0.475306392 0.091699168 0.088516183 0.022268705 0.991594791
1341846332.621889 -0.430804849 0.138594687 0.486678153 0.086971067 0.087611511 0.025250608 0.992029548
1341846332.658202 -0.426153839 0.132326171 0.500477076 0.082270697 0.088561721 0.024175998 0.992372870
1341846332.690001 -0.422176063 0.136929765 0.514682174 0.081108466 0.089111812 0.025772689 0.992379129
1341846332.726000 -0.424973667 0.128417015 0.526874006 0.079509243 0.088626906 0.029747691 0.992440760
1341846332.758386 -0.420735270 0.136026219 0.536822796 0.081428632 0.086437680 0.029449640 0.992487073
1341846332.789937 -0.410849631 0.142375797 0.543430626 0.081048191 0.086655743 0.028583722 0.992524564
1341846332.825925 -0.409313142 0.143169016 0.563102245 0.078777276 0.089981712 0.026663372 0.992464840
1341846332.857898 -0.400577694 0.139592037 0.566120028 0.079349771 0.090012088 0.026934139 0.992409229
1341846332.894069 -0.401097864 0.155082792 0.575308442 0.080583870 0.090283148 0.026665742 0.992292345
1341846332.926029 -0.394644141 0.159312576 0.581533194 0.077175707 0.090728141 0.024393806 0.992581129
1341846332.958015 -0.392016143 0.158237591 0.588909805 0.073548786 0.093108818 0.022658991 0.992677152
1341846332.994073 -0.390065044 0.148500025 0.591287374 0.068771295 0.094499759 0.022497490 0.992891848
1341846333.026545 -0.384937644 0.146413624 0.598112822 0.065433778 0.095705956 0.019517982 0.993064880
1341846333.057998 -0.376437604 0.146003127 0.604889154 0.064163990 0.097313598 0.020615509 0.992969334
1341846333.094024 -0.373681128 0.145707488 0.610720992 0.064917080 0.098723911 0.024378140 0.992695868
1341846333.126095 -0.365172327 0.149378926 0.617368698 0.066004798 0.099781007 0.026585655 0.992461741
1341846333.161973 -0.360504955 0.158870310 0.621834993 0.065626480 0.102353171 0.027436240 0.992201746
1341846333.195660 -0.361111760 0.156124592 0.631400168 0.062996328 0.104756780 0.029680341 0.992056727
1341846333.226331 -0.356906503 0.162707210 0.633847952 0.062649764 0.104863115 0.029026523 0.992086768
1341846333.262056 -0.356886566 0.176058054 0.637680054 0.060928646 0.105759986 0.027123092 0.992152631
1341846333.294147 -0.354474515 0.165119544 0.643905461 0.055733845 0.105708316 0.027259981 0.992459774
1341846333.326100 -0.358185291 0.168708861 0.648430765 0.054146994 0.105563663 0.025832657 0.992601156
1341846333.362100 -0.348597258 0.174465165 0.644418061 0.051427085 0.103544973 0.024539918 0.992991149
1341846333.394119 -0.346706748 0.172182560 0.657604873 0.048749108 0.102775291 0.024303220 0.993211985
1341846333.429974 -0.363046795 0.164778501 0.657588243 0.045759875 0.104418822 0.023104545 0.993211389
1341846333.462115 -0.340840548 0.173249036 0.665381491 0.048327506 0.101312071 0.023027999 0.993413329
1341846333.494040 -0.353297502 0.167779192 0.643023074 0.047980156 0.102088280 0.022425108 0.993364513
1341846333.529953 -0.336913943 0.177938506 0.652261734 0.050494183 0.101633839 0.021413222 0.993308783
1341846333.562063 -0.358210057 0.171610758 0.642620444 0.049396075 0.105987072 0.021950770 0.992897213
1341846333.594090 -0.387055069 0.177887589 0.636089623 0.048584167 0.108448364 0.021932956 0.992671907
1341846333.629994 -0.349902093 0.182597652 0.655596256 0.046491534 0.102177508 0.023612740 0.993398607
1341846333.662127 -0.348570108 0.183745801 0.652473748 0.043627843 0.100861751 0.023409229 0.993667722
1341846333.697964 -0.342848837 0.174563453 0.652625799 0.040930282 0.099904180 0.024439979 0.993854403
1341846333.730092 -0.347155571 0.170411229 0.648132801 0.042849481 0.100937366 0.024792165 0.993660331
1341846333.762089 -0.345794857 0.174509540 0.643750131 0.045077022 0.101042233 0.025903935 0.993522763
1341846333.798006 -0.349531949 0.173569024 0.641632557 0.046518575 0.102086231 0.025663866 0.993355811
1341846333.830055 -0.346255779 0.171228141 0.635297000 0.048494067 0.102596059 0.023590069 0.993260264
1341846333.866045 -0.351976544 0.174372405 0.631689668 0.049917992 0.104430661 0.022208657 0.993030310
1341846333.897987 -0.354154408 0.170031697 0.627660275 0.051056918 0.104502097 0.021043116 0.992990255
1341846333.930099 -0.354233265 0.164934844 0.622438610 0.053201515 0.105303362 0.019990722 0.992814779
1341846333.965889 -0.357536972 0.166591078 0.616328478 0.055622645 0.106278755 0.019660618 0.992584705
1341846333.997985 -0.362752885 0.163151056 0.611067474 0.057641346 0.107781462 0.019045202 0.992319465
1341846334.030076 -0.377203286 0.161758721 0.618915081 0.060014516 0.112472422 0.018350909 0.991671026
1341846334.066000 -0.373055995 0.162859499 0.617542505 0.062172793 0.111064598 0.019368945 0.991677403
1341846334.097932 -0.364540994 0.167224929 0.607264459 0.064725570 0.109152660 0.019606829 0.991721690
1341846334.133884 -0.380394071 0.160333663 0.588438511 0.065595046 0.110815212 0.020404562 0.991464019
1341846334.166115 -0.398145586 0.156598121 0.583672702 0.065318413 0.111756459 0.021101788 0.991362035
1341846334.198072 -0.399138302 0.159503445 0.576674461 0.066428393 0.109779015 0.019907963 0.991533935
1341846334.234097 -0.398032397 0.158582732 0.571824908 0.066388786 0.109598696 0.019543445 0.991563737
1341846334.266045 -0.410064876 0.159039870 0.574114919 0.066952832 0.113022625 0.018593887 0.991159678
1341846334.297946 -0.399739325 0.160249680 0.558221877 0.068010896 0.108547010 0.020647425 0.991547167
1341846334.334036 -0.413088739 0.159361154 0.558927536 0.068485618 0.108779684 0.020919165 0.991483331
1341846334.365871 -0.420089632 0.161133721 0.545170128 0.067703746 0.109258600 0.019033724 0.991522312
1341846334.401845 -0.405270755 0.162896216 0.544866681 0.066694550 0.107883126 0.018990489 0.991742134
1341846334.433864 -0.416347980 0.160717204 0.533603072 0.066572979 0.107507020 0.019080738 0.991789401
1341846334.466105 -0.414739937 0.160717025 0.534440577 0.067269750 0.105555274 0.020608893 0.991921425
1341846334.502142 -0.420402288 0.168117106 0.517576456 0.066766687 0.104480654 0.020225585 0.992077053
1341846334.540153 -0.420591354 0.165014595 0.507986248 0.065782405 0.102983035 0.018752716 0.992328346
1341846334.602351 -0.432650149 0.171827167 0.492075473 0.060957246 0.099749453 0.013379353 0.993053496
1341846334.670161 -0.444516182 0.166793630 0.482521057 0.054901760 0.097997867 0.006185504 0.993651807
1341846334.702085 -0.450227797 0.163220063 0.472298801 0.053334620 0.095890842 0.007412722 0.993934274
1341846334.734751 -0.451881737 0.164803445 0.463173032 0.053734645 0.093131088 0.008990849 0.994162083
1341846334.770889 -0.457216799 0.163629711 0.448807955 0.053665400 0.091693357 0.011671529 0.994271636
1341846334.802194 -0.462331265 0.166461319 0.433283508 0.053231116 0.089104019 0.013150336 0.994511902
1341846334.833908 -0.460483819 0.169276223 0.418429226 0.052723866 0.086936601 0.011792678 0.994747758
1341846334.869874 -0.469756305 0.166788176 0.416566133 0.051037092 0.087469935 0.010825458 0.994799972
1341846334.902006 -0.482632101 0.167561501 0.423542589 0.050000161 0.086868294 0.010691659 0.994906783
1341846334.938010 -0.486512959 0.166595519 0.414424360 0.049355846 0.083805867 0.009830188 0.995210469
1341846334.970032 -0.486501545 0.165475383 0.407129824 0.049189944 0.082879558 0.008626839 0.995307446
1341846335.002203 -0.490037978 0.159938589 0.394001961 0.049983092 0.082953684 0.010531166 0.995243430
1341846335.037880 -0.498590827 0.163136214 0.377395123 0.053014264 0.080381401 0.012622714 0.995273292
1341846335.069990 -0.502980053 0.167488873 0.378354520 0.053748783 0.077694021 0.012072781 0.995454133
1341846335.106038 -0.497462869 0.163449541 0.363073647 0.053514227 0.078041472 0.009580249 0.995466709
1341846335.138045 -0.507162809 0.161404729 0.356017351 0.054738592 0.079703666 0.009463585 0.995269537
1341846335.169900 -0.514431715 0.167489395 0.345736593 0.055385798 0.077104978 0.009991420 0.995433271
1341846335.206091 -0.512674868 0.166894212 0.332768202 0.054275248 0.074823000 0.007584789 0.995689809
1341846335.239365 -0.510952055 0.164905727 0.322843671 0.053988762 0.075569324 0.005193974 0.995664358
1341846335.269948 -0.517955542 0.163605779 0.314897656 0.055394012 0.077415220 0.003567195 0.995452523
1341846335.305972 -0.526124597 0.164851740 0.305038035 0.057367578 0.076246955 0.004372693 0.995427668
1341846335.338012 -0.522580624 0.164123952 0.297306627 0.058981761 0.074134067 0.005977285 0.995484591
1341846335.374005 -0.520993769 0.150605425 0.282851040 0.062070813 0.075577900 0.006608115 0.995184183
1341846335.406025 -0.523192048 0.151510417 0.276304841 0.068869725 0.077632852 0.008826640 0.994561315
1341846335.438079 -0.531086981 0.158993930 0.258517563 0.074764401 0.078873374 0.010962880 0.994016647
1341846335.473998 -0.530491114 0.166328862 0.249508649 0.077404007 0.080309629 0.011487872 0.993693650
1341846335.507038 -0.536678255 0.166332871 0.243168801 0.077735558 0.083311819 0.009877236 0.993437886
1341846335.538040 -0.545360208 0.172691181 0.236757010 0.077335626 0.086219870 0.007978201 0.993237972
1341846335.574119 -0.548512757 0.179556057 0.230759144 0.075285204 0.085861728 0.009364543 0.993414402
1341846335.605970 -0.549473286 0.173758507 0.221921861 0.073285505 0.085098445 0.008702234 0.993635654
1341846335.641978 -0.551435649 0.177690312 0.214033216 0.074608915 0.086477667 0.005636618 0.993440151
1341846335.673993 -0.557179749 0.175389260 0.199894190 0.073756397 0.087550178 0.004881555 0.993413866
1341846335.706178 -0.562577724 0.175071791 0.192650989 0.073357217 0.086394802 0.005842594 0.993539393
1341846335.741982 -0.558204114 0.174105242 0.183582783 0.073585674 0.085535869 0.005045953 0.993601203
1341846335.773960 -0.565843999 0.177113384 0.164466813 0.073459685 0.086461827 0.004992418 0.993530631
1341846335.806271 -0.569530308 0.185373589 0.153788045 0.071952626 0.085899383 0.005218250 0.993688524
1341846335.842031 -0.568178475 0.179079384 0.148469642 0.069587097 0.086444631 0.005394052 0.993808806
1341846335.873966 -0.571741581 0.178176984 0.145033538 0.070506595 0.088167146 0.004306410 0.993597925
1341846335.910005 -0.582008541 0.183777660 0.129195362 0.070305556 0.088523887 0.006354508 0.993569434
1341846335.941936 -0.586673081 0.184261560 0.119524896 0.069329627 0.086616419 0.007349316 0.993799269
1341846335.974198 -0.587138891 0.184742600 0.104914151 0.068925120 0.085801795 0.005131878 0.993911982
1341846336.010032 -0.593044281 0.185003534 0.101833813 0.068577573 0.085904524 0.003999358 0.993932366
1341846336.042129 -0.600637615 0.187323943 0.091245808 0.067878254 0.084764138 0.004588392 0.994075716
1341846336.078076 -0.602049947 0.183611318 0.083053201 0.067538671 0.082786471 0.003752771 0.994269013
1341846336.110739 -0.603892028 0.186072111 0.076710150 0.067965269 0.082709000 0.002066473 0.994251311
1341846336.142002 -0.613003016 0.185978770 0.064086586 0.067746863 0.083023779 0.003192161 0.994237006
1341846336.183953 -0.616920114 0.188951135 0.053311944 0.067642190 0.080297425 0.004379876 0.994463503
1341846336.241891 -0.618386805 0.192329749 0.053434283 0.065985136 0.079298653 0.003936969 0.994656801
1341846336.277946 -0.628654242 0.185692355 0.047883771 0.066063821 0.080319688 0.005229822 0.994563699
1341846336.309977 -0.620105147 0.190669388 -0.013238102 0.068441518 0.076635495 0.009375824 0.994663179
1341846336.346143 -0.637118578 0.191854924 0.030689709 0.071283393 0.076668598 0.008397490 0.994469762
1341846336.377975 -0.637862802 0.189514294 0.023087986 0.071627393 0.076677918 0.007655697 0.994450331
1341846336.410032 -0.641116679 0.196245015 0.009918191 0.073078260 0.077274822 0.008197636 0.994294167
1341846336.446041 -0.648338795 0.198191255 0.003006227 0.072365358 0.077233493 0.007912990 0.994351864
1341846336.477990 -0.645724356 0.197608799 -0.009341344 0.071373716 0.076623261 0.007951102 0.994470477
1341846336.510056 -0.646528780 0.196861356 -0.021279067 0.071507640 0.077138148 0.008855583 0.994413376
1341846336.546024 -0.648147047 0.197541669 -0.024976566 0.072669819 0.076901622 0.010774450 0.994328499
1341846336.578003 -0.653315961 0.205972210 -0.039571181 0.072966799 0.076645061 0.012614073 0.994304895
1341846336.614020 -0.649967968 0.205966488 -0.040161788 0.072367169 0.077129073 0.011280910 0.994327366
1341846336.645982 -0.656450093 0.211413205 -0.049321577 0.071329974 0.078671783 0.011256066 0.994281650
1341846336.678036 -0.663815379 0.204425305 -0.053712875 0.068817183 0.077035204 0.012584075 0.994570971
1341846336.714024 -0.664068997 0.200147301 -0.049338572 0.070406646 0.074689165 0.011374446 0.994653225
1341846336.746016 -0.672864139 0.198259607 -0.052494340 0.074163184 0.073052324 0.013120492 0.994480252
1341846336.778014 -0.682929337 0.201865718 -0.078166693 0.077002995 0.069564447 0.015909899 0.994473815
1341846336.820006 -0.661122024 0.208131447 -0.117235251 0.077528313 0.064206891 0.019318139 0.994732976
1341846336.882056 -0.623954237 0.212025791 -0.186843008 0.079318084 0.059010644 0.020290636 0.994894266
1341846336.914273 -0.589012086 0.208784550 -0.187270194 0.081442848 0.052879658 0.023059271 0.995007038
1341846336.945998 -0.556054771 0.218122095 -0.201124996 0.088010818 0.046420578 0.021537516 0.994804204
1341846336.981980 -0.530310690 0.241116166 -0.225093767 0.091719143 0.042404912 0.017448502 0.994728565
1341846337.014238 -0.490359545 0.251353979 -0.230837390 0.089014582 0.038085535 0.015430338 0.995182276
1341846337.046017 -0.447928011 0.256540298 -0.217403084 0.087080441 0.035339575 0.009996432 0.995524108
1341846337.082104 -0.420322090 0.264439583 -0.240601256 0.085896082 0.033632398 0.007796073 0.995705724
1341846337.114317 -0.391745389 0.269092530 -0.239540815 0.084205799 0.030557618 0.006604442 0.995957851
1341846337.150037 -0.363166183 0.273872316 -0.239851654 0.082730427 0.027004704 0.006483199 0.996184945
1341846337.181873 -0.334673107 0.277644277 -0.232912496 0.082555100 0.026200853 0.002519871 0.996238887
1341846337.214073 -0.316284478 0.287418634 -0.254917145 0.080209553 0.027101185 0.000661164 0.996409297
1341846337.250087 -0.316835463 0.275478542 -0.255049139 0.076793291 0.025467599 0.002491932 0.996718585
1341846337.282028 -0.307250708 0.276776522 -0.254976362 0.078321338 0.020341605 0.006351820 0.996700346
1341846337.317920 -0.301281124 0.282351613 -0.252299219 0.078600287 0.018747218 0.005819933 0.996712923
1341846337.350018 -0.308226436 0.287537754 -0.260909021 0.077129945 0.019862741 0.005595693 0.996807456
1341846337.382159 -0.302509487 0.281912148 -0.256920338 0.074003555 0.019955289 0.003844604 0.997050881
1341846337.417941 -0.308431715 0.272288978 -0.261774778 0.074266657 0.020795599 0.004453898 0.997011602
1341846337.450137 -0.308676839 0.279473543 -0.270541668 0.075212352 0.018687176 0.005682351 0.996976197
1341846337.482096 -0.307823837 0.279158592 -0.269775569 0.073954768 0.018453823 0.005931142 0.997073233
1341846337.518008 -0.307677060 0.273702860 -0.265412897 0.074571572 0.018033018 0.006407545 0.997031987
1341846337.549978 -0.314452678 0.282800466 -0.281728178 0.075198002 0.017880706 0.003696488 0.997001469
1341846337.585971 -0.310724169 0.277403027 -0.269712627 0.072123982 0.017290222 0.003546232 0.997239530
1341846337.617903 -0.305141091 0.263313919 -0.269701064 0.072583944 0.016248314 0.004431559 0.997220099
1341846337.650141 -0.303629577 0.279815137 -0.269143999 0.075940326 0.015805699 0.003507718 0.996980906
1341846337.686352 -0.307837456 0.282850087 -0.271132410 0.074265234 0.016343504 0.004060874 0.997096300
1341846337.718002 -0.302486658 0.280762613 -0.267538190 0.072339080 0.016486557 0.003935831 0.997236073
1341846337.749920 -0.299750596 0.285920292 -0.262480080 0.072425000 0.018473625 0.003138031 0.997197807
1341846337.786157 -0.299265981 0.293263435 -0.257571667 0.069629408 0.021349400 0.003550167 0.997338116
1341846337.817945 -0.294201046 0.285118848 -0.253468215 0.066978045 0.023043072 0.005336983 0.997474015
1341846337.854071 -0.293480814 0.290923059 -0.249307543 0.066163525 0.026612695 0.004408819 0.997444093
1341846337.885951 -0.298165470 0.297539860 -0.244778678 0.063329101 0.029461328 0.002520720 0.997554541
1341846337.918223 -0.293095022 0.297063500 -0.237132892 0.059050780 0.030428654 0.000633425 0.997790933
1341846337.954120 -0.295403033 0.295722336 -0.232837111 0.056715194 0.032304164 -0.000270161 0.997867584
1341846337.985994 -0.289984435 0.300173014 -0.227398410 0.054200761 0.032721952 0.000992610 0.997993231
1341846338.018107 -0.283846915 0.295892298 -0.214625806 0.050675958 0.034176890 0.001959350 0.998128295
1341846338.054055 -0.283574760 0.300083935 -0.208976910 0.048608519 0.035769958 0.001398595 0.998176217
1341846338.085986 -0.283463895 0.300592870 -0.200705200 0.045543347 0.039561648 0.000115390 0.998178661
1341846338.121875 -0.278346837 0.293408453 -0.195241243 0.042951722 0.041147988 0.003207878 0.998224258
1341846338.154089 -0.279465705 0.293209195 -0.190408349 0.042330321 0.041679833 0.006861921 0.998210311
1341846338.186029 -0.279221594 0.294956356 -0.182454243 0.041600231 0.041689094 0.008586674 0.998227298
1341846338.222071 -0.268303126 0.300109416 -0.173074663 0.040615998 0.042016767 0.008269492 0.998256743
1341846338.254107 -0.266368657 0.293771088 -0.160540193 0.038603716 0.043872736 0.009307559 0.998247623
1341846338.290130 -0.262265623 0.291869640 -0.150499195 0.039150022 0.043436661 0.011042802 0.998227715
1341846338.321952 -0.260772645 0.297834247 -0.143893331 0.039614126 0.044561427 0.012705990 0.998140037
1341846338.354022 -0.256512403 0.295093954 -0.133363619 0.038869869 0.044978514 0.013173912 0.998144507
1341846338.389969 -0.255781353 0.300859511 -0.123676315 0.038843766 0.046056833 0.013436109 0.998092890
1341846338.422377 -0.253471911 0.300522447 -0.115000397 0.037262551 0.046439692 0.013455018 0.998135149
1341846338.454010 -0.253711015 0.303295076 -0.106145561 0.036290862 0.046225134 0.012733231 0.998190403
1341846338.489894 -0.253330201 0.301771134 -0.096655205 0.034767844 0.046112489 0.012482697 0.998252988
1341846338.522066 -0.249288678 0.299719542 -0.089024328 0.035453152 0.046252880 0.011859181 0.998229980
1341846338.558058 -0.246714383 0.303789079 -0.082495756 0.034696873 0.046034064 0.012170823 0.998262882
1341846338.589842 -0.245469287 0.302716792 -0.071495205 0.032704055 0.046020675 0.011526809 0.998338461
1341846338.622019 -0.242996439 0.298176169 -0.064045474 0.033135127 0.047097005 0.012240274 0.998265564
1341846338.657984 -0.240983412 0.301185519 -0.058444716 0.033704739 0.046719156 0.014743735 0.998230398
1341846338.690198 -0.238057718 0.302394122 -0.054552905 0.031734504 0.046081617 0.013748853 0.998338819
1341846338.722454 -0.220707327 0.297902048 -0.028583370 0.030959915 0.045780614 0.014727623 0.998363018
1341846338.757945 -0.236040413 0.303639084 -0.031768024 0.031514950 0.047260426 0.015909297 0.998258591
1341846338.790039 -0.233271867 0.301477343 -0.024795078 0.029190456 0.045138035 0.016450357 0.998418689
1341846338.826048 -0.212771922 0.299280852 -0.006110720 0.029489255 0.044673353 0.015551397 0.998445213
1341846338.858027 -0.214107707 0.301120639 -0.000480797 0.029185193 0.046248864 0.015690137 0.998380244
1341846338.889902 -0.215153903 0.303963631 0.015067277 0.026969211 0.045981709 0.014803961 0.998468459
1341846338.925948 -0.206260011 0.298902571 0.020286078 0.025753524 0.046339076 0.012635789 0.998513818
1341846338.958108 -0.201064363 0.298784763 0.030528810 0.025982508 0.048151843 0.011903042 0.998431087
1341846338.990057 -0.199541330 0.301078647 0.047059350 0.026979094 0.048091024 0.012394852 0.998401642
1341846339.025928 -0.193539083 0.300648928 0.059900820 0.029242205 0.048859280 0.012541268 0.998298764
1341846339.057939 -0.190301284 0.304135263 0.069351003 0.032042958 0.051189419 0.012365588 0.998098195
1341846339.093927 -0.194002464 0.311924309 0.075101629 0.031419881 0.051162157 0.013116080 0.998109818
1341846339.126562 -0.185437083 0.315185934 0.083882436 0.028418107 0.049652398 0.012103735 0.998288810
1341846339.157969 -0.177559868 0.311996132 0.097924143 0.025667528 0.052095208 0.010559675 0.998256326
1341846339.194113 -0.182402208 0.315946192 0.097547010 0.024032455 0.053494006 0.012039476 0.998206317
1341846339.228165 -0.178851381 0.317601174 0.104655914 0.020714315 0.051273633 0.014588559 0.998363197
1341846339.257998 -0.164153516 0.314702630 0.129170939 0.018494887 0.051029723 0.015107092 0.998411596
1341846339.294132 -0.165699288 0.313445926 0.131573200 0.018125148 0.053991936 0.016181573 0.998245716
1341846339.326577 -0.171447933 0.324208438 0.124060512 0.014713148 0.052653201 0.019458510 0.998314857
1341846339.362269 -0.155785501 0.320588082 0.142298594 0.010037391 0.049328741 0.017974367 0.998570383
1341846339.394725 -0.149865821 0.321357250 0.155258089 0.009502635 0.051268633 0.017052297 0.998494089
1341846339.462186 -0.138551623 0.319512159 0.172483608 0.005737335 0.049583089 0.018522564 0.998581767
1341846339.496743 -0.131051317 0.318722367 0.181154490 0.008645656 0.053195648 0.015945572 0.998419344
1341846339.562052 -0.125807211 0.315347910 0.196374983 0.009566952 0.056120060 0.017988225 0.998216152
1341846339.595122 -0.117598474 0.317188293 0.208866090 0.011877046 0.056473274 0.016877428 0.998190820
1341846339.632085 -0.110550314 0.320232987 0.221051946 0.013492953 0.059690382 0.015282997 0.998008728
1341846339.664568 -0.114120997 0.322713792 0.224143803 0.013936818 0.063327923 0.011953639 0.997823894
1341846339.698896 -0.112385705 0.317428708 0.236863196 0.013648818 0.064493433 0.011051831 0.997763574
1341846339.731977 -0.108383968 0.314840674 0.244987637 0.013532616 0.064501524 0.009723216 0.997778475
1341846339.762241 -0.101773642 0.310800880 0.253683835 0.013510086 0.065361567 0.009522554 0.997724771
1341846339.797873 -0.101348959 0.309823215 0.260619283 0.013563089 0.066058308 0.010858145 0.997664452
1341846339.830245 -0.095967665 0.309544981 0.269219935 0.013396178 0.065256059 0.010928312 0.997718751
1341846339.862015 -0.095307089 0.311897099 0.275630295 0.013317375 0.065843426 0.009764709 0.997693300
1341846339.897797 -0.087609030 0.309456557 0.283860207 0.012152563 0.066404603 0.009858561 0.997670054
1341846339.929916 -0.083579518 0.302808970 0.286222547 0.011067667 0.067578860 0.012272567 0.997577071
1341846339.961960 -0.081648804 0.301419556 0.294578820 0.012538710 0.067095570 0.013268174 0.997579515
1341846339.997845 -0.073551148 0.304644734 0.298837394 0.014432820 0.067580782 0.012710771 0.997528434
1341846340.029925 -0.070297882 0.301829636 0.302783012 0.015062278 0.069927320 0.013795940 0.997342944
1341846340.066044 -0.067327112 0.300906181 0.309633881 0.017223265 0.071070194 0.015058071 0.997208953
1341846340.098009 -0.066490933 0.301979840 0.310402095 0.018293578 0.071519561 0.016311157 0.997138023
1341846340.130102 -0.062995285 0.301860511 0.322797120 0.017751103 0.071688466 0.014795917 0.997159302
1341846340.166041 -0.053914566 0.301549196 0.327007413 0.018720131 0.073269792 0.012746565 0.997054994
1341846340.197867 -0.053473204 0.300800443 0.329233974 0.019505443 0.075604931 0.012657727 0.996866703
1341846340.229904 -0.053026363 0.303444415 0.337233663 0.018714450 0.075800247 0.012200577 0.996872723
1341846340.265859 -0.048180714 0.298257470 0.344125509 0.017463150 0.076762930 0.011992616 0.996824265
1341846340.298061 -0.044669326 0.298135489 0.349004030 0.019696344 0.078776494 0.012827651 0.996615171
1341846340.334063 -0.050951049 0.304881752 0.356345892 0.019578947 0.079079784 0.013999230 0.996577680
1341846340.366064 -0.043296907 0.294976652 0.361183643 0.016765663 0.076741539 0.013733367 0.996815443
1341846340.397995 -0.037529994 0.294833869 0.364108533 0.018725945 0.076581419 0.013570872 0.996795118
1341846340.433895 -0.037238330 0.296350121 0.366678864 0.019434573 0.076681465 0.013398470 0.996776164
1341846340.465959 -0.037372109 0.292316020 0.371600777 0.019696943 0.074339859 0.016046911 0.996909261
1341846340.501858 -0.029739514 0.293965816 0.372255713 0.020739418 0.070061997 0.016244562 0.997194707
1341846340.534329 -0.023873743 0.297012806 0.375020325 0.021700215 0.068376884 0.015646160 0.997300804
1341846340.566041 -0.019264903 0.292976558 0.374819607 0.022474648 0.067205332 0.016024791 0.997357249
1341846340.601909 -0.015301384 0.290419310 0.372030944 0.024732074 0.066214427 0.016867040 0.997356236
1341846340.634005 -0.008670792 0.301343948 0.368231416 0.026675845 0.065021388 0.015051359 0.997413695
1341846340.666028 -0.003562894 0.300588280 0.373346001 0.026385140 0.065139472 0.013202335 0.997439921
1341846340.701946 0.005404744 0.299847215 0.375638455 0.028179292 0.065668181 0.011041597 0.997382462
1341846340.733954 0.009333044 0.303263336 0.377146214 0.029403655 0.066853985 0.009811537 0.997281194
1341846340.770081 -0.001852237 0.301198035 0.358457297 0.028008560 0.068913385 0.007101194 0.997204125
1341846340.801980 0.003535848 0.298484653 0.358579993 0.027523793 0.069593005 0.001211125 0.997194946
1341846340.833999 0.003973767 0.301896751 0.355946779 0.027273403 0.071885750 -0.002226245 0.997037470
1341846340.870013 0.001610789 0.299879432 0.361042053 0.025738373 0.072230712 -0.004050350 0.997047603
1341846340.901955 0.004751112 0.298061162 0.359687001 0.026497792 0.071621425 -0.004645817 0.997069061
1341846340.933918 0.003998142 0.298194885 0.356174141 0.028642250 0.070910111 -0.001934304 0.997069538
1341846340.970122 0.000868455 0.301008224 0.354710728 0.030422341 0.068390377 0.002924525 0.997190416
1341846341.001922 -0.000190828 0.296098411 0.352149069 0.031369466 0.064222813 0.007469787 0.997414470
1341846341.037923 0.003128674 0.298597872 0.346543014 0.033149417 0.061213892 0.010075935 0.997523129
1341846341.070300 0.000832997 0.298008263 0.345153481 0.033526108 0.060703196 0.010264859 0.997539818
1341846341.102028 -0.002603952 0.298911959 0.343088210 0.033508901 0.059652548 0.010293245 0.997603536
1341846341.137982 -0.000173945 0.296603322 0.342893809 0.033380914 0.057725519 0.009728304 0.997726858
1341846341.170048 0.001739770 0.296676546 0.334993929 0.033816237 0.056782868 0.011277671 0.997749984
1341846341.202110 0.000011262 0.294211864 0.332626075 0.035253849 0.056799706 0.012381790 0.997686148
1341846341.237996 0.003276154 0.294794291 0.331988722 0.037056543 0.056428831 0.013124623 0.997632384
1341846341.269883 0.000781037 0.294627666 0.330081820 0.038120370 0.057074655 0.013763972 0.997546911
1341846341.306107 -0.004562382 0.295561075 0.326884657 0.038689397 0.057294462 0.012324236 0.997531235
1341846341.338109 0.000765134 0.295853615 0.322996825 0.039534036 0.056930821 0.010818236 0.997536421
1341846341.370120 -0.001509354 0.295794696 0.323542148 0.039895579 0.058622088 0.008000229 0.997450650
1341846341.406074 -0.005924128 0.293405294 0.318586558 0.039379593 0.059375923 0.007890494 0.997427464
1341846341.438113 -0.005952395 0.290618718 0.322405159 0.040664405 0.057497043 0.007945698 0.997485518
1341846341.470024 -0.001914080 0.294799745 0.318772823 0.043835804 0.056796484 0.005680900 0.997406781
1341846341.506077 -0.003887568 0.300153464 0.314816058 0.044005953 0.057671435 0.004981342 0.997352839
1341846341.538156 -0.009400863 0.294474483 0.321045369 0.042481851 0.056769602 0.005498955 0.997467935
1341846341.574016 -0.004826130 0.294071823 0.313079387 0.043380886 0.053585347 0.006405139 0.997599959
1341846341.612466 -0.008384103 0.296711862 0.311107755 0.044136316 0.053460196 0.006812590 0.997570872
1341846341.643972 -0.007812731 0.299441218 0.315108746 0.043383408 0.051940013 0.006119287 0.997688651
1341846341.679982 -0.014936658 0.296449244 0.311658710 0.042997636 0.051595323 0.005625262 0.997726142
1341846341.712332 -0.017032038 0.298805416 0.310345709 0.044266712 0.049320873 0.008475970 0.997765541
1341846341.744185 -0.015902273 0.295503855 0.306945086 0.044204224 0.047253139 0.010371278 0.997850478
1341846341.780061 -0.015350711 0.297557801 0.307164341 0.044978049 0.046749625 0.011308267 0.997829437
1341846341.842595 -0.006947031 0.294074297 0.298042417 0.047262084 0.044339243 0.016790127 0.997756720
1341846341.906227 -0.011003423 0.288556933 0.294694602 0.050343696 0.044007469 0.021897050 0.997521639
1341846341.942069 -0.008992847 0.282379568 0.289679617 0.053194445 0.043748077 0.023636162 0.997345388
1341846341.974775 -0.011490224 0.285123885 0.288760453 0.056880344 0.043894213 0.024657035 0.997110784
1341846342.010161 -0.016274594 0.285190821 0.289586544 0.057637583 0.043293081 0.026232934 0.997053385
1341846342.042024 -0.007775377 0.280546963 0.285832524 0.059081469 0.041632473 0.025800999 0.997050881
1341846342.080032 -0.005541377 0.286041260 0.281484514 0.061730273 0.043492541 0.026245482 0.996799350
1341846342.112265 -0.007987995 0.281188458 0.280028403 0.061435692 0.044330072 0.028386503 0.996721983
1341846342.147954 -0.007841470 0.276520520 0.280227095 0.063532405 0.042896759 0.030234827 0.996598899
1341846342.179852 -0.003432201 0.278762370 0.274856180 0.066779189 0.043107029 0.031276040 0.996345401
1341846342.211848 -0.005696144 0.281403631 0.273000449 0.067613102 0.043791082 0.031099396 0.996264815
1341846342.247920 -0.007930163 0.276069641 0.274552107 0.068102702 0.044523701 0.029421197 0.996249974
1341846342.279870 -0.003082549 0.278159499 0.274929911 0.069985367 0.044215925 0.029975809 0.996116698
1341846342.316068 -0.004668752 0.277131319 0.270876676 0.071129084 0.044487007 0.031162426 0.995987177
1341846342.347894 -0.003961621 0.279015660 0.268307209 0.071630277 0.044408459 0.031141445 0.995955408
1341846342.379953 -0.003565401 0.277038157 0.268082201 0.071547210 0.045341752 0.030793184 0.995930135
1341846342.416195 -0.004607679 0.276681125 0.268740207 0.072105929 0.045507550 0.032119885 0.995840371
