1341846313.592026 0.000000000 0.000000000 0.000000000 0.000000000 0.000000000 0.000000000 1.000000000
1341846313.654184 0.016652755 0.004736540 0.010806414 -0.000150863 -0.004390550 0.005948007 0.999972641
1341846313.686156 0.027910046 0.010465627 0.015965762 0.001514463 -0.007428479 0.006324575 0.999951243
1341846313.721918 0.032316532 0.016479673 0.014160335 0.002254078 -0.008178923 0.007024114 0.999939322
1341846313.753994 0.041899346 0.014371863 0.012333201 0.001413344 -0.009339174 0.008636596 0.999918103
1341846313.789969 0.050237212 0.014806854 0.010408157 0.002697177 -0.010281317 0.006949040 0.999919355
1341846313.822075 0.062081907 0.012190808 0.008139126 0.002112052 -0.009813176 0.005985765 0.999931693
1341846313.853928 0.062036935 0.014707828 0.020076312 0.001968014 -0.006951574 0.003497699 0.999967754
1341846313.890011 0.078185268 0.011570181 0.007579865 0.001069523 -0.006144824 0.005812116 0.999963641
1341846313.922055 0.085257545 0.015861543 0.006025653 -0.000553061 -0.006126903 0.006530858 0.999959767
1341846313.957927 0.116327196 0.019510839 0.005223661 -0.001921179 -0.005161446 0.007587548 0.999956012
1341846313.990058 0.104266867 0.017047143 0.016904343 -0.003507712 0.003882847 0.008513465 0.999950051
1341846314.022042 0.113315038 0.029989978 0.012649362 -0.005006079 0.004361438 0.011304505 0.999914050
1341846314.057816 0.113936625 0.027880419 0.036622930 -0.008681676 0.007639072 0.010510845 0.999877870
1341846314.089801 0.111635447 0.032159645 0.058536060 -0.007329339 0.014694319 0.007541817 0.999836743
1341846314.122037 0.140043318 0.035780303 0.026621984 -0.008212441 0.014589780 0.016148698 0.999729395
1341846314.157989 0.152956188 0.033102889 0.040807694 -0.010607911 0.017022165 0.017409673 0.999647260
1341846314.190094 0.144074768 0.036080275 0.043941800 -0.009804602 0.022823347 0.017098758 0.999545217
1341846314.225969 0.142083690 0.042230025 0.038156599 -0.011721633 0.025804419 0.019631669 0.999405503
1341846314.257923 0.162978753 0.032514393 0.044449858 -0.014954439 0.025666360 0.021493765 0.999327600
1341846314.290052 0.167925537 0.029533822 0.037670054 -0.013988614 0.026947165 0.019947853 0.999339938
1341846314.325981 0.174694002 0.042783473 0.033104174 -0.013399493 0.027506506 0.017929936 0.999370992
1341846314.357905 0.179474652 0.046191774 0.047967218 -0.013479122 0.030636285 0.015931712 0.999312699
1341846314.389899 0.179068595 0.043153774 0.051336601 -0.012478095 0.034173518 0.015195440 0.999222457
1341846314.427905 0.190430015 0.044631854 0.034134217 -0.012557505 0.035127044 0.014531900 0.999198318
1341846314.493987 0.210717693 0.022935037 0.030597074 -0.013438478 0.043420579 0.007199697 0.998940527
1341846314.526085 0.204993024 0.026028054 0.013331542 -0.012989232 0.046979632 0.003737250 0.998804390
1341846314.558292 0.214859605 0.022959979 0.028881233 -0.014780899 0.049239956 0.004780401 0.998666167
1341846314.594085 0.223018214 0.024511751 0.025970591 -0.012776024 0.053519964 0.003653761 0.998478353
1341846314.626096 0.217069060 0.027691774 0.017336428 -0.012315894 0.058782224 0.004505892 0.998184681
1341846314.658455 0.223765016 0.031020284 0.021886794 -0.013805242 0.060738459 0.004117756 0.998049736
1341846314.694004 0.256676435 0.020408837 0.043235887 -0.014850476 0.061384086 0.003359807 0.997998059
1341846314.725910 0.249070004 0.013284408 0.035957150 -0.011617889 0.065880507 0.008704039 0.997721910
1341846314.761942 0.251784861 0.012307733 0.033223327 -0.008208026 0.066200621 0.012537253 0.997693777
1341846314.794030 0.265695930 0.015949773 0.030938227 -0.004572528 0.067560047 0.013826107 0.997608900
1341846314.826092 0.271171957 0.011722738 0.022260491 -0.003203928 0.071670763 0.013255121 0.997335136
1341846314.862145 0.296144038 0.026621696 0.013082031 -0.001732662 0.072782412 0.015388549 0.997227609
1341846314.894072 0.301177651 0.023779966 0.016452752 -0.002509769 0.076405503 0.017805858 0.996914685
1341846314.925969 0.303744197 0.027301434 0.014858682 -0.002293678 0.079070665 0.022253912 0.996617913
1341846314.961937 0.296124697 0.039991040 0.012706820 -0.003927460 0.081043929 0.025994796 0.996363759
1341846314.994564 0.299412966 0.037165284 0.021825753 -0.007533177 0.082203291 0.023972308 0.996298790
1341846315.029900 0.310183078 0.034197655 0.030648295 -0.007803691 0.085064441 0.020271890 0.996138632
1341846315.061965 0.311305761 0.035963923 0.029286962 -0.008523474 0.087658443 0.025463443 0.995788634
1341846315.094388 0.320688993 0.033319890 0.036509499 -0.008569706 0.085947074 0.025881939 0.995926619
1341846315.129851 0.336306155 0.031681322 0.033755638 -0.006775731 0.085112713 0.025728626 0.996016026
1341846315.161941 0.321930379 0.053697947 0.016319655 -0.006557395 0.087111436 0.026157219 0.995833516
1341846315.197984 0.330212831 0.046862002 0.021242194 -0.014405818 0.084415138 0.023653952 0.996045709
1341846315.230076 0.338574708 0.041570362 0.030213986 -0.018387316 0.082638651 0.020914549 0.996190429
1341846315.262069 0.343292981 0.040637542 0.026195601 -0.021412080 0.080031507 0.023608429 0.996282637
1341846315.298000 0.354855061 0.033254478 0.038689677 -0.024150722 0.075385392 0.025620509 0.996532619
1341846315.329931 0.370471448 0.018249482 0.046395596 -0.022401126 0.072722420 0.027118774 0.996731758
1341846315.361981 0.370390385 0.026258755 0.040241010 -0.016300958 0.072467208 0.031437267 0.996741951
1341846315.397962 0.378481001 0.030245386 0.041901443 -0.012978543 0.072144933 0.034381345 0.996716917
1341846315.429923 0.387450725 0.031906679 0.040598784 -0.009880730 0.073792353 0.034858763 0.996615231
1341846315.466047 0.393632829 0.040385969 0.040473554 -0.007929644 0.076848418 0.035730213 0.996370792
1341846315.497883 0.389296949 0.037765335 0.040259190 -0.009330591 0.081013486 0.040740684 0.995836318
1341846315.530008 0.388300925 0.037603367 0.044462398 -0.009243168 0.082851797 0.040486492 0.995696247
1341846315.566108 0.403788239 0.039719880 0.031328708 -0.010011903 0.082392000 0.043991003 0.995578289
1341846315.597986 0.404036313 0.039088182 0.041675128 -0.010174061 0.083864406 0.043327454 0.995482802
1341846315.630109 0.398686856 0.036702417 0.034077063 -0.010461076 0.085900851 0.041259769 0.995393991
1341846315.666042 0.391070694 0.042400986 0.036916383 -0.010394501 0.088658094 0.038555842 0.995261371
1341846315.698114 0.409332395 0.054709349 0.026773095 -0.014412275 0.089564927 0.038803536 0.995120466
1341846315.733985 0.401954651 0.044576257 0.048970006 -0.018239202 0.093665257 0.040986929 0.994592488
1341846315.766041 0.398523688 0.045576587 0.045798957 -0.017848870 0.091726176 0.042179730 0.994730413
1341846315.798188 0.404794276 0.043818634 0.039278179 -0.019164553 0.090060532 0.041938953 0.994868338
1341846315.834140 0.407561213 0.040714487 0.049464799 -0.018445581 0.091707528 0.041199163 0.994762361
1341846315.866751 0.398036063 0.034886837 0.047978282 -0.016748583 0.094057105 0.039502501 0.994641781
1341846315.898492 0.395091981 0.030827111 0.046640351 -0.015951505 0.094703533 0.038955923 0.994615138
1341846315.936901 0.385694683 0.027090570 0.053823352 -0.013592309 0.097306781 0.037556235 0.994452715
1341846315.966572 0.379006237 0.030228937 0.049743667 -0.009775222 0.098949730 0.036366303 0.994379640
1341846316.034204 0.367235214 0.025152775 0.041204445 -0.006158262 0.099161908 0.034710467 0.994446695
1341846316.066113 0.359790474 0.027273560 0.049743757 -0.003589002 0.099387117 0.034396321 0.994447708
1341846316.101867 0.337839484 0.028196543 0.033905543 -0.002074608 0.100001998 0.034128018 0.994399607
1341846316.134066 0.332372367 0.033081885 0.035276458 -0.002210679 0.096896470 0.031916700 0.994780123
1341846316.202049 0.325542450 0.021636885 0.032220338 -0.003001297 0.091481388 0.028913975 0.995382428
1341846316.233979 0.327404320 0.022516655 0.029288497 -0.002574497 0.089493446 0.026893992 0.995620906
1341846316.270052 0.320765764 0.020188456 0.023536827 -0.004102506 0.091003016 0.023621717 0.995561957
1341846316.301915 0.311228156 0.010448351 0.029262550 -0.004821541 0.092526615 0.022431497 0.995445848
1341846316.334208 0.307721049 0.011494357 0.035887901 -0.003126876 0.091396831 0.024848917 0.995499551
1341846316.370006 0.295295805 0.006213679 0.013490070 -0.001211712 0.090602510 0.025434373 0.995561540
1341846316.401994 0.288964659 0.006178892 0.015749611 0.000430961 0.090142161 0.027425075 0.995551109
1341846316.438069 0.281086028 0.007195272 0.019552611 0.003106123 0.090183035 0.028503384 0.995512366
1341846316.470076 0.276289403 0.004524630 0.030367766 0.007150651 0.089636408 0.031101711 0.995463133
1341846316.502034 0.269802272 0.024444789 0.019311290 0.011124842 0.086806968 0.034099825 0.995579183
1341846316.537975 0.281165093 0.021117205 0.032247260 0.008313504 0.082350031 0.033711430 0.995998442
1341846316.570121 0.302168489 0.008937189 0.042326692 0.006762107 0.079459839 0.034871507 0.996204972
1341846316.601885 0.255631566 0.013832642 0.017740335 0.009670521 0.082447186 0.029291809 0.996117890
1341846316.638009 0.260970235 0.012365077 0.047100041 0.011936489 0.080718681 0.029827682 0.996218979
1341846316.669925 0.269266218 0.018587874 0.062815830 0.014755867 0.078251511 0.030818462 0.996347904
1341846316.705941 0.272639334 0.021162529 0.078050539 0.019598944 0.077252358 0.029518215 0.996381760
1341846316.738062 0.229654059 0.015213924 0.042492066 0.021567402 0.079692319 0.032722898 0.996048808
1341846316.770433 0.224655926 0.024111636 0.056460004 0.021498341 0.078963190 0.030933775 0.996165514
1341846316.805932 0.205181807 0.009039813 0.058755547 0.020755755 0.080767460 0.030376276 0.996053755
1341846316.838029 0.202430427 0.005459000 0.045146853 0.022058178 0.078712642 0.034663577 0.996050298
1341846316.870034 0.189125404 0.003737356 0.058086805 0.022114428 0.076156959 0.034676995 0.996247232
1341846316.906344 0.173947752 0.001896207 0.051065974 0.023099288 0.074051186 0.032469843 0.996457994
1341846316.937940 0.169858560 0.003272237 0.058495425 0.023053275 0.072558314 0.028545596 0.996689022
1341846316.973994 0.158891156 0.003062559 0.062671892 0.022528809 0.071474634 0.029183110 0.996760845
1341846317.005913 0.151221976 0.000860624 0.073599420 0.021322252 0.069087945 0.028948583 0.996962488
1341846317.037936 0.140658811 -0.001296588 0.081851117 0.021498829 0.066873081 0.027472939 0.997151434
1341846317.073972 0.129138082 -0.002888836 0.088737085 0.022468064 0.066050097 0.027534416 0.997183263
1341846317.106113 0.119948544 -0.004485469 0.091306642 0.024853161 0.064924113 0.031615097 0.997079551
1341846317.137887 0.113470830 -0.002913023 0.079071447 0.028127115 0.058448195 0.035774741 0.997252643
1341846317.173970 0.107590400 -0.002166593 0.065690860 0.029354826 0.051185273 0.040108103 0.997451603
1341846317.205887 0.097364314 -0.006188218 0.053168502 0.028903902 0.048604786 0.040998489 0.997557640
1341846317.248131 0.081961185 -0.009152019 0.048692595 0.029492108 0.046362489 0.040692151 0.997659743
1341846317.306289 0.059966676 -0.007822066 0.037611626 0.031036090 0.041562341 0.044194873 0.997675359
1341846317.348137 0.051405113 -0.013883809 0.033979744 0.031123398 0.042979535 0.043763321 0.997631609
1341846317.410120 0.040796995 -0.007239812 0.041263793 0.033830881 0.042160790 0.051730029 0.997197032
1341846317.442569 0.028173195 -0.011192366 0.042584989 0.036394093 0.043736655 0.054333974 0.996900380
1341846317.474010 0.026402310 -0.012415331 0.038927734 0.042030074 0.043266717 0.057268463 0.996534884
1341846317.509927 0.023918444 -0.009356777 0.032950193 0.044878360 0.040241480 0.061620463 0.996277809
1341846317.542282 0.002509337 -0.005595277 0.030291758 0.044219133 0.039204910 0.061151061 0.996377528
1341846317.573943 0.001768307 -0.015089564 0.034497704 0.043245930 0.039484795 0.059971832 0.996480882
1341846317.610159 -0.009609293 -0.017504890 0.032747488 0.045625240 0.042071745 0.060573135 0.996232510
1341846317.643553 -0.012918754 -0.009763366 0.038602199 0.048787016 0.040356554 0.065265760 0.995857179
1341846317.677993 -0.017102538 -0.007141706 0.043743432 0.050172117 0.036580168 0.068097733 0.995744586
1341846317.709996 -0.041849919 -0.012983475 0.039868746 0.052006111 0.036688767 0.064797454 0.995866716
1341846317.741834 -0.039699249 -0.005345856 0.045553900 0.052720614 0.034748584 0.065474465 0.995854497
1341846317.777923 -0.037994362 -0.001950194 0.051976070 0.051573802 0.032691188 0.065405786 0.995988727
1341846317.810021 -0.031167999 -0.003570965 0.057462420 0.051431693 0.029135587 0.065248251 0.996116757
1341846317.841886 -0.024063502 -0.004973725 0.050173160 0.049797270 0.025586234 0.063498430 0.996410310
1341846317.878017 -0.011720925 -0.007656992 0.052071180 0.046582721 0.022159180 0.059427805 0.996898830
1341846317.909910 -0.010471325 -0.001503087 0.053071469 0.047461256 0.022238042 0.055815630 0.997064412
1341846317.946031 0.010634397 -0.008530667 0.051017858 0.046726122 0.017817236 0.056093447 0.997172415
1341846317.978041 0.023215765 -0.013057733 0.054288547 0.047978356 0.012952910 0.057570770 0.997103751
1341846318.009897 0.024578756 -0.012018448 0.054045532 0.050788321 0.012441784 0.055094577 0.997110963
1341846318.045949 0.039784800 -0.019099321 0.050641995 0.048712395 0.009441189 0.053222962 0.997349143
1341846318.078074 0.052696340 -0.018316124 0.056758575 0.048584819 0.004395860 0.052351862 0.997436464
1341846318.109894 0.066159971 -0.017117368 0.052621290 0.048249025 -0.003418889 0.049882337 0.997583151
1341846318.145957 0.069400698 -0.018543184 0.053350914 0.046968658 -0.006633968 0.046333399 0.997799158
1341846318.178001 0.076301679 -0.017279536 0.054496724 0.046804752 -0.008423260 0.043337390 0.997927964
1341846318.214074 0.095176160 -0.014132982 0.053555783 0.047972433 -0.015496261 0.042664077 0.997816741
1341846318.245970 0.111740246 -0.011426261 0.057475034 0.051960070 -0.025321107 0.042780671 0.997411072
1341846318.278018 0.118499570 -0.014722800 0.056362353 0.054476373 -0.031805411 0.042795200 0.997090399
1341846318.313937 0.140089646 -0.009995604 0.050556276 0.056711994 -0.043270364 0.041971095 0.996569037
1341846318.345989 0.142888919 0.004658470 0.049035970 0.061156008 -0.053451553 0.041470498 0.995832860
1341846318.382046 0.143739194 0.026042577 0.045975514 0.066867068 -0.061720837 0.042039763 0.994963288
1341846318.414072 0.158627450 0.008249523 0.041014060 0.065456994 -0.072534934 0.040519685 0.994390368
1341846318.446035 0.161128402 0.007533136 0.044268347 0.067578971 -0.079818487 0.040465795 0.993692398
1341846318.482196 0.164927319 -0.004110080 0.047183663 0.066211782 -0.083157636 0.038923062 0.993572235
1341846318.514144 0.172367483 -0.005353481 0.049725715 0.066251270 -0.086929686 0.040255319 0.993193567
1341846318.546259 0.185174540 -0.002588077 0.052700885 0.068498664 -0.091820695 0.040782962 0.992579281
1341846318.582042 0.193718404 -0.000063033 0.044001386 0.069810390 -0.094554164 0.040772453 0.992231667
1341846318.614115 0.203871712 -0.001447753 0.043647841 0.068860732 -0.097882926 0.039704517 0.992018521
1341846318.650038 0.196192056 -0.003799370 0.043740228 0.068743937 -0.097424425 0.039601676 0.992075801
1341846318.682350 0.216776446 -0.001813295 0.040346518 0.068372354 -0.103246458 0.035538588 0.991666436
1341846318.714063 0.226783425 -0.003998094 0.037217043 0.067304485 -0.107373543 0.036627643 0.991261542
1341846318.749905 0.223195285 -0.004471952 0.043937244 0.068517134 -0.107605159 0.039141413 0.991057217
1341846318.782036 0.224662393 -0.009759324 0.032529168 0.069351949 -0.109887227 0.044692643 0.990513861
1341846318.814121 0.222017720 0.007130096 0.022808647 0.072980724 -0.116685010 0.044585794 0.989479899
1341846318.850072 0.175820291 -0.004118580 0.033187110 0.072227173 -0.115839519 0.042602383 0.989721894
1341846318.883516 0.131337792 0.000554028 0.043215666 0.076748654 -0.117628828 0.043531772 0.989129961
1341846318.918047 0.091770694 -0.012749302 0.053467087 0.078058355 -0.124234051 0.046108130 0.988102615
1341846318.950044 0.063231595 0.006347418 0.031419691 0.083791792 -0.131682068 0.043360487 0.986792088
1341846318.982028 0.078125291 0.009555899 0.011022223 0.085097805 -0.139406040 0.039836001 0.985767424
1341846319.018123 0.071621686 0.015711555 0.012077097 0.086580366 -0.144977510 0.043025676 0.984700024
1341846319.050745 0.048895337 0.004655578 0.015853820 0.086926840 -0.147725597 0.041286774 0.984335423
1341846319.081905 0.032910004 0.004609972 0.009582859 0.091884367 -0.145572647 0.035162847 0.984443724
1341846319.117976 0.027894884 0.021363776 -0.022164747 0.096400179 -0.146595091 0.048665158 0.983284593
1341846319.150093 -0.008906553 0.016916445 -0.027124166 0.096910782 -0.146413088 0.054699220 0.982944310
1341846319.186069 -0.023055695 0.022290653 -0.026119802 0.098677836 -0.146293893 0.055280972 0.982753694
1341846319.218149 -0.052609619 0.028433993 -0.046166308 0.095760949 -0.136976764 0.051343549 0.984596908
1341846319.250034 -0.083074056 0.033449147 -0.047100414 0.090642981 -0.128550336 0.050108764 0.986279726
1341846319.286594 -0.104065120 0.027812129 -0.042354822 0.087882400 -0.123777121 0.055607013 0.986845374
1341846319.318034 -0.128799692 0.034865707 -0.044292010 0.089908153 -0.121041909 0.058807556 0.986816645
1341846319.350268 -0.156017259 0.026339641 -0.063649543 0.089165360 -0.117558770 0.066187404 0.986837685
1341846319.386163 -0.184391499 0.021979453 -0.057473522 0.090347566 -0.119290724 0.074408285 0.985936344
1341846319.418386 -0.226982698 0.025127709 -0.089046270 0.092886597 -0.117729463 0.070339017 0.986186743
1341846319.453961 -0.281822115 0.023678534 -0.109342590 0.093539998 -0.111257248 0.063141480 0.987362742
1341846319.486271 -0.318992168 0.032110475 -0.102908254 0.094005838 -0.108339369 0.062533341 0.987681687
1341846319.554083 -0.312991589 0.023102228 -0.103800312 0.087158844 -0.116824806 0.064061515 0.987244368
1341846319.586296 -0.335526526 0.022026476 -0.111252770 0.087461360 -0.114077657 0.062669024 0.987628162
1341846319.622031 -0.319168538 0.030209102 -0.097310111 0.086996034 -0.122246131 0.066096291 0.986467898
1341846319.653962 -0.320588708 0.024649585 -0.090135768 0.085833877 -0.127982810 0.065754302 0.985864758
1341846319.686352 -0.322515965 0.028396280 -0.090745628 0.088438101 -0.132656753 0.067978561 0.984865367
1341846319.721992 -0.319676369 0.028697329 -0.097044960 0.088626839 -0.138183951 0.068868257 0.984026253
1341846319.754063 -0.328054279 0.041590884 -0.111105785 0.086790584 -0.139936730 0.068155631 0.983991802
1341846319.786397 -0.329766959 0.042504076 -0.099105172 0.082617067 -0.140607014 0.071702376 0.984003484
1341846319.822008 -0.335188299 0.049795154 -0.080047719 0.081291959 -0.142474696 0.078580901 0.983319700
1341846319.853917 -0.353316486 0.035016090 -0.102366008 0.073263161 -0.140290931 0.079374783 0.984200478
1341846319.889942 -0.354897797 0.026780935 -0.091712832 0.069448918 -0.141566053 0.085246570 0.983803272
1341846319.922039 -0.369199812 0.003990862 -0.093941480 0.066892691 -0.144709662 0.089382701 0.983155727
1341846319.953946 -0.349037498 0.018312747 -0.077152587 0.069668330 -0.154677048 0.083843008 0.981932640
1341846319.990054 -0.351798892 0.008152418 -0.085465483 0.071280040 -0.156190574 0.078291520 0.982035697
1341846320.028122 -0.357337177 0.000097055 -0.092185594 0.072029598 -0.159045652 0.078826696 0.981479764
1341846320.090047 -0.326253980 0.020505384 -0.085884579 0.079668202 -0.170049742 0.077733725 0.979128957
1341846320.122011 -0.322895288 0.022375058 -0.088248983 0.080243133 -0.167385399 0.077616736 0.979550302
1341846320.157952 -0.312477678 0.012633562 -0.089290090 0.079133578 -0.165502161 0.077704802 0.979953468
1341846320.190003 -0.299094588 0.008618990 -0.076135337 0.081830524 -0.162855223 0.073935084 0.980466962
1341846320.221941 -0.296315789 0.002991144 -0.097035438 0.084949769 -0.157490343 0.073885158 0.981081665
1341846320.258015 -0.223460749 0.012428132 -0.058500480 0.089380890 -0.166843176 0.079540119 0.978697002
1341846320.289887 -0.166763663 0.009068441 -0.037162609 0.094825201 -0.174103543 0.080056176 0.976876199
1341846320.321954 -0.117279857 0.005154419 -0.027723704 0.101430617 -0.181849808 0.082622595 0.974584997
1341846320.357890 -0.140130490 0.027607083 -0.044328004 0.110254772 -0.176200509 0.080091424 0.974875689
1341846320.390064 -0.093211964 0.030476596 -0.029213624 0.111728542 -0.178166851 0.080972634 0.974277556
1341846320.426544 -0.103321865 0.003355339 -0.056855652 0.110841632 -0.166239858 0.073105663 0.977104902
1341846320.458122 -0.052610613 -0.008831242 -0.053756200 0.110578515 -0.165343389 0.073965959 0.977222085
1341846320.490186 0.023565870 -0.010020742 -0.026782991 0.112470165 -0.167309791 0.074129559 0.976658940
1341846320.525911 0.076930627 -0.012428366 -0.008676132 0.116338968 -0.166045278 0.074008457 0.976430714
1341846320.558091 0.099792123 0.001578524 -0.037979957 0.117297806 -0.161486030 0.069374397 0.977420390
1341846320.594093 0.158343896 -0.035769358 -0.010028180 0.115090318 -0.164543644 0.065106891 0.977466464
1341846320.631955 0.113523543 -0.001424211 -0.002145071 0.122980230 -0.149784595 0.061299685 0.979123473
1341846320.664916 0.128630713 -0.003707305 -0.007199775 0.122507602 -0.148501620 0.061432246 0.979369819
1341846320.699927 0.186283693 0.007376558 0.023478292 0.123635426 -0.152378693 0.061171327 0.978648603
1341846320.731822 0.227508470 0.012854854 0.024181735 0.125259176 -0.149454892 0.059496317 0.978996217
1341846320.763877 0.234070197 0.029655011 0.017146565 0.123130240 -0.149462163 0.062257841 0.979093432
1341846320.799999 0.242210850 0.018225893 0.033359393 0.118018374 -0.151216760 0.050771598 0.980116010
1341846320.831871 0.268146366 0.020041611 0.037583094 0.120079331 -0.141762182 0.044764403 0.981570482
1341846320.863887 0.316520154 0.021093572 0.063137658 0.117653847 -0.140664160 0.051636301 0.981684685
1341846320.900014 0.349320918 0.021124471 0.090945289 0.110832818 -0.149391755 0.060268149 0.980696678
1341846320.931889 0.405485094 0.004255221 0.098229513 0.109490052 -0.154122010 0.056256831 0.980353773
1341846320.967866 0.446181506 0.019572794 0.093715109 0.109717451 -0.154130816 0.053938314 0.980457246
1341846321.000017 0.470560342 0.024768852 0.115865640 0.105558597 -0.157421798 0.051161073 0.980539799
1341846321.031860 0.487904489 0.027683372 0.148511276 0.104445390 -0.157344773 0.049077399 0.980777860
1341846321.068047 0.528197408 0.030951373 0.167786509 0.104615971 -0.159525499 0.049933642 0.980364084
1341846321.099840 0.538437963 0.026173074 0.164038792 0.100979269 -0.159677491 0.051082321 0.980661452
1341846321.131821 0.516731620 0.019305656 0.146674976 0.101482250 -0.152703941 0.048261631 0.981862366
1341846321.167887 0.524534345 0.036446832 0.158489645 0.106230117 -0.149534106 0.049860474 0.981768072
1341846321.200042 0.559567690 0.063644528 0.201359093 0.109731242 -0.152867377 0.050325729 0.980845511
1341846321.231950 0.555359483 0.071413323 0.209275261 0.110684872 -0.150523841 0.047579344 0.981237829
1341846321.267939 0.562704384 0.076679379 0.185848653 0.111924373 -0.146809027 0.040108774 0.981993556
1341846321.299948 0.534383535 0.033409651 0.133852124 0.106744193 -0.135957405 0.031317215 0.984449327
1341846321.331858 0.561818719 0.042428449 0.169845164 0.109074965 -0.137145415 0.028226826 0.984122455
1341846321.367913 0.586296737 0.040547818 0.188793391 0.111091480 -0.136869088 0.022632606 0.984079897
1341846321.399897 0.606023133 0.050459892 0.199272245 0.114197493 -0.133728147 0.022851227 0.984151185
1341846321.435994 0.606606424 0.051335394 0.212466687 0.116438970 -0.129429251 0.020724650 0.984510303
1341846321.467946 0.647460461 0.058763765 0.239280835 0.118815914 -0.132115617 0.023117138 0.983815968
1341846321.499882 0.669432759 0.063412733 0.258372843 0.120745525 -0.131738156 0.024543978 0.983597040
1341846321.536109 0.719840884 0.070417956 0.258719116 0.120852210 -0.132014289 0.022490317 0.983596027
1341846321.568960 0.744395018 0.083970308 0.286373138 0.119662464 -0.130385011 0.022691024 0.983954132
1341846321.603938 0.739210784 0.081388846 0.297954053 0.116415963 -0.126389816 0.022542782 0.984867871
1341846321.637163 0.767052889 0.070901670 0.260507494 0.111151151 -0.121074870 0.019279813 0.986212254
1341846321.668306 0.730200350 0.090240434 0.278928339 0.109921068 -0.109156281 0.018976586 0.987746000
1341846321.704411 0.716176987 0.091030225 0.283140182 0.106434800 -0.107061878 0.027669828 0.988151729
1341846321.736861 0.750283718 0.093042016 0.296142012 0.103333414 -0.113704599 0.037220754 0.987424970
1341846321.771881 0.786318004 0.115160868 0.302899390 0.102298148 -0.118178807 0.042556792 0.986791670
1341846321.804114 0.774943888 0.107530236 0.306595236 0.097525075 -0.113316432 0.043098561 0.987821221
1341846321.836152 0.781310976 0.113639235 0.306076467 0.095298253 -0.111252218 0.042124826 0.988315046
1341846321.871882 0.801303148 0.116972581 0.311686754 0.090161927 -0.113040522 0.039380576 0.988707125
1341846321.904074 0.789973676 0.128200397 0.309663653 0.086348936 -0.108970597 0.034752771 0.989677489
1341846321.939847 0.798338354 0.119341612 0.320222318 0.082127474 -0.107059859 0.031343888 0.990358949
1341846322.004094 0.787504911 0.104755566 0.317259789 0.073404796 -0.107988894 0.029885128 0.990987897
1341846322.066178 0.816836178 0.101002023 0.322259009 0.069661409 -0.106014267 0.025590638 0.991591334
1341846322.107979 0.811330974 0.079235524 0.330576420 0.065286994 -0.104068168 0.024135368 0.992131472
1341846322.166164 0.821401536 0.036624312 0.325254798 0.064756401 -0.105519183 0.024764482 0.991997480
1341846322.202932 0.816389263 0.043002356 0.326373994 0.067882366 -0.107149653 0.023966046 0.991633296
1341846322.234093 0.818119466 0.039424099 0.329843938 0.066164270 -0.108886667 0.023243807 0.991577387
1341846322.265941 0.818721592 0.021094846 0.334250867 0.062394690 -0.112230733 0.023023719 0.991454005
1341846322.301996 0.833999038 0.002258683 0.333449900 0.059498060 -0.115535893 0.022434296 0.991265953
1341846322.333949 0.804712713 -0.022560541 0.322406948 0.055995841 -0.113207594 0.023119491 0.991722763
1341846322.369871 0.837701857 -0.048043020 0.337390840 0.056002554 -0.122923784 0.019429276 0.990644217
1341846322.402292 0.866946757 -0.075690366 0.336601317 0.055962261 -0.124840759 0.012892419 0.990513384
1341846322.433955 0.858572066 -0.104696654 0.331140488 0.058531377 -0.122576706 0.008826716 0.990692258
1341846322.470030 0.860117733 -0.097179800 0.346374273 0.068806745 -0.127937481 0.013404652 0.989301801
1341846322.502433 0.875762880 -0.112561144 0.356554598 0.073321149 -0.131634027 0.023088437 0.988313437
1341846322.534002 0.896792829 -0.159569621 0.334133863 0.076556735 -0.134122908 0.018332673 0.987833023
1341846322.570196 0.867219865 -0.170658231 0.332426131 0.085749201 -0.129958272 0.024626877 0.987497568
1341846322.601920 0.883668303 -0.192059085 0.333992124 0.087968417 -0.135932982 0.030026574 0.986347854
1341846322.638119 0.883391619 -0.226085827 0.339939177 0.090727940 -0.137902364 0.027831051 0.985888839
1341846322.669947 0.909579754 -0.252005309 0.342331827 0.091819316 -0.137085855 0.028440548 0.985884249
1341846322.702026 0.883583188 -0.251960218 0.335614234 0.096645035 -0.132945687 0.027686551 0.986011505
1341846322.738006 0.905508578 -0.264148444 0.336979955 0.096164890 -0.138299584 0.030135825 0.985249877
1341846322.770087 0.904325426 -0.291826874 0.347734004 0.094781220 -0.137720123 0.029399268 0.985487401
1341846322.806047 0.897724450 -0.310953617 0.348135203 0.096516632 -0.137500346 0.031483531 0.985285223
1341846322.838063 0.878480434 -0.305637747 0.349141598 0.098872319 -0.139355332 0.035021514 0.984671414
1341846322.870081 0.887745976 -0.355977476 0.361086875 0.095379964 -0.145716846 0.035011638 0.984095216
1341846322.906018 0.914287984 -0.338859618 0.365746081 0.103042282 -0.150091201 0.036350828 0.982615650
1341846322.938349 0.914242804 -0.322467893 0.369263470 0.104756974 -0.149589434 0.038699027 0.982421160
1341846322.970069 0.908003986 -0.331272662 0.365510046 0.099086963 -0.148727089 0.038468368 0.983149111
1341846323.011820 0.905666530 -0.358346909 0.370052874 0.094805628 -0.148121327 0.037430823 0.983702600
1341846323.073951 0.906901717 -0.347373128 0.375687957 0.092404887 -0.148797810 0.043074198 0.983598053
1341846323.105962 0.903119504 -0.373134583 0.375909626 0.087986626 -0.148064092 0.040250149 0.984233320
1341846323.138158 0.904048264 -0.364448130 0.378293008 0.090407245 -0.148301244 0.037274629 0.984095454
1341846323.174092 0.898595214 -0.362222642 0.377350271 0.088837378 -0.148156360 0.036186464 0.984300792
1341846323.206059 0.907486856 -0.379141897 0.371723711 0.084620498 -0.149178669 0.032280821 0.984653771
1341846323.238053 0.921264052 -0.396193326 0.379820108 0.080384679 -0.148355529 0.029834477 0.985210001
1341846323.273997 0.902612269 -0.408216536 0.373793840 0.075201012 -0.146409333 0.031691410 0.985852301
1341846323.305946 0.920038879 -0.406938970 0.381669641 0.071403205 -0.152223930 0.030635918 0.985287189
1341846323.342027 0.966028810 -0.451094747 0.390076518 0.064702116 -0.155718088 0.026877651 0.985313714
1341846323.374048 0.920864165 -0.447740972 0.380087912 0.066201240 -0.146885693 0.028975140 0.986510217
1341846323.405987 0.920671463 -0.467299908 0.381069124 0.063403010 -0.151965320 0.036179040 0.985686362
1341846323.441956 0.937316597 -0.492454559 0.392889202 0.061717503 -0.157855079 0.035638403 0.984887123
1341846323.473878 0.943604052 -0.498544991 0.392820179 0.066132687 -0.156329781 0.034863442 0.984871566
1341846323.506129 0.930277288 -0.490320951 0.383313715 0.069652438 -0.154750124 0.033674069 0.984919786
1341846323.541972 0.954665422 -0.496308595 0.387855172 0.067658238 -0.157996058 0.031664252 0.984610021
1341846323.573913 0.955597222 -0.511838496 0.381983697 0.067974560 -0.152469680 0.022734340 0.985705674
1341846323.609927 0.960574925 -0.522661984 0.379473001 0.067467965 -0.148276746 0.022193549 0.986392200
1341846323.642014 0.939797342 -0.542157292 0.385507375 0.064896844 -0.144767761 0.022520632 0.987078249
1341846323.674081 0.941031992 -0.562993884 0.386303216 0.062799275 -0.146583587 0.024354372 0.986902416
1341846323.710069 0.943903327 -0.593519807 0.386767149 0.061003119 -0.148141220 0.027871296 0.986689389
1341846323.742111 0.952102005 -0.627859056 0.396613866 0.061414350 -0.151926145 0.028011950 0.986084223
1341846323.774928 0.974191964 -0.628878117 0.391950965 0.064622216 -0.156749725 0.026827663 0.985156715
1341846323.810012 0.928057671 -0.615033627 0.392604709 0.068593606 -0.152091354 0.020820376 0.985763490
1341846323.842207 0.966479599 -0.642324030 0.390914112 0.067956299 -0.156620622 0.018327208 0.985147715
1341846323.878019 0.948559999 -0.634185970 0.384059548 0.071924515 -0.154672951 0.015599898 0.985220671
1341846323.909826 0.957342625 -0.641132653 0.384077340 0.075597338 -0.157521829 0.010496428 0.984561682
1341846323.942459 0.952945530 -0.699291170 0.389258802 0.070149682 -0.157945022 0.011715219 0.984883308
1341846323.978055 0.939587712 -0.710423648 0.384005189 0.071543477 -0.158953592 0.012081456 0.984616339
1341846324.015934 0.932514131 -0.684785664 0.373185277 0.078534715 -0.159385249 0.011675743 0.984018445
1341846324.047722 0.955348253 -0.627519965 0.369061768 0.090466075 -0.159956828 0.012568988 0.982889473
1341846324.083904 0.974262953 -0.653173745 0.378672421 0.085412949 -0.162174255 0.012965414 0.982973039
1341846324.115968 0.967491806 -0.618651330 0.368705332 0.088939622 -0.158478111 0.011192610 0.983284891
1341846324.151967 0.972464442 -0.618650019 0.371010154 0.088302247 -0.156247914 0.007688753 0.983732760
1341846324.183941 0.959098279 -0.574755907 0.376794815 0.090575434 -0.150834724 0.005270234 0.984386742
1341846324.219984 0.953788280 -0.554304063 0.374986708 0.089486659 -0.148512691 0.005131771 0.984839976
1341846324.251968 0.943299055 -0.587010801 0.385251015 0.084426731 -0.147666097 0.003098557 0.985422373
1341846324.284052 0.938981771 -0.524293482 0.375481725 0.092696659 -0.147508740 0.003825436 0.984699905
1341846324.319880 0.920362353 -0.562791407 0.355554104 0.085034348 -0.148230776 0.003195520 0.985285044
1341846324.351917 0.932654500 -0.539222419 0.356321812 0.083467953 -0.153086677 0.002028258 0.984679401
1341846324.388001 0.948230028 -0.532206655 0.361787468 0.080244377 -0.154606655 -0.002306125 0.984709263
1341846324.419908 0.945616782 -0.488726169 0.367286503 0.080121256 -0.152617171 -0.005428474 0.985017300
1341846324.452027 0.925260305 -0.489837378 0.369454026 0.075216934 -0.150468335 -0.006820755 0.985725701
1341846324.487928 0.921200216 -0.480405122 0.377803594 0.074412756 -0.150812924 -0.004972849 0.985745132
1341846324.519985 0.907619238 -0.463958085 0.364624977 0.073416725 -0.150799841 -0.000518182 0.985834181
1341846324.556001 0.904150784 -0.438558042 0.364895940 0.073064700 -0.155384719 0.003639804 0.985141516
1341846324.587888 0.900918841 -0.410571337 0.362757206 0.071816131 -0.157628968 0.004949622 0.984871089
1341846324.620086 0.898168683 -0.414174527 0.366436958 0.069464691 -0.159708589 0.002272496 0.984714508
1341846324.655955 0.906667948 -0.393788934 0.368928820 0.069872424 -0.162044391 0.000071424 0.984306574
1341846324.688082 0.905357182 -0.386843294 0.366457224 0.069336139 -0.161529064 0.002702397 0.984425485
1341846324.755922 0.888777137 -0.347655535 0.362862259 0.072405815 -0.163284957 0.006340647 0.983897984
1341846324.814016 0.910859287 -0.282402843 0.361358136 0.073876277 -0.170644030 0.002485941 0.982556224
1341846324.849979 0.889364421 -0.259365857 0.367468745 0.069993414 -0.165908113 -0.000061456 0.983654141
1341846324.881924 0.869856417 -0.255869389 0.364236504 0.067313544 -0.164896622 -0.000811132 0.984010816
1341846324.913902 0.871243954 -0.237922281 0.390966952 0.067413338 -0.170346648 -0.006028558 0.983057022
1341846324.949999 0.860589147 -0.237761185 0.371214598 0.067447275 -0.165416509 0.004398851 0.983904898
1341846324.981922 0.830181122 -0.220600650 0.371984780 0.073271416 -0.164414689 0.008400736 0.983630240
1341846325.018013 0.831484437 -0.199546590 0.362369090 0.078393459 -0.169131562 0.012312258 0.982393742
1341846325.050079 0.835764825 -0.183335409 0.349695385 0.081118397 -0.173973456 0.011734962 0.981333435
1341846325.081901 0.842934549 -0.162582889 0.335699260 0.081103645 -0.179455772 0.010787865 0.980357826
1341846325.118531 0.860408068 -0.137553886 0.346681297 0.079296924 -0.183201164 0.007846729 0.979840696
1341846325.149933 0.853245497 -0.132116824 0.363585055 0.075153694 -0.181191102 0.004224284 0.980563045
1341846325.181925 0.857515693 -0.131692722 0.342630386 0.070013925 -0.179917395 0.009060408 0.981145084
1341846325.218055 0.844033599 -0.111429572 0.364186108 0.069779739 -0.179027647 0.010164937 0.981313705
1341846325.249811 0.838130593 -0.103474982 0.362998366 0.067668587 -0.178444579 0.013176582 0.981531858
1341846325.285925 0.839515746 -0.074473031 0.370397568 0.067833468 -0.179446846 0.016207639 0.981292367
1341846325.317988 0.866972685 -0.097207330 0.377491981 0.062118493 -0.180222780 0.017842073 0.981500268
1341846325.349844 0.863760233 -0.099682949 0.381025821 0.064209811 -0.175715178 0.020760491 0.982125401
1341846325.387302 0.848221958 -0.073732279 0.382483453 0.071493298 -0.170576796 0.022539172 0.982488811
1341846325.417931 0.872785509 -0.071518004 0.382282883 0.072598577 -0.168680474 0.027377654 0.982612252
1341846325.450747 0.882467508 -0.071717426 0.386108965 0.076716229 -0.161938772 0.030574784 0.983339012
1341846325.485954 0.849742949 -0.041435011 0.383736014 0.087286778 -0.151315480 0.035796270 0.983973205
1341846325.517875 0.859198391 -0.013334299 0.411512852 0.094361790 -0.151325539 0.036854602 0.983279288
1341846325.553859 0.847776175 -0.018042259 0.384488672 0.095862657 -0.144638568 0.037161756 0.984128594
1341846325.585855 0.812410593 0.031366639 0.388035655 0.105244301 -0.137478441 0.034903783 0.984278917
1341846325.617990 0.815829754 0.058753200 0.383173019 0.103309855 -0.135909781 0.034437422 0.984718084
1341846325.653982 0.818667173 0.031091377 0.390561342 0.097775474 -0.134963393 0.030439744 0.985544682
1341846325.685819 0.813711166 0.027629867 0.384665400 0.101680204 -0.132748067 0.032870084 0.985372365
1341846325.717857 0.811171770 0.073003694 0.412365496 0.110307887 -0.133305088 0.041950386 0.984023392
1341846325.754083 0.792948663 0.061553832 0.385720313 0.111356467 -0.129347384 0.044615310 0.984316289
1341846325.786087 0.805469751 0.067972079 0.387843758 0.117330045 -0.130559266 0.047866505 0.983309090
1341846325.821856 0.794345558 0.091075286 0.391288638 0.123009048 -0.127245083 0.049946699 0.982945979
1341846325.853827 0.768624663 0.115834594 0.391543269 0.126029670 -0.123700112 0.053776737 0.982813776
1341846325.885958 0.774376631 0.149959058 0.407688558 0.128337517 -0.129204050 0.061251611 0.981368423
1341846325.921984 0.768783927 0.167358175 0.412535787 0.129070207 -0.132133365 0.066214189 0.980559707
1341846325.953899 0.797508478 0.158709586 0.423526108 0.129697099 -0.135660142 0.067209065 0.979927540
1341846325.985823 0.793593705 0.185392544 0.439531982 0.134443820 -0.133391127 0.072664000 0.979209721
1341846326.021991 0.778019309 0.171163976 0.420370579 0.133513913 -0.130148992 0.077239111 0.979423046
1341846326.054055 0.784914672 0.193727136 0.410902381 0.139404163 -0.131670907 0.083822951 0.977856278
1341846326.089984 0.785817087 0.250908494 0.438413858 0.149632007 -0.130418345 0.082123496 0.976656079
1341846326.121822 0.791961670 0.247169539 0.422300696 0.146245673 -0.126948953 0.082707740 0.977576375
1341846326.154079 0.785336256 0.256525010 0.431385934 0.148341835 -0.124346897 0.081612326 0.977687001
1341846326.190178 0.777471006 0.274357796 0.443030179 0.151812911 -0.124386564 0.083896540 0.976955593
1341846326.222162 0.761941612 0.303040504 0.434554815 0.152111873 -0.124507397 0.091593571 0.976202071
1341846326.259181 0.696320117 0.284540236 0.401375353 0.145381704 -0.114675604 0.094549209 0.978148341
1341846326.322766 0.767183483 0.342894554 0.446100920 0.143756732 -0.128697827 0.093182467 0.976774216
1341846326.359773 0.763656795 0.356791347 0.449854463 0.141357586 -0.126834527 0.090422578 0.977627099
1341846326.392109 0.768658817 0.353014886 0.457729161 0.139350280 -0.125906706 0.090714879 0.978008091
1341846326.423985 0.755867064 0.357007742 0.464825958 0.143670693 -0.123682581 0.095592931 0.977201819
1341846326.459869 0.750480771 0.377056330 0.461185396 0.146541953 -0.125977442 0.100723602 0.975966156
1341846326.526163 0.762573481 0.434841216 0.480959713 0.151444748 -0.126099050 0.100537702 0.975220799
1341846326.560211 0.761760771 0.438246787 0.482085764 0.145722330 -0.122265071 0.100224555 0.976612151
1341846326.591828 0.748820424 0.447868109 0.490159869 0.143716902 -0.119437464 0.101590015 0.977118015
1341846326.627027 0.758156180 0.472145915 0.489698946 0.145421460 -0.118850790 0.100105077 0.977090597
1341846326.658442 0.758149445 0.492939919 0.490267396 0.144587845 -0.115085661 0.099697620 0.977706492
1341846326.694856 0.748197556 0.519187391 0.508228004 0.143332839 -0.111629717 0.099769965 0.978284419
1341846326.726206 0.740969002 0.536780059 0.507322550 0.139138639 -0.109635964 0.096621908 0.979430735
1341846326.762753 0.753044963 0.555955470 0.508063316 0.134884253 -0.108837448 0.093154497 0.980450392
1341846326.826821 0.736030757 0.602504611 0.522568822 0.124975286 -0.102045521 0.088433444 0.982927978
1341846326.858887 0.724801898 0.600727201 0.530907512 0.116496362 -0.099808484 0.086203203 0.984396219
1341846326.895360 0.717900157 0.603097856 0.532658815 0.114206053 -0.099264108 0.086507507 0.984692872
1341846326.926897 0.718508780 0.614862323 0.534199953 0.116881490 -0.103331245 0.088015400 0.983826578
1341846326.958888 0.731377304 0.637714505 0.548466384 0.120807029 -0.107599199 0.092059225 0.982523859
1341846326.994594 0.736003041 0.662585497 0.542868555 0.122982144 -0.108009875 0.094209313 0.982005000
1341846327.026301 0.728749156 0.689329207 0.544941306 0.124168128 -0.105351917 0.091849700 0.982367992
1341846327.063945 0.742477179 0.686716914 0.546523571 0.119691931 -0.104895718 0.088471808 0.983282030
1341846327.094662 0.744362772 0.701975882 0.552746415 0.120740116 -0.103417590 0.087286644 0.983416319
1341846327.128901 0.682133377 0.709875524 0.521035433 0.120164610 -0.092392169 0.084239505 0.984849155
1341846327.161940 0.693667889 0.728195429 0.509453893 0.119529203 -0.094929248 0.082163662 0.984860599
1341846327.193867 0.628169298 0.721631527 0.494463325 0.117518574 -0.080263875 0.077290855 0.986799479
1341846327.229885 0.596455038 0.725810051 0.476862103 0.116799496 -0.070708416 0.075308315 0.987768650
1341846327.262014 0.541898847 0.724328339 0.464347094 0.115712807 -0.054078128 0.067671537 0.989498198
1341846327.294023 0.482882738 0.729168057 0.450353354 0.119689643 -0.030139962 0.062718749 0.990369797
1341846327.330015 0.465504736 0.735215247 0.427090704 0.119182199 -0.017709309 0.058652829 0.990980208
1341846327.361939 0.422274381 0.750651062 0.414981604 0.116325296 -0.005177044 0.053831447 0.991737783
1341846327.393887 0.358890921 0.741575956 0.412553132 0.112852275 0.008875648 0.046823960 0.992468178
1341846327.429966 0.311823666 0.778605103 0.401786029 0.113804050 0.016843097 0.041604564 0.992488801
1341846327.461965 0.321994931 0.764295161 0.400668919 0.102247611 0.010507558 0.040628102 0.993873417
1341846327.497931 0.319397122 0.754606724 0.401108861 0.095291890 0.010331893 0.037704647 0.994681418
1341846327.530068 0.281998426 0.746507943 0.392120719 0.090329550 0.017026218 0.039304078 0.994990408
1341846327.561895 0.258078903 0.758910060 0.394731432 0.090236992 0.018555937 0.044485789 0.994753242
1341846327.598010 0.201692432 0.761171401 0.396153033 0.091121659 0.025483495 0.048674136 0.994323015
1341846327.629945 0.151495978 0.759506583 0.385080218 0.088664614 0.029065734 0.046366788 0.994557142
1341846327.662003 0.075291693 0.746014833 0.401545376 0.085265622 0.040652163 0.041456051 0.994665027
1341846327.697919 0.034724422 0.763506472 0.383220792 0.087469123 0.045886319 0.039242838 0.994335711
1341846327.730075 -0.012470476 0.770636618 0.375293076 0.082267694 0.052312113 0.039024595 0.994471014
1341846327.766017 -0.069770545 0.758100688 0.373803377 0.073923387 0.061774537 0.039636549 0.994559288
1341846327.797917 -0.129878148 0.769346178 0.371003091 0.068945229 0.070903085 0.040097512 0.994289458
1341846327.830054 -0.195951805 0.780584097 0.394255042 0.064165048 0.082606182 0.040899638 0.993673146
1341846327.865944 -0.210616201 0.785583615 0.399069607 0.060121670 0.086686604 0.040084641 0.993611574
1341846327.898010 -0.250252128 0.797269523 0.406740725 0.057931814 0.094697677 0.039695516 0.993025959
1341846327.929991 -0.282996446 0.808162034 0.412582397 0.054527957 0.098478161 0.036924902 0.992957830
1341846327.966065 -0.288490295 0.817652524 0.412397414 0.049790051 0.100045934 0.033240259 0.993180215
1341846327.998073 -0.288436532 0.829057157 0.413657159 0.044481080 0.101402842 0.029792259 0.993403912
1341846328.034045 -0.301291823 0.835684597 0.415967435 0.038423304 0.105062865 0.026629746 0.993366122
1341846328.065993 -0.308863521 0.830522597 0.421696961 0.032554459 0.107368402 0.027237033 0.993312836
1341846328.098045 -0.293404162 0.809547365 0.417661011 0.029150899 0.104876742 0.032736536 0.993518710
1341846328.133967 -0.321275681 0.804648042 0.420870304 0.031764399 0.108598419 0.036226153 0.992917478
1341846328.166023 -0.333694935 0.800347030 0.428747386 0.030813554 0.107946992 0.037336547 0.992977321
1341846328.198018 -0.358672827 0.792212486 0.439905643 0.030861419 0.110222965 0.035376552 0.992797554
1341846328.234044 -0.373132885 0.768859506 0.439020336 0.031285115 0.110610947 0.035250753 0.992745578
1341846328.265899 -0.412156284 0.752133429 0.442779213 0.032485545 0.115666151 0.035976697 0.992104709
1341846328.302051 -0.445177019 0.737659812 0.452357471 0.036276210 0.121767424 0.037696566 0.991178989
1341846328.333917 -0.480149448 0.717887163 0.461004823 0.039431799 0.128170386 0.038671665 0.990213096
1341846328.366008 -0.511563063 0.685980439 0.481772125 0.042505883 0.133320391 0.037720289 0.989442348
1341846328.402010 -0.563099086 0.659928381 0.490552485 0.053813867 0.144522250 0.038514167 0.987286210
1341846328.433920 -0.604177356 0.638781011 0.488820046 0.057893075 0.150353715 0.037293300 0.986230850
1341846328.470003 -0.645243108 0.620172739 0.511566162 0.057080835 0.157930568 0.030005421 0.985342264
1341846328.502194 -0.691830277 0.612655580 0.521865249 0.060775332 0.169121981 0.019718947 0.983521879
1341846328.534033 -0.728867412 0.587122619 0.541650712 0.060456742 0.179242134 0.016957136 0.981799185
1341846328.570125 -0.774503350 0.557993531 0.563137770 0.062423650 0.188150093 0.021078167 0.979927838
1341846328.602804 -0.816228747 0.520581126 0.572841167 0.065008812 0.190447345 0.027116561 0.979167223
1341846328.672663 -0.765700161 0.559386730 0.546776175 0.088215649 0.167130277 0.020655202 0.981763124
1341846328.702975 -0.755102754 0.555124164 0.545937002 0.092626460 0.162545532 0.019044200 0.982159138
1341846328.770129 -0.752609909 0.527633548 0.526171029 0.100511506 0.159709513 0.014862453 0.981921256
1341846328.802331 -0.755129993 0.499431133 0.528218389 0.099917315 0.157446444 0.013564952 0.982366085
1341846328.838051 -0.738078475 0.492630452 0.505010724 0.104517132 0.151611581 0.008843129 0.982859075
1341846328.869939 -0.745699763 0.487638205 0.490791827 0.103124507 0.151804283 0.008556142 0.982978940
1341846328.904486 -0.756147265 0.475928634 0.503228784 0.100184165 0.150455534 0.009453864 0.983482003
1341846328.939814 -0.759999990 0.399022549 0.503022432 0.093778983 0.149260357 0.007474318 0.984312415
1341846328.970217 -0.728472590 0.437632650 0.489321530 0.105491728 0.140972927 0.013984060 0.984277725
1341846329.006232 -0.728384495 0.426183581 0.484767079 0.106839135 0.138634756 0.017309947 0.984411597
1341846329.038243 -0.735997736 0.417325795 0.483168721 0.112291098 0.139577121 0.014522166 0.983716428
1341846329.106125 -0.739121854 0.416992426 0.465302318 0.115115181 0.139776766 0.012423362 0.983390391
1341846329.138340 -0.730878949 0.407132149 0.461635947 0.117150091 0.137628213 0.011239913 0.983467340
1341846329.169991 -0.737099290 0.389344096 0.460675806 0.116151281 0.137437209 0.009985225 0.983626008
1341846329.208656 -0.727229059 0.393772215 0.451293588 0.118377462 0.135173112 0.008539849 0.983687997
1341846329.238169 -0.740228176 0.392383844 0.458337545 0.118286297 0.136453182 0.009019912 0.983517945
1341846329.273827 -0.746604264 0.364302129 0.452831686 0.113593735 0.136569753 0.009734573 0.984047949
1341846329.306052 -0.718075633 0.363622665 0.447598457 0.115129910 0.128969908 0.007427419 0.984914541
1341846329.338104 -0.747140765 0.375320524 0.446169376 0.113393277 0.133197904 0.005524064 0.984565794
1341846329.373907 -0.733206809 0.374751151 0.455537856 0.113493815 0.129989371 0.005076022 0.984985352
1341846329.405985 -0.716640651 0.337789595 0.422177792 0.109322652 0.124526240 0.001211255 0.986174583
1341846329.442057 -0.721213281 0.340984762 0.422228128 0.109396853 0.124969997 -0.003972547 0.986102939
1341846329.473950 -0.725304663 0.314191282 0.427418530 0.104844876 0.125239655 -0.007879172 0.986539662
1341846329.506147 -0.732698143 0.332506984 0.436437309 0.109021433 0.125002012 -0.011203119 0.986084819
1341846329.542121 -0.726526499 0.339087367 0.432950944 0.110578440 0.120419584 -0.011164652 0.986482084
1341846329.574086 -0.726443648 0.302922875 0.428474545 0.108634971 0.118487395 -0.013438269 0.986903489
1341846329.606387 -0.730728626 0.290134788 0.411361545 0.109147213 0.118397363 -0.014430831 0.986843824
1341846329.641955 -0.744595766 0.267030746 0.408519387 0.105219387 0.119126000 -0.012771113 0.987205565
1341846329.681570 -0.744035304 0.240297124 0.407908976 0.101464890 0.115934148 -0.012253721 0.987984836
1341846329.748113 -0.735823691 0.293603182 0.407342076 0.114280343 0.115237765 -0.015341487 0.986622989
1341846329.810175 -0.733354628 0.240790173 0.402052104 0.107382819 0.117200308 -0.009534188 0.987239599
1341846329.842255 -0.742052138 0.237020120 0.404261231 0.109947503 0.118189685 -0.005354896 0.986870825
1341846329.874044 -0.738397121 0.223646477 0.405619383 0.110879861 0.117750950 -0.006062938 0.986814916
1341846329.910073 -0.756367683 0.232677117 0.399870276 0.112409517 0.119394101 -0.000201382 0.986462891
1341846329.942009 -0.735604167 0.217100918 0.396044791 0.105964229 0.115619831 0.006680412 0.987602651
1341846329.978087 -0.733756602 0.198204353 0.400166392 0.104621857 0.114935584 0.006828711 0.987824559
1341846330.016305 -0.735719621 0.206781834 0.387169629 0.106549785 0.116455548 0.003841733 0.987456560
1341846330.048192 -0.736802101 0.206995845 0.388756126 0.102304585 0.117511451 0.007890088 0.987756312
1341846330.080418 -0.731851518 0.190539479 0.389402628 0.098337449 0.116607159 0.009180679 0.988255143
1341846330.115886 -0.739232183 0.171818212 0.385579407 0.100027472 0.119417571 0.010249563 0.987739265
1341846330.147839 -0.743589938 0.197083086 0.384494811 0.105032288 0.119433582 0.011874496 0.987199485
1341846330.181257 -0.749325573 0.197990879 0.378938556 0.099530704 0.119485572 0.014640220 0.987725914
1341846330.215852 -0.729892194 0.193429634 0.387502015 0.094533198 0.117692150 0.015620465 0.988416910
1341846330.247833 -0.748966634 0.192058489 0.379415482 0.093371354 0.120585576 0.015405039 0.988181949
1341846330.283913 -0.753094673 0.193057090 0.376723826 0.088184811 0.120385900 0.015696526 0.988678038
1341846330.316011 -0.755903840 0.187455937 0.375001132 0.082851730 0.119779773 0.016195301 0.989204764
1341846330.347868 -0.752839863 0.179319650 0.379881978 0.080634296 0.117576487 0.015454348 0.989664078
1341846330.383835 -0.745450616 0.176854581 0.377024829 0.078979313 0.116301380 0.015600994 0.989945889
1341846330.415934 -0.747853339 0.160335213 0.377040744 0.077362314 0.117459804 0.013705145 0.989964843
1341846330.452561 -0.754876494 0.163660198 0.374196231 0.080922052 0.117620215 0.012915178 0.989671767
1341846330.483903 -0.764260173 0.157793790 0.378914058 0.079487346 0.116870373 0.014831375 0.989850044
1341846330.515970 -0.756539941 0.156132668 0.374394834 0.079493582 0.113042414 0.019789729 0.990207314
1341846330.552099 -0.754380524 0.149230927 0.373293817 0.080213502 0.111492716 0.020252239 0.990315616
1341846330.583876 -0.764868498 0.153356269 0.372214139 0.079230748 0.112554394 0.019843994 0.990282834
1341846330.619992 -0.766203403 0.158381924 0.363995016 0.074921988 0.110823482 0.020608550 0.990797698
1341846330.652136 -0.765887797 0.156974643 0.370517194 0.068452589 0.109708957 0.019346571 0.991415083
1341846330.683796 -0.757326782 0.156959102 0.358108997 0.064937629 0.107856154 0.019741463 0.991846979
1341846330.719991 -0.763018608 0.140245602 0.346834898 0.061500121 0.105726965 0.021712799 0.992254019
1341846330.752103 -0.775934756 0.132355496 0.358265489 0.062725328 0.103159904 0.025806515 0.992349505
1341846330.787952 -0.774207056 0.142205179 0.339416414 0.065257259 0.096843019 0.029785838 0.992711306
1341846330.819823 -0.769951046 0.137807220 0.349379957 0.064026318 0.092169538 0.028827921 0.993264496
1341846330.852208 -0.775630176 0.142719746 0.345394135 0.063630611 0.091383465 0.029659223 0.993338048
1341846330.914111 -0.791233957 0.159381285 0.337411106 0.055427704 0.089824982 0.029515760 0.993975878
1341846330.949903 -0.795467794 0.143898591 0.344268501 0.051548108 0.089185297 0.030114662 0.994224250
1341846330.981986 -0.799452186 0.148695275 0.321864992 0.052855603 0.083717093 0.030596154 0.994616330
1341846331.014111 -0.794695258 0.146681011 0.322999001 0.051608056 0.079109192 0.031881165 0.995018542
1341846331.082139 -0.801931083 0.150518596 0.328487247 0.053924549 0.077406816 0.027699029 0.995154798
1341846331.114334 -0.809525490 0.154931009 0.322534263 0.053767458 0.075885385 0.026860641 0.995303452
1341846331.149989 -0.804326832 0.144335970 0.326549113 0.053116199 0.074611403 0.025316436 0.995475233
1341846331.181954 -0.805283546 0.145659134 0.321931809 0.056160364 0.074101716 0.024065375 0.995377243
1341846331.218151 -0.816891551 0.163627148 0.320966542 0.057576030 0.071954317 0.025103064 0.995428264
1341846331.249914 -0.805555582 0.148449719 0.316327989 0.053814385 0.069521420 0.022564294 0.995872319
1341846331.318141 -0.797628522 0.157887608 0.327618003 0.065024063 0.079051197 0.018381935 0.994577706
1341846331.349926 -0.792987108 0.153772801 0.318920761 0.062895589 0.081096888 0.018056227 0.994555891
1341846331.382003 -0.792688787 0.158002213 0.293200254 0.068112850 0.088373899 0.013293886 0.993666947
1341846331.418008 -0.804026365 0.142284185 0.336898059 0.071581975 0.101720996 0.014514694 0.992128134
1341846331.450327 -0.785764217 0.155536339 0.343257874 0.074790776 0.103138179 0.015833993 0.991724849
1341846331.486219 -0.791293740 0.165175349 0.345701754 0.075879499 0.105394624 0.016700681 0.991390646
1341846331.518344 -0.774551094 0.158309996 0.344476163 0.073576130 0.104669370 0.015414126 0.991661906
1341846331.550202 -0.775449336 0.151161537 0.355137944 0.075631142 0.110502794 0.014675638 0.990885317
1341846331.586139 -0.780018806 0.167960480 0.365741730 0.079447404 0.111888036 0.015831297 0.990413249
1341846331.617931 -0.773998439 0.163904890 0.365185142 0.077304564 0.111648642 0.015164761 0.990620315
1341846331.654027 -0.762184620 0.151422590 0.363409519 0.076949731 0.113113351 0.016334986 0.990463197
1341846331.686123 -0.776032329 0.165058538 0.376259625 0.080734856 0.117945768 0.017763633 0.989573240
1341846331.717954 -0.772165120 0.175457165 0.386340261 0.078077585 0.116275646 0.018285275 0.989974499
1341846331.754076 -0.759342372 0.157127082 0.391460627 0.074359976 0.116275482 0.016688921 0.990288913
1341846331.785920 -0.761485159 0.163665324 0.408490181 0.078346945 0.120272368 0.015290553 0.989526451
1341846331.818053 -0.749183118 0.179558426 0.416200191 0.080418661 0.119758107 0.016538007 0.989402533
1341846331.853849 -0.745286644 0.165759102 0.425239921 0.077719226 0.120204814 0.015184158 0.989585757
1341846331.885987 -0.740302086 0.158904150 0.433824927 0.079607919 0.122818232 0.013392710 0.989140511
1341846331.922014 -0.734052002 0.168048471 0.446593165 0.081978396 0.125212014 0.012503293 0.988658249
1341846331.954037 -0.734872043 0.163948447 0.450449228 0.081362344 0.128817394 0.012959387 0.988240004
1341846331.986135 -0.723654449 0.154538617 0.451993525 0.083763637 0.133473530 0.014937181 0.987393260
1341846332.022364 -0.735298276 0.150955141 0.468911558 0.090472102 0.139741555 0.013180563 0.985958099
1341846332.054175 -0.726776481 0.155317038 0.492991239 0.097041734 0.138914511 0.014623599 0.985429764
1341846332.086502 -0.723919451 0.160845965 0.508195698 0.100444905 0.139362991 0.015282555 0.985015333
1341846332.122051 -0.720521569 0.165570885 0.516640007 0.102407090 0.140132859 0.013890664 0.984724641
1341846332.153983 -0.726571679 0.179014444 0.534081221 0.100941554 0.140947908 0.010938926 0.984796882
1341846332.190165 -0.726463199 0.180650428 0.557078362 0.094781309 0.140055880 0.009721979 0.985548735
1341846332.254145 -0.713203490 0.154954985 0.578858793 0.093125418 0.139410377 0.009060397 0.985804379
1341846332.289948 -0.713403881 0.159540638 0.586665869 0.095604375 0.138891250 0.011534711 0.985614538
1341846332.322172 -0.706987500 0.152969480 0.591531754 0.095709078 0.137760505 0.013138966 0.985742986
1341846332.354003 -0.698410153 0.152682617 0.594666660 0.098262116 0.139127865 0.009968635 0.985336781
1341846332.390180 -0.715509057 0.156020224 0.592498660 0.098331913 0.146081135 0.004880148 0.984361410
1341846332.422055 -0.702438951 0.165392071 0.619195819 0.097556040 0.147448093 0.002682415 0.984243214
1341846332.458114 -0.694681048 0.161181986 0.629249513 0.096417144 0.149569124 -0.000812933 0.984038711
1341846332.489993 -0.697017014 0.167615086 0.638844728 0.098428629 0.151110649 0.002325565 0.983601570
1341846332.522130 -0.714996874 0.170008332 0.646390915 0.098644495 0.149481013 0.007380358 0.983803928
1341846332.558114 -0.694652677 0.168471754 0.664656878 0.099761657 0.141780019 0.014790549 0.984747291
1341846332.589874 -0.682602227 0.179160029 0.671079159 0.101008743 0.138248965 0.017948177 0.985069692
1341846332.621889 -0.681273639 0.178309724 0.674854875 0.096100010 0.138460085 0.019739976 0.985496819
1341846332.658202 -0.674775600 0.178779423 0.688126683 0.092583828 0.139188647 0.018063381 0.985762894
1341846332.690001 -0.671656728 0.175374269 0.694311023 0.090057701 0.139870435 0.020356333 0.985855699
1341846332.726000 -0.672028601 0.171895504 0.705881715 0.089373365 0.139010489 0.024518238 0.985944927
1341846332.758386 -0.665051699 0.170479491 0.711705565 0.089899704 0.136177838 0.025583174 0.986265242
1341846332.789937 -0.652286649 0.185561150 0.720571280 0.091165878 0.136157513 0.024398876 0.986181855
1341846332.825925 -0.654262125 0.181724578 0.731751621 0.088300750 0.139657393 0.022702402 0.985993624
1341846332.857898 -0.647568583 0.182323143 0.745946765 0.089569084 0.140983507 0.022453945 0.985696137
1341846332.894069 -0.639351130 0.193022639 0.758046031 0.089992307 0.140106678 0.022850662 0.985773504
1341846332.926029 -0.632730126 0.194731921 0.757160902 0.085936405 0.140118107 0.020910580 0.986176789
1341846332.958015 -0.624261737 0.202967614 0.768569708 0.084218085 0.142083883 0.018756116 0.986087084
1341846332.994073 -0.621641040 0.205087692 0.773376048 0.081428036 0.143323481 0.018630711 0.986144423
1341846333.026545 -0.615886629 0.200178131 0.774879158 0.077340737 0.144122660 0.016709333 0.986391306
1341846333.057998 -0.611133575 0.201011568 0.781682730 0.076655813 0.146630600 0.017649861 0.986058712
1341846333.094024 -0.604974627 0.201845586 0.789908826 0.077986054 0.147714585 0.021796187 0.985709667
1341846333.126095 -0.598535836 0.204015553 0.784879208 0.078212820 0.148361832 0.023122765 0.985564232
1341846333.161973 -0.593583167 0.211208314 0.793113112 0.078001611 0.151134893 0.024682164 0.985121727
1341846333.195660 -0.591914117 0.211016878 0.800067127 0.075779065 0.153134674 0.026977032 0.984926164
1341846333.226331 -0.586383402 0.213414699 0.808550477 0.074400164 0.153696552 0.026177661 0.984965324
1341846333.262056 -0.586304665 0.219971225 0.812001824 0.071876109 0.154557422 0.024970524 0.985049427
1341846333.294147 -0.580276012 0.215502724 0.818844497 0.067813098 0.154107943 0.025442962 0.985395730
1341846333.326100 -0.579023123 0.217782348 0.820178032 0.066117406 0.153125003 0.023542389 0.985711396
1341846333.362100 -0.573723555 0.225820988 0.820687175 0.063612051 0.151712477 0.022780981 0.986112535
1341846333.394119 -0.577217221 0.217923909 0.830003977 0.059585281 0.151907817 0.022884613 0.986331522
1341846333.429974 -0.567137241 0.223272577 0.827826381 0.060216494 0.148694947 0.022512881 0.986791253
1341846333.462115 -0.585174203 0.216178536 0.830928087 0.058225453 0.152582631 0.021189554 0.986346483
1341846333.494040 -0.592859566 0.215467662 0.839473426 0.058504127 0.155274987 0.019470559 0.985945165
1341846333.529953 -0.618760347 0.209038094 0.842267454 0.057626210 0.161175624 0.019199328 0.985054851
1341846333.562063 -0.644972205 0.208655745 0.849315405 0.057706501 0.167480558 0.019838639 0.983985066
1341846333.594090 -0.668299913 0.209876627 0.851289034 0.055847798 0.169946760 0.019871641 0.983668745
1341846333.629994 -0.699500978 0.214874566 0.872435033 0.054130644 0.174230039 0.020757234 0.982996881
1341846333.662127 -0.722688556 0.209800750 0.876576066 0.049382102 0.177496046 0.019916467 0.982679963
1341846333.697964 -0.751058996 0.208435670 0.902438462 0.048366837 0.184105620 0.022563051 0.981456399
1341846333.730092 -0.779233634 0.203925416 0.911715746 0.049780618 0.189486116 0.023869906 0.980330110
1341846333.762089 -0.610378981 0.209217250 0.835625887 0.053928241 0.157770693 0.024334282 0.985701799
1341846333.798006 -0.605952442 0.202652961 0.829489350 0.054037225 0.157073915 0.024611665 0.985800207
1341846333.830055 -0.590740740 0.208161652 0.823582768 0.057396460 0.155163944 0.022438996 0.985964656
1341846333.866045 -0.591798067 0.203067034 0.814676583 0.056977309 0.156171873 0.021135883 0.985858619
1341846333.897987 -0.591657281 0.200356454 0.812607169 0.058226801 0.155825824 0.020532604 0.985853136
1341846333.930099 -0.592296600 0.195605963 0.809796810 0.060071170 0.156317681 0.019832097 0.985678911
1341846333.965889 -0.593852997 0.200259537 0.804873228 0.063342802 0.157044560 0.018923603 0.985376358
1341846333.997985 -0.579999208 0.196672738 0.796931565 0.065646358 0.155198008 0.018668082 0.985523045
1341846334.030076 -0.549136758 0.183251977 0.777689934 0.065536730 0.149839446 0.019304100 0.986347020
1341846334.066000 -0.598226309 0.202493191 0.788271904 0.071505994 0.157942608 0.020727681 0.984637678
1341846334.097932 -0.586614847 0.198028952 0.780211806 0.072401941 0.155408859 0.020418547 0.984981775
1341846334.133884 -0.577945769 0.198999405 0.771273494 0.073867634 0.154313445 0.020082219 0.985052109
1341846334.166115 -0.568312168 0.195055723 0.758911014 0.073208801 0.150493190 0.020619748 0.985680997
1341846334.198072 -0.550620973 0.222052246 0.754368246 0.078956395 0.144882336 0.018957274 0.986111343
1341846334.234097 -0.542374790 0.212390691 0.745697975 0.076887041 0.143898487 0.017615920 0.986443758
1341846334.266045 -0.547967196 0.211515725 0.738923192 0.077198923 0.145113274 0.019344958 0.986209035
1341846334.297946 -0.621136189 0.201330036 0.749999166 0.076904900 0.155474693 0.022050383 0.984594882
1341846334.334036 -0.629947603 0.203529671 0.750335813 0.077610396 0.155055746 0.022046443 0.984605670
1341846334.365871 -0.630126476 0.215251476 0.746651292 0.078914598 0.154364884 0.020910643 0.984635293
1341846334.401845 -0.633125842 0.219899952 0.743161201 0.078282833 0.154948756 0.020009236 0.984612763
1341846334.433864 -0.636194944 0.207215458 0.732601762 0.076220252 0.153339088 0.022058895 0.984982729
1341846334.466105 -0.640720367 0.213762909 0.728564620 0.078013033 0.151929051 0.021585323 0.985071361
1341846334.502142 -0.645610988 0.214626908 0.724753261 0.076778322 0.150612980 0.023448475 0.985327840
1341846334.540153 -0.655166328 0.212078631 0.721328437 0.075621873 0.150408641 0.022786848 0.985464036
1341846334.602351 -0.677276790 0.223869145 0.713743806 0.071333110 0.148880661 0.014595396 0.986170888
1341846334.670161 -0.683402240 0.224285632 0.703622580 0.065747626 0.146285206 0.008436922 0.987019062
1341846334.702085 -0.688351929 0.225204453 0.696679890 0.064893134 0.143680468 0.010283586 0.987440646
1341846334.734751 -0.686105311 0.222575024 0.685533583 0.064500451 0.139942899 0.012843195 0.987973034
1341846334.770889 -0.688206553 0.229981810 0.677345037 0.066374421 0.137928292 0.014150134 0.988114357
1341846334.802194 -0.695690811 0.218265057 0.658989668 0.063293412 0.135406971 0.015899437 0.988638520
1341846334.833908 -0.689329565 0.226075143 0.651501119 0.063496225 0.132167891 0.015397009 0.989071667
1341846334.869874 -0.693325818 0.230683357 0.635497630 0.062649697 0.131645486 0.015291108 0.989197016
1341846334.902006 -0.701893806 0.217735201 0.624683380 0.058297813 0.130522504 0.017438652 0.989576280
1341846334.938010 -0.692481041 0.220032990 0.611193299 0.057908457 0.124994412 0.017454006 0.990312278
1341846334.970032 -0.682364702 0.226521984 0.601095796 0.058716077 0.122305952 0.017071975 0.990606964
1341846335.002203 -0.663747907 0.229505539 0.587815881 0.060735147 0.118108258 0.019033330 0.990958810
1341846335.037880 -0.732648015 0.210354358 0.580758512 0.061573874 0.126155481 0.017383646 0.989945054
1341846335.069990 -0.737560749 0.219739243 0.565858781 0.063016511 0.123776734 0.016318971 0.990172684
1341846335.106038 -0.745416820 0.215458617 0.561131775 0.062851079 0.126094013 0.014076317 0.989925206
1341846335.138045 -0.770928741 0.212444946 0.547882795 0.064137422 0.130334288 0.012312460 0.989316821
1341846335.169900 -0.783014417 0.212171853 0.537360907 0.063597761 0.128760606 0.011661284 0.989565611
1341846335.206091 -0.809098542 0.221195608 0.532534838 0.064985067 0.131518409 0.003911575 0.989173651
1341846335.239365 -0.813657343 0.214107394 0.524009168 0.064131200 0.133277357 -0.000535019 0.989001572
1341846335.269948 -0.776362479 0.214539438 0.518162072 0.065099806 0.126900524 0.001828896 0.989775181
1341846335.305972 -0.790663004 0.215835765 0.509717941 0.067103639 0.126580268 0.002173618 0.989681661
1341846335.338012 -0.785485387 0.215209424 0.498369396 0.068791360 0.124211006 0.002854262 0.989864230
1341846335.374005 -0.804290116 0.206276149 0.479019642 0.073033132 0.129092544 0.002199575 0.988937020
1341846335.406025 -0.809676647 0.207099438 0.473667979 0.079663530 0.131487653 0.003722940 0.988104701
1341846335.438079 -0.819411993 0.221193030 0.463839769 0.086449362 0.133003369 0.005943539 0.987320304
1341846335.473998 -0.820093632 0.224056318 0.454335690 0.088590987 0.134225979 0.006112020 0.986963868
1341846335.507038 -0.822163284 0.231235877 0.444567978 0.089987956 0.136589587 0.003939775 0.986524165
1341846335.538040 -0.830433249 0.234880328 0.435905218 0.088696346 0.139387578 0.002309933 0.986254930
1341846335.574119 -0.837136209 0.239280432 0.430628657 0.086693741 0.139285311 0.003771235 0.986442924
1341846335.605970 -0.839731634 0.233015880 0.422981143 0.084687084 0.138656601 0.002611779 0.986709476
1341846335.641978 -0.838544071 0.235029504 0.409969121 0.085518703 0.139461339 -0.000036143 0.986527801
1341846335.673993 -0.846600115 0.235751241 0.404819280 0.084855080 0.140495270 0.000311230 0.986438334
1341846335.706178 -0.853621602 0.238877997 0.390529633 0.084993161 0.139438212 0.001249138 0.986575723
1341846335.741982 -0.854217887 0.235286236 0.380296528 0.084815964 0.139098570 -0.000487317 0.986639559
1341846335.773960 -0.835168183 0.242269218 0.364827156 0.085186012 0.135148808 0.000569278 0.987156451
1341846335.806271 -0.837397695 0.246232495 0.356592059 0.083134763 0.134347484 0.001261347 0.987440050
1341846335.842031 -0.838707805 0.244025603 0.345509946 0.081281498 0.134935707 0.001882545 0.987513125
1341846335.873966 -0.840238512 0.240360990 0.339819610 0.081529871 0.136282727 0.001729087 0.987307906
1341846335.910005 -0.849512160 0.243316188 0.331419349 0.081221208 0.136416942 0.003698763 0.987309396
1341846335.941936 -0.855685055 0.243845969 0.319861293 0.080278382 0.134582713 0.004381923 0.987635374
1341846335.974198 -0.858718753 0.245849684 0.313771874 0.080051780 0.133958355 0.001962499 0.987746418
1341846336.010032 -0.867338777 0.249670863 0.303766251 0.079919420 0.134485871 0.001144341 0.987686753
1341846336.042129 -0.874541461 0.250255555 0.292052507 0.078915112 0.133142352 0.001665953 0.987948775
1341846336.078076 -0.876796722 0.244883761 0.283876449 0.078263789 0.131152719 0.000937889 0.988267601
1341846336.110739 -0.877529681 0.251576751 0.284242749 0.079482183 0.130970120 -0.001574897 0.988193750
1341846336.142002 -0.884251416 0.250569314 0.266608775 0.078777492 0.130587772 0.001059679 0.988301456
1341846336.183953 -0.890367329 0.252787977 0.250752836 0.078419432 0.127961800 0.002124985 0.988671660
1341846336.241891 -0.893674791 0.256761104 0.253620118 0.077121250 0.127405167 0.000856736 0.988847554
1341846336.277946 -0.899781644 0.249015510 0.239728630 0.076784641 0.127433300 0.003902816 0.988862813
1341846336.309977 -0.906290054 0.251941442 0.233093202 0.080129020 0.125096262 0.006368542 0.988883018
1341846336.346143 -0.908866405 0.256444097 0.227052778 0.082135804 0.123741329 0.006801334 0.988885999
1341846336.377975 -0.912659883 0.256824523 0.215287805 0.082986757 0.124386773 0.004693924 0.988746226
1341846336.410032 -0.919638634 0.261386007 0.210719734 0.084264696 0.125393406 0.004580528 0.988511503
1341846336.446041 -0.923777938 0.264563501 0.200426131 0.083657727 0.124707699 0.004926143 0.988648117
1341846336.477990 -0.923952818 0.264126360 0.197901770 0.082683213 0.124453224 0.004584964 0.988763809
1341846336.510056 -0.927253544 0.263312608 0.196453363 0.083114319 0.125141904 0.005065714 0.988638341
1341846336.546024 -0.927786827 0.264706939 0.188731313 0.084235206 0.124747321 0.007575201 0.988577306
1341846336.578003 -0.936804354 0.271742135 0.181376040 0.084571682 0.124961205 0.008708837 0.988512278
1341846336.614020 -0.930073380 0.274572074 0.178119898 0.083983257 0.124801219 0.007993949 0.988588691
1341846336.645982 -0.942369461 0.276718527 0.172834426 0.082786620 0.127113283 0.007332859 0.988400161
1341846336.678036 -0.945929170 0.272305965 0.160247624 0.080592319 0.124858476 0.009458732 0.988850713
1341846336.714024 -0.949650645 0.267226547 0.170371115 0.082083255 0.123146817 0.007898353 0.988956392
1341846336.746016 -0.942848921 0.258970022 0.143445194 0.084781140 0.119229510 0.012491044 0.989161491
1341846336.778014 -0.911300778 0.261221826 0.091232255 0.086793676 0.109248579 0.019053653 0.990034640
1341846336.820006 -0.848209620 0.263120264 0.064949706 0.086673364 0.094814055 0.017472921 0.991560757
1341846336.882056 -0.741566539 0.269264698 -0.008314028 0.089227334 0.074000821 0.023039013 0.992991209
1341846336.914273 -0.670905352 0.280069619 -0.031744301 0.094565950 0.056192096 0.026689844 0.993573010
1341846336.945998 -0.606625199 0.301743418 -0.050365984 0.104657188 0.039731126 0.023589563 0.993434370
1341846336.981980 -0.547775745 0.319005996 -0.070880853 0.107870735 0.026482277 0.025177993 0.993493140
1341846337.014238 -0.478047103 0.336409658 -0.074980013 0.106860660 0.012185539 0.021777820 0.993960798
1341846337.046017 -0.406737149 0.347401977 -0.064563572 0.106579117 -0.000969412 0.017144207 0.994155943
1341846337.082104 -0.332831383 0.353561699 -0.051678956 0.106733918 -0.014714052 0.014848684 0.994067848
1341846337.114317 -0.279103816 0.352798253 -0.045923404 0.103953861 -0.026773663 0.016377652 0.994086802
1341846337.150037 -0.222505420 0.360866070 -0.031011336 0.103885949 -0.039056525 0.014322310 0.993718863
1341846337.181873 -0.173307598 0.371133238 -0.018424012 0.105535083 -0.047016215 0.009725846 0.993255854
1341846337.214073 -0.136265427 0.383735120 -0.017675988 0.104965113 -0.051101744 0.008332125 0.993127108
1341846337.250087 -0.105138361 0.379484147 -0.006316774 0.102111757 -0.058100052 0.009447125 0.993029833
1341846337.282028 -0.064498141 0.378177226 -0.006250851 0.102336556 -0.069651321 0.011596611 0.992240608
1341846337.317920 -0.039278794 0.383733630 0.000109345 0.103753448 -0.073465116 0.009763570 0.991838098
1341846337.350018 -0.005577834 0.382799536 -0.008136123 0.101774514 -0.079864986 0.008191376 0.991562605
1341846337.382159 -0.002356098 0.378488243 -0.002851486 0.098387614 -0.077224106 0.006437586 0.992126405
1341846337.417941 0.004384092 0.372126251 -0.001167476 0.098444939 -0.077660821 0.006585457 0.992085695
1341846337.450137 0.028319208 0.359415531 -0.021843739 0.094798736 -0.083102219 0.001741036 0.992020249
1341846337.482096 0.027952645 0.370621026 -0.006107353 0.097037807 -0.082893468 0.006436050 0.991801858
1341846337.518008 -0.000343564 0.373556852 -0.000524387 0.098838225 -0.079520516 0.008044972 0.991888463
1341846337.549978 0.002027897 0.378341645 -0.009930059 0.099475056 -0.080518864 0.006699905 0.991754293
1341846337.585971 0.002037216 0.372859538 -0.010585204 0.095886491 -0.080807701 0.005772385 0.992089987
1341846337.617903 0.004084425 0.366372973 0.001786187 0.097233355 -0.081713781 0.005448347 0.991886497
1341846337.650141 0.008926645 0.374994367 -0.004402861 0.100262955 -0.082390755 0.004464571 0.991533756
1341846337.686352 0.010463472 0.377823591 -0.004623361 0.098813877 -0.082754888 0.005306239 0.991644740
1341846337.718002 0.009577047 0.377025723 -0.001560606 0.097149655 -0.082034938 0.005081331 0.991870165
1341846337.749920 0.008839713 0.376959682 -0.000623405 0.096818931 -0.079721741 0.004388386 0.992094398
1341846337.786157 0.009082876 0.382169425 -0.004478902 0.094058819 -0.076976739 0.004646596 0.992575407
1341846337.817945 0.004847056 0.381557971 0.004015908 0.092125431 -0.074224971 0.005750033 0.992960453
1341846337.854071 0.012919698 0.378901362 0.003198043 0.090442203 -0.072023354 0.005054747 0.993281066
1341846337.885951 0.014347446 0.386091858 -0.000438683 0.088080354 -0.069819920 0.003373277 0.993657708
1341846337.918223 0.013563143 0.388650417 0.005482320 0.084460400 -0.068142459 0.000671191 0.994093835
1341846337.954120 0.015383246 0.383479923 0.011654012 0.081799418 -0.066870481 0.000377958 0.994402826
1341846337.985994 0.017168703 0.392892420 0.010958388 0.080146194 -0.066200033 0.000423411 0.994582295
1341846338.018107 0.024171116 0.386788696 0.023326769 0.076277159 -0.065567434 0.001509689 0.994927347
1341846338.054055 0.026167946 0.386385530 0.015115034 0.073417269 -0.063678578 -0.000339555 0.995266199
1341846338.085986 0.025865251 0.390071124 0.029367806 0.071092397 -0.060276434 -0.000836991 0.995646477
1341846338.121875 0.025668954 0.385449141 0.030913817 0.068825819 -0.058389891 0.001398110 0.995917499
1341846338.154089 0.021232549 0.389457196 0.041344427 0.068853311 -0.057571057 0.004904750 0.995952189
1341846338.186029 0.048229944 0.399914116 0.054185450 0.069969095 -0.062491197 0.005847444 0.995572686
1341846338.222071 0.029717142 0.398545563 0.049780354 0.067589030 -0.057369441 0.005540268 0.996047080
1341846338.254107 0.049747396 0.409739763 0.067530468 0.069003984 -0.059585512 0.006326748 0.995815217
1341846338.290130 0.031290650 0.391645968 0.071489975 0.066072442 -0.056182224 0.007750096 0.996201754
1341846338.321952 0.048300378 0.399672896 0.073738664 0.067256398 -0.058555491 0.010120955 0.995964527
1341846338.354022 0.031420060 0.400542647 0.089140713 0.066999622 -0.054592665 0.009532751 0.996212721
1341846338.389969 0.056963373 0.406115919 0.090226069 0.067613877 -0.058882382 0.010569217 0.995916426
1341846338.422377 0.046253525 0.403652906 0.109406114 0.065506145 -0.056048922 0.011046791 0.996215522
1341846338.454010 0.059234038 0.398238778 0.116036333 0.063157111 -0.059338890 0.009660751 0.996191144
1341846338.489894 0.064448521 0.398954749 0.121823765 0.062523820 -0.060740698 0.009340464 0.996149659
1341846338.522066 0.048637610 0.399280399 0.133418530 0.063676290 -0.056845430 0.009778986 0.996302307
1341846338.558058 0.050972261 0.400919646 0.132018656 0.062846623 -0.057294384 0.009531420 0.996331632
1341846338.589842 0.043333951 0.399633408 0.145234972 0.060979821 -0.055964522 0.008407542 0.996533394
1341846338.622019 0.032581821 0.386522472 0.154427618 0.059613816 -0.052832834 0.009351741 0.996778548
1341846338.657984 0.041016418 0.390952706 0.153051227 0.060560253 -0.054883998 0.011882628 0.996583641
1341846338.690198 0.032754578 0.384116352 0.155418769 0.057306394 -0.053255167 0.010277160 0.996882260
1341846338.722454 0.066382222 0.412502706 0.182783440 0.061366260 -0.057746883 0.010568136 0.996387362
1341846338.757945 0.069517240 0.418069124 0.181019276 0.061880819 -0.058631234 0.012751647 0.996278346
1341846338.790039 0.065431908 0.417793095 0.196011677 0.059965592 -0.059981219 0.013439065 0.996306062
1341846338.826048 0.072042957 0.412155479 0.199388623 0.059638370 -0.059533879 0.010218212 0.996390760
1341846338.858027 0.070647255 0.418375760 0.211055040 0.060460456 -0.057836730 0.010624455 0.996436954
1341846338.889902 0.066944689 0.416790873 0.221601367 0.057921864 -0.058111466 0.009692503 0.996581256
1341846338.925948 0.051962528 0.412107706 0.235903442 0.057430226 -0.054056972 0.007013874 0.996860266
1341846338.958108 0.063895240 0.418232232 0.243830293 0.058661304 -0.053913586 0.006733699 0.996798277
1341846338.990057 0.072281837 0.410116166 0.259231687 0.058019504 -0.055459272 0.008019044 0.996741533
1341846339.025928 0.065744236 0.406206071 0.271338731 0.059973460 -0.052859318 0.007562458 0.996770740
1341846339.057939 0.079001784 0.412864953 0.280325711 0.063250527 -0.052854173 0.008335046 0.996562243
1341846339.093927 0.077700131 0.418259621 0.284245551 0.062566951 -0.053542111 0.009755624 0.996555805
1341846339.126562 0.073569000 0.412241608 0.293936551 0.057991147 -0.053370539 0.007921441 0.996858001
1341846339.157969 0.082302757 0.420543581 0.315969229 0.057455149 -0.051385064 0.006345066 0.997004628
1341846339.194113 0.079543971 0.425368994 0.319512874 0.056075439 -0.050553184 0.008013177 0.997113705
1341846339.228165 0.088772446 0.425656259 0.327143490 0.052281927 -0.053858906 0.010468186 0.997123957
1341846339.257998 0.090615079 0.420092374 0.350318909 0.049301755 -0.052727968 0.009863017 0.997342348
1341846339.294132 0.090361327 0.419567853 0.357145816 0.048892837 -0.050360076 0.011630122 0.997465849
1341846339.326577 0.087752566 0.431822896 0.361035734 0.045832548 -0.052369550 0.015982537 0.997447431
1341846339.362269 0.097989582 0.424597502 0.380734235 0.041267533 -0.055052590 0.011568178 0.997563243
1341846339.394725 0.098160774 0.423909694 0.379013389 0.040502790 -0.052549876 0.010768521 0.997738481
1341846339.462186 0.108113214 0.418035030 0.400127560 0.036444690 -0.054458153 0.010289324 0.997797668
1341846339.496743 0.111146599 0.417714477 0.409493893 0.039545313 -0.050362609 0.008701858 0.997909844
1341846339.562052 0.104835659 0.415720254 0.430303216 0.040876318 -0.046595324 0.011902181 0.998006165
1341846339.595122 0.114768311 0.420477450 0.440292954 0.043796748 -0.046707973 0.010536215 0.997892380
1341846339.632085 0.117213085 0.418347776 0.446859628 0.044890258 -0.043138187 0.007997780 0.998028040
1341846339.664568 0.116137087 0.414963186 0.451256961 0.044852380 -0.039776400 0.006359918 0.998181164
1341846339.698896 0.116971821 0.406753331 0.459425867 0.043709025 -0.038920470 0.006422871 0.998265266
1341846339.731977 0.119818255 0.410501242 0.472579241 0.045036286 -0.038570430 0.004267849 0.998231351
1341846339.762241 0.120506018 0.402362108 0.476547122 0.044106010 -0.037035614 0.004320400 0.998330772
1341846339.797873 0.124769449 0.404278636 0.486507714 0.044873293 -0.037176460 0.005033903 0.998287976
1341846339.830245 0.123633385 0.402299792 0.493182749 0.044569969 -0.037013233 0.005248564 0.998306572
1341846339.862015 0.125721067 0.404605508 0.499096572 0.044612475 -0.036862548 0.004299231 0.998314738
1341846339.897797 0.133809060 0.400109053 0.508197248 0.043135449 -0.036682680 0.004347997 0.998386085
1341846339.929916 0.130463421 0.392363012 0.517768085 0.041982979 -0.035058830 0.006324282 0.998483002
1341846339.961960 0.134604275 0.388738990 0.526478410 0.042873573 -0.036352597 0.007565355 0.998390257
1341846339.997845 0.140048444 0.400268912 0.531875491 0.046184938 -0.035339057 0.006605654 0.998285770
1341846340.029925 0.143271387 0.396155536 0.537242889 0.046537686 -0.033199046 0.008663971 0.998327136
1341846340.066044 0.147206649 0.391432166 0.542574525 0.047940239 -0.032500986 0.010328691 0.998267889
1341846340.098009 0.148142919 0.396195710 0.546987176 0.049599998 -0.031989183 0.011128267 0.998194695
1341846340.130102 0.151009902 0.392492503 0.554699063 0.048486739 -0.032271672 0.010086526 0.998251379
1341846340.166041 0.155153051 0.392012537 0.563005567 0.049970657 -0.030038802 0.007784518 0.998268485
1341846340.197867 0.152908817 0.392104387 0.568686962 0.050968956 -0.027186302 0.007927266 0.998298645
1341846340.229904 0.152551562 0.392843425 0.571705997 0.049709208 -0.026991893 0.007640051 0.998369694
1341846340.265859 0.158247307 0.386783838 0.581882119 0.048807491 -0.026566740 0.007004227 0.998430252
1341846340.298061 0.158049598 0.388606995 0.588853717 0.051269256 -0.024050964 0.007660801 0.998365819
1341846340.334063 0.151015386 0.391218662 0.588196456 0.050172616 -0.023647940 0.009275068 0.998417497
1341846340.366064 0.164780065 0.386529654 0.597557127 0.048347943 -0.027765160 0.008963274 0.998404324
1341846340.397995 0.162143230 0.385672987 0.601704657 0.050398782 -0.026105151 0.007888963 0.998356760
1341846340.433895 0.163308039 0.385697424 0.606607914 0.050853603 -0.026536807 0.009492666 0.998308361
1341846340.465959 0.162701473 0.382353008 0.612348020 0.051108152 -0.028986011 0.011474518 0.998206437
1341846340.501858 0.170098484 0.382772267 0.613302946 0.051907696 -0.033398714 0.011527746 0.998026669
1341846340.534329 0.172979370 0.381996542 0.614558160 0.052069675 -0.034547683 0.011342992 0.997981250
1341846340.566041 0.179761961 0.381459802 0.616601288 0.053633530 -0.036207885 0.011428445 0.997838557
1341846340.601909 0.184181020 0.381228209 0.615507483 0.055956036 -0.037064087 0.012281968 0.997669458
1341846340.634005 0.189641505 0.384076297 0.610833466 0.057111666 -0.037879534 0.010194117 0.997596860
1341846340.666028 0.193554997 0.381689578 0.609381676 0.056574244 -0.037614096 0.008949088 0.997649431
1341846340.701946 0.200756773 0.381057680 0.614989281 0.058863550 -0.036843818 0.007175107 0.997560084
1341846340.733954 0.206115305 0.386182219 0.623298705 0.060623232 -0.035794280 0.006155862 0.997499704
1341846340.770081 0.203607902 0.383517385 0.609343231 0.059123285 -0.034792986 0.003784695 0.997636974
1341846340.801980 0.206226364 0.383255750 0.602799475 0.059331562 -0.033450522 -0.002305971 0.997675061
1341846340.833999 0.205305532 0.386670172 0.602827966 0.059670318 -0.030518981 -0.006239263 0.997731984
1341846340.870013 0.203396335 0.386457533 0.605658412 0.058505367 -0.030388942 -0.007267243 0.997797966
1341846340.901955 0.205541983 0.381213963 0.602827013 0.058781337 -0.030859765 -0.008219958 0.997759938
1341846340.933918 0.205432713 0.384214610 0.600479841 0.060928121 -0.031653233 -0.005026130 0.997627437
1341846340.970122 0.202980086 0.385439396 0.598021805 0.061964329 -0.034465708 -0.000198009 0.997483075
1341846341.001922 0.202265039 0.384779721 0.597808957 0.063336827 -0.038898867 0.005223829 0.997220159
1341846341.037923 0.205446184 0.386866122 0.590792418 0.064661339 -0.041587990 0.006879490 0.997016549
1341846341.070300 0.204482213 0.383918047 0.586289465 0.064264044 -0.042153161 0.007392086 0.997014821
1341846341.102028 0.201012611 0.384899199 0.584678829 0.064514406 -0.043064278 0.007135388 0.996961594
1341846341.137982 0.201959968 0.382064909 0.579891324 0.064137526 -0.044938792 0.006660669 0.996906459
1341846341.170048 0.205157056 0.381363153 0.579395235 0.064498402 -0.045822915 0.007215706 0.996839106
1341846341.202110 0.204183340 0.381713867 0.577135444 0.066068739 -0.045943730 0.008999836 0.996716142
1341846341.237996 0.208047435 0.383781254 0.573180318 0.067987785 -0.046320293 0.009943538 0.996560693
1341846341.269883 0.205250844 0.383483589 0.571557879 0.069038495 -0.045439139 0.010185797 0.996526599
1341846341.306107 0.207672834 0.384848654 0.570882380 0.069770314 -0.046524186 0.009402832 0.996433258
1341846341.338109 0.207671449 0.384998441 0.568499088 0.070808537 -0.045880042 0.007523138 0.996405840
1341846341.370120 0.207317084 0.385291457 0.569772482 0.071502872 -0.044484276 0.005205294 0.996434331
1341846341.406074 0.203444347 0.381926358 0.562899172 0.070815168 -0.043468866 0.004642304 0.996531069
1341846341.438113 0.205527425 0.377476364 0.566001177 0.071765020 -0.046021614 0.004804122 0.996347666
1341846341.470024 0.207562238 0.377983749 0.562723756 0.074428126 -0.046133600 0.002844426 0.996154606
1341846341.506077 0.203846648 0.388684571 0.562185645 0.075666279 -0.044767588 0.001699134 0.996126294
1341846341.538156 0.196800604 0.382737517 0.560047746 0.074045040 -0.045580067 0.002164195 0.996210396
1341846341.574016 0.203265399 0.382699341 0.559639752 0.074859679 -0.048997372 0.003212988 0.995984435
1341846341.612466 0.200162590 0.386532307 0.558251619 0.075832032 -0.049112562 0.003407149 0.995904565
1341846341.643972 0.197984159 0.389263511 0.556300163 0.075214230 -0.050122652 0.002250648 0.995904386
1341846341.679982 0.195163727 0.385581136 0.555552483 0.074527569 -0.051290601 0.002815486 0.995895088
1341846341.712332 0.190669358 0.388281673 0.552579045 0.075451784 -0.053008173 0.005458419 0.995724559
1341846341.744185 0.195718944 0.387023032 0.552532196 0.075655073 -0.055735167 0.007052991 0.995550215
1341846341.780061 0.196106344 0.389725327 0.550104737 0.076208264 -0.056427702 0.008665015 0.995456219
1341846341.842595 0.201019675 0.385110557 0.544230163 0.077920981 -0.058109351 0.013819165 0.995168686
1341846341.906227 0.203462601 0.373374760 0.534667075 0.079249837 -0.059285823 0.018482774 0.994918644
1341846341.942069 0.204092294 0.368348867 0.529012859 0.081801109 -0.059361119 0.020409945 0.994669914
1341846341.974775 0.204917416 0.373163521 0.524349332 0.085569911 -0.059594873 0.022073444 0.994303286
1341846342.010161 0.199954644 0.372305334 0.526673079 0.086150214 -0.060547467 0.024264123 0.994144559
1341846342.042024 0.208160236 0.361846596 0.522221029 0.086516954 -0.062117323 0.024036227 0.994021356
1341846342.080032 0.209747016 0.370781839 0.520096660 0.089751013 -0.059866622 0.024502348 0.993861377
1341846342.112265 0.204640448 0.364508212 0.519854248 0.089240119 -0.058951549 0.026956525 0.993898511
1341846342.147954 0.208116844 0.361569464 0.522355855 0.091645300 -0.060628869 0.028934933 0.993523061
1341846342.179852 0.213446468 0.365195334 0.515637517 0.094576254 -0.060683824 0.029744700 0.993221045
1341846342.211848 0.211380392 0.364351690 0.513971210 0.094887480 -0.059694767 0.029634522 0.993254602
1341846342.247920 0.211052418 0.361281335 0.517243147 0.096111111 -0.059535157 0.028293943 0.993185580
1341846342.279870 0.215671986 0.363184482 0.514862478 0.097682469 -0.059658766 0.029218558 0.992998123
1341846342.316068 0.215804279 0.364620209 0.513883233 0.099154800 -0.059659623 0.029879749 0.992832422
1341846342.347894 0.216047063 0.370042086 0.515332043 0.100125439 -0.059587535 0.030162698 0.992730796
1341846342.379953 0.214704558 0.372237206 0.516602993 0.100878850 -0.058733389 0.030340495 0.992700040
1341846342.416195 0.212454453 0.370112360 0.516264796 0.100952670 -0.058292247 0.031541131 0.992681086
