1341846313.592026 0.000000000 0.000000000 0.000000000 0.000000000 0.000000000 0.000000000 1.000000000
1341846313.654184 0.007720278 -0.003071823 0.000150431 -0.001147429 -0.003214640 0.004936824 0.999981999
1341846313.686156 0.017371884 -0.009334981 -0.008273707 -0.001232576 -0.005467647 0.003917434 0.999976635
1341846313.721918 0.023033489 -0.004424416 -0.001646824 -0.000544382 -0.006593771 0.003052903 0.999973416
1341846313.753994 0.025327826 -0.003554840 0.001804401 -0.000836334 -0.006720015 0.003792633 0.999969840
1341846313.789969 0.042543501 -0.003623133 -0.000797690 -0.000112286 -0.008884482 0.004617653 0.999949872
1341846313.822075 0.049763314 -0.001290323 -0.008921335 0.000079056 -0.007897823 0.003448901 0.999962866
1341846313.853928 0.062847257 -0.001806891 0.001583774 -0.000590988 -0.006892528 0.002555809 0.999972820
1341846313.890011 0.063785203 -0.001222893 -0.002982267 -0.000683970 -0.004375120 0.002596156 0.999986827
1341846313.922055 0.077606194 0.002501824 -0.002331784 -0.002325528 -0.005260603 0.003867581 0.999975979
1341846313.957927 0.106147990 0.014750347 0.023801116 -0.002863320 -0.004118070 0.003249733 0.999982119
1341846313.990058 0.097192660 0.012571901 0.009970030 -0.004431423 0.004520072 0.004742911 0.999968708
1341846314.022042 0.096121363 0.020396069 -0.003705394 -0.005606883 0.007156218 0.006028306 0.999940515
1341846314.057816 0.109622315 0.019492880 0.011226327 -0.008870591 0.008549148 0.007513329 0.999895871
1341846314.089801 0.119264990 0.014018650 0.012324672 -0.008819449 0.013704067 0.007291590 0.999840617
1341846314.122037 0.120250240 0.024024801 0.002038493 -0.008990564 0.017819734 0.010664133 0.999743938
1341846314.157989 0.131407529 0.017689373 0.007586459 -0.011898694 0.020353543 0.010851639 0.999663115
1341846314.190094 0.137105286 0.020439394 0.005768700 -0.011374221 0.024133272 0.012860239 0.999561310
1341846314.225969 0.138925835 0.029234627 0.005802871 -0.013031815 0.026407616 0.015928136 0.999439359
1341846314.257923 0.146329075 0.009272784 0.019089291 -0.017448572 0.027473185 0.017938981 0.999309242
1341846314.290052 0.149857804 0.010247616 0.015840400 -0.015890401 0.028996943 0.016093029 0.999323606
1341846314.325981 0.151050508 0.026149992 0.010487843 -0.014832701 0.031266052 0.012485750 0.999323070
1341846314.357905 0.163057312 0.017240465 0.008799941 -0.016637934 0.033480786 0.011747197 0.999231815
1341846314.389899 0.169461161 0.024072647 0.041639943 -0.014631064 0.035027146 0.012130286 0.999205649
1341846314.427905 0.169807523 0.031230662 0.043578103 -0.013762269 0.037478909 0.010168830 0.999150932
1341846314.493987 0.186860874 0.022615800 0.040094621 -0.013545452 0.046319641 0.002416079 0.998831928
1341846314.526085 0.195741922 0.023889577 0.033750251 -0.013437265 0.047792163 0.001229723 0.998766184
1341846314.558292 0.207467601 0.022407660 0.033496980 -0.014758016 0.049911518 0.001713858 0.998643160
1341846314.594085 0.224214643 0.012336063 0.037539911 -0.014768198 0.052726444 0.003293543 0.998494327
1341846314.626096 0.216397166 0.014764131 0.026954992 -0.014401638 0.058298521 0.004934401 0.998183131
1341846314.658455 0.225266546 0.017071836 0.022080461 -0.015705306 0.060400106 0.003473784 0.998044670
1341846314.694004 0.241638124 0.014199855 0.048897769 -0.015511032 0.062586725 0.002202421 0.997916579
1341846314.725910 0.236981004 -0.001393666 0.024824746 -0.013032754 0.066618249 0.006005260 0.997675359
1341846314.761942 0.232827038 0.002457156 0.018139020 -0.009071595 0.067958489 0.009724720 0.997599542
1341846314.794030 0.237688988 0.005543887 0.019826781 -0.005403562 0.070201442 0.009821078 0.997469842
1341846314.826092 0.260930151 0.018862672 0.026818797 -0.001832581 0.072060481 0.011016429 0.997337759
1341846314.862145 0.283084512 0.029687693 0.016974792 -0.000889043 0.073556036 0.014387950 0.997186899
1341846314.894072 0.285597235 0.027632492 0.019012604 -0.001487123 0.077618070 0.016707884 0.996842027
1341846314.925969 0.288953185 0.028357757 0.015094914 -0.001670195 0.080346279 0.021068433 0.996542931
1341846314.961937 0.281300753 0.034907997 0.010255076 -0.003707426 0.082445316 0.023122342 0.996320426
1341846314.994564 0.283801168 0.032705791 0.015630588 -0.007342341 0.083673574 0.021843955 0.996226728
1341846315.029900 0.301186025 0.030757476 0.018631183 -0.007549935 0.085749716 0.018750714 0.996111631
1341846315.061965 0.304890782 0.018550316 0.016527265 -0.009986932 0.087765731 0.024090469 0.995799720
1341846315.094388 0.305157334 0.020133926 0.016346365 -0.009664048 0.087421849 0.024176801 0.995831072
1341846315.129851 0.312308520 0.021132119 0.017414343 -0.007491110 0.087121852 0.022253426 0.995920897
1341846315.161941 0.318248302 0.045553479 0.008641984 -0.007660800 0.086637966 0.026415491 0.995860100
1341846315.197984 0.317695916 0.041339509 0.013456445 -0.014838489 0.085213862 0.023363678 0.995978177
1341846315.230076 0.328154236 0.034415193 0.016284768 -0.019097855 0.083396681 0.019988481 0.996132851
1341846315.262069 0.330970138 0.034640417 0.021636467 -0.022230027 0.080811121 0.023787042 0.996197522
1341846315.298000 0.350258231 0.037533104 0.039914664 -0.023250036 0.074741796 0.026567390 0.996577799
1341846315.329931 0.354350239 0.007436750 0.035510976 -0.022783322 0.074212074 0.026414413 0.996632218
1341846315.361981 0.343880773 0.014493956 0.027425334 -0.016790599 0.075728603 0.028789844 0.996571302
1341846315.397962 0.352161527 0.023455536 0.026205506 -0.012655347 0.075033531 0.031497627 0.996603131
1341846315.429923 0.358384877 0.026472857 0.022205412 -0.009603996 0.076628856 0.033110734 0.996463478
1341846315.466047 0.397427559 0.033085860 0.013401005 -0.008461848 0.075357787 0.037776064 0.996404827
1341846315.497883 0.391836286 0.031457461 0.012214329 -0.009763208 0.079400741 0.042145737 0.995903552
1341846315.530008 0.396078199 0.030650482 0.015747897 -0.009782774 0.080496989 0.043268610 0.995767236
1341846315.566108 0.394143522 0.031927586 0.014337689 -0.010450694 0.082384787 0.043309059 0.995604277
1341846315.597986 0.394439131 0.032313488 0.019904621 -0.010525704 0.083907083 0.042897627 0.995494127
1341846315.630109 0.395456314 0.030792577 0.019960739 -0.010721032 0.084968314 0.041730415 0.995451689
1341846315.666042 0.402053714 0.039553434 0.010446042 -0.010526702 0.085794143 0.041475989 0.995393515
1341846315.698114 0.420311928 0.046185646 0.000486799 -0.014911963 0.086435609 0.040613972 0.995317578
1341846315.733985 0.405308366 0.027697297 0.018577017 -0.019958630 0.091519862 0.042826291 0.994681716
1341846315.766041 0.393115729 0.030798541 0.012705326 -0.018970132 0.090453818 0.042723481 0.994802952
1341846315.798188 0.399927557 0.020811893 0.012691550 -0.021456117 0.089041717 0.041427463 0.994934678
1341846315.834140 0.390297860 0.020203011 0.023793012 -0.020302471 0.092500813 0.038898800 0.994745374
1341846315.866751 0.388553560 0.020491637 0.025499761 -0.017810605 0.093956493 0.037607390 0.994706333
1341846315.898492 0.383420974 0.021694541 0.023141131 -0.016314978 0.095190488 0.037745416 0.994609416
1341846315.936901 0.383931160 0.013699366 0.021318696 -0.014470845 0.096477747 0.036739726 0.994551599
1341846315.966572 0.368671924 0.011261937 0.019448094 -0.011366776 0.099697277 0.036055896 0.994299412
1341846316.034204 0.349482119 0.008620284 0.020398103 -0.007819305 0.100311831 0.033510610 0.994360805
1341846316.066113 0.338377833 0.011151222 0.024297364 -0.004976293 0.101392299 0.033383489 0.994273782
1341846316.101867 0.332642317 0.014208578 0.022695504 -0.003393325 0.100051291 0.034723599 0.994370401
1341846316.134066 0.331038803 0.022700818 0.019305460 -0.003215434 0.096038759 0.033809692 0.994798005
1341846316.202049 0.315230221 0.012647390 0.020932883 -0.003773592 0.091974042 0.030080836 0.995299816
1341846316.233979 0.311255395 0.011437218 0.004944410 -0.003351809 0.090754636 0.026958417 0.995502710
1341846316.270052 0.308229685 0.013505435 0.011067931 -0.004572949 0.091703311 0.024391877 0.995477080
1341846316.301915 0.299560666 0.008008444 0.015704155 -0.004520536 0.093195863 0.022437928 0.995384634
1341846316.334208 0.281180471 0.005374382 0.015456598 -0.003147823 0.093897477 0.022867745 0.995314240
1341846316.370006 0.288366765 0.008798398 0.014360297 -0.000649767 0.090774745 0.024664689 0.995565772
1341846316.401994 0.266291767 0.005970638 0.012486711 0.000590863 0.092766218 0.025548747 0.995359898
1341846316.438069 0.272063732 0.004502185 0.023946088 0.002836421 0.090740606 0.028562438 0.995460868
1341846316.470076 0.261715949 0.003858825 0.025618874 0.007346015 0.090729557 0.031217013 0.995359063
1341846316.502034 0.240679741 0.005815622 -0.008165210 0.009293711 0.089388631 0.032153253 0.995434284
1341846316.537975 0.232839242 0.005771315 -0.004809022 0.006591570 0.086857282 0.029041203 0.995775521
1341846316.570121 0.228393301 -0.004141277 0.002094794 0.005429047 0.086480767 0.026103746 0.995896697
1341846316.601885 0.213448957 -0.007789924 0.005138367 0.007361752 0.087285243 0.024312006 0.995859444
1341846316.638009 0.208491266 -0.007661335 0.007693022 0.009608611 0.085488744 0.026176102 0.995948851
1341846316.669925 0.214633107 -0.007552020 0.011414260 0.012147625 0.083080351 0.025801981 0.996134698
1341846316.705941 0.205878377 -0.012621389 0.011105198 0.016060043 0.083633862 0.027008604 0.996001005
1341846316.738062 0.185656801 -0.002521613 0.004073275 0.019555159 0.084947906 0.029257439 0.995763719
1341846316.770433 0.196749911 0.000232226 0.000756502 0.018658971 0.081609629 0.030807503 0.996013343
1341846316.805932 0.191816166 -0.006653375 0.009594366 0.018731207 0.081609733 0.029376039 0.996055245
1341846316.838029 0.168302149 -0.000161301 0.007795254 0.021159591 0.082388647 0.031690121 0.995871544
1341846316.870034 0.154179037 -0.007025596 0.011697523 0.020584149 0.079453252 0.032503549 0.996095836
1341846316.906344 0.151619256 -0.003911723 0.015322220 0.022345195 0.076239295 0.031784322 0.996332288
1341846316.937940 0.151227877 -0.001012413 0.005299069 0.022400890 0.074166052 0.029910287 0.996545553
1341846316.973994 0.139290079 0.000842661 0.014020206 0.021830508 0.072956242 0.028059890 0.996701300
1341846317.005913 0.130537301 -0.003628981 0.018240556 0.020261033 0.070338324 0.029305477 0.996886730
1341846317.037936 0.123091988 -0.007550151 0.017430602 0.020560732 0.068079203 0.029127087 0.997042716
1341846317.073972 0.109830722 -0.011116507 0.011048092 0.021176413 0.067115448 0.028490340 0.997113466
1341846317.106113 0.102478914 -0.012740085 0.018364895 0.023687562 0.065844968 0.032520019 0.997018456
1341846317.137887 0.091415808 -0.019689778 0.004682758 0.025240330 0.060798667 0.033739917 0.997260273
1341846317.173970 0.082151465 -0.012429522 0.007896632 0.027609434 0.053293992 0.039177839 0.997428000
1341846317.205887 0.070425883 -0.016393371 0.005200328 0.027108468 0.051358335 0.039399393 0.997534513
1341846317.248131 0.071389921 -0.016164297 0.018451173 0.028590061 0.047728851 0.041876260 0.997572541
1341846317.306289 0.060817152 -0.017145412 0.011661880 0.029832017 0.041749399 0.045633473 0.997639537
1341846317.348137 0.049338393 -0.021885315 0.007278610 0.030468846 0.043964081 0.045364741 0.997537374
1341846317.410120 0.045081593 -0.011426954 0.027125813 0.033345994 0.042090639 0.052398317 0.997181416
1341846317.442569 0.041379459 -0.017917529 0.025028892 0.035575289 0.042283904 0.054656580 0.996975005
1341846317.474010 0.019564321 -0.026479093 0.024922261 0.040199935 0.044789582 0.056752827 0.996572614
1341846317.509927 0.012534402 -0.013047745 0.026356641 0.044380959 0.042432465 0.061512969 0.996215820
1341846317.542282 0.017602097 -0.012112364 0.013610898 0.043512531 0.037898246 0.061609641 0.996430933
1341846317.573943 0.013667528 -0.018513355 0.021765362 0.042663276 0.038803313 0.060489710 0.996501446
1341846317.610159 0.004890454 -0.023206219 0.021855023 0.045015719 0.040948126 0.061343431 0.996259928
1341846317.643553 -0.012243984 -0.021254672 0.009343633 0.047674991 0.041070353 0.064642906 0.995922506
1341846317.677993 -0.017873876 -0.020429164 0.028909061 0.048658084 0.037407629 0.066058971 0.995926321
1341846317.709996 -0.029788867 -0.026125051 0.029718716 0.050098319 0.035906702 0.064134091 0.996035933
1341846317.741834 -0.040110555 -0.017105371 0.028078729 0.051094696 0.035163585 0.063799381 0.996033370
1341846317.777923 -0.043876536 -0.018561168 0.035926014 0.049109295 0.033490442 0.063558973 0.996206224
1341846317.810021 -0.053222906 -0.022703551 0.041511003 0.048448004 0.032103226 0.061528243 0.996411800
1341846317.841886 -0.056364819 -0.013617318 0.020631725 0.049015574 0.030147061 0.061748359 0.996431470
1341846317.878017 -0.061945736 -0.007031394 0.028437687 0.047329925 0.029663635 0.057337373 0.996791005
1341846317.909910 -0.065666556 -0.016550271 0.025666304 0.045612033 0.030572716 0.053463276 0.997058928
1341846317.946031 -0.075148426 -0.016631562 0.027852068 0.047004912 0.031514015 0.055940308 0.996829033
1341846317.978041 -0.089616448 -0.020218972 0.036652464 0.048737116 0.031246526 0.054915290 0.996811211
1341846318.009897 -0.096145503 -0.019582264 0.036128812 0.051150370 0.031674080 0.053082783 0.996776104
1341846318.045949 -0.111409329 -0.014776350 0.033188723 0.051722217 0.033350874 0.051710557 0.996764064
1341846318.078074 -0.128819868 -0.011583135 0.040601157 0.051372927 0.032903001 0.050261468 0.996871114
1341846318.109894 -0.128847554 -0.017853232 0.038955111 0.050510120 0.027818479 0.048903421 0.997137547
1341846318.145957 -0.131065384 -0.013470515 0.035414953 0.050201170 0.025519585 0.045722887 0.997365534
1341846318.178001 -0.141020447 -0.017756021 0.033261359 0.048921235 0.026258290 0.042219270 0.997564375
1341846318.214074 -0.146465644 -0.021923874 0.028396549 0.049259502 0.023798378 0.041784264 0.997627795
1341846318.245970 -0.171801507 -0.026920466 0.026883729 0.051502995 0.020748308 0.041125972 0.997609913
1341846318.278018 -0.179643363 -0.026082244 0.026454937 0.055775832 0.016271031 0.042042252 0.997425079
1341846318.313937 -0.210014403 -0.035542015 0.009509494 0.056452919 0.011113296 0.040066086 0.997539103
1341846318.345989 -0.208013847 -0.030984286 0.016445713 0.058822948 0.000962752 0.039620817 0.997481406
1341846318.382046 -0.213482842 -0.031095810 0.023058709 0.060819268 -0.005591070 0.038726814 0.997381568
1341846318.414072 -0.221977606 -0.037695713 0.027350925 0.061446801 -0.011482804 0.039724860 0.997253418
1341846318.446035 -0.229960039 -0.036607042 0.028137323 0.063873239 -0.017454006 0.039285287 0.997031689
1341846318.482196 -0.232644171 -0.032770716 0.028496709 0.065741383 -0.020263841 0.038986541 0.996868849
1341846318.514144 -0.240748331 -0.032243643 0.029829551 0.065802686 -0.021504952 0.040014129 0.996798098
1341846318.546259 -0.248247892 -0.039211128 0.032637492 0.066672266 -0.022400744 0.039522391 0.996740222
1341846318.582042 -0.258091092 -0.030289039 0.025592297 0.068923302 -0.022068448 0.039019272 0.996614277
1341846318.614115 -0.266183436 -0.029462889 0.023029402 0.068567544 -0.022568967 0.038928699 0.996631145
1341846318.650038 -0.272073179 -0.031661205 0.025339169 0.068127394 -0.023156086 0.035827469 0.996764183
1341846318.682350 -0.280270875 -0.033598702 0.023700869 0.067356363 -0.023695568 0.034318749 0.996856987
1341846318.714063 -0.292141348 -0.032067984 0.025677392 0.067100696 -0.024285505 0.033397578 0.996891320
1341846318.749905 -0.300731719 -0.039087564 0.020277174 0.067492492 -0.024114646 0.034633003 0.996826887
1341846318.782036 -0.314379066 -0.039045393 0.017029842 0.069034286 -0.024439560 0.036595516 0.996643245
1341846318.814121 -0.332641065 -0.036776710 0.015582630 0.069469668 -0.028658241 0.034707714 0.996568143
1341846318.850072 -0.341668874 -0.044273764 0.008695865 0.069149964 -0.034754194 0.032442775 0.996472716
1341846318.883516 -0.351552308 -0.041588694 0.021903809 0.072420329 -0.041784547 0.030449240 0.996033251
1341846318.918047 -0.346839905 -0.036442414 -0.002548065 0.076068886 -0.056666162 0.029484376 0.995054364
1341846318.950044 -0.362913936 -0.047825254 0.006182209 0.077113606 -0.064615503 0.027867313 0.994535983
1341846318.982028 -0.370950967 -0.043193080 -0.000257131 0.078825302 -0.068249129 0.024656648 0.994243801
1341846319.018123 -0.399794459 -0.044733416 0.010670677 0.078249410 -0.071168147 0.023781098 0.994105935
1341846319.050745 -0.394017696 -0.056144793 0.004223555 0.078738436 -0.079048932 0.023335323 0.993482232
1341846319.081905 -0.388965994 -0.053897072 -0.002275258 0.084426410 -0.079974756 0.021709900 0.992977798
1341846319.117976 -0.411760896 -0.040350344 -0.004658274 0.088054143 -0.078225851 0.026309742 0.992690802
1341846319.150093 -0.434617549 -0.055181444 -0.029423475 0.088223882 -0.081309639 0.033829372 0.992200017
1341846319.186069 -0.430025190 -0.042166360 -0.039234612 0.090746753 -0.083365120 0.034815796 0.991767704
1341846319.218149 -0.427584082 -0.023379531 -0.022326827 0.088717163 -0.078750588 0.032591138 0.992403865
1341846319.250034 -0.443205416 -0.024204005 -0.019435473 0.082868434 -0.072010368 0.031349093 0.993460894
1341846319.286594 -0.450566500 -0.041232128 -0.017455049 0.079478756 -0.069170944 0.035907857 0.993785262
1341846319.318034 -0.455950618 -0.041916400 -0.012968104 0.080144204 -0.068688020 0.039128132 0.993643701
1341846319.350268 -0.467616320 -0.045949824 -0.023544490 0.080494538 -0.067734793 0.045796663 0.993395805
1341846319.386163 -0.481605083 -0.053925194 -0.036253836 0.081496030 -0.071620084 0.053772930 0.992641687
1341846319.418386 -0.482745767 -0.043142140 -0.029616281 0.083464779 -0.077587686 0.054476094 0.991990983
1341846319.453961 -0.476030260 -0.034951024 -0.031645812 0.084458217 -0.080219947 0.051513866 0.991855800
1341846319.486271 -0.495939016 -0.037541088 -0.036820918 0.083558671 -0.079389825 0.049834296 0.992084563
1341846319.554083 -0.509090662 -0.036508169 -0.014465854 0.078484580 -0.086239696 0.049154215 0.991961062
1341846319.586296 -0.522539496 -0.036059164 -0.018202096 0.078917265 -0.085413940 0.045410000 0.992176592
1341846319.622031 -0.538108468 -0.038728558 -0.027793296 0.076947711 -0.088523746 0.044440754 0.992102623
1341846319.653962 -0.546286821 -0.042430174 -0.011835247 0.076251075 -0.093522198 0.042246472 0.991793573
1341846319.686352 -0.546665013 -0.048551660 -0.017831318 0.077133194 -0.097904831 0.044926934 0.991184473
1341846319.721992 -0.556498885 -0.036352325 -0.021578640 0.078921758 -0.101619005 0.044783764 0.990676224
1341846319.754063 -0.565954030 -0.021765511 -0.035723478 0.076982148 -0.103075385 0.044139963 0.990707219
1341846319.786397 -0.569243312 -0.026148587 -0.029117376 0.072182432 -0.103275143 0.048044384 0.990866125
1341846319.822008 -0.574740469 -0.025007214 -0.021154322 0.068633534 -0.104488321 0.052330989 0.990773976
1341846319.853917 -0.578104436 -0.035937034 -0.020148918 0.063206345 -0.105353251 0.055156033 0.990890205
1341846319.889942 -0.581972539 -0.048971660 -0.016038649 0.059187144 -0.106075071 0.060447443 0.990752757
1341846319.922039 -0.589036584 -0.062455673 -0.027606189 0.057657260 -0.110072695 0.063025534 0.990246177
1341846319.953946 -0.585594475 -0.058839265 -0.016008049 0.058779098 -0.116869465 0.059100643 0.989643216
1341846319.990054 -0.585266709 -0.058717035 -0.014232509 0.061402161 -0.119995102 0.052435100 0.989485502
1341846320.028122 -0.591863692 -0.056491993 -0.027405359 0.063860230 -0.122924432 0.050856374 0.989052594
1341846320.090047 -0.574435711 -0.044063199 -0.021314904 0.070027076 -0.131497353 0.050214998 0.987564206
1341846320.122011 -0.567036450 -0.041666903 -0.026698321 0.070946515 -0.129210591 0.051150855 0.987752378
1341846320.157952 -0.558839202 -0.043253757 -0.019698508 0.071163625 -0.126921430 0.051260490 0.988027811
1341846320.190003 -0.538042724 -0.038541123 0.010027811 0.074176177 -0.124897547 0.051741578 0.988039076
1341846320.221941 -0.545273602 -0.057265230 -0.012200832 0.076775640 -0.119920366 0.051798198 0.988454103
1341846320.258015 -0.534817457 -0.062340513 -0.010916583 0.080573887 -0.119491734 0.054648548 0.988050163
1341846320.289887 -0.523280680 -0.068718314 -0.009814233 0.085472226 -0.120609507 0.055431250 0.987459004
1341846320.321954 -0.508103192 -0.068749331 -0.017363667 0.094394416 -0.122126207 0.055071324 0.986479580
1341846320.357890 -0.495300740 -0.054984488 0.000522658 0.100598313 -0.122120485 0.056126501 0.985807478
1341846320.390064 -0.481031805 -0.051378258 0.000272021 0.102350242 -0.118765101 0.056349751 0.986024320
1341846320.426544 -0.438572347 -0.057162907 0.013788745 0.104407348 -0.113329619 0.053344674 0.986615360
1341846320.458122 -0.469495714 -0.050028279 0.047413781 0.107330605 -0.104133405 0.048630398 0.987558305
1341846320.490186 -0.437105834 -0.049089760 0.009398147 0.110136978 -0.097565442 0.048856478 0.987908840
1341846320.525911 -0.401037604 -0.048336051 0.018833235 0.113737486 -0.091419406 0.047293633 0.988164783
1341846320.558091 -0.378659010 -0.040820554 -0.005891018 0.114803299 -0.088068821 0.043458261 0.988521874
1341846320.594093 -0.382436365 -0.057138741 -0.002558455 0.115335509 -0.081937574 0.038683768 0.989185274
1341846320.631955 -0.384737760 -0.037134282 0.026169814 0.119618006 -0.074154302 0.038197692 0.989309669
1341846320.664916 -0.368722081 -0.041743446 0.027146246 0.119411737 -0.071925141 0.036301911 0.989570498
1341846320.699927 -0.329183459 -0.044083934 0.021571930 0.119157419 -0.070133418 0.034627859 0.989789724
1341846320.731822 -0.304883420 -0.042291686 0.050227951 0.121424563 -0.064396717 0.034096815 0.989922523
1341846320.763877 -0.281614721 -0.029093429 0.009598784 0.119246885 -0.063226581 0.034495275 0.990248740
1341846320.799999 -0.294240862 -0.034135770 -0.001668248 0.112049162 -0.063765056 0.030476097 0.991186261
1341846320.831871 -0.259133786 -0.040951386 0.015092865 0.113416858 -0.054782629 0.025740152 0.991702020
1341846320.863887 -0.326179445 -0.013335595 0.024140419 0.114135012 -0.041193977 0.025576496 0.992281258
1341846320.900014 -0.306335181 -0.031593725 0.034923255 0.106390506 -0.047258303 0.031097282 0.992713809
1341846320.931889 -0.279404670 -0.046267439 0.017736159 0.106516197 -0.047787424 0.029741926 0.992716551
1341846320.967866 -0.300688297 -0.022495870 -0.012666606 0.106883302 -0.040460218 0.025586531 0.993118465
1341846321.000017 -0.277385145 -0.026944188 0.013244884 0.100884020 -0.041842837 0.025053242 0.993702114
1341846321.031860 -0.248143733 -0.032974359 0.034426033 0.098634541 -0.042662919 0.023351239 0.993934512
1341846321.068047 -0.226415813 -0.025122866 0.048006676 0.099495813 -0.040008396 0.021142920 0.994008482
1341846321.099840 -0.242461041 -0.029553555 0.022388048 0.096596099 -0.036967486 0.021016171 0.994414866
1341846321.131821 -0.226447284 -0.045391355 0.009066291 0.095896415 -0.035634939 0.022536868 0.994497895
1341846321.167887 -0.215641513 -0.037606291 0.021158837 0.099186711 -0.031996768 0.023042526 0.994287312
1341846321.200042 -0.209639877 -0.029972928 0.020674856 0.099783279 -0.029499004 0.022875918 0.994308710
1341846321.231950 -0.201002330 -0.037611954 0.020050948 0.098814987 -0.028619751 0.021319259 0.994465709
1341846321.267939 -0.186821133 -0.040805142 -0.008032450 0.098893270 -0.026729705 0.016617933 0.994600177
1341846321.299948 -0.176636428 -0.038528383 0.022047203 0.098032482 -0.022413181 0.010840556 0.994871736
1341846321.331858 -0.159500167 -0.040604390 0.044774529 0.098273605 -0.020531667 0.008318404 0.994912803
1341846321.367913 -0.134956673 -0.041944370 0.040951967 0.099902213 -0.018948678 0.003578278 0.994810402
1341846321.399897 -0.138016894 -0.043555699 0.023521438 0.101407051 -0.013050819 0.002370844 0.994756579
1341846321.435994 -0.134544089 -0.045253098 0.031066084 0.102921829 -0.009374960 0.001607362 0.994643986
1341846321.467946 -0.125055581 -0.042945020 0.031805340 0.104888037 -0.006955164 0.002119310 0.994457424
1341846321.499882 -0.102737047 -0.044008113 0.040740073 0.106360264 -0.005216492 0.003682960 0.994307160
1341846321.536109 -0.076846145 -0.035299718 0.024924014 0.106251799 -0.001067309 0.001132692 0.994338036
1341846321.568960 -0.103881113 -0.028944820 0.036452658 0.103115194 0.008221419 -0.003284990 0.994630039
1341846321.603938 -0.098938644 -0.034665246 0.040050324 0.099724613 0.010421870 -0.002858560 0.994956374
1341846321.637163 -0.069045395 -0.028457718 0.004761810 0.097324766 0.013526424 -0.004327401 0.995151341
1341846321.668306 -0.082996629 -0.027737822 0.027828956 0.092714384 0.024394667 -0.000844486 0.995393455
1341846321.704411 -0.083869196 -0.029531416 0.049029198 0.090060838 0.025796944 0.006697414 0.995579600
1341846321.736861 -0.085221067 -0.028237883 0.041250139 0.088581756 0.024217084 0.015060483 0.995660603
1341846321.771881 -0.069062822 -0.012989441 0.037515581 0.086933203 0.023489291 0.020077251 0.995734811
1341846321.804114 -0.049067494 -0.015911128 0.055749398 0.083083086 0.024652613 0.022490151 0.995983779
1341846321.836152 -0.051542789 -0.012783078 0.055014722 0.079686962 0.027492676 0.023645287 0.996160150
1341846321.871882 -0.044019084 0.001792289 0.060900673 0.076131500 0.028457385 0.020356845 0.996483743
1341846321.904074 -0.038528077 -0.004638777 0.059111211 0.068729401 0.029658725 0.018011000 0.997031689
1341846321.939847 -0.033989429 -0.011149553 0.059995711 0.064137422 0.032315474 0.015384478 0.997299075
1341846322.004094 -0.042959474 -0.016248044 0.072572097 0.057148419 0.031428561 0.014403040 0.997766972
1341846322.066178 -0.028261272 -0.023997802 0.066810235 0.052272480 0.035656784 0.011587859 0.997928798
1341846322.107979 -0.030605452 -0.037757434 0.068312861 0.049462542 0.037664860 0.010860638 0.998006463
1341846322.166164 -0.029495018 -0.060233872 0.064866960 0.052246135 0.037368387 0.010778585 0.997876585
1341846322.202932 -0.028438982 -0.063928761 0.061420079 0.053590823 0.034980841 0.011209247 0.997887135
1341846322.234093 -0.033164766 -0.068277732 0.059745830 0.052387409 0.034113478 0.008523402 0.998007596
1341846322.265941 -0.030216273 -0.075694136 0.062306955 0.050066661 0.030709881 0.009286059 0.998230398
1341846322.301996 -0.023027100 -0.091467157 0.063672446 0.047982212 0.028855387 0.009843298 0.998382747
1341846322.333949 -0.030373912 -0.102922350 0.054750703 0.046909384 0.027380273 0.009820286 0.998475552
1341846322.369871 -0.018883804 -0.118878990 0.063782617 0.047711514 0.021090856 0.006830568 0.998615086
1341846322.402292 -0.007438092 -0.132852033 0.063166663 0.049273364 0.021850754 0.000352343 0.998546243
1341846322.433955 -0.018331405 -0.158006266 0.062129505 0.053528581 0.024410283 -0.003088160 0.998263121
1341846322.470030 -0.021518294 -0.158996522 0.063343123 0.062780306 0.020344678 -0.000667904 0.997819722
1341846322.502433 -0.009975702 -0.177946985 0.061208736 0.067664757 0.016701655 0.002316679 0.997565627
1341846322.534002 0.001726249 -0.195903778 0.060074914 0.075583763 0.015442192 0.005285014 0.997005820
1341846322.570196 -0.006354652 -0.200753555 0.068928108 0.086171642 0.016024496 0.005819392 0.996134400
1341846322.601920 -0.012461866 -0.213806897 0.055321231 0.090702794 0.013580890 0.008964499 0.995745063
1341846322.638119 0.005961013 -0.225838423 0.067480981 0.096278116 0.008969108 0.009607135 0.995267689
1341846322.669947 0.016548790 -0.227885857 0.069763348 0.101459071 0.011716954 0.008420323 0.994735062
1341846322.702026 0.004306440 -0.245703042 0.062376067 0.103462629 0.014001812 0.011737515 0.994465530
1341846322.738006 0.005296155 -0.237965509 0.067814052 0.105954140 0.011266499 0.011867126 0.994236350
1341846322.770087 0.014710500 -0.261500955 0.070789725 0.105141826 0.011554461 0.011746687 0.994320750
1341846322.806047 0.002824098 -0.272742689 0.071534708 0.108810179 0.012003609 0.013591226 0.993897140
1341846322.838063 0.003365039 -0.276869118 0.066165194 0.110938385 0.007272243 0.015776679 0.993675411
1341846322.870081 0.007081568 -0.291076720 0.073667750 0.112701394 0.002368606 0.016153079 0.993494749
1341846322.906018 0.017468570 -0.294112921 0.081955455 0.117868349 0.000414988 0.016426114 0.992893279
1341846322.938349 0.016204450 -0.280370533 0.086825281 0.119350299 0.001446625 0.016790275 0.992709160
1341846322.970069 0.017143276 -0.287151545 0.079930469 0.114029571 0.001024112 0.019301865 0.993289292
1341846323.011820 0.023696035 -0.306572676 0.084329277 0.110756420 0.001017032 0.020152211 0.993642688
1341846323.073951 0.021411145 -0.304699540 0.088462286 0.108378291 0.000969637 0.024958659 0.993795872
1341846323.105962 0.025570219 -0.325581849 0.089398533 0.104818508 0.000789410 0.024731208 0.994183481
1341846323.138158 0.023942577 -0.328046083 0.091577962 0.105477743 0.000855239 0.021022994 0.994199038
1341846323.174092 0.019650739 -0.325413972 0.092564195 0.103930421 0.000816143 0.019407270 0.994394839
1341846323.206059 0.029962800 -0.331186950 0.086431600 0.100947239 -0.000273557 0.017045962 0.994745672
1341846323.238053 0.032121457 -0.332410097 0.090836689 0.098710671 0.002888240 0.014586460 0.995005012
1341846323.273997 0.016237972 -0.336829424 0.088185698 0.094423816 0.003818268 0.015813572 0.995399117
1341846323.305946 0.024759520 -0.346277535 0.086766079 0.088896953 -0.000672924 0.016511150 0.995903671
1341846323.342027 0.042604305 -0.362146497 0.099000499 0.086834028 0.000245223 0.015385600 0.996103942
1341846323.374048 0.020247424 -0.369865954 0.097739182 0.087276734 0.004980439 0.016584188 0.996033609
1341846323.405987 0.007854072 -0.379416794 0.092075929 0.087367043 0.001339574 0.021680865 0.995939374
1341846323.441956 0.022755217 -0.390783846 0.101400539 0.088535547 -0.003652176 0.023666563 0.995785177
1341846323.473878 0.026461646 -0.402303725 0.085734777 0.092145205 -0.002034998 0.022257881 0.995494723
1341846323.506129 0.018101847 -0.393236607 0.085138090 0.095189892 -0.001728051 0.019617543 0.995264351
1341846323.541972 0.027048711 -0.398763061 0.084600203 0.093475342 -0.002299381 0.017624980 0.995462954
1341846323.573913 0.042591620 -0.417004704 0.083384499 0.092129812 0.001115636 0.012142120 0.995672345
1341846323.609927 0.033626433 -0.412346601 0.085517026 0.093231663 0.007764687 0.008333047 0.995579302
1341846323.642014 0.027324077 -0.423253596 0.091685772 0.091974080 0.009387323 0.009279038 0.995673954
1341846323.674081 0.026329506 -0.434681654 0.092686675 0.091716804 0.007697614 0.011996778 0.995683134
1341846323.710069 0.026387468 -0.454612374 0.085706726 0.092549577 0.006572391 0.015719693 0.995562315
1341846323.742111 0.026225006 -0.465143770 0.087620631 0.097157285 0.004479085 0.016847229 0.995116353
1341846323.774928 0.030429782 -0.459492415 0.084062994 0.100877523 0.001914752 0.013644753 0.994803369
1341846323.810012 0.032426111 -0.463470936 0.084267177 0.102254391 0.000742478 0.010399042 0.994703591
1341846323.842207 0.032622475 -0.472426683 0.082511194 0.103662297 0.000890251 0.004915325 0.994599998
1341846323.878019 0.024347529 -0.485173702 0.081600688 0.104042575 0.000584410 0.000666282 0.994572461
1341846323.909826 0.026829915 -0.495665580 0.078563839 0.107127056 -0.001026400 -0.003252118 0.994239450
1341846323.942459 0.025232611 -0.497558296 0.075455830 0.110867135 -0.001199990 -0.003724406 0.993827522
1341846323.978055 0.016256087 -0.500850976 0.070747443 0.113181092 -0.003577540 -0.002215745 0.993565440
1341846324.015934 0.026807543 -0.499690384 0.076471239 0.117045224 -0.006086860 -0.001934686 0.993106067
1341846324.047722 0.028927384 -0.491712034 0.076634668 0.120930426 -0.004906076 -0.002955265 0.992644489
1341846324.083904 0.024642484 -0.474304289 0.078679606 0.121957257 -0.003136290 -0.004017529 0.992522299
1341846324.115968 0.026568413 -0.475041926 0.078503154 0.119544961 -0.001444028 -0.005508242 0.992812455
1341846324.151967 0.029517351 -0.470270783 0.080451831 0.119191848 0.001326006 -0.010307059 0.992816865
1341846324.183941 0.026560487 -0.452813357 0.078389429 0.117008433 0.005558074 -0.014017643 0.993016481
1341846324.219984 0.023955368 -0.452422261 0.083756611 0.112419143 0.007328847 -0.012614113 0.993553758
1341846324.251968 0.022661272 -0.454906225 0.079903819 0.111331113 0.007429690 -0.012985276 0.993670762
1341846324.284052 0.019054169 -0.441879719 0.082885757 0.112077668 0.006907264 -0.013517654 0.993583500
1341846324.319880 0.011699245 -0.427592456 0.075136475 0.110822320 0.003876521 -0.014292274 0.993729949
1341846324.351917 0.016719291 -0.407489002 0.082624905 0.108343884 0.000134861 -0.015161105 0.993997872
1341846324.388001 0.026538141 -0.395146072 0.077164970 0.104143828 -0.000176433 -0.018606896 0.994388163
1341846324.419908 0.020829590 -0.385413051 0.082655191 0.099382430 0.002239364 -0.021334888 0.994818032
1341846324.452027 0.015113672 -0.381748080 0.089245304 0.094672747 0.002882772 -0.021273334 0.995276928
1341846324.487928 0.011223089 -0.383084476 0.093094118 0.092850655 0.002511565 -0.019183533 0.995492041
1341846324.519985 0.001071023 -0.370011419 0.095128931 0.091679513 0.000737393 -0.014777798 0.995678663
1341846324.556001 0.000558474 -0.348737359 0.089780472 0.090531923 -0.004317968 -0.010697545 0.995826721
1341846324.587888 0.005879822 -0.338469684 0.094584502 0.087062411 -0.007706927 -0.008224415 0.996139109
1341846324.620086 0.006730448 -0.335522622 0.094173342 0.084512107 -0.010319853 -0.010654016 0.996312082
1341846324.655955 0.011781772 -0.323716879 0.094602071 0.083301343 -0.011585117 -0.011725062 0.996388078
1341846324.688082 0.010464454 -0.319096804 0.099256307 0.082760550 -0.011321052 -0.010853064 0.996446073
1341846324.755922 -0.004379312 -0.283490837 0.091458492 0.084359229 -0.013937065 -0.007302642 0.996311188
1341846324.814016 0.018123347 -0.243847862 0.086904451 0.079999976 -0.020897618 -0.008988422 0.996535242
1341846324.849979 0.004212688 -0.238390028 0.101646930 0.074090086 -0.016848946 -0.012012668 0.997036874
1341846324.881924 -0.002370521 -0.235075369 0.107204117 0.070851907 -0.018058462 -0.011785198 0.997253716
1341846324.913902 0.003822906 -0.224854305 0.106943473 0.070094459 -0.019864228 -0.009137381 0.997300744
1341846324.949999 0.000954968 -0.229847655 0.108649924 0.070035897 -0.019772332 -0.006032452 0.997330248
1341846324.981922 -0.013846351 -0.223343998 0.110426754 0.074476428 -0.021242997 -0.003087831 0.996991754
1341846325.018013 -0.014045863 -0.210931897 0.105307110 0.079039671 -0.026480682 -0.000620745 0.996519506
1341846325.050079 -0.017996624 -0.195192665 0.104818746 0.081072308 -0.031340513 -0.001821606 0.996213675
1341846325.081901 -0.013947236 -0.176940620 0.098555222 0.080478281 -0.036932759 -0.003652175 0.996065199
1341846325.118531 -0.000640496 -0.156224862 0.101287469 0.077050753 -0.039173361 -0.005288292 0.996243298
1341846325.149933 -0.004037846 -0.158570975 0.109503813 0.071007222 -0.036769483 -0.007406533 0.996770382
1341846325.181925 -0.008262519 -0.155679956 0.111141667 0.067467496 -0.035424512 -0.004892133 0.997080445
1341846325.218055 -0.007972868 -0.147344947 0.110358998 0.064799204 -0.035336968 -0.000820670 0.997272134
1341846325.249811 -0.010970630 -0.139392883 0.111053839 0.062767826 -0.035189353 0.002863515 0.997403502
1341846325.285925 -0.006996392 -0.131236419 0.111348584 0.060126208 -0.036085796 0.005956021 0.997520506
1341846325.317988 0.005533579 -0.131837159 0.119671710 0.057772756 -0.034363430 0.008938145 0.997698128
1341846325.349844 0.002067634 -0.134430170 0.123518109 0.060549058 -0.029436719 0.010915713 0.997671366
1341846325.387302 0.003137500 -0.125939369 0.120693728 0.064960897 -0.026756361 0.013312282 0.997440219
1341846325.417931 0.009332098 -0.116374612 0.124123760 0.068063378 -0.022188846 0.016907096 0.997290909
1341846325.450747 0.021808576 -0.127876207 0.116125502 0.071843155 -0.014343772 0.018284163 0.997145176
1341846325.485954 -0.003437015 -0.100521505 0.134171367 0.081891648 -0.005957880 0.020477086 0.996413052
1341846325.517875 -0.001510246 -0.093258888 0.131623983 0.085414916 -0.003875420 0.022908874 0.996074557
1341846325.553859 -0.004161542 -0.084273383 0.132922739 0.088844128 0.000023336 0.021881001 0.995805204
1341846325.585855 -0.004914644 -0.068486467 0.134054229 0.091247551 0.002819780 0.020366143 0.995615959
1341846325.617990 -0.007803151 -0.046481222 0.135040298 0.089182436 0.004701964 0.018675501 0.995829105
1341846325.653982 -0.008597770 -0.064332433 0.138644144 0.085096687 0.006523776 0.015818344 0.996225774
1341846325.685819 -0.009305725 -0.062409017 0.140312254 0.090363376 0.007786803 0.017747097 0.995720267
1341846325.717857 -0.016346771 -0.046809301 0.143991113 0.095369622 0.009407546 0.024638982 0.995092511
1341846325.754083 -0.021049373 -0.049041778 0.141443998 0.097573027 0.009886400 0.028242718 0.994778395
1341846325.786087 -0.013942788 -0.041798789 0.143739283 0.104369111 0.009550057 0.030201815 0.994034111
1341846325.821856 -0.018296998 -0.022170024 0.141383439 0.108872503 0.011769312 0.030982791 0.993503094
1341846325.853827 -0.025846772 -0.016661830 0.144159690 0.109282233 0.012653799 0.034546286 0.993329704
1341846325.885958 -0.035860255 -0.001097206 0.141390562 0.110096127 0.010535781 0.040450066 0.993041575
1341846325.921984 -0.030856166 0.004204746 0.146932423 0.109267563 0.006202934 0.044828627 0.992981613
1341846325.953899 -0.019439623 0.007519357 0.150144041 0.112126194 0.005945051 0.046549067 0.992585301
1341846325.985823 -0.023622297 0.018851317 0.153901055 0.114788823 0.009103446 0.050845116 0.992046058
1341846326.021991 -0.026403459 0.023180228 0.156940535 0.117906600 0.009307322 0.056258731 0.991386056
1341846326.054055 -0.023127507 0.036225665 0.156322360 0.123063773 0.008303065 0.059995793 0.990548790
1341846326.089984 -0.019195506 0.052489337 0.155114189 0.125952289 0.010211853 0.058776043 0.990240932
1341846326.121822 -0.022174858 0.061406452 0.158097386 0.125535071 0.014408659 0.056580003 0.990369678
1341846326.154079 -0.027259700 0.062795714 0.161056086 0.125830606 0.017153155 0.055270795 0.990362346
1341846326.190178 -0.029058432 0.074118793 0.163014799 0.128189504 0.016593765 0.058061831 0.989909530
1341846326.222162 -0.033199921 0.094532177 0.167672381 0.128133997 0.014735053 0.064225674 0.989565372
1341846326.259181 -0.034656797 0.105157867 0.173169062 0.125162885 0.012328695 0.067892984 0.989733696
1341846326.322766 -0.026340229 0.127813891 0.179865956 0.117914639 0.011280200 0.066532813 0.990728140
1341846326.359773 -0.025921609 0.131754622 0.180777073 0.113728501 0.012739911 0.065120630 0.991293490
1341846326.392109 -0.024399348 0.124035411 0.187345207 0.111674577 0.014664988 0.065824762 0.991453886
1341846326.423985 -0.029694837 0.136088133 0.185380414 0.116941430 0.015876135 0.069883786 0.990549803
1341846326.459869 -0.034940418 0.147599608 0.190235853 0.118398584 0.013415448 0.074696667 0.990061700
1341846326.526163 -0.019262344 0.182668626 0.196133807 0.119384915 0.013990447 0.074787743 0.989928424
1341846326.560211 -0.024076018 0.190566510 0.203694046 0.114286534 0.018384304 0.074319795 0.990493417
1341846326.591828 -0.025484230 0.194966376 0.207149044 0.111004114 0.020401858 0.076134399 0.990689397
1341846326.627027 -0.025100220 0.206277609 0.204343736 0.110860258 0.021986853 0.075374380 0.990729690
1341846326.658442 -0.020343751 0.226104870 0.204008743 0.109270982 0.025655277 0.073574662 0.990953267
1341846326.694856 -0.027313234 0.235227868 0.215502381 0.105692804 0.029333290 0.074382402 0.991179049
1341846326.726206 -0.028250864 0.250775218 0.211781263 0.099994242 0.030551864 0.072108172 0.991901278
1341846326.762753 -0.019841980 0.262346834 0.203683749 0.093885712 0.032410886 0.070013419 0.992589056
1341846326.826821 -0.027845846 0.297550172 0.211980030 0.079923585 0.038718306 0.065659411 0.993882239
1341846326.858887 -0.029176656 0.297161877 0.222998992 0.070879452 0.040279903 0.064426094 0.994586766
1341846326.895360 -0.032649174 0.298992038 0.221342295 0.068289295 0.040089514 0.065941758 0.994676352
1341846326.926897 -0.039296072 0.300579578 0.236334965 0.070269980 0.036544424 0.067335024 0.994581640
1341846326.958888 -0.030446857 0.314589024 0.234049559 0.073027849 0.033608370 0.070539333 0.994264364
1341846326.994594 -0.024989765 0.327636898 0.227899760 0.073688932 0.033514235 0.072871372 0.994050562
1341846327.026301 -0.023685291 0.345493138 0.228403196 0.072331324 0.034775816 0.071569249 0.994201541
1341846327.063945 -0.027715448 0.345494032 0.228016675 0.068772726 0.037831280 0.068712547 0.994543970
1341846327.094662 -0.030207988 0.353345752 0.226919234 0.068174966 0.040149085 0.066679403 0.994632661
1341846327.128901 -0.030831339 0.366603255 0.236460626 0.068011887 0.040186357 0.065156005 0.994743228
1341846327.161940 -0.029912347 0.381342947 0.241907388 0.067094386 0.039014976 0.064271584 0.994909704
1341846327.193867 -0.021640729 0.385723323 0.245703012 0.065873288 0.039779954 0.062795058 0.995055318
1341846327.229885 -0.022660282 0.404528290 0.245001033 0.067477919 0.043361429 0.060414404 0.994945526
1341846327.262014 -0.006264301 0.416197747 0.265710652 0.067033708 0.046913069 0.057867374 0.994965851
1341846327.294023 -0.017230794 0.420989126 0.263952374 0.069512285 0.061101906 0.051261429 0.994387686
1341846327.330015 -0.022913123 0.437291652 0.235021740 0.071391858 0.070740126 0.047572829 0.993798673
1341846327.361939 -0.019399980 0.454880834 0.246288314 0.070313714 0.074654981 0.045139577 0.993702650
1341846327.393887 -0.021038882 0.466164529 0.261316717 0.068901166 0.077729389 0.037078340 0.993899405
1341846327.429966 -0.033608068 0.492554724 0.246887714 0.067917667 0.078202218 0.036637057 0.993946373
1341846327.461965 -0.040390607 0.506882370 0.265209198 0.060291823 0.074606977 0.036341574 0.994725049
1341846327.497931 -0.030289639 0.503578603 0.263095796 0.054061789 0.071919300 0.033793155 0.995370805
1341846327.530068 -0.036481954 0.517492414 0.262718529 0.052832302 0.073137127 0.036409751 0.995255768
1341846327.561895 -0.039095096 0.531510890 0.277780145 0.052655399 0.070769541 0.042415753 0.995198488
1341846327.598010 -0.030774215 0.538559556 0.283676237 0.054528110 0.066469051 0.047677740 0.995155931
1341846327.629945 -0.048896410 0.550270855 0.283624113 0.054645903 0.064127915 0.045986731 0.995382667
1341846327.662003 -0.113079607 0.530785143 0.304733455 0.048812319 0.073165543 0.037955515 0.995401204
1341846327.697919 -0.074710295 0.560640633 0.277813375 0.054560076 0.064099550 0.042712953 0.995535076
1341846327.730075 -0.046818838 0.602227211 0.292402089 0.054369908 0.058417287 0.044010483 0.995838523
1341846327.766017 -0.039440278 0.606171906 0.296696961 0.049384985 0.056666769 0.044652518 0.996170759
1341846327.797917 -0.032453954 0.642845392 0.293537438 0.047825817 0.054771714 0.049243506 0.996136427
1341846327.830054 -0.037608124 0.637045205 0.298963338 0.038754139 0.055227794 0.048815098 0.996526539
1341846327.865944 -0.026229272 0.642242253 0.298719287 0.034718521 0.054978173 0.048602000 0.996699512
1341846327.898010 -0.034326047 0.661444068 0.304334044 0.033841595 0.056696434 0.049730096 0.996577740
1341846327.929991 -0.042062331 0.660610974 0.303352028 0.027540831 0.056626223 0.046438143 0.996934533
1341846327.966065 -0.042180263 0.668160081 0.303536385 0.022577021 0.056917749 0.043741029 0.997164667
1341846327.998073 -0.044736907 0.676530778 0.305557460 0.016073283 0.058441710 0.040750291 0.997329235
1341846328.034045 -0.041037530 0.685720384 0.302687436 0.010814876 0.058637641 0.038950402 0.997460544
1341846328.065993 -0.041840993 0.683630705 0.303014368 0.005109252 0.059337772 0.040097632 0.997419238
1341846328.098045 -0.043748945 0.664000392 0.306596667 0.002208652 0.060251314 0.040476553 0.997359812
1341846328.133967 -0.049415458 0.661711872 0.304200977 0.004964788 0.059731610 0.044252336 0.997220755
1341846328.166023 -0.054262619 0.655111253 0.299959511 0.003663771 0.057303838 0.045264080 0.997323394
1341846328.198018 -0.054639943 0.634850264 0.296066821 0.001837990 0.054840375 0.042454664 0.997590482
1341846328.234044 -0.049342506 0.626259863 0.295546234 0.004971350 0.052291814 0.041781824 0.997745037
1341846328.265899 -0.047550656 0.619910002 0.294894964 0.007502307 0.050249595 0.042002767 0.997824848
1341846328.302051 -0.045567352 0.597871482 0.287380248 0.009157985 0.050053850 0.042026848 0.997819901
1341846328.333917 -0.045415379 0.581006229 0.293804914 0.012054730 0.050013818 0.043795317 0.997715056
1341846328.366008 -0.044908863 0.555651665 0.287036389 0.016115863 0.049731247 0.041326459 0.997777104
1341846328.402010 -0.045916744 0.545300424 0.286975145 0.029175840 0.051794674 0.044423264 0.997242510
1341846328.433920 -0.039773054 0.526569664 0.275639534 0.033406831 0.048821714 0.045618288 0.997205794
1341846328.470003 -0.033835895 0.498677343 0.271222860 0.031947281 0.047075797 0.038633432 0.997632563
1341846328.502194 -0.029914061 0.478076279 0.271679401 0.033433922 0.049008802 0.031095272 0.997754157
1341846328.534033 -0.030441640 0.456889451 0.275169671 0.034390423 0.051925056 0.028738618 0.997644782
1341846328.570125 -0.034622643 0.430561692 0.273382068 0.035145730 0.053308912 0.027810220 0.997571826
1341846328.602804 -0.032047022 0.394524962 0.272945762 0.037576921 0.046942759 0.037535571 0.997484565
1341846328.672663 -0.030018320 0.365313113 0.264458209 0.048938043 0.034439176 0.031919770 0.997697413
1341846328.702975 -0.022431228 0.355016410 0.261495292 0.052172322 0.030549647 0.030071877 0.997717619
1341846328.770129 -0.013039328 0.319399118 0.243626595 0.059712719 0.027173091 0.025840586 0.997511029
1341846328.802331 -0.011864990 0.302954406 0.247802988 0.060576491 0.024062438 0.026284629 0.997527242
1341846328.838051 -0.005752664 0.286186785 0.239399984 0.063999169 0.021793570 0.022886671 0.997449398
1341846328.869939 -0.005005690 0.292434722 0.232339114 0.065249063 0.020481233 0.022126654 0.997413397
1341846328.904486 -0.006809387 0.269928634 0.230122969 0.059621915 0.017683808 0.022316139 0.997814834
1341846328.939814 -0.000038489 0.237035990 0.238221049 0.061737079 0.014049045 0.021543078 0.997761011
1341846328.970217 0.001535689 0.235174835 0.227220327 0.065501727 0.012141485 0.025727233 0.997446835
1341846329.006232 0.003190567 0.222654372 0.221971601 0.066476084 0.009892266 0.029956892 0.997289121
1341846329.038243 0.006642570 0.204716176 0.226054341 0.070148729 0.009077704 0.028980209 0.997074187
1341846329.106125 0.008577378 0.200609803 0.211014867 0.073452204 0.008554719 0.028493343 0.996854901
1341846329.138340 0.011000553 0.178593859 0.204536989 0.074026033 0.008163312 0.026206199 0.996878505
1341846329.169991 0.007786867 0.179036617 0.202849925 0.076556653 0.007234310 0.024794761 0.996730626
1341846329.208656 0.014285416 0.168223217 0.194754675 0.076447129 0.006012792 0.023889802 0.996769249
1341846329.238169 0.018087536 0.169403046 0.191927031 0.076370083 0.004747437 0.023670984 0.996787190
1341846329.273827 0.020779813 0.151796550 0.191533089 0.073910698 0.003422498 0.025147356 0.996941864
1341846329.306052 0.017151734 0.151918083 0.186221555 0.075085796 0.001422707 0.023532715 0.996898353
1341846329.338104 0.023375630 0.153016180 0.183177814 0.071801633 -0.000799307 0.021920001 0.997177720
1341846329.373907 0.021371473 0.128531918 0.187303483 0.067370042 -0.001326649 0.020436116 0.997517884
1341846329.405985 0.024331940 0.115865417 0.186127380 0.068323500 -0.003174318 0.017556988 0.997503638
1341846329.442057 0.023247352 0.114342429 0.179322451 0.068027616 -0.003262394 0.013782687 0.997582912
1341846329.473950 0.023251161 0.099449053 0.175921068 0.066536732 -0.004566079 0.007854229 0.997742593
1341846329.506147 0.020836057 0.096100606 0.170695111 0.066986509 -0.006259229 0.005219854 0.997720599
1341846329.542121 0.018765945 0.083139427 0.166486934 0.064909495 -0.008998902 0.004751256 0.997839272
1341846329.574086 0.024594072 0.061930709 0.165287688 0.066342875 -0.011907995 0.003761577 0.997718751
1341846329.606387 0.027153999 0.066062406 0.164390773 0.069612615 -0.012734947 0.003763170 0.997485697
1341846329.641955 0.021742977 0.062458150 0.161165833 0.069446012 -0.013634264 0.004609080 0.997481883
1341846329.681570 0.020972054 0.048563443 0.159481600 0.068263248 -0.016501268 0.004478623 0.997520804
1341846329.748113 0.029507773 0.043290492 0.158069998 0.070493974 -0.017183173 0.002032730 0.997362077
1341846329.810175 0.027760386 0.018290574 0.157576174 0.068095744 -0.013976352 0.006867709 0.997557223
1341846329.842255 0.027560435 0.007634774 0.154507816 0.069463469 -0.013843679 0.010055402 0.997437716
1341846329.874044 0.023512350 0.001984274 0.156855077 0.071386203 -0.013474504 0.013133246 0.997271240
1341846329.910073 0.025159774 0.008536492 0.152915671 0.071991436 -0.014105457 0.015430924 0.997186124
1341846329.942009 0.020002590 0.007681372 0.155682415 0.067676485 -0.014174327 0.020722115 0.997391403
1341846329.978087 0.024613539 -0.019823778 0.150596157 0.064478233 -0.014971227 0.022524662 0.997552514
1341846330.016305 0.027264100 -0.011684121 0.149264753 0.067018889 -0.014057649 0.020089198 0.997450352
1341846330.048192 0.018805519 -0.004515948 0.148902982 0.063782290 -0.012020293 0.021222100 0.997665763
1341846330.080418 0.022121996 -0.026312098 0.148566037 0.058456462 -0.012429754 0.023272993 0.997941256
1341846330.115886 0.023243567 -0.041405775 0.148111776 0.061192557 -0.010937010 0.024501862 0.997765243
1341846330.147839 0.016717484 -0.027370516 0.139752939 0.063987553 -0.010399603 0.026007701 0.997557521
1341846330.181257 0.019319177 -0.017163193 0.140222117 0.059561364 -0.011253860 0.029549386 0.997723699
1341846330.215852 0.020339077 -0.030505737 0.141137362 0.052691288 -0.010243214 0.028533896 0.998150527
1341846330.247833 0.013283844 -0.037299082 0.142746910 0.050784327 -0.009363659 0.027340405 0.998291433
1341846330.283913 0.009814939 -0.026488464 0.136330158 0.047981568 -0.009181488 0.026148101 0.998463690
1341846330.316011 0.010425637 -0.043429330 0.137448460 0.040444508 -0.010281691 0.025768684 0.998796523
1341846330.347868 0.010808515 -0.046908181 0.141899556 0.038481753 -0.012746191 0.026829481 0.998817742
1341846330.383835 0.009472012 -0.053248368 0.136520848 0.036327142 -0.012111573 0.024892867 0.998956442
1341846330.415934 0.012869421 -0.065735430 0.142544940 0.035601173 -0.012257131 0.024908874 0.998980403
1341846330.452561 0.001588486 -0.069057986 0.136507615 0.038192652 -0.011413028 0.022126455 0.998960197
1341846330.483903 0.003726521 -0.061055891 0.134875581 0.038857132 -0.014131689 0.026661362 0.998789072
1341846330.515970 0.003486792 -0.069341086 0.135045573 0.037150007 -0.016293442 0.029921537 0.998728693
1341846330.552099 0.007145195 -0.072749063 0.131053433 0.038403049 -0.017991524 0.032442566 0.998573482
1341846330.583876 0.002442867 -0.063985385 0.130859882 0.038360011 -0.017941726 0.032745369 0.998566151
1341846330.619992 -0.005616927 -0.055661134 0.125244424 0.034504876 -0.018470077 0.031447802 0.998738825
1341846330.652136 -0.001433897 -0.063006021 0.125733420 0.027629297 -0.020560941 0.030366195 0.998945296
1341846330.683796 -0.001923794 -0.066995576 0.123667531 0.022708733 -0.020498253 0.029405529 0.999099314
1341846330.719991 -0.009170494 -0.081559874 0.115452677 0.019512041 -0.022067295 0.030388582 0.999104023
1341846330.752103 -0.014092912 -0.084619865 0.107785903 0.021499610 -0.025560686 0.033441491 0.998882413
1341846330.787952 -0.017425226 -0.079098918 0.105088189 0.022703659 -0.030406652 0.037901338 0.998560667
1341846330.819823 -0.015205963 -0.081751443 0.105105937 0.022344464 -0.035092723 0.038769703 0.998381734
1341846330.852208 -0.014689567 -0.073784418 0.101248063 0.022217514 -0.036745258 0.040082451 0.998273253
1341846330.914111 -0.022862967 -0.060077302 0.089854330 0.013673043 -0.039206449 0.037349693 0.998439252
1341846330.949903 -0.028714944 -0.071646713 0.089503668 0.010069853 -0.039825350 0.038109653 0.998428881
1341846330.981986 -0.036669225 -0.070793681 0.075795159 0.011024821 -0.043848429 0.038430367 0.998237848
1341846331.014111 -0.032132179 -0.063788883 0.081390738 0.010975386 -0.048397131 0.039247405 0.997996449
1341846331.082139 -0.034159098 -0.068625733 0.073070377 0.012510646 -0.051152468 0.035940293 0.997965515
1341846331.114334 -0.036164865 -0.066371948 0.070256345 0.012287259 -0.053215984 0.035865143 0.997863114
1341846331.149989 -0.034685783 -0.074063666 0.074494012 0.012326883 -0.054145332 0.034584790 0.997857809
1341846331.181954 -0.036260914 -0.073324725 0.069816612 0.015621740 -0.054428019 0.033779867 0.997823894
1341846331.218151 -0.047120981 -0.057740200 0.063390605 0.016238371 -0.056675039 0.033591807 0.997695267
1341846331.249914 -0.034564428 -0.071313910 0.064614564 0.013241586 -0.059377920 0.032445326 0.997620285
1341846331.318141 -0.029860541 -0.067197867 0.077649519 0.024113916 -0.049670253 0.028329890 0.998072565
1341846331.349926 -0.021741644 -0.064857975 0.073949538 0.023016481 -0.047967702 0.027782125 0.998197138
1341846331.382003 0.010609002 -0.088967949 0.082043357 0.024189819 -0.044266690 0.028644649 0.998315990
1341846331.418008 -0.008704633 -0.082227200 0.079241246 0.031788405 -0.032075755 0.026861703 0.998618603
1341846331.450327 -0.013280801 -0.072400510 0.092610970 0.034249153 -0.027169636 0.027881861 0.998654783
1341846331.486219 -0.022745011 -0.066929147 0.094844684 0.034431394 -0.024453403 0.028432215 0.998703241
1341846331.518344 -0.010878365 -0.061291568 0.097057849 0.033466306 -0.024133543 0.026697367 0.998791695
1341846331.550202 -0.001075046 -0.070569314 0.113811411 0.035206597 -0.020694666 0.027293732 0.998792827
1341846331.586139 -0.014579369 -0.057206128 0.120090030 0.038172260 -0.018303465 0.027411560 0.998727381
1341846331.617931 -0.006874155 -0.054151040 0.126924187 0.037366487 -0.018948732 0.027739255 0.998736739
1341846331.654027 0.001364433 -0.062025141 0.135592178 0.037325941 -0.016733075 0.027954001 0.998771906
1341846331.686123 -0.006763019 -0.050608397 0.139499545 0.040396549 -0.013341383 0.029553331 0.998657405
1341846331.717954 -0.011725974 -0.038725179 0.149566516 0.038092118 -0.014095571 0.029593512 0.998736441
1341846331.754076 0.001288816 -0.056027748 0.159635887 0.034527741 -0.014566756 0.028941868 0.998878300
1341846331.785920 0.002052983 -0.056020636 0.170667887 0.037449360 -0.011638059 0.027316947 0.998857260
1341846331.818053 -0.000462411 -0.042308338 0.182270750 0.038708042 -0.009904169 0.027855303 0.998813093
1341846331.853849 -0.000318171 -0.051305573 0.192586020 0.036814645 -0.009402146 0.027160341 0.998908639
1341846331.885987 0.006435123 -0.051610515 0.203445241 0.039883219 -0.007287962 0.024602585 0.998874784
1341846331.922014 -0.000865347 -0.042163566 0.207366168 0.042283013 -0.002884130 0.022208551 0.998854637
1341846331.954037 0.009625626 -0.044001851 0.222097725 0.041813735 -0.001518738 0.024767049 0.998817205
1341846331.986135 0.017760418 -0.057331540 0.232490614 0.043438628 0.003906375 0.025219006 0.998730123
1341846332.022364 0.002668347 -0.060839824 0.244314224 0.050087642 0.010257439 0.023466246 0.998416424
1341846332.054175 -0.000820680 -0.052081268 0.264823318 0.056860350 0.010296864 0.026253292 0.997983813
1341846332.086502 0.004661306 -0.047377154 0.275269210 0.059739698 0.009481874 0.029063078 0.997745752
1341846332.122051 0.000940516 -0.043460593 0.288871795 0.061707616 0.011369700 0.026884675 0.997667372
1341846332.153983 -0.005664376 -0.026309500 0.298378289 0.061082646 0.011438924 0.024072690 0.997776806
1341846332.190165 -0.004045367 -0.029675972 0.315150023 0.054184541 0.008846632 0.024057062 0.998201847
1341846332.254145 -0.006876458 -0.046818055 0.339768410 0.053539414 0.009992473 0.019964803 0.998316109
1341846332.289948 -0.008009943 -0.039227549 0.353140801 0.055909291 0.009141837 0.023861291 0.998108804
1341846332.322172 -0.007055849 -0.043814477 0.364280373 0.056323774 0.009061714 0.024545947 0.998069644
1341846332.354003 0.002457742 -0.050085906 0.365692079 0.058358110 0.010330450 0.021448821 0.998011827
1341846332.390180 0.000808920 -0.035593167 0.375657350 0.060771540 0.014980346 0.019079003 0.997856915
1341846332.422055 -0.003018695 -0.032837518 0.390086770 0.059073992 0.017530274 0.015873536 0.997973442
1341846332.458114 0.003973991 -0.036700156 0.401871115 0.058173914 0.018843871 0.013058988 0.998043180
1341846332.489993 -0.004559411 -0.029071223 0.412477523 0.059522469 0.021199569 0.014798001 0.997892082
1341846332.522130 -0.011113655 -0.027007967 0.425411671 0.059237327 0.018165605 0.019297548 0.997892022
1341846332.558114 -0.010316255 -0.031022098 0.427670091 0.058764789 0.012793736 0.026321484 0.997842789
1341846332.589874 -0.003711605 -0.020104021 0.438323051 0.059287876 0.009799024 0.030133063 0.997737885
1341846332.621889 -0.002843009 -0.013957743 0.448697746 0.055492796 0.010042135 0.032042805 0.997894287
1341846332.658202 -0.000778572 -0.019877752 0.460007995 0.050957441 0.010819308 0.030328704 0.998181581
1341846332.690001 0.002396577 -0.017332776 0.467088461 0.049019840 0.011194225 0.031781152 0.998229265
1341846332.726000 0.002321744 -0.019251721 0.478639871 0.047819182 0.010157319 0.036045965 0.998153687
1341846332.758386 0.005319688 -0.017999358 0.489396006 0.048658844 0.007461472 0.037621953 0.998078763
1341846332.789937 0.013592414 -0.010307435 0.497136325 0.048350435 0.008052601 0.035788130 0.998156607
1341846332.825925 0.016809657 -0.011205681 0.510300040 0.046001859 0.010105977 0.034663092 0.998288572
1341846332.857898 0.019039694 -0.011524674 0.515722811 0.046990298 0.011157458 0.034130491 0.998249769
1341846332.894069 0.018863447 -0.000351027 0.523477554 0.047414638 0.011173631 0.034349512 0.998221993
1341846332.926029 0.023415089 0.003343996 0.527394772 0.044091888 0.011523740 0.031617343 0.998460531
1341846332.958015 0.027324505 0.005272992 0.540242672 0.041298725 0.013622769 0.028729141 0.998640835
1341846332.994073 0.030108880 0.007421780 0.550097823 0.038444996 0.014669866 0.028128449 0.998757005
1341846333.026545 0.036277100 0.006262079 0.556910813 0.035386149 0.015394456 0.025730757 0.998923779
1341846333.057998 0.042554449 0.007374872 0.564229846 0.034489255 0.017231863 0.026367959 0.998908520
1341846333.094024 0.044892624 0.007383417 0.574106634 0.034701709 0.018845435 0.029646164 0.998780131
1341846333.126095 0.049444221 0.010789823 0.574737191 0.035365812 0.020294102 0.031670716 0.998666286
1341846333.161973 0.054578677 0.016928148 0.579019010 0.034720995 0.022587353 0.033512458 0.998579562
1341846333.195660 0.054337773 0.017042037 0.588320017 0.032194376 0.024793081 0.035450529 0.998544991
1341846333.226331 0.054111645 0.020610105 0.595115364 0.031121247 0.025739966 0.034316339 0.998594642
1341846333.262056 0.057233922 0.029070221 0.600431800 0.028763313 0.025784027 0.033063356 0.998706460
1341846333.294147 0.056915924 0.024536233 0.606093645 0.024750344 0.025957575 0.031516679 0.998859525
1341846333.326100 0.059538931 0.026786316 0.610800028 0.023178266 0.024643721 0.030504810 0.998961926
1341846333.362100 0.063782141 0.033110842 0.606998682 0.020440381 0.023049623 0.029176595 0.999099433
1341846333.394119 0.064147078 0.028138291 0.615999341 0.016726429 0.022158589 0.028493734 0.999208331
1341846333.429974 0.064897642 0.030284528 0.619380713 0.016289901 0.020577364 0.028234173 0.999256730
1341846333.462115 0.068220966 0.027237866 0.616630077 0.015465106 0.020351749 0.027463458 0.999295950
1341846333.494040 0.072876126 0.027925296 0.619591951 0.016527666 0.020856624 0.025885850 0.999310672
1341846333.529953 0.077838138 0.028396143 0.620624900 0.017281614 0.021268763 0.025718750 0.999293506
1341846333.562063 0.072409824 0.032962382 0.623848379 0.018888859 0.024389775 0.027099350 0.999156654
1341846333.594090 0.067066312 0.038052343 0.624762297 0.017881960 0.023993868 0.028404258 0.999148488
1341846333.629994 0.064320147 0.039824851 0.621869266 0.014538519 0.021774493 0.027314436 0.999283969
1341846333.662127 0.066810235 0.039309580 0.623405993 0.011212750 0.020691443 0.026548043 0.999370456
1341846333.697964 0.065630041 0.032637164 0.623612940 0.009063660 0.021046840 0.027613552 0.999355972
1341846333.730092 0.067524709 0.030999139 0.621138573 0.011372554 0.020980299 0.028207978 0.999317169
1341846333.762089 0.067898944 0.034103934 0.616932571 0.013296640 0.021502037 0.029720841 0.999238491
1341846333.798006 0.064560249 0.031085854 0.612072170 0.014410974 0.022553965 0.029411098 0.999208987
1341846333.830055 0.067911983 0.029148817 0.607727110 0.016689314 0.023246907 0.027236538 0.999219298
1341846333.866045 0.064737335 0.030583253 0.602093160 0.018082973 0.024852285 0.025797851 0.999194562
1341846333.897987 0.059371565 0.025064265 0.598793685 0.019260351 0.025579110 0.024846982 0.999178350
1341846333.930099 0.063164249 0.023365509 0.593707561 0.022042513 0.025656601 0.023810098 0.999144077
1341846333.965889 0.057392217 0.023092169 0.589009106 0.024262568 0.027181007 0.023408554 0.999061823
1341846333.997985 0.057774618 0.018858571 0.583065748 0.026539555 0.028016804 0.023010237 0.998990119
1341846334.030076 0.052828219 0.021224987 0.574438334 0.030012636 0.029606083 0.024293831 0.998815536
1341846334.066000 0.047527552 0.018239830 0.570656598 0.031372469 0.029708689 0.025586886 0.998738408
1341846334.097932 0.049959630 0.018716119 0.561320782 0.033410769 0.029136917 0.025162632 0.998699963
1341846334.133884 0.043843061 0.016773600 0.553053856 0.034570914 0.030809743 0.025370467 0.998605013
1341846334.166115 0.037679389 0.018558569 0.548671424 0.035133518 0.029881066 0.026307281 0.998589337
1341846334.198072 0.036362648 0.017431024 0.541550875 0.035486002 0.028222211 0.025581872 0.998643994
1341846334.234097 0.038306106 0.018187266 0.533896923 0.036096033 0.028302200 0.024250042 0.998653054
1341846334.266045 0.031283885 0.015190903 0.530281305 0.035991926 0.030554770 0.024370413 0.998587549
1341846334.297946 0.025902225 0.015896335 0.519563973 0.037390474 0.029147876 0.025981583 0.998537600
1341846334.334036 0.025107300 0.019117802 0.511730134 0.038047835 0.027564783 0.026237372 0.998551011
1341846334.365871 0.021196766 0.020598404 0.508579433 0.037770830 0.028100135 0.024183655 0.998598456
1341846334.401845 0.019851668 0.018431909 0.499183178 0.036129456 0.028811343 0.023533529 0.998654485
1341846334.433864 0.012814341 0.014135957 0.490001529 0.035978880 0.028366311 0.024021063 0.998661041
1341846334.466105 0.012813087 0.017507281 0.482509941 0.036865678 0.026414124 0.024976587 0.998658776
1341846334.502142 0.008042946 0.019608069 0.472363681 0.035924122 0.025443701 0.025672937 0.998700619
1341846334.540153 0.008205544 0.017023206 0.464920402 0.035146154 0.023901632 0.024694411 0.998791099
1341846334.602351 -0.003393209 0.028058637 0.452840179 0.031614054 0.020537158 0.018014368 0.999126732
1341846334.670161 -0.004904803 0.020837797 0.437358022 0.025714261 0.017772129 0.011137220 0.999449313
1341846334.702085 -0.013163564 0.016478393 0.427970648 0.024394618 0.016321430 0.010682017 0.999512076
1341846334.734751 -0.016780691 0.012817038 0.420070797 0.024105463 0.013676337 0.012694273 0.999535263
1341846334.770889 -0.022182561 0.013472272 0.412384003 0.024309045 0.012492230 0.015417791 0.999507546
1341846334.802194 -0.027764250 0.015548866 0.400235355 0.023933295 0.010231487 0.016207458 0.999529779
1341846334.833908 -0.026297100 0.017334368 0.389376104 0.023797402 0.008425708 0.014214093 0.999580264
1341846334.869874 -0.027796866 0.017925732 0.380789638 0.022124434 0.007865525 0.014694402 0.999616265
1341846334.902006 -0.033923332 0.015536875 0.369753748 0.020360444 0.006584942 0.015233880 0.999654949
1341846334.938010 -0.035525188 0.014897901 0.359954089 0.019825280 0.003258157 0.014960750 0.999686182
1341846334.970032 -0.032658521 0.013878410 0.352771312 0.019814804 0.001964803 0.014038803 0.999703169
1341846335.002203 -0.037894942 0.008550495 0.344821155 0.020862125 0.002782432 0.015070208 0.999664903
1341846335.037880 -0.045800000 0.008558334 0.329365432 0.023194289 0.000256229 0.017455718 0.999578536
1341846335.069990 -0.044225939 0.013793245 0.321532130 0.023906624 -0.002845525 0.017343869 0.999559700
1341846335.106038 -0.039983433 0.011844842 0.311916202 0.024184367 -0.002355867 0.015870610 0.999578774
1341846335.138045 -0.046407867 0.007935851 0.302668482 0.025430061 -0.000915000 0.015209576 0.999560475
1341846335.169900 -0.053827979 0.011522990 0.286243737 0.025764592 -0.002954104 0.015415389 0.999544799
1341846335.206091 -0.050870419 0.012731416 0.278688461 0.025262678 -0.005194829 0.012801868 0.999585390
1341846335.239365 -0.049208716 0.009539802 0.270282537 0.025151715 -0.004346963 0.010345772 0.999620676
1341846335.269948 -0.051491667 0.006965428 0.258550107 0.026574632 -0.003018259 0.009041729 0.999601364
1341846335.305972 -0.055777960 0.008062089 0.248288691 0.028598605 -0.004565929 0.010275044 0.999527752
1341846335.338012 -0.055119012 0.004054178 0.238345310 0.029837409 -0.006116374 0.011807516 0.999466300
1341846335.374005 -0.052273728 0.000674764 0.229757160 0.034374464 -0.004465703 0.011678148 0.999330819
1341846335.406025 -0.054273065 0.000955872 0.220385060 0.041091360 -0.002012039 0.013928692 0.999056280
1341846335.438079 -0.056834273 0.003749235 0.208377436 0.046199102 -0.001043528 0.017654564 0.998775721
1341846335.473998 -0.054089494 0.007713843 0.196530685 0.048402958 0.000248881 0.018880889 0.998649359
1341846335.507038 -0.054934166 0.011875372 0.186917290 0.049697638 0.002848343 0.016811509 0.998618722
1341846335.538040 -0.060455512 0.017794248 0.176231280 0.049362108 0.005498071 0.014500602 0.998660564
1341846335.574119 -0.066533417 0.022140134 0.168752864 0.047220729 0.005788842 0.014890667 0.998756707
1341846335.605970 -0.066878848 0.014367365 0.162382439 0.045141693 0.004871814 0.013986724 0.998870790
1341846335.641978 -0.064435191 0.015657455 0.146744832 0.046292018 0.005853281 0.011490205 0.998844743
1341846335.673993 -0.068760544 0.018624010 0.136601999 0.046321705 0.006681322 0.011426594 0.998838902
1341846335.706178 -0.072579078 0.015057568 0.128149986 0.045083884 0.005592121 0.012489821 0.998889446
1341846335.741982 -0.068205714 0.013335666 0.118622221 0.045484830 0.005014623 0.011897684 0.998881578
1341846335.773960 -0.072618611 0.018686924 0.103970021 0.045915339 0.005915390 0.011241348 0.998864591
1341846335.806271 -0.074619256 0.023890214 0.093102917 0.044285845 0.005315192 0.011052680 0.998943627
1341846335.842031 -0.072256990 0.017455941 0.085413702 0.041610919 0.005703710 0.011672960 0.999049425
1341846335.873966 -0.074538767 0.017294260 0.080999590 0.042662606 0.007251079 0.010629778 0.999006689
1341846335.910005 -0.082252301 0.022055201 0.062910438 0.042412870 0.007739217 0.012656073 0.998989999
1341846335.941936 -0.084940225 0.021836918 0.051904976 0.041319858 0.005887473 0.013693658 0.999034762
1341846335.974198 -0.085155196 0.021177556 0.042405393 0.041152738 0.004950048 0.011152451 0.999078333
1341846336.010032 -0.085841715 0.022118166 0.033371750 0.040901959 0.004821161 0.010079279 0.999100685
1341846336.042129 -0.092673391 0.021148227 0.017989915 0.039955564 0.003933645 0.010374331 0.999139845
1341846336.078076 -0.092585795 0.020007093 0.015473525 0.039882600 0.001765947 0.009957849 0.999153197
1341846336.110739 -0.093237869 0.022959257 0.007302423 0.040685248 0.001622280 0.008262345 0.999136508
1341846336.142002 -0.100868411 0.024006670 -0.004762495 0.040537070 0.001870643 0.009381346 0.999132216
1341846336.183953 -0.104594611 0.024869623 -0.020953316 0.040043540 -0.000509374 0.010304146 0.999144673
1341846336.241891 -0.101347908 0.025888413 -0.026575303 0.038189925 -0.001840016 0.009745606 0.999221265
1341846336.277946 -0.112897918 0.021106787 -0.032585286 0.038351234 -0.000770206 0.011557747 0.999197185
1341846336.309977 -0.115549251 0.019929038 -0.041656557 0.040942281 -0.003213725 0.014524264 0.999050736
1341846336.346143 -0.116546221 0.027234539 -0.048785910 0.043254260 -0.004600019 0.015458993 0.998933911
1341846336.377975 -0.115460493 0.027742092 -0.057298895 0.044172127 -0.004460082 0.014658364 0.998906434
1341846336.410032 -0.117814526 0.027991435 -0.069219433 0.044917878 -0.003758471 0.015087737 0.998869658
1341846336.446041 -0.119852990 0.031474151 -0.087200314 0.044667903 -0.004062200 0.014414812 0.998889625
1341846336.477990 -0.119337179 0.030084660 -0.090233058 0.043461040 -0.004287531 0.014512834 0.998940527
1341846336.510056 -0.122957475 0.028968019 -0.089688890 0.043834720 -0.003552124 0.015031302 0.998919368
1341846336.546024 -0.124246262 0.027673848 -0.101047195 0.044629153 -0.003441141 0.016740890 0.998857439
1341846336.578003 -0.126805216 0.037096247 -0.109417774 0.044937607 -0.003813443 0.018646831 0.998808444
1341846336.614020 -0.122224674 0.037850015 -0.110331029 0.044315845 -0.003601751 0.017963788 0.998849571
1341846336.645982 -0.129914686 0.042446855 -0.118270911 0.043439034 -0.001827623 0.017248427 0.998905480
1341846336.678036 -0.137659132 0.036078222 -0.123381972 0.041274328 -0.003203945 0.017581770 0.998987973
1341846336.714024 -0.135437742 0.028315224 -0.123020805 0.042331923 -0.005907373 0.017432239 0.998934031
1341846336.746016 -0.141704366 0.026005205 -0.131714016 0.046031028 -0.007418960 0.019026447 0.998731196
1341846336.778014 -0.147272587 0.033863835 -0.148326516 0.049039759 -0.011096450 0.022467786 0.998482406
1341846336.820006 -0.147516340 0.035023078 -0.148672372 0.049512565 -0.014944373 0.024949469 0.998349965
1341846336.882056 -0.149693891 0.037618499 -0.160386935 0.052339748 -0.017204355 0.023760799 0.998198390
1341846336.914273 -0.160434708 0.028821439 -0.159665987 0.054252002 -0.020994235 0.025136834 0.997990012
1341846336.945998 -0.147136375 0.025544161 -0.172776699 0.060046162 -0.028500637 0.028584810 0.997379124
1341846336.981980 -0.156811237 0.046523079 -0.184229672 0.064551592 -0.031682432 0.026163237 0.997068107
1341846337.014238 -0.157236218 0.050246149 -0.186682269 0.061739154 -0.034460906 0.023605760 0.997217894
1341846337.046017 -0.152742743 0.046808410 -0.182093397 0.059327208 -0.036035616 0.019635485 0.997394681
1341846337.082104 -0.156211019 0.048336983 -0.187710345 0.058670636 -0.036410145 0.016782708 0.997471988
1341846337.114317 -0.163100854 0.047042739 -0.193361178 0.056772321 -0.038196284 0.016171912 0.997525156
1341846337.150037 -0.159445196 0.044604756 -0.197190091 0.055048488 -0.040092207 0.014493220 0.997573197
1341846337.181873 -0.148475170 0.046408154 -0.196030006 0.054639608 -0.040877122 0.012084288 0.997595906
1341846337.214073 -0.159731552 0.055939451 -0.195130751 0.053015292 -0.038737305 0.009638196 0.997795522
1341846337.250087 -0.168458715 0.039614145 -0.204138324 0.049329404 -0.039552532 0.010440202 0.997944474
1341846337.282028 -0.167636782 0.041805878 -0.209392279 0.050656445 -0.043793600 0.013951244 0.997657955
1341846337.317920 -0.157071888 0.042316541 -0.207414776 0.050204210 -0.046060737 0.014842181 0.997565866
1341846337.350018 -0.161244646 0.052258730 -0.215959623 0.049268238 -0.044977512 0.014376439 0.997668743
1341846337.382159 -0.156308085 0.045203693 -0.211967230 0.046114177 -0.045056105 0.012637997 0.997839510
1341846337.417941 -0.162784457 0.037668988 -0.217176884 0.046570133 -0.044003353 0.012944503 0.997861385
1341846337.450137 -0.165102065 0.046709858 -0.227106109 0.047555268 -0.045799471 0.014086121 0.997718632
1341846337.482096 -0.162885532 0.046729647 -0.224231020 0.046135131 -0.046157770 0.014769458 0.997758925
1341846337.518008 -0.162119344 0.038056888 -0.219742537 0.046626937 -0.046645250 0.014780329 0.997713208
1341846337.549978 -0.162949175 0.047501415 -0.229652002 0.047350198 -0.047293395 0.012848918 0.997675419
1341846337.585971 -0.163338050 0.044717655 -0.228572488 0.044430379 -0.047618777 0.012296925 0.997801185
1341846337.617903 -0.159941360 0.034194753 -0.217516527 0.045256924 -0.048480708 0.012551365 0.997719347
1341846337.650141 -0.157813132 0.045409765 -0.227131233 0.048258409 -0.048902903 0.012289596 0.997561336
1341846337.686352 -0.158623025 0.048199624 -0.225089848 0.046537966 -0.048626453 0.012550681 0.997653306
1341846337.718002 -0.155285224 0.046469618 -0.218066990 0.044659279 -0.048442155 0.012788888 0.997745097
1341846337.749920 -0.152827904 0.048979700 -0.216310650 0.044595350 -0.046566974 0.011793386 0.997849524
1341846337.786157 -0.153831303 0.053392477 -0.213661402 0.041463856 -0.043654483 0.011998525 0.998113751
1341846337.817945 -0.150327370 0.049837381 -0.205066517 0.039059989 -0.041842930 0.013540240 0.998268545
1341846337.854071 -0.148427889 0.055243485 -0.202397346 0.038134549 -0.038649566 0.012919642 0.998441339
1341846337.885951 -0.152214751 0.059619367 -0.201178908 0.035190534 -0.035931535 0.011015364 0.998673737
1341846337.918223 -0.148942009 0.058129940 -0.195701048 0.030810671 -0.034919627 0.008514934 0.998878777
1341846337.954120 -0.147820950 0.054162320 -0.189933211 0.028211692 -0.033442751 0.008119460 0.999009371
1341846337.985994 -0.146037921 0.065369323 -0.181767464 0.026299808 -0.032721616 0.008183341 0.999084890
1341846338.018107 -0.142618179 0.060263246 -0.173751950 0.022528462 -0.031271771 0.009472799 0.999212086
1341846338.054055 -0.139295906 0.063355215 -0.170695886 0.020209080 -0.029951360 0.008677578 0.999309361
1341846338.085986 -0.135506988 0.063300990 -0.158434913 0.016827272 -0.027032472 0.008444292 0.999457240
1341846338.121875 -0.137838453 0.057792976 -0.152907461 0.014638466 -0.024516238 0.010032932 0.999541879
1341846338.154089 -0.141195714 0.058486741 -0.147842109 0.013796151 -0.023659194 0.013276013 0.999536753
1341846338.186029 -0.137995780 0.059236981 -0.137757257 0.012641240 -0.024200592 0.015556546 0.999506116
1341846338.222071 -0.131493658 0.065192811 -0.130641133 0.011764298 -0.023369320 0.014564355 0.999551535
1341846338.254107 -0.133351758 0.058351081 -0.119713224 0.009555611 -0.021391995 0.015888305 0.999599218
1341846338.290130 -0.130532697 0.056395832 -0.109727204 0.009941165 -0.021577245 0.017465319 0.999565184
1341846338.321952 -0.127308175 0.061783597 -0.103482783 0.010208248 -0.020886388 0.019290760 0.999543607
1341846338.354022 -0.127693847 0.060818691 -0.090806521 0.009530245 -0.020188227 0.019759446 0.999555469
1341846338.389969 -0.126139641 0.068266392 -0.082194194 0.009581007 -0.019256895 0.019852955 0.999571502
1341846338.422377 -0.123948529 0.067018099 -0.068949789 0.007645177 -0.019142754 0.020307405 0.999581277
1341846338.454010 -0.124697909 0.068903908 -0.062441979 0.006676720 -0.019340904 0.019134223 0.999607503
1341846338.489894 -0.123207942 0.065576896 -0.051387008 0.004738835 -0.019844037 0.019644046 0.999598861
1341846338.522066 -0.118913271 0.064608470 -0.039305255 0.005461268 -0.019725142 0.018979881 0.999610364
1341846338.558058 -0.119269535 0.071968652 -0.040061746 0.005202150 -0.019725451 0.018587708 0.999619067
1341846338.589842 -0.119005002 0.070580550 -0.025098594 0.003100179 -0.019717854 0.017566152 0.999646485
1341846338.622019 -0.109506711 0.068456441 -0.006941433 0.003776857 -0.019564116 0.019912248 0.999603152
1341846338.657984 -0.112564765 0.075333811 -0.009672265 0.004454409 -0.019328238 0.021219412 0.999578059
1341846338.690198 -0.107352227 0.078007862 0.005751944 0.002632487 -0.020476079 0.020822924 0.999570012
1341846338.722454 -0.104256265 0.072338618 0.018971881 0.001641158 -0.019392908 0.021262405 0.999584496
1341846338.757945 -0.108614400 0.078172415 0.022380546 0.002045503 -0.019041335 0.022595461 0.999561250
1341846338.790039 -0.105940111 0.075984098 0.036304776 -0.000292123 -0.021336416 0.023633813 0.999492943
1341846338.826048 -0.092667222 0.073754057 0.048511747 -0.000075242 -0.021524526 0.022075644 0.999524534
1341846338.858027 -0.100057617 0.080922000 0.050696407 0.000388407 -0.019029770 0.020780008 0.999602854
1341846338.889902 -0.098106161 0.081387743 0.067132875 -0.002168534 -0.020115184 0.020301227 0.999589145
1341846338.925948 -0.094072424 0.080356516 0.078928940 -0.002660737 -0.019481510 0.018290062 0.999639332
1341846338.958108 -0.093406528 0.080354959 0.084121294 -0.002602450 -0.017332016 0.017258685 0.999697447
1341846338.990057 -0.085809097 0.075828895 0.100524947 -0.002642946 -0.018152772 0.018906364 0.999652922
1341846339.025928 -0.078348219 0.075883277 0.119364709 -0.000522677 -0.017901374 0.019739706 0.999644756
1341846339.057939 -0.079936102 0.084349409 0.125362441 0.003022396 -0.014997507 0.018373305 0.999714136
1341846339.093927 -0.085318938 0.090827204 0.128382623 0.001976887 -0.014986457 0.020029597 0.999685109
1341846339.126562 -0.076489434 0.095515355 0.138601542 -0.000874362 -0.016909488 0.019381039 0.999668777
1341846339.157969 -0.070812404 0.091849804 0.155251816 -0.003521735 -0.014430800 0.016963765 0.999745727
1341846339.194113 -0.076274224 0.092885770 0.156246439 -0.005587448 -0.012772098 0.018156301 0.999737918
1341846339.228165 -0.073092565 0.099289767 0.169380084 -0.008487125 -0.015083238 0.020334499 0.999643385
1341846339.257998 -0.062481742 0.095979579 0.188340008 -0.011458375 -0.015144293 0.021044895 0.999598145
1341846339.294132 -0.062581301 0.098643132 0.190085843 -0.011499701 -0.012536994 0.022117971 0.999610603
1341846339.326577 -0.068925090 0.104691930 0.194906235 -0.015119432 -0.013754584 0.025702694 0.999460638
1341846339.362269 -0.060758360 0.100460798 0.205075741 -0.019737292 -0.016288327 0.023166759 0.999404073
1341846339.394725 -0.050206721 0.103780322 0.221018732 -0.020262975 -0.015335115 0.023163522 0.999408662
1341846339.462186 -0.046214890 0.102117442 0.238793820 -0.024111358 -0.016385691 0.023167154 0.999306500
1341846339.496743 -0.037072752 0.101750463 0.252689004 -0.021239441 -0.013069688 0.021359663 0.999460757
1341846339.562052 -0.041544445 0.102369010 0.267108291 -0.019789413 -0.009180581 0.022914922 0.999499381
1341846339.595122 -0.029537989 0.103624150 0.280005425 -0.017592687 -0.009572219 0.022196693 0.999552965
1341846339.632085 -0.026137911 0.105420560 0.288291037 -0.016225725 -0.005913318 0.019682756 0.999657094
1341846339.664568 -0.027101543 0.105904691 0.297376364 -0.015822597 -0.002949312 0.017675018 0.999714255
1341846339.698896 -0.023801677 0.101065695 0.304668099 -0.016591774 -0.001981214 0.016616741 0.999722302
1341846339.731977 -0.020690214 0.100807510 0.313350677 -0.016341692 -0.001829437 0.015105878 0.999750674
1341846339.762241 -0.016433565 0.099918514 0.324680388 -0.016030554 -0.000762068 0.014787464 0.999761879
1341846339.797873 -0.016232634 0.098923050 0.330108553 -0.016155891 -0.000208037 0.016126271 0.999739408
1341846339.830245 -0.011439646 0.098201305 0.337104470 -0.016475650 -0.001074141 0.016533792 0.999726951
1341846339.862015 -0.007579310 0.099416055 0.342564940 -0.016756190 -0.000965981 0.015838228 0.999733686
1341846339.897797 -0.001888218 0.096944541 0.351656169 -0.018036151 -0.000238187 0.015739368 0.999713421
1341846339.929916 -0.001398544 0.091330901 0.359514982 -0.018936638 0.001009776 0.017437205 0.999668121
1341846339.961960 0.002010703 0.090355724 0.368900031 -0.017610405 0.000116304 0.018360870 0.999676287
1341846339.997845 0.008508193 0.093176596 0.368379802 -0.015843866 0.000847416 0.018209254 0.999708295
1341846340.029925 0.011849180 0.091365777 0.376845270 -0.015279262 0.003003414 0.019294478 0.999692559
1341846340.066044 0.012170179 0.089372046 0.381824821 -0.013390072 0.004492040 0.021056082 0.999678552
1341846340.098009 0.014267756 0.090704687 0.384623647 -0.012512261 0.004873038 0.021802437 0.999672115
1341846340.130102 0.016271368 0.091763988 0.394449741 -0.012973239 0.004792869 0.020884642 0.999686241
1341846340.166041 0.022502899 0.089013979 0.400548726 -0.012298853 0.006719565 0.018924100 0.999722660
1341846340.197867 0.020021208 0.092741705 0.408353597 -0.010766477 0.009546191 0.018748695 0.999720693
1341846340.229904 0.023019072 0.094117053 0.414852053 -0.012088989 0.008988263 0.019152848 0.999703050
1341846340.265859 0.025352819 0.088910833 0.419687212 -0.013043904 0.010338121 0.017937288 0.999700546
1341846340.298061 0.029037246 0.089244962 0.431116492 -0.010793742 0.012356955 0.018071983 0.999702036
1341846340.334063 0.025538977 0.096462525 0.433492273 -0.011182914 0.011967794 0.020302357 0.999659717
1341846340.366064 0.031735573 0.089162007 0.443794399 -0.013570704 0.009438078 0.019616496 0.999670923
1341846340.397995 0.035385989 0.088473603 0.446868747 -0.011585565 0.009807686 0.019107565 0.999702156
1341846340.433895 0.035750736 0.090559147 0.452934712 -0.010841911 0.009755385 0.019789070 0.999697804
1341846340.465959 0.035040490 0.088918507 0.457313210 -0.010473684 0.007658795 0.021861641 0.999676764
1341846340.501858 0.040820073 0.089536950 0.455309749 -0.009608835 0.003762712 0.022055851 0.999703467
1341846340.534329 0.046842925 0.090155751 0.453712285 -0.009090691 0.001704107 0.022005541 0.999715030
1341846340.566041 0.048561219 0.086684190 0.455228329 -0.008203381 0.001045897 0.022678830 0.999708593
1341846340.601909 0.054402504 0.087357409 0.455442190 -0.005687054 0.000255827 0.023178753 0.999715149
1341846340.634005 0.057805099 0.091388762 0.450323135 -0.004449260 -0.000548421 0.021462716 0.999759614
1341846340.666028 0.064107552 0.090212129 0.445500910 -0.004909611 -0.000640516 0.019660067 0.999794483
1341846340.701946 0.067134731 0.089138821 0.447468132 -0.003028300 0.000707692 0.017216008 0.999846935
1341846340.733954 0.069327012 0.091775358 0.440107942 -0.001791477 0.002244656 0.015990201 0.999868035
1341846340.770081 0.070826173 0.093497053 0.439463347 -0.002409108 0.002504847 0.013626409 0.999901116
1341846340.801980 0.072026148 0.090791933 0.435317606 -0.002508484 0.003696038 0.007760116 0.999959886
1341846340.833999 0.073488474 0.094049685 0.435490012 -0.002423346 0.005844006 0.003876472 0.999972463
1341846340.870013 0.070033304 0.092295915 0.438604534 -0.003983302 0.006152330 0.002449512 0.999970138
1341846340.901955 0.070961699 0.089026377 0.442238241 -0.003217609 0.005846435 0.002158229 0.999975383
1341846340.933918 0.070072651 0.090628132 0.440217614 -0.001056943 0.005385829 0.004648755 0.999974132
1341846340.970122 0.069885381 0.091798313 0.439588428 0.000538160 0.002382966 0.009355908 0.999953210
1341846341.001922 0.068934470 0.088524312 0.431297213 0.001251460 -0.001555992 0.015058205 0.999884605
1341846341.037923 0.074111864 0.090101473 0.427889645 0.002736051 -0.004523610 0.017554207 0.999831975
1341846341.070300 0.072387747 0.087650217 0.421481341 0.002806036 -0.005170413 0.017841002 0.999823511
1341846341.102028 0.066588640 0.089501135 0.420578122 0.003035400 -0.005784461 0.017976893 0.999817073
1341846341.137982 0.071307078 0.086471304 0.416326553 0.002757650 -0.008205675 0.017757053 0.999804854
1341846341.170048 0.074582994 0.085562497 0.413272768 0.003072121 -0.009055178 0.019328365 0.999767482
1341846341.202110 0.071811430 0.084279686 0.414415359 0.004508412 -0.008922334 0.020733505 0.999735057
1341846341.237996 0.073349617 0.084852979 0.408719242 0.006310952 -0.008747100 0.020952858 0.999722242
1341846341.269883 0.071396507 0.086163536 0.406681925 0.007561324 -0.008126700 0.021703470 0.999702811
1341846341.306107 0.069576472 0.086110868 0.407963783 0.008221722 -0.008489484 0.020457987 0.999720871
1341846341.338109 0.071765870 0.085513212 0.403421581 0.008996116 -0.008270201 0.018843479 0.999747753
1341846341.370120 0.073247842 0.086715087 0.404282123 0.009754059 -0.007282892 0.016275696 0.999793410
1341846341.406074 0.068980150 0.085721835 0.401929885 0.009686886 -0.006495569 0.015438000 0.999812782
1341846341.438113 0.065434948 0.079940811 0.401320487 0.010293589 -0.007789852 0.015202910 0.999801099
1341846341.470024 0.070832081 0.081164904 0.396966964 0.013219880 -0.008620615 0.013869705 0.999779224
1341846341.506077 0.067505397 0.088940226 0.397979081 0.013856695 -0.007554729 0.013044139 0.999790370
1341846341.538156 0.064183049 0.084970936 0.399139285 0.012589687 -0.009079169 0.013314796 0.999790847
1341846341.574016 0.066455573 0.083982229 0.396694541 0.013473360 -0.011407900 0.013565620 0.999752104
1341846341.612466 0.064750522 0.086388454 0.393935800 0.014155037 -0.011843755 0.014621549 0.999722779
1341846341.643972 0.062093634 0.089700386 0.393166929 0.013506255 -0.013021233 0.013608505 0.999731362
1341846341.679982 0.061866518 0.085939191 0.391577899 0.012875966 -0.014564983 0.014218980 0.999709904
1341846341.712332 0.056452949 0.087587021 0.390428722 0.013842424 -0.016131822 0.016777890 0.999633253
1341846341.744185 0.061871659 0.086588524 0.391143948 0.014194675 -0.018855263 0.019186236 0.999537349
1341846341.780061 0.062105574 0.088517860 0.385079473 0.014739394 -0.019342247 0.020474013 0.999494612
1341846341.842595 0.067168213 0.081003107 0.380097061 0.016359001 -0.020663252 0.025944443 0.999315917
1341846341.906227 0.065876611 0.077475086 0.378636926 0.019442827 -0.021013878 0.030450480 0.999126196
1341846341.942069 0.065646388 0.072082758 0.373503596 0.022284010 -0.020759372 0.031907342 0.999026716
1341846341.974775 0.067690253 0.074309826 0.369148821 0.025921412 -0.021207675 0.033834580 0.998866141
1341846342.010161 0.063931681 0.076701872 0.368372619 0.026877560 -0.022169286 0.035391431 0.998766005
1341846342.042024 0.071994178 0.068047367 0.368826360 0.027827570 -0.023778988 0.035809319 0.998688102
1341846342.080032 0.073089965 0.073576950 0.360742062 0.030352244 -0.021506337 0.036009118 0.998658895
1341846342.112265 0.067075156 0.069591023 0.362189263 0.030352896 -0.020160647 0.037658561 0.998626113
1341846342.147954 0.071077071 0.063840613 0.363406599 0.032123335 -0.021831440 0.040312048 0.998431981
1341846342.179852 0.074008510 0.066118278 0.359714568 0.035337150 -0.021494554 0.041339241 0.998288691
1341846342.211848 0.072171152 0.067451447 0.360068738 0.036087520 -0.020639803 0.041069627 0.998291016
1341846342.247920 0.073450014 0.064593717 0.360042840 0.036928970 -0.020543963 0.039828267 0.998312533
1341846342.279870 0.074895397 0.065039419 0.358592927 0.038475383 -0.020240625 0.040155564 0.998247206
1341846342.316068 0.074945480 0.065735854 0.353334725 0.039809704 -0.020039158 0.041316260 0.998151600
1341846342.347894 0.075534143 0.067838170 0.352316380 0.040427472 -0.020095499 0.041051470 0.998136520
1341846342.379953 0.076410070 0.067203723 0.355037838 0.040566612 -0.019586286 0.041302089 0.998130679
1341846342.416195 0.074246496 0.068107881 0.355110496 0.041207056 -0.019184241 0.042510100 0.998061538
