1341846313.592026 0.000000000 0.000000000 0.000000000 0.000000000 0.000000000 0.000000000 1.000000000
1341846313.654184 0.007543582 -0.002366076 0.000388468 -0.001045327 -0.003194925 0.004883149 0.999982417
1341846313.686156 0.016102841 -0.000316524 0.007601544 0.000249728 -0.005774606 0.004576391 0.999972820
1341846313.721918 0.024927946 0.006663106 0.008976342 0.001159275 -0.007197902 0.004519406 0.999963164
1341846313.753994 0.038462050 -0.000171595 0.001037386 -0.000632897 -0.008598732 0.007580945 0.999934077
1341846313.789969 0.047559511 -0.000891964 0.000524320 0.000430214 -0.009576439 0.005946585 0.999936402
1341846313.822075 0.059007198 0.003559174 -0.004682384 0.000767913 -0.009251472 0.005501385 0.999941766
1341846313.853928 0.066594444 0.002117259 -0.004539957 -0.000063307 -0.007306098 0.004634909 0.999962568
1341846313.890011 0.071583055 0.005197827 -0.002990051 0.000213434 -0.005273299 0.005327498 0.999971867
1341846313.922055 0.080064639 0.013037271 -0.001783554 -0.001002043 -0.006262401 0.006257793 0.999960303
1341846313.957927 0.113916695 0.010033752 -0.010861170 -0.003328236 -0.004856796 0.006940624 0.999958575
1341846313.990058 0.106749244 0.006607108 -0.003518308 -0.005264893 0.003301659 0.009702375 0.999933600
1341846314.022042 0.100272201 0.017922554 -0.018753072 -0.005864615 0.006039686 0.009913738 0.999915421
1341846314.057816 0.110313885 0.018384578 -0.005082580 -0.009223656 0.008093821 0.010784023 0.999866545
1341846314.089801 0.117541164 0.010465760 -0.003819128 -0.009281532 0.013796972 0.010226673 0.999809444
1341846314.122037 0.124778569 0.021345073 0.002525818 -0.009504331 0.016267361 0.013891483 0.999725997
1341846314.157989 0.124710180 0.019268123 0.019065635 -0.012097402 0.020251978 0.013146360 0.999635279
1341846314.190094 0.130154729 0.021775793 0.022131681 -0.011397082 0.024085654 0.014138435 0.999544919
1341846314.225969 0.149800241 0.024684159 0.003685276 -0.013554099 0.024114555 0.019370127 0.999429643
1341846314.257923 0.148598477 0.017011592 0.007932170 -0.016266644 0.027142674 0.018537700 0.999327302
1341846314.290052 0.158195421 0.020992741 0.015452741 -0.014546366 0.027599867 0.018152656 0.999348342
1341846314.325981 0.165590078 0.025890702 0.020573676 -0.015173426 0.028091451 0.017137213 0.999343276
1341846314.357905 0.173747063 0.028548786 0.040486515 -0.015625618 0.030964255 0.014229765 0.999297023
1341846314.389899 0.177039400 0.033559807 0.044469796 -0.013387850 0.034028314 0.014112667 0.999231517
1341846314.427905 0.183399513 0.039852124 0.041566081 -0.012875693 0.035658993 0.013405826 0.999191165
1341846314.493987 0.211443394 0.016697001 0.013399851 -0.013657788 0.042606726 0.006899942 0.998974741
1341846314.526085 0.206744686 0.017769756 -0.007583885 -0.013445701 0.045909606 0.003735728 0.998848140
1341846314.558292 0.213522121 0.019825080 0.006049110 -0.014523163 0.048747472 0.003503753 0.998699367
1341846314.594085 0.227894306 0.019823167 0.011126667 -0.012896719 0.052269701 0.002316605 0.998547018
1341846314.626096 0.225870773 0.021546038 0.005055714 -0.012637788 0.056985181 0.004457409 0.998285055
1341846314.658455 0.223534346 0.022620922 0.011700369 -0.014759699 0.060228854 0.002860806 0.998071373
1341846314.694004 0.236356989 0.022637099 0.017830675 -0.014224443 0.062953681 -0.000211916 0.997915030
1341846314.725910 0.236564681 0.015016518 0.018357627 -0.011035969 0.066763505 0.006151400 0.997688830
1341846314.761942 0.236656487 0.012716616 0.015121881 -0.007575780 0.067456394 0.010059679 0.997642756
1341846314.794030 0.248271108 0.009432788 0.005632378 -0.004825047 0.068834744 0.009599467 0.997570217
1341846314.826092 0.254011273 0.011452713 0.005466290 -0.002515276 0.072901987 0.009935685 0.997286439
1341846314.862145 0.264511734 0.018142145 -0.000172850 -0.001795528 0.075759374 0.011490879 0.997058272
1341846314.894072 0.274422854 0.018703416 0.005205963 -0.002097344 0.079142429 0.013674440 0.996767342
1341846314.925969 0.281088412 0.021188637 0.001415960 -0.001915264 0.081280880 0.018340288 0.996520638
1341846314.961937 0.293587387 0.034520619 -0.008255184 -0.004041264 0.080988020 0.023742687 0.996424019
1341846314.994564 0.299046040 0.030115932 0.005398832 -0.007890707 0.081818901 0.022289272 0.996366739
1341846315.029900 0.311941594 0.030010100 0.015294239 -0.007966209 0.084446400 0.019163778 0.996211886
1341846315.061965 0.309772164 0.028830677 0.015489761 -0.008802797 0.087475345 0.022558970 0.995872319
1341846315.094388 0.313094199 0.025884259 0.015941340 -0.008899194 0.086573750 0.023208378 0.995935321
1341846315.129851 0.321683466 0.024028420 0.010474268 -0.007213650 0.086289406 0.021730078 0.996007025
1341846315.161941 0.328478754 0.038828380 -0.015666731 -0.008212206 0.085380599 0.025388367 0.995990992
1341846315.197984 0.324410051 0.033357069 -0.011399083 -0.015448659 0.084172435 0.021200361 0.996105850
1341846315.230076 0.338088661 0.033998627 0.002395589 -0.018942853 0.081768490 0.018286787 0.996303499
1341846315.262069 0.335521907 0.035578921 0.008971218 -0.021839246 0.080168270 0.020873556 0.996323407
1341846315.298000 0.347061843 0.024223970 0.012759849 -0.024827041 0.075463369 0.022080261 0.996594846
1341846315.329931 0.348090112 0.010615517 0.017097030 -0.022668215 0.074516982 0.022710500 0.996703386
1341846315.361981 0.368472993 0.013337169 0.010089837 -0.017091179 0.071910203 0.029309191 0.996833861
1341846315.397962 0.370749056 0.017341292 0.013876740 -0.013736295 0.072608076 0.032559201 0.996734321
1341846315.429923 0.379611790 0.017514464 0.008987118 -0.010932750 0.073606052 0.034302328 0.996637344
1341846315.466047 0.402730227 0.029618684 0.004800886 -0.008659957 0.074656233 0.037546661 0.996464610
1341846315.497883 0.395937324 0.026306409 0.000589710 -0.010079082 0.078977942 0.041264869 0.995970905
1341846315.530008 0.394632131 0.025191510 0.004394025 -0.010103470 0.080814444 0.041405033 0.995817542
1341846315.566108 0.396272510 0.026622510 0.003915600 -0.010880220 0.082426265 0.042513475 0.995630503
1341846315.597986 0.399672776 0.024345450 0.003122941 -0.011298162 0.083481543 0.042198021 0.995551348
1341846315.630109 0.404229581 0.030536858 0.000949919 -0.010725697 0.084038608 0.041622669 0.995535016
1341846315.666042 0.396121174 0.037695237 0.001647480 -0.010510941 0.087105393 0.038716681 0.995390952
1341846315.698114 0.400664836 0.043611132 -0.010312434 -0.015155962 0.089890569 0.036389630 0.995171249
1341846315.733985 0.399998724 0.028329957 0.004325300 -0.019736331 0.092713170 0.040168300 0.994686484
1341846315.766041 0.391826004 0.029126979 -0.000885718 -0.019093912 0.091168240 0.040543709 0.994826615
1341846315.798188 0.389990211 0.030929662 0.003520310 -0.019837892 0.090849832 0.038435195 0.994924843
1341846315.834140 0.388228595 0.025418507 0.010009699 -0.019429205 0.093266010 0.037886098 0.994730413
1341846315.866751 0.387217373 0.026144186 0.011323974 -0.016896859 0.094454832 0.037836093 0.994666398
1341846315.898492 0.386871219 0.026501596 0.012304857 -0.015479893 0.094747759 0.037479199 0.994675100
1341846315.936901 0.384453744 0.012594186 0.011563875 -0.014737883 0.096264519 0.035246760 0.994622350
1341846315.966572 0.376173854 0.015951309 0.008490652 -0.010776294 0.098255605 0.034443460 0.994506598
1341846316.034204 0.369610161 0.011163082 0.006071322 -0.007733619 0.097917497 0.034119807 0.994579434
1341846316.066113 0.355090231 0.009325138 0.006162450 -0.005552991 0.099020578 0.033769306 0.994496703
1341846316.101867 0.352288872 0.012264564 0.008162722 -0.004132668 0.097065993 0.035302233 0.994643092
1341846316.134066 0.341059983 0.016276361 0.005430855 -0.004349974 0.094674073 0.031968754 0.994985342
1341846316.202049 0.328103125 0.007518582 0.010171372 -0.004801415 0.090063944 0.027843526 0.995535076
1341846316.233979 0.323722869 0.009547729 -0.000869952 -0.004154322 0.088769190 0.025804782 0.995709240
1341846316.270052 0.314819813 0.006591558 -0.002787229 -0.005418610 0.090629324 0.023926817 0.995582461
1341846316.301915 0.313407838 0.000680496 0.005834971 -0.005685854 0.091109782 0.023199216 0.995554388
1341846316.334208 0.298432440 -0.003802475 0.006130632 -0.004532867 0.091592558 0.024628982 0.995481610
1341846316.370006 0.294793725 0.001545921 0.006264590 -0.001448639 0.090092838 0.024127219 0.995640039
1341846316.401994 0.292540133 -0.000843493 0.003911335 -0.000005494 0.088908210 0.026892405 0.995676696
1341846316.438069 0.280984819 -0.008654422 -0.006397158 0.001266056 0.089045279 0.028014969 0.995632708
1341846316.470076 0.272358000 -0.014964761 -0.012456298 0.005184395 0.088946968 0.031124242 0.995536447
1341846316.502034 0.258245140 0.010502527 -0.003453735 0.009993078 0.087500617 0.031442601 0.995617986
1341846316.537975 0.268339217 0.015422570 0.021238044 0.008269019 0.082949266 0.031931460 0.996007740
1341846316.570121 0.244140714 0.008193326 0.007276587 0.007149774 0.084197074 0.025065562 0.996108115
1341846316.601885 0.254243314 0.009931650 0.026465960 0.009801105 0.081839316 0.024418708 0.996298134
1341846316.638009 0.240253538 -0.005910323 0.010545671 0.009598144 0.081455708 0.029488465 0.996194422
1341846316.669925 0.239526168 -0.003632721 0.033761755 0.012358794 0.080874540 0.028370820 0.996243775
1341846316.705941 0.219386965 -0.009269338 0.015753046 0.016147815 0.082198441 0.029798344 0.996039510
1341846316.738062 0.215667278 0.003277928 0.022224564 0.019835992 0.081562713 0.030346239 0.996008575
1341846316.770433 0.197397813 0.001543585 0.007790551 0.018760467 0.081250608 0.032038298 0.996001959
1341846316.805932 0.195649445 0.000349547 0.015809819 0.019642068 0.081343211 0.030638985 0.996021450
1341846316.838029 0.175215527 -0.000898405 0.020349668 0.021068556 0.081248283 0.030217966 0.996012926
1341846316.870034 0.167480499 -0.010589954 0.032256417 0.020082468 0.078385703 0.031707652 0.996216357
1341846316.906344 0.164386883 -0.008231451 0.045240365 0.021313403 0.075222917 0.028335987 0.996536136
1341846316.937940 0.162133619 -0.006156405 0.047040273 0.022236519 0.073719807 0.027619589 0.996648431
1341846316.973994 0.145381764 -0.005550922 0.058791131 0.021201575 0.073305592 0.024647947 0.996779442
1341846317.005913 0.128898427 -0.006479962 0.068842322 0.019860988 0.071815148 0.023970691 0.996932089
1341846317.037936 0.118753545 -0.008337338 0.077499583 0.020280382 0.069404349 0.022736367 0.997123241
1341846317.073972 0.106978878 -0.002708715 0.086741202 0.021964306 0.068639331 0.021215605 0.997174084
1341846317.106113 0.086203530 -0.010545591 0.096816882 0.023430521 0.069189563 0.024298262 0.997032285
1341846317.137887 0.079680108 -0.018557774 0.036665715 0.025521558 0.061165277 0.035852402 0.997156978
1341846317.173970 0.087608501 -0.010841067 0.021521281 0.027869223 0.052374978 0.040258639 0.997426391
1341846317.205887 0.081576556 -0.015953487 0.009951116 0.027243260 0.049828112 0.039506152 0.997604251
1341846317.248131 0.076101407 -0.016350185 0.015591196 0.028607208 0.046645250 0.043377828 0.997559130
1341846317.306289 0.062278431 -0.012272806 0.015424306 0.030741708 0.041126825 0.044742156 0.997678101
1341846317.348137 0.053639408 -0.017713737 0.007894040 0.031224938 0.042706579 0.044767495 0.997595608
1341846317.410120 0.029139195 -0.013547657 0.007126983 0.033224005 0.043436550 0.050100822 0.997245908
1341846317.442569 0.021804132 -0.013884519 0.012160040 0.036439314 0.044055622 0.051596437 0.997030139
1341846317.474010 0.029329145 -0.021037335 0.011173265 0.041042883 0.042705674 0.058160733 0.996548533
1341846317.509927 0.013072170 -0.011584914 0.008145999 0.044519395 0.041565139 0.060839072 0.996287584
1341846317.542282 0.010299493 -0.011160581 0.001928468 0.043979723 0.038179554 0.062819809 0.996324122
1341846317.573943 0.005490130 -0.017717231 0.004185536 0.042912398 0.039489005 0.059469659 0.996525228
1341846317.610159 -0.004230386 -0.017134782 0.012809030 0.045849446 0.041819677 0.059499439 0.996297538
1341846317.643553 -0.024326228 -0.018229282 0.010717832 0.048148323 0.042439982 0.063728467 0.995901227
1341846317.677993 -0.030971259 -0.015759105 0.021546220 0.049268045 0.039060753 0.065820716 0.995848715
1341846317.709996 -0.028772252 -0.016014494 0.030840416 0.051887114 0.035720464 0.065366834 0.995870948
1341846317.741834 -0.026250780 -0.006834914 0.034179058 0.053054307 0.033437151 0.066991806 0.995780766
1341846317.777923 -0.043705907 -0.009419293 0.032867119 0.050683357 0.033798084 0.065071367 0.996019363
1341846317.810021 -0.048099760 -0.008886730 0.049945630 0.050901555 0.032417458 0.064153843 0.996113658
1341846317.841886 -0.078199528 -0.014194684 0.011364367 0.049022719 0.032696556 0.060296617 0.996439695
1341846317.878017 -0.075468175 -0.010720560 0.028861215 0.047221743 0.031539109 0.057794958 0.996712148
1341846317.909910 -0.084554240 -0.017145388 0.018531684 0.045717821 0.032999188 0.053146407 0.996993661
1341846317.946031 -0.083489344 -0.017062027 0.036294252 0.047177248 0.033201981 0.055181134 0.996808410
1341846317.978041 -0.114535533 -0.017817639 0.023598226 0.048675191 0.034280170 0.052682288 0.996835053
1341846318.009897 -0.111844659 -0.019996936 0.022961421 0.050938908 0.033850063 0.051435597 0.996801794
1341846318.045949 -0.108198166 -0.015954740 0.028042231 0.051816713 0.033533741 0.052954141 0.996687710
1341846318.078074 -0.110217743 -0.018670339 0.048199847 0.051295027 0.031713180 0.053425476 0.996749163
1341846318.109894 -0.148985818 -0.017622080 0.024138667 0.050461151 0.030530456 0.047288075 0.997138619
1341846318.145957 -0.147734702 -0.016794434 0.017189534 0.049704626 0.027648183 0.045071471 0.997363329
1341846318.178001 -0.149528772 -0.022359204 0.027184784 0.048912197 0.027513904 0.042782877 0.997506976
1341846318.214074 -0.157533422 -0.023838779 0.045158099 0.049756672 0.026147962 0.041403670 0.997560203
1341846318.245970 -0.161773607 -0.028248983 0.052496500 0.052504413 0.020469464 0.043674383 0.997455180
1341846318.278018 -0.169139832 -0.027128238 0.063057669 0.056699283 0.015747715 0.043537714 0.997317255
1341846318.313937 -0.166500807 -0.019062284 0.065898187 0.059676409 0.008115716 0.046318594 0.997109532
1341846318.345989 -0.174130663 -0.024572615 0.047338791 0.060164947 -0.000338393 0.041860506 0.997310281
1341846318.382046 -0.178411677 -0.025666440 0.053900871 0.062289696 -0.007023489 0.040548474 0.997209370
1341846318.414072 -0.192082524 -0.024532793 0.063287877 0.064036183 -0.013232254 0.041699968 0.996988118
1341846318.446035 -0.225226268 -0.032625366 0.049024057 0.065239467 -0.017348027 0.041351605 0.996861517
1341846318.482196 -0.228182405 -0.031831335 0.048992325 0.066404231 -0.019777900 0.040998790 0.996753931
1341846318.514144 -0.236227557 -0.031913675 0.040005874 0.066508159 -0.021133192 0.043209162 0.996625781
1341846318.546259 -0.242008075 -0.036701992 0.048402395 0.067295656 -0.022167696 0.042108390 0.996597588
1341846318.582042 -0.253137171 -0.029023983 0.029218309 0.069443315 -0.021991845 0.040855251 0.996506333
1341846318.614115 -0.264812410 -0.031272091 0.036070347 0.069158159 -0.021838300 0.041076437 0.996520400
1341846318.650038 -0.263819933 -0.028696775 0.038633339 0.068890736 -0.023340095 0.037859406 0.996632338
1341846318.682350 -0.273825854 -0.027992968 0.044624910 0.068788789 -0.023681685 0.036221243 0.996692181
1341846318.714063 -0.284282893 -0.028051076 0.034317337 0.068040855 -0.024399668 0.035095699 0.996766508
1341846318.749905 -0.295621544 -0.035261858 0.035945743 0.068363503 -0.024072649 0.035871059 0.996724725
1341846318.782036 -0.310764223 -0.036023684 0.036872137 0.070141315 -0.024343431 0.038878318 0.996481836
1341846318.814121 -0.327963263 -0.033948727 0.023104561 0.070105799 -0.028514912 0.036803316 0.996452510
1341846318.850072 -0.336212337 -0.036671344 0.026173621 0.070440613 -0.034067899 0.034663126 0.996331275
1341846318.883516 -0.352200925 -0.037265994 0.021284413 0.072985336 -0.040456824 0.032341965 0.995987177
1341846318.918047 -0.378673613 -0.040927175 0.041052587 0.076404415 -0.049386397 0.030847851 0.995375156
1341846318.950044 -0.372826904 -0.037699059 0.025758568 0.078055136 -0.061717547 0.028916750 0.994616568
1341846318.982028 -0.377759308 -0.037070505 0.011304844 0.079828560 -0.065953456 0.025861349 0.994288027
1341846319.018123 -0.386088818 -0.039799068 0.027139455 0.079698250 -0.071114041 0.025886428 0.993942082
1341846319.050745 -0.377003163 -0.039298031 0.008618537 0.080151685 -0.078755394 0.025076339 0.993350148
1341846319.081905 -0.374735922 -0.036624409 0.006162409 0.085950792 -0.080311246 0.023971293 0.992767811
1341846319.117976 -0.400784999 -0.034476738 0.008786298 0.088753588 -0.077725738 0.027078863 0.992647111
1341846319.150093 -0.422844678 -0.034547061 -0.002605364 0.090101905 -0.080814779 0.034493916 0.992048800
1341846319.186069 -0.436397731 -0.030271247 -0.012962516 0.092237696 -0.082661979 0.036312379 0.991635323
1341846319.218149 -0.466573775 -0.031642821 -0.001875907 0.089533903 -0.077054501 0.035464335 0.992365122
1341846319.250034 -0.494609714 -0.033201996 0.008843519 0.083673656 -0.069572411 0.033592671 0.993493795
1341846319.286594 -0.521586716 -0.033141229 0.007359065 0.081282496 -0.065711200 0.038004074 0.993796229
1341846319.318034 -0.554875851 -0.042052675 0.022896990 0.081951261 -0.063957006 0.040663701 0.993750453
1341846319.350268 -0.584237337 -0.043728575 0.022986561 0.082679249 -0.062397573 0.047001258 0.993509710
1341846319.386163 -0.610966325 -0.051893748 0.036291137 0.084677018 -0.064827710 0.053042408 0.992881477
1341846319.418386 -0.658421516 -0.046043742 0.024949372 0.086274937 -0.069043338 0.055249415 0.992339253
1341846319.453961 -0.686433971 -0.050691865 0.051225066 0.087238036 -0.070937037 0.052916355 0.992248595
1341846319.486271 -0.526454151 -0.024207329 -0.025537621 0.085368864 -0.076947995 0.050534237 0.992087424
1341846319.554083 -0.527116895 -0.026301362 -0.026915070 0.079466663 -0.084470674 0.051477708 0.991917253
1341846319.586296 -0.545413435 -0.031926766 -0.036237646 0.079521470 -0.082697093 0.046975408 0.992285669
1341846319.622031 -0.568648160 -0.028861661 -0.033009030 0.078293726 -0.085009962 0.044740822 0.992291093
1341846319.653962 -0.572028995 -0.034799885 -0.023124769 0.077535644 -0.090813674 0.042875946 0.991918743
1341846319.686352 -0.578406930 -0.035468306 -0.026208878 0.079240881 -0.094776943 0.044738848 0.991330743
1341846319.721992 -0.587409496 -0.027574807 -0.031983510 0.080582336 -0.098339088 0.045297757 0.990850151
1341846319.754063 -0.581141770 -0.009713489 -0.031408139 0.078661203 -0.101929076 0.045969613 0.990610778
1341846319.786397 -0.588792503 -0.021046489 -0.034142546 0.073452875 -0.101458825 0.048526630 0.990936875
1341846319.822008 -0.606232166 -0.023454487 -0.040160060 0.070036277 -0.101168096 0.052482862 0.991012335
1341846319.853917 -0.609874189 -0.021920994 -0.035504580 0.065173373 -0.102525063 0.057231463 0.990941763
1341846319.889942 -0.617821455 -0.032926798 -0.029221222 0.061409920 -0.102774106 0.061494567 0.990900993
1341846319.922039 -0.626836360 -0.036827963 -0.022949085 0.060894340 -0.106885523 0.064290270 0.990320206
1341846319.953946 -0.621920586 -0.037359908 -0.035271697 0.061016601 -0.113313451 0.061035432 0.989803851
1341846319.990054 -0.621099532 -0.037489261 -0.038996667 0.063941784 -0.116471268 0.053055875 0.989712536
1341846320.028122 -0.625394225 -0.039733872 -0.023687080 0.065842174 -0.120439008 0.052903894 0.989121020
1341846320.090047 -0.610978127 -0.032101218 -0.025851734 0.071983136 -0.128133535 0.051228061 0.987813711
1341846320.122011 -0.601254582 -0.029256321 -0.024233416 0.072648801 -0.126356915 0.052457403 0.987929344
1341846320.157952 -0.591144085 -0.026690882 -0.010789156 0.073213451 -0.124059357 0.053489763 0.988123477
1341846320.190003 -0.579513013 -0.038552061 0.008470744 0.075329959 -0.121403173 0.051527735 0.988398492
1341846320.221941 -0.578747272 -0.036398701 0.013291717 0.079624549 -0.117466256 0.052065719 0.988509357
1341846320.258015 -0.572517931 -0.041265752 0.015550569 0.083362870 -0.116692044 0.055368613 0.988113344
1341846320.289887 -0.550349116 -0.057144783 -0.000013605 0.087197386 -0.118052788 0.055967547 0.987586856
1341846320.321954 -0.542928040 -0.050314438 0.012770452 0.096866772 -0.119290307 0.054741398 0.986605346
1341846320.357890 -0.524330080 -0.037083909 0.030478694 0.103335842 -0.119997494 0.056247436 0.985778153
1341846320.390064 -0.509703219 -0.032734744 0.024340898 0.105036005 -0.116755821 0.056830954 0.985954225
1341846320.426544 -0.480104119 -0.028582569 0.059805870 0.108182207 -0.110925585 0.053529281 0.986471832
1341846320.458122 -0.472119212 -0.035500456 0.017744452 0.108568490 -0.102513723 0.048930198 0.987577677
1341846320.490186 -0.472400665 -0.036830947 0.087752849 0.112458296 -0.096727856 0.050763544 0.987633467
1341846320.525911 -0.451545566 -0.039451305 0.055918463 0.115810096 -0.088839717 0.047310125 0.988158524
1341846320.558091 -0.434166193 -0.041469038 0.030066982 0.116314583 -0.085236095 0.044176362 0.988561630
1341846320.594093 -0.411574662 -0.043845002 0.048503600 0.117536440 -0.081448048 0.040321339 0.988901198
1341846320.631955 -0.417697072 -0.042479023 0.037360407 0.120129846 -0.071756020 0.039666951 0.989366710
1341846320.664916 -0.385755926 -0.042111464 -0.004804436 0.119494759 -0.070120670 0.038243908 0.989616811
1341846320.699927 -0.368556798 -0.040003799 0.025128156 0.119875051 -0.067641422 0.036579523 0.989806294
1341846320.731822 -0.360902131 -0.037050799 0.022448432 0.122024834 -0.060893502 0.035618011 0.990016818
1341846320.763877 -0.365317643 -0.012965599 -0.000096742 0.121281736 -0.058134668 0.036003485 0.990259945
1341846320.799999 -0.352432281 -0.034094531 0.009322770 0.112760186 -0.060430348 0.031481355 0.991283119
1341846320.831871 -0.348724186 -0.027442625 -0.033508703 0.114835411 -0.048113488 0.023611290 0.991937697
1341846320.863887 -0.348101914 -0.025011173 -0.002420433 0.113601916 -0.039815061 0.027570605 0.992345333
1341846320.900014 -0.324181437 -0.037410945 0.009651985 0.105822653 -0.046087500 0.033449873 0.992753029
1341846320.931889 -0.306387842 -0.044395670 0.021952290 0.106902182 -0.046359211 0.031412285 0.992691278
1341846320.967866 -0.301477373 -0.020919353 0.005074952 0.107531704 -0.040500045 0.028355127 0.992971599
1341846321.000017 -0.305391580 -0.026829856 -0.000227032 0.100985296 -0.039699871 0.026557703 0.993740678
1341846321.031860 -0.274478853 -0.033680908 0.019828491 0.098728880 -0.040639877 0.025299082 0.993962228
1341846321.068047 -0.252764344 -0.026551124 0.024402456 0.099616982 -0.037782915 0.022369636 0.994056582
1341846321.099840 -0.229478642 -0.023197243 0.043330893 0.097818792 -0.037532326 0.023219027 0.994225144
1341846321.131821 -0.220655680 -0.037630551 0.042359389 0.097101472 -0.035843555 0.024176940 0.994334936
1341846321.167887 -0.232213661 -0.037323855 0.010869270 0.099433012 -0.030711979 0.024799349 0.994260967
1341846321.200042 -0.211292833 -0.031532768 0.030917482 0.100215234 -0.029208021 0.024950361 0.994223952
1341846321.231950 -0.206837162 -0.040290792 0.021323357 0.099032290 -0.027965508 0.023403386 0.994415820
1341846321.267939 -0.185422406 -0.036700811 0.015000699 0.099729158 -0.026669398 0.019207053 0.994471669
1341846321.299948 -0.169093698 -0.032635491 0.041538816 0.099057578 -0.022828745 0.013627932 0.994726419
1341846321.331858 -0.176354125 -0.038692247 0.029293923 0.098701231 -0.019033967 0.009209884 0.994892418
1341846321.367913 -0.151317805 -0.047747847 0.030751048 0.099596679 -0.017668281 0.005465426 0.994856000
1341846321.399897 -0.149575353 -0.041125566 0.028460708 0.101922050 -0.012086783 0.003518830 0.994712710
1341846321.435994 -0.144414008 -0.046268210 0.036492541 0.103151873 -0.008698152 0.003380027 0.994621813
1341846321.467946 -0.137116566 -0.042446837 0.038001642 0.105270289 -0.005967273 0.003563257 0.994419336
1341846321.499882 -0.120002218 -0.040964238 0.040113874 0.106782563 -0.003667517 0.004362191 0.994266033
1341846321.536109 -0.092959486 -0.031168494 0.026544582 0.106920660 0.000630101 0.001455491 0.994266331
1341846321.568960 -0.111875564 -0.025592143 0.038670801 0.103850208 0.008845274 -0.001683942 0.994552195
1341846321.603938 -0.101412125 -0.031792041 0.038008880 0.100513697 0.010608005 -0.001127667 0.994878471
1341846321.637163 -0.062091157 -0.026633523 0.019770503 0.097802304 0.013956589 -0.001888297 0.995106220
1341846321.668306 -0.083792292 -0.018600818 0.046931878 0.094291553 0.024825227 0.000792044 0.995234728
1341846321.704411 -0.098279007 -0.027758658 0.054908101 0.090610601 0.026896333 0.007389741 0.995495677
1341846321.736861 -0.083985269 -0.024226686 0.057381835 0.089709818 0.024038067 0.016300777 0.995544374
1341846321.771881 -0.070284590 -0.009783136 0.050990973 0.087840348 0.023580659 0.021654623 0.995619953
1341846321.804114 -0.061212935 -0.013369825 0.052182525 0.083376564 0.025558481 0.024333796 0.995893061
1341846321.836152 -0.060958795 -0.008441787 0.052562159 0.080686033 0.028095320 0.024654856 0.996038437
1341846321.871882 -0.054359663 0.001400541 0.057143271 0.076134712 0.028985500 0.022454450 0.996423185
1341846321.904074 -0.047832672 -0.004128003 0.054301281 0.068965845 0.030257825 0.019039651 0.996978223
1341846321.939847 -0.043653503 -0.005502398 0.062941909 0.065171421 0.033165812 0.016357791 0.997188628
1341846322.004094 -0.052496847 -0.011510862 0.066451050 0.058033027 0.031966783 0.015255011 0.997686088
1341846322.066178 -0.035363529 -0.017327232 0.069529250 0.053180762 0.036029328 0.012549842 0.997855783
1341846322.107979 -0.042375188 -0.033588976 0.072505340 0.050090753 0.038689546 0.011530669 0.997928381
1341846322.166164 -0.040420420 -0.056786086 0.070826635 0.052741442 0.038104646 0.011937688 0.997809529
1341846322.202932 -0.039297566 -0.061410323 0.066258959 0.054003231 0.036034193 0.011682426 0.997821987
1341846322.234093 -0.034494389 -0.064412892 0.061387856 0.053183489 0.034067784 0.009507143 0.997958183
1341846322.265941 -0.034687102 -0.072569840 0.063121542 0.050552212 0.031262565 0.010280015 0.998179078
1341846322.301996 -0.024850244 -0.089703463 0.057136878 0.048307233 0.028480098 0.011649189 0.998358428
1341846322.333949 -0.035273224 -0.105460256 0.057180300 0.047007877 0.027655192 0.011228209 0.998448491
1341846322.369871 -0.022868775 -0.121245004 0.064174682 0.047441907 0.021542244 0.007784447 0.998611331
1341846322.402292 -0.006568334 -0.138113976 0.051752955 0.048877366 0.021884128 0.002292086 0.998562396
1341846322.433955 -0.021558849 -0.159854695 0.063664243 0.053525601 0.024354614 -0.002104408 0.998267233
1341846322.470030 -0.025767282 -0.162950933 0.068083987 0.062397543 0.020430831 0.000871508 0.997841835
1341846322.502433 -0.010636402 -0.183024600 0.054681458 0.067418605 0.016370714 0.004534972 0.997580111
1341846322.534002 -0.005948524 -0.204667747 0.057160851 0.075217962 0.015801916 0.005823793 0.997024894
1341846322.570196 -0.007523646 -0.207727388 0.058045160 0.084897622 0.015816865 0.007823081 0.996233404
1341846322.601920 -0.015791113 -0.216927826 0.050922427 0.090319663 0.013279119 0.012067091 0.995751202
1341846322.638119 0.004882755 -0.232715994 0.054242264 0.095379397 0.008729138 0.012170901 0.995328307
1341846322.669947 0.012170078 -0.238144755 0.056245759 0.100168861 0.011737596 0.010559806 0.994845152
1341846322.702026 -0.000262774 -0.250241458 0.058431271 0.102959275 0.014196236 0.012532545 0.994505286
1341846322.738006 0.005502122 -0.246810585 0.061655361 0.104872793 0.011137596 0.014644735 0.994315445
1341846322.770087 0.015528273 -0.271424055 0.060314842 0.103706650 0.011233810 0.014638725 0.994436800
1341846322.806047 0.005809167 -0.281894743 0.064754896 0.107621446 0.011675255 0.015996182 0.993994653
1341846322.838063 -0.000599427 -0.288271368 0.059180859 0.109413490 0.007820177 0.017763151 0.993806839
1341846322.870081 0.006018334 -0.304756165 0.071914658 0.111215517 0.002268807 0.018888211 0.993614197
1341846322.906018 0.019129409 -0.304041117 0.074494302 0.116530254 0.000119951 0.018703414 0.993010998
1341846322.938349 0.018179122 -0.291901231 0.073903590 0.117684230 0.001001985 0.020167204 0.992845774
1341846322.970069 0.018436180 -0.293473423 0.074094892 0.113074206 0.000774168 0.022062834 0.993341267
1341846323.011820 0.017731426 -0.309074491 0.078273632 0.110224791 0.001310684 0.021925762 0.993663967
1341846323.073951 0.013970641 -0.307244062 0.085133120 0.107924543 0.001515677 0.025966916 0.993818760
1341846323.105962 0.023948066 -0.331923693 0.086640999 0.103686512 0.000731232 0.027013279 0.994242847
1341846323.138158 0.020588895 -0.331468582 0.082500644 0.104570866 0.001052305 0.022805160 0.994255364
1341846323.174092 0.021455139 -0.338046968 0.091335669 0.102362059 0.000531554 0.023297271 0.994474232
1341846323.206059 0.029590365 -0.345332086 0.083062328 0.099126488 -0.000707795 0.020369474 0.994866073
1341846323.238053 0.033050273 -0.345744789 0.094357044 0.096991263 0.002550704 0.018283524 0.995113969
1341846323.273997 0.011565572 -0.343401968 0.083138213 0.093933962 0.003804947 0.018065820 0.995407224
1341846323.305946 0.019351834 -0.352828056 0.083127260 0.088525362 -0.000637686 0.018865563 0.995895088
1341846323.342027 0.049022108 -0.371985048 0.099251576 0.085981436 -0.000709672 0.017390272 0.996144712
1341846323.374048 0.022249397 -0.376374513 0.090399019 0.086242959 0.004560262 0.018665520 0.996088862
1341846323.405987 0.014460492 -0.389624745 0.095077477 0.086444430 0.000624022 0.024186941 0.995962858
1341846323.441956 0.027787272 -0.402002096 0.091118768 0.086882398 -0.004246343 0.025970444 0.995870948
1341846323.473878 0.027888447 -0.413258672 0.094158016 0.090816289 -0.002517565 0.024557047 0.995561659
1341846323.506129 0.022376595 -0.405507654 0.087331489 0.093846239 -0.002346469 0.021934651 0.995342255
1341846323.541972 0.032383543 -0.407440066 0.085620932 0.092307821 -0.002840071 0.019511266 0.995535314
1341846323.573913 0.054446969 -0.425032794 0.084657095 0.091084488 -0.000127532 0.014932373 0.995731235
1341846323.609927 0.039511010 -0.424616575 0.086685792 0.091973469 0.006953469 0.010607910 0.995680630
1341846323.642014 0.023070518 -0.430024654 0.087468937 0.091252439 0.009497658 0.010474343 0.995727420
1341846323.674081 0.022012699 -0.447604716 0.089360870 0.090502881 0.007779788 0.013476844 0.995774567
1341846323.710069 0.020255402 -0.459375858 0.087936841 0.091930330 0.006684666 0.017840471 0.995583177
1341846323.742111 0.022202063 -0.480762541 0.086748146 0.095373705 0.004579001 0.018897975 0.995251596
1341846323.774928 0.026335608 -0.479792237 0.082056902 0.098597333 0.002216986 0.016663315 0.994985402
1341846323.810012 0.029226825 -0.487537563 0.075690441 0.099741600 0.000843463 0.012943140 0.994928837
1341846323.842207 0.033826776 -0.491516531 0.069039643 0.099872291 0.000536837 0.008376492 0.994964838
1341846323.878019 0.023527844 -0.511299908 0.065642595 0.099910982 0.000475997 0.003761778 0.994989157
1341846323.909826 0.030581286 -0.515695214 0.064241827 0.104540199 -0.001789450 -0.000440432 0.994518995
1341846323.942459 0.026043599 -0.513885975 0.063140646 0.108672269 -0.001424779 -0.001419864 0.994075596
1341846323.978055 0.018431656 -0.528990448 0.043602630 0.109921783 -0.003844071 0.000372419 0.993932784
1341846324.015934 0.027551986 -0.521540284 0.061384521 0.114624932 -0.006542438 0.000310949 0.993387282
1341846324.047722 0.031220330 -0.517138243 0.059870996 0.118044056 -0.005292741 -0.000686289 0.992994070
1341846324.083904 0.031075846 -0.500504136 0.058877818 0.118595771 -0.003757557 -0.000820604 0.992935181
1341846324.115968 0.036211967 -0.500654638 0.051644497 0.116299517 -0.002463088 -0.002642234 0.993207633
1341846324.151967 0.041189395 -0.493184924 0.049070843 0.116314009 0.000246252 -0.007750017 0.993182242
1341846324.183941 0.027598698 -0.471245527 0.064157844 0.114505120 0.005352801 -0.012130124 0.993334174
1341846324.219984 0.024351310 -0.475030452 0.061954096 0.109796636 0.007037104 -0.010314329 0.993875682
1341846324.251968 0.026062444 -0.470154881 0.073368251 0.109440356 0.006743406 -0.010058968 0.993919611
1341846324.284052 0.020993279 -0.454940110 0.074171536 0.110439450 0.006494089 -0.011250993 0.993798018
1341846324.319880 0.010496553 -0.435966730 0.075110510 0.109840788 0.003665158 -0.011567539 0.993875146
1341846324.351917 0.019949941 -0.417115748 0.079127364 0.106986985 -0.000280538 -0.012638949 0.994180024
1341846324.388001 0.027863447 -0.408972949 0.076494940 0.102778114 -0.000530866 -0.016487468 0.994567513
1341846324.419908 0.022109529 -0.392417908 0.081381157 0.098479383 0.001779645 -0.019148262 0.994953215
1341846324.452027 0.018782113 -0.396636754 0.081627302 0.093299136 0.002249870 -0.019867830 0.995437324
1341846324.487928 0.015936734 -0.392648309 0.082439534 0.091606535 0.001947204 -0.017613161 0.995637596
1341846324.519985 0.003371741 -0.382103473 0.086950555 0.090493776 0.000534264 -0.013350013 0.995807350
1341846324.556001 0.001732310 -0.361875623 0.087844580 0.089359306 -0.004449765 -0.009068956 0.995948255
1341846324.587888 0.006312059 -0.347454578 0.089169428 0.086316794 -0.007821444 -0.006927120 0.996212959
1341846324.620086 0.006558853 -0.344524652 0.089387998 0.083631270 -0.010387848 -0.009453153 0.996397793
1341846324.655955 0.012337185 -0.331220388 0.089303449 0.082724139 -0.011724509 -0.010409439 0.996449113
1341846324.688082 0.010621412 -0.329412669 0.095037684 0.081799217 -0.011399255 -0.009833854 0.996535122
1341846324.755922 -0.009528005 -0.289477408 0.088051304 0.084216021 -0.013516305 -0.005940387 0.996338129
1341846324.814016 0.015772805 -0.248977289 0.082099147 0.079862326 -0.020802876 -0.007938251 0.996557176
1341846324.849979 0.001934648 -0.241533518 0.096150428 0.074036002 -0.016897086 -0.010683052 0.997055173
1341846324.881924 -0.005856070 -0.237478703 0.099911310 0.071174413 -0.017895916 -0.010937633 0.997243345
1341846324.913902 -0.001217130 -0.225542858 0.103306212 0.070395879 -0.019627420 -0.007888327 0.997294843
1341846324.949999 -0.002112162 -0.233656645 0.105600715 0.069657572 -0.019611187 -0.004483349 0.997368097
1341846324.981922 -0.011416669 -0.222510546 0.095964827 0.074686013 -0.021557767 -0.001025564 0.996973515
1341846325.018013 -0.013347375 -0.213347301 0.103702009 0.078700222 -0.026745139 0.001134602 0.996538877
1341846325.050079 -0.019535605 -0.195317805 0.102406576 0.081070825 -0.031197308 -0.000066858 0.996219993
1341846325.081901 -0.017779078 -0.175091118 0.100573167 0.080873653 -0.036770362 -0.002533744 0.996042669
1341846325.118531 -0.005011396 -0.158716828 0.096440151 0.077145435 -0.039002977 -0.004076525 0.996248364
1341846325.149933 -0.004645672 -0.161299631 0.100435868 0.070682995 -0.036819290 -0.005713003 0.996802688
1341846325.181925 -0.011276396 -0.153692201 0.101223178 0.067726523 -0.035230581 -0.003473108 0.997075677
1341846325.218055 -0.010775032 -0.145769149 0.103177547 0.065008335 -0.035186771 0.000475628 0.997264028
1341846325.249811 -0.016140461 -0.137964740 0.107265897 0.063040562 -0.034907237 0.004210807 0.997391403
1341846325.285925 -0.013631945 -0.125050873 0.111193813 0.060922652 -0.035616852 0.006953135 0.997482598
1341846325.317988 0.003598290 -0.130802602 0.108852811 0.057898339 -0.034454506 0.009867182 0.997678936
1341846325.349844 -0.003567390 -0.132749468 0.116725959 0.060801145 -0.029015046 0.011973836 0.997656226
1341846325.387302 -0.001278371 -0.119309552 0.119666256 0.065913863 -0.026646402 0.014509010 0.997363925
1341846325.417931 0.012239845 -0.118518636 0.122493654 0.068062462 -0.022624930 0.017836744 0.997264981
1341846325.450747 0.021852197 -0.126887754 0.121362887 0.071788825 -0.015043193 0.019759813 0.997110665
1341846325.485954 -0.001914158 -0.103823617 0.132106483 0.081670053 -0.006637141 0.021764938 0.996399641
1341846325.517875 -0.000599185 -0.091008723 0.128722355 0.085987769 -0.003742985 0.023727061 0.996006608
1341846325.553859 0.000537343 -0.085537046 0.127999693 0.088881716 -0.000244782 0.023228722 0.995771229
1341846325.585855 -0.005826260 -0.066505186 0.129396558 0.091839328 0.003137634 0.021430930 0.995538235
1341846325.617990 -0.008005036 -0.045479547 0.128055319 0.089573279 0.004966747 0.020212406 0.995762706
1341846325.653982 -0.009249223 -0.061138123 0.138682231 0.085764244 0.006671452 0.017185334 0.996144891
1341846325.685819 -0.012664035 -0.062836930 0.136605144 0.090704307 0.008565653 0.018105937 0.995676398
1341846325.717857 -0.018301560 -0.043376893 0.140674859 0.096091166 0.009761944 0.025148384 0.995006919
1341846325.754083 -0.026140476 -0.046440169 0.143219367 0.098290391 0.009998410 0.029407354 0.994672894
1341846325.786087 -0.016812235 -0.036510266 0.141625568 0.105350837 0.010173863 0.030695295 0.993909180
1341846325.821856 -0.018593634 -0.018712316 0.141659379 0.109594531 0.012085839 0.032256152 0.993379354
1341846325.853827 -0.028290622 -0.010273432 0.143983886 0.110557191 0.013141195 0.035541415 0.993147135
1341846325.885958 -0.045576014 0.000496363 0.140771434 0.110618144 0.011325692 0.041712604 0.992922664
1341846325.921984 -0.039443277 0.003109293 0.148195386 0.109427974 0.006958168 0.046442684 0.992884815
1341846325.953899 -0.025248852 0.006932154 0.153445750 0.112412624 0.006402506 0.048041780 0.992478907
1341846325.985823 -0.029362649 0.019046497 0.159438312 0.115455247 0.009315368 0.051544726 0.991930664
1341846326.021991 -0.035243243 0.019519791 0.158795834 0.117957227 0.009857657 0.056722891 0.991348267
1341846326.054055 -0.030444518 0.036449775 0.158685997 0.123648725 0.008939778 0.060797028 0.990421534
1341846326.089984 -0.024226001 0.055625580 0.155298367 0.126769945 0.010480247 0.059665687 0.990080595
1341846326.121822 -0.027367124 0.067719884 0.159311533 0.126484945 0.014644654 0.057656806 0.990183234
1341846326.154079 -0.032695040 0.068827525 0.167167395 0.126756683 0.017420519 0.056645188 0.990161896
1341846326.190178 -0.035866939 0.080941081 0.166817769 0.129380003 0.017040100 0.058838770 0.989701211
1341846326.222162 -0.041739170 0.101872414 0.168317854 0.129431844 0.015469994 0.064694606 0.989354670
1341846326.259181 -0.042252131 0.111139245 0.175242841 0.126126125 0.012780133 0.069069721 0.989524186
1341846326.322766 -0.037655607 0.133622348 0.178055733 0.119214647 0.012396649 0.066721842 0.990546465
1341846326.359773 -0.036177643 0.140348822 0.177010834 0.115220331 0.013760425 0.064916871 0.991120934
1341846326.392109 -0.029530482 0.131507128 0.185910866 0.112923019 0.014996639 0.066662483 0.991251528
1341846326.423985 -0.040759705 0.137257248 0.187809184 0.117212236 0.016842442 0.070570394 0.990453124
1341846326.459869 -0.040244438 0.154652566 0.186472982 0.119293511 0.013818642 0.076096252 0.989842176
1341846326.526163 -0.029063217 0.189973965 0.189220726 0.120495133 0.014729496 0.075356349 0.989740074
1341846326.560211 -0.033790033 0.193116814 0.197480202 0.115032822 0.019061457 0.075429626 0.990310311
1341846326.591828 -0.033763394 0.200847417 0.198329672 0.112074636 0.020992320 0.076978087 0.990491271
1341846326.627027 -0.031476781 0.215821892 0.198605284 0.112370260 0.022260372 0.076275438 0.990484476
1341846326.658442 -0.032191250 0.233401388 0.204518080 0.110480525 0.026251173 0.074420340 0.990740418
1341846326.694856 -0.038980309 0.247567728 0.210990131 0.107288525 0.029994106 0.074854016 0.990952253
1341846326.726206 -0.037174530 0.262035400 0.212637901 0.101742037 0.030791756 0.073407330 0.991620779
1341846326.762753 -0.031540345 0.274936408 0.209611833 0.095807269 0.032787405 0.070549123 0.992355168
1341846326.826821 -0.040877886 0.309869826 0.213585526 0.081493922 0.039249279 0.065853782 0.993721068
1341846326.858887 -0.040652122 0.309866011 0.229413003 0.073053308 0.040884353 0.063547559 0.994461358
1341846326.895360 -0.044010423 0.304759800 0.243217677 0.070348278 0.040850360 0.064839631 0.994574368
1341846326.926897 -0.048875730 0.313410401 0.245377272 0.072749041 0.037546150 0.066571921 0.994417429
1341846326.958888 -0.040221296 0.334947050 0.246537074 0.076134384 0.034581494 0.069469482 0.994073272
1341846326.994594 -0.038439918 0.339877337 0.234344080 0.076036364 0.035018921 0.071708128 0.993906498
1341846327.026301 -0.034172349 0.355441391 0.235563457 0.074496120 0.035821177 0.071150228 0.994034588
1341846327.063945 -0.034105536 0.357402325 0.241500914 0.071191922 0.038443170 0.068195440 0.994385839
1341846327.094662 -0.035243563 0.368439198 0.248250633 0.070792377 0.040923353 0.065416969 0.994502068
1341846327.128901 -0.033746600 0.378715307 0.255499840 0.070234619 0.040560160 0.064765133 0.994599104
1341846327.161940 -0.033911526 0.391034991 0.249469072 0.069118351 0.039332930 0.064226352 0.994761586
1341846327.193867 -0.017091751 0.401732653 0.273639798 0.068933696 0.039535098 0.062925704 0.994849443
1341846327.229885 -0.039319642 0.413141966 0.257316113 0.069317684 0.045389380 0.059008025 0.994813025
1341846327.262014 -0.043309465 0.435036629 0.228679925 0.068816625 0.050041642 0.052485205 0.994990170
1341846327.294023 -0.072782546 0.437755227 0.216288507 0.070675842 0.065458477 0.043057878 0.994417489
1341846327.330015 -0.097435221 0.460901976 0.206116408 0.074945047 0.078458197 0.039759103 0.993300915
1341846327.361939 -0.124741860 0.468090475 0.200693861 0.071392871 0.086327039 0.031323567 0.993211746
1341846327.393887 -0.153138652 0.470213145 0.193585843 0.068273276 0.092399940 0.022157632 0.993131459
1341846327.429966 -0.170804471 0.493823230 0.167862564 0.067391142 0.092774302 0.019839313 0.993205786
1341846327.461965 -0.193882480 0.497314215 0.159707487 0.058040965 0.091256864 0.017272275 0.993984461
1341846327.497931 -0.202541441 0.496873081 0.172307238 0.051811855 0.092343405 0.013773501 0.994282901
1341846327.530068 -0.241876647 0.497786283 0.172896653 0.048752300 0.099093512 0.015723484 0.993758738
1341846327.561895 -0.314955890 0.484594613 0.197381496 0.043449953 0.109931551 0.017498244 0.992834806
1341846327.598010 -0.338922828 0.490350038 0.198671877 0.045023214 0.110162154 0.021149123 0.992668092
1341846327.629945 -0.370724946 0.499736488 0.199505687 0.044541195 0.110300004 0.019918907 0.992699981
1341846327.662003 -0.360678583 0.505279660 0.199138731 0.044530530 0.105537944 0.015204713 0.993301332
1341846327.697919 -0.359396845 0.544614971 0.203818321 0.052057676 0.104715757 0.014456457 0.993033528
1341846327.730075 -0.400249779 0.545647323 0.201682389 0.044907507 0.110391699 0.015007986 0.992759645
1341846327.766017 -0.421043038 0.546118855 0.207094222 0.039333370 0.113827489 0.016148718 0.992590249
1341846327.797917 -0.426876724 0.553939760 0.200575441 0.033426724 0.113809034 0.021258064 0.992712557
1341846327.830054 -0.416337758 0.547625780 0.200499922 0.023983844 0.111971170 0.021397274 0.993191481
1341846327.865944 -0.383585244 0.585706174 0.208306283 0.025655400 0.108647011 0.020442886 0.993538976
1341846327.898010 -0.388444334 0.595458031 0.212534934 0.022840632 0.110417522 0.022272253 0.993373156
1341846327.929991 -0.388885230 0.602214873 0.214444965 0.017807314 0.109008215 0.020983916 0.993659794
1341846327.966065 -0.389281332 0.630509555 0.215185344 0.016529644 0.109159671 0.019389890 0.993697643
1341846327.998073 -0.348883390 0.616107941 0.209358051 0.006088475 0.103910722 0.015018784 0.994454563
1341846328.034045 -0.365296453 0.615720809 0.210417122 -0.001046030 0.107785374 0.012800336 0.994091213
1341846328.065993 -0.381686091 0.611322641 0.212344915 -0.007468069 0.111266695 0.013585844 0.993669629
1341846328.098045 -0.416524351 0.596263766 0.211602509 -0.010943331 0.116791956 0.016293084 0.992962420
1341846328.133967 -0.414865851 0.609530330 0.220232129 -0.004052795 0.116101116 0.018749103 0.993052185
1341846328.166023 -0.444386601 0.599366426 0.222017527 -0.006210832 0.117708489 0.020328486 0.992820680
1341846328.198018 -0.477962404 0.584613442 0.221905485 -0.008024275 0.118986115 0.023025734 0.992596447
1341846328.234044 -0.507216275 0.563556254 0.223270625 -0.007258414 0.120865956 0.023952411 0.992353261
1341846328.265899 -0.547601461 0.547633886 0.224015146 -0.006159221 0.125186622 0.025657309 0.991782308
1341846328.302051 -0.594059587 0.523516238 0.227663472 -0.005391823 0.130887210 0.029498555 0.990943670
1341846328.333917 -0.627100170 0.503691077 0.240722388 -0.001591235 0.135858089 0.034746643 0.990117550
1341846328.366008 -0.649162710 0.488530934 0.262309879 0.003997906 0.139442369 0.030244017 0.989760160
1341846328.402010 -0.682702839 0.463772953 0.274199575 0.017010553 0.146526203 0.027740588 0.988671422
1341846328.433920 -0.705060303 0.423616678 0.283195466 0.015687352 0.148773476 0.028501147 0.988335967
1341846328.470003 -0.747001529 0.400230080 0.298791111 0.013550576 0.153990090 0.024759825 0.987669170
1341846328.502194 -0.792784393 0.407873034 0.313161403 0.020873945 0.164318174 0.012934908 0.986101687
1341846328.534033 -0.851258636 0.396636158 0.330632389 0.022582753 0.178293988 0.004586086 0.983707368
1341846328.570125 -0.886290312 0.366116554 0.351820081 0.022239655 0.185175434 0.002760226 0.982449889
1341846328.602804 -0.924821615 0.349662066 0.366529435 0.029359769 0.187134683 0.003100452 0.981890500
1341846328.672663 -0.968164206 0.364878297 0.407404631 0.045976166 0.185534984 -0.002953643 0.981557071
1341846328.702975 -1.000254989 0.351730645 0.423122376 0.047696102 0.189407587 -0.007350990 0.980711877
1341846328.770129 -1.148379922 0.315414369 0.478375942 0.050229546 0.215534806 -0.020611661 0.974985600
1341846328.802331 -1.156677365 0.292436242 0.494332641 0.049231421 0.214284003 -0.023268793 0.975252390
1341846328.838051 -1.176339507 0.274846822 0.510938287 0.050958216 0.216508508 -0.027883433 0.974551141
1341846328.869939 -1.173202276 0.270742655 0.493658215 0.050414421 0.213556662 -0.028099727 0.975224257
1341846328.904486 -1.173027635 0.251185894 0.506918073 0.045505591 0.211612478 -0.026980648 0.975920796
1341846328.939814 -1.170879364 0.209660411 0.492768735 0.046057321 0.208171695 -0.027199596 0.976628602
1341846328.970217 -1.174887896 0.213015929 0.487601548 0.051326469 0.205902979 -0.024681678 0.976913691
1341846329.006232 -1.170878887 0.197513893 0.487007111 0.052748192 0.203386471 -0.019901024 0.977474034
1341846329.038243 -1.169459581 0.174276352 0.490546554 0.055577356 0.202732697 -0.020956781 0.977430999
1341846329.106125 -1.185949206 0.150837734 0.483326137 0.054787576 0.204598203 -0.023044344 0.977039874
1341846329.138340 -1.170132995 0.143842623 0.477499515 0.057354499 0.200904757 -0.024220726 0.977630317
1341846329.169991 -1.169443607 0.147746727 0.475610852 0.060524475 0.199357048 -0.025186710 0.977731645
1341846329.208656 -1.168369293 0.135592848 0.471976578 0.059956957 0.198048770 -0.026039565 0.978010118
1341846329.238169 -1.167018533 0.138006151 0.471013337 0.060516294 0.197138980 -0.025269035 0.978179693
1341846329.273827 -1.173816681 0.111526668 0.471559107 0.056036692 0.197143659 -0.023970444 0.978478253
1341846329.306052 -1.171385527 0.112667747 0.463291377 0.057367787 0.193899989 -0.023706710 0.979055524
1341846329.338104 -1.165557384 0.123706013 0.461596578 0.055487249 0.191874251 -0.027149465 0.979473472
1341846329.373907 -1.173462272 0.089140162 0.459186226 0.049322795 0.191975787 -0.028265806 0.979751825
1341846329.405985 -1.171125054 0.082337797 0.457247704 0.050102614 0.189896882 -0.031958863 0.980003834
1341846329.442057 -1.170997143 0.076734215 0.452602535 0.048386991 0.189169124 -0.035439536 0.980111122
1341846329.473950 -1.174545407 0.059089102 0.452232510 0.045119651 0.188166887 -0.040804062 0.980251193
1341846329.506147 -1.179097176 0.051011354 0.446032107 0.044786546 0.186519042 -0.042298831 0.980518043
1341846329.542121 -1.190354228 0.025379084 0.449939221 0.040168989 0.185326263 -0.042679340 0.980927706
1341846329.574086 -1.179578424 0.016069442 0.447856754 0.043539513 0.181321129 -0.043826066 0.981481671
1341846329.606387 -1.179465771 0.016469356 0.438426703 0.046301886 0.180397749 -0.045285203 0.981459141
1341846329.641955 -1.186289072 0.015249880 0.439917564 0.047109623 0.179780781 -0.044940490 0.981549740
1341846329.681570 -1.172770858 -0.003311847 0.439675331 0.045182057 0.174653456 -0.043490142 0.982630849
1341846329.748113 -1.167603493 -0.014662245 0.427150220 0.045792744 0.173678339 -0.046763293 0.982625067
1341846329.810175 -1.188629150 -0.032510802 0.439947724 0.045742679 0.180091918 -0.042646803 0.981659710
1341846329.842255 -1.194343805 -0.046989776 0.434848934 0.046483628 0.180289403 -0.040598642 0.981675506
1341846329.874044 -1.197739959 -0.054974720 0.433863431 0.048447724 0.180499673 -0.037383754 0.981669545
1341846329.910073 -1.195613980 -0.044645432 0.437254220 0.050918974 0.180092350 -0.034994405 0.981707394
1341846329.942009 -1.201218367 -0.037840031 0.438355654 0.049113125 0.180707037 -0.028883887 0.981885195
1341846329.978087 -1.201130986 -0.074637085 0.435721666 0.044138800 0.180164605 -0.026892006 0.982277632
1341846330.016305 -1.199633241 -0.064752154 0.428509533 0.046543192 0.180833578 -0.029944319 0.981955349
1341846330.048192 -1.204426169 -0.055873893 0.431510299 0.044137333 0.182750359 -0.027174322 0.981792092
1341846330.080418 -1.201148152 -0.089940451 0.436786652 0.036874231 0.182667062 -0.024056075 0.982188523
1341846330.115886 -1.204503536 -0.097571462 0.421048522 0.041762777 0.184023589 -0.024019366 0.981740415
1341846330.147839 -1.212203741 -0.077598855 0.419078439 0.046099450 0.184688687 -0.023439251 0.981435478
1341846330.181257 -1.213367939 -0.060401037 0.408773899 0.043581501 0.184199840 -0.020323947 0.981711745
1341846330.215852 -1.212563038 -0.082366139 0.410497963 0.035281740 0.185427308 -0.018210784 0.981855512
1341846330.247833 -1.218354702 -0.088683151 0.415012568 0.032968294 0.186533734 -0.019044438 0.981710494
1341846330.283913 -1.221006632 -0.072448179 0.408904314 0.030510487 0.185890853 -0.018010123 0.981931448
1341846330.316011 -1.223530054 -0.091052502 0.413082421 0.022741968 0.185784459 -0.016371321 0.982190847
1341846330.347868 -1.225560784 -0.104946770 0.414524436 0.019061478 0.184181944 -0.016725833 0.982564926
1341846330.383835 -1.218561530 -0.108900160 0.413571835 0.017185742 0.183068991 -0.015519627 0.982827306
1341846330.415934 -1.223662853 -0.124807462 0.420286208 0.015499529 0.184892654 -0.018762514 0.982457340
1341846330.452561 -1.228320599 -0.121450678 0.419190705 0.018661283 0.184258327 -0.019481001 0.982507527
1341846330.483903 -1.232973576 -0.116726279 0.417192161 0.019518508 0.182733253 -0.016763559 0.982825816
1341846330.515970 -1.236691952 -0.128647253 0.418810904 0.017792141 0.181140646 -0.013998889 0.983196557
1341846330.552099 -1.232798696 -0.130119309 0.426020443 0.020024808 0.179587513 -0.012786577 0.983455062
1341846330.583876 -1.236107469 -0.118870996 0.421914667 0.020576550 0.179389343 -0.012143794 0.983487964
1341846330.619992 -1.247542143 -0.110225752 0.420087487 0.016768055 0.179373831 -0.011628434 0.983569324
1341846330.652136 -1.239124537 -0.115008734 0.419607282 0.009831654 0.177016228 -0.011842217 0.984087586
1341846330.683796 -1.244243145 -0.120571561 0.418893695 0.004780187 0.177595735 -0.011529839 0.984024346
1341846330.719991 -1.256672859 -0.138844624 0.418367684 0.000940720 0.176508248 -0.010794145 0.984239519
1341846330.752103 -1.259786725 -0.143716618 0.412748545 0.003168569 0.172346160 -0.006556134 0.985009551
1341846330.787952 -1.273610353 -0.137420282 0.412662089 0.004962294 0.169043049 -0.003892067 0.985588491
1341846330.819823 -1.266469240 -0.136081666 0.407792002 0.004848302 0.163685486 -0.002474473 0.986497521
1341846330.852208 -1.268899679 -0.125759616 0.401724875 0.005310561 0.162125722 -0.001544689 0.986754596
1341846330.914111 -1.273054123 -0.115463652 0.395651281 -0.003440506 0.159196094 0.000282263 0.987240970
1341846330.949903 -1.277620912 -0.130248323 0.399201691 -0.007740350 0.158486754 0.001353526 0.987329841
1341846330.981986 -1.287931204 -0.129873604 0.395875335 -0.007116802 0.154798567 0.001816451 0.987918735
1341846331.014111 -1.284783483 -0.121679544 0.394088358 -0.006792210 0.150482476 0.002128978 0.988587022
1341846331.082139 -1.292697072 -0.125965342 0.392169923 -0.005943035 0.148174196 -0.001143658 0.988942742
1341846331.114334 -1.294428825 -0.123229913 0.391463667 -0.006219289 0.146073863 -0.001613981 0.989252806
1341846331.149989 -1.288078904 -0.127653703 0.396700382 -0.005791865 0.144466460 -0.002317132 0.989490032
1341846331.181954 -1.295800447 -0.128853247 0.392040312 -0.003104745 0.144481257 -0.004279270 0.989493370
1341846331.218151 -1.304528832 -0.113735877 0.383042186 -0.002169442 0.141613662 -0.002850711 0.989915490
1341846331.249914 -1.287796140 -0.128392577 0.386208057 -0.005761579 0.138815627 -0.003898672 0.990293801
1341846331.318141 -1.280847192 -0.120905921 0.390105158 0.004611921 0.147681221 -0.010674539 0.988966644
1341846331.349926 -1.265216827 -0.118892096 0.390228361 0.003947932 0.148172483 -0.010037183 0.988902688
1341846331.382003 -1.253590703 -0.155239701 0.366661966 0.003585496 0.155572504 -0.012901627 0.987733722
1341846331.418008 -1.262494564 -0.142932549 0.366315275 0.011885106 0.165040180 -0.013236830 0.986126363
1341846331.450327 -1.262862921 -0.124638356 0.388823658 0.015190531 0.168960854 -0.013161781 0.985417783
1341846331.486219 -1.263522744 -0.109020479 0.402403176 0.016566627 0.171904236 -0.013650684 0.984879732
1341846331.518344 -1.244792938 -0.110476129 0.400899053 0.015343282 0.171064422 -0.013892536 0.985042393
1341846331.550202 -1.231730103 -0.117408954 0.410683572 0.017133854 0.174693018 -0.015196351 0.984356582
1341846331.586139 -1.241536498 -0.101230972 0.419032246 0.020403080 0.177053124 -0.015899563 0.983861327
1341846331.617931 -1.234355330 -0.099170156 0.422713399 0.019628260 0.176741034 -0.015532284 0.983939052
1341846331.654027 -1.234563589 -0.114663877 0.429409385 0.019041035 0.180441767 -0.016462011 0.983263552
1341846331.686123 -1.242435098 -0.102691419 0.433818310 0.022415383 0.184027001 -0.015400719 0.982544839
1341846331.717954 -1.244511724 -0.087661609 0.439975351 0.020538548 0.183458179 -0.015395255 0.982692361
1341846331.754076 -1.227842927 -0.105481982 0.446886092 0.016746070 0.182901129 -0.015239722 0.982870519
1341846331.785920 -1.221777439 -0.104380406 0.458584249 0.019515138 0.185627952 -0.017628308 0.982268095
1341846331.818053 -1.221215010 -0.088246197 0.468914032 0.021296922 0.187500492 -0.017398819 0.981879473
1341846331.853849 -1.215151668 -0.097942837 0.480113924 0.019241018 0.187725171 -0.017697450 0.981873631
1341846331.885987 -1.201707959 -0.097213753 0.487600893 0.021930290 0.189369515 -0.020746104 0.981441736
1341846331.922014 -1.199994683 -0.087964393 0.496389538 0.024403036 0.192529187 -0.021986254 0.980741382
1341846331.954037 -1.188056111 -0.086444251 0.503920615 0.024713572 0.194619507 -0.021676758 0.980327785
1341846331.986135 -1.177135348 -0.099070467 0.516306818 0.026085081 0.199591547 -0.021439102 0.979297280
1341846332.022364 -1.184260011 -0.104586676 0.535780013 0.032230869 0.204939142 -0.023028495 0.977972806
1341846332.054175 -1.183377862 -0.090949811 0.551303864 0.040215533 0.205469593 -0.022653136 0.977574408
1341846332.086502 -1.168438911 -0.094509318 0.558427811 0.042516448 0.204007715 -0.019556604 0.977850080
1341846332.122051 -1.164933085 -0.087485880 0.568961382 0.044580128 0.204984441 -0.020817684 0.977527797
1341846332.153983 -1.172618985 -0.065376841 0.567105412 0.044793930 0.205397397 -0.023189975 0.977377951
1341846332.190165 -1.168857574 -0.061327770 0.585512340 0.038608655 0.204442382 -0.024148194 0.977818787
1341846332.254145 -1.155373096 -0.081985936 0.615510941 0.036721092 0.204260632 -0.025536172 0.977894187
1341846332.289948 -1.151220560 -0.075161532 0.629771173 0.039724171 0.203974739 -0.023680966 0.977883160
1341846332.322172 -1.146153450 -0.076971695 0.632322550 0.040666312 0.203166246 -0.021963755 0.978052795
1341846332.354003 -1.138995409 -0.089221358 0.646062791 0.040656287 0.205004975 -0.024965301 0.977597415
1341846332.390180 -1.140189528 -0.073225625 0.655800819 0.042947963 0.210054576 -0.029512785 0.976299942
1341846332.422055 -1.135555625 -0.066986471 0.670429707 0.041204352 0.212429792 -0.032042563 0.975781262
1341846332.458114 -1.129616737 -0.072449893 0.676688135 0.039343204 0.214383423 -0.036227353 0.975284278
1341846332.489993 -1.129858613 -0.063856527 0.689986706 0.041440886 0.216368154 -0.034269616 0.974829793
1341846332.522130 -1.133680940 -0.061006214 0.704546630 0.041839849 0.213342384 -0.028188512 0.975674033
1341846332.558114 -1.125313044 -0.065372385 0.707617998 0.042725656 0.207496941 -0.020752992 0.977081776
1341846332.589874 -1.111185670 -0.053233769 0.711791992 0.044338886 0.204205573 -0.016631057 0.977781951
1341846332.621889 -1.106809258 -0.042810120 0.719322383 0.040714290 0.204432860 -0.014835382 0.977921009
1341846332.658202 -1.108417511 -0.049869899 0.728343666 0.035653610 0.206094071 -0.016875299 0.977736831
1341846332.690001 -1.093203187 -0.047584634 0.735257149 0.034576993 0.205417320 -0.013264323 0.977973521
1341846332.726000 -1.094301343 -0.049367178 0.744812727 0.033993877 0.205072716 -0.010055618 0.978104532
1341846332.758386 -1.084242702 -0.048179455 0.748313367 0.034934767 0.201875716 -0.008630353 0.978749871
1341846332.789937 -1.074590683 -0.037876781 0.747900546 0.034917805 0.201993838 -0.010313611 0.978709757
1341846332.825925 -1.060312271 -0.039185598 0.766917586 0.032498077 0.204144850 -0.010228993 0.978347659
1341846332.857898 -1.058227420 -0.040344454 0.771800876 0.032973602 0.205481455 -0.012048239 0.978031158
1341846332.894069 -1.055755377 -0.024019083 0.781025648 0.034039952 0.205846280 -0.012652114 0.977910280
1341846332.926029 -1.048223972 -0.021964071 0.779340446 0.030703694 0.205550268 -0.012776058 0.978081346
1341846332.958015 -1.035204649 -0.025950357 0.795978487 0.026320128 0.208044037 -0.013790047 0.977668047
1341846332.994073 -1.032595158 -0.021216080 0.803109288 0.023764318 0.209647119 -0.015036145 0.977372587
1341846333.026545 -1.024623156 -0.022112790 0.807972074 0.020227607 0.210561186 -0.017240686 0.977219284
1341846333.057998 -1.016998529 -0.024688030 0.813966930 0.018827479 0.212713733 -0.017003115 0.976785183
1341846333.094024 -1.009201050 -0.024323277 0.819458961 0.020365320 0.213732600 -0.012756954 0.976596594
1341846333.126095 -1.002799273 -0.017953906 0.818397045 0.021740109 0.214725941 -0.011347350 0.976366460
1341846333.161973 -0.996352434 -0.011129007 0.823230088 0.021617329 0.217419103 -0.009567753 0.975792050
1341846333.195660 -0.994307101 -0.007759935 0.834116817 0.019897165 0.220202774 -0.008186360 0.975216806
1341846333.226331 -0.990138352 -0.005450552 0.836713254 0.018857539 0.220580563 -0.008258278 0.975151479
1341846333.262056 -0.988130927 0.003018271 0.836973488 0.016294921 0.221094951 -0.009656047 0.975068331
1341846333.294147 -0.983383298 -0.001459733 0.845559955 0.012178235 0.221229866 -0.009579599 0.975098550
1341846333.326100 -0.977333546 -0.001179919 0.850407183 0.010059120 0.219792694 -0.010745994 0.975435555
1341846333.362100 -0.978226304 0.010100666 0.846920371 0.007587923 0.219250575 -0.012603732 0.975557685
1341846333.394119 -0.989645183 0.000522598 0.855288684 0.002385621 0.220612869 -0.013255293 0.975268483
1341846333.429974 -0.972713947 0.005138814 0.854035258 0.002907685 0.216802835 -0.012395273 0.976132393
1341846333.462115 -0.989768505 -0.002199490 0.849580467 0.000996957 0.218590900 -0.012989508 0.975729644
1341846333.494040 -0.968498111 0.005866395 0.859595537 0.002501397 0.218000427 -0.016053978 0.975813389
1341846333.529953 -0.993117929 -0.003323338 0.852051973 -0.000015043 0.221543640 -0.018683741 0.974971473
1341846333.562063 -0.970803499 0.006793502 0.847458839 0.005241841 0.220137164 -0.013959789 0.975354970
1341846333.594090 -0.994602323 0.012038099 0.845816374 0.004256778 0.221526250 -0.013210164 0.975055635
1341846333.629994 -1.018267751 0.010581715 0.849367261 -0.000662070 0.221983775 -0.013870902 0.974951446
1341846333.662127 -1.041771293 -0.001163028 0.821526527 -0.006468670 0.220644772 -0.014840893 0.975219846
1341846333.697964 -1.062295675 -0.008576011 0.827500105 -0.009539583 0.224188358 -0.014495470 0.974391341
1341846333.730092 -1.106978059 -0.015920453 0.851234138 -0.013020142 0.233115241 -0.017870426 0.972197771
1341846333.762089 -1.134923697 -0.019192686 0.855042160 -0.013535720 0.238260940 -0.018478019 0.970931053
1341846333.798006 -1.152040720 -0.026771057 0.861256599 -0.014533212 0.241078734 -0.020297932 0.970184445
1341846333.830055 -0.980365455 -0.004764069 0.842269063 0.002186360 0.219605729 -0.012570620 0.975505233
1341846333.866045 -0.986672759 -0.002355630 0.840519190 0.003427865 0.221405417 -0.014149551 0.975073159
1341846333.897987 -0.990167439 -0.009406278 0.837410092 0.003826839 0.221427292 -0.015004757 0.975053906
1341846333.930099 -0.986915410 -0.014118873 0.831952095 0.005847890 0.220971093 -0.016154749 0.975129008
1341846333.965889 -0.993481994 -0.014387519 0.826823235 0.008033478 0.222163543 -0.017000021 0.974828124
1341846333.997985 -0.987625480 -0.019543577 0.820646882 0.010087620 0.221395656 -0.016945647 0.974984646
1341846334.030076 -1.003416419 -0.017921442 0.818063259 0.013463758 0.224448532 -0.017233875 0.974240541
1341846334.066000 -1.008041143 -0.022345858 0.811442137 0.014623343 0.224047497 -0.015858788 0.974339485
1341846334.097932 -1.004569292 -0.023539949 0.801552415 0.016280562 0.222742841 -0.016285926 0.974605203
1341846334.133884 -1.009174466 -0.027583536 0.799135089 0.016935291 0.223610610 -0.015912956 0.974401474
1341846334.166115 -1.027013183 -0.018830853 0.799941301 0.019130442 0.224594101 -0.015738172 0.974137485
1341846334.198072 -1.024746060 -0.023272309 0.791352510 0.018610971 0.221811950 -0.016647276 0.974769711
1341846334.234097 -1.022238612 -0.019756390 0.786314607 0.019403543 0.221385509 -0.017596554 0.974834502
1341846334.266045 -1.037345171 -0.025958467 0.786975861 0.018651860 0.224802420 -0.016681524 0.974083006
1341846334.297946 -1.043550491 -0.019131390 0.784096897 0.021214059 0.223035127 -0.014585341 0.974470437
1341846334.334036 -1.044199824 -0.013568011 0.779389024 0.022456255 0.220927656 -0.014525219 0.974923432
1341846334.365871 -1.051393867 -0.012247820 0.769587576 0.021878719 0.221569911 -0.016768420 0.974754810
1341846334.401845 -1.063705325 -0.013873661 0.772084355 0.020069892 0.223781511 -0.017557494 0.974274457
1341846334.433864 -1.074638009 -0.013329154 0.773025036 0.020933989 0.223649874 -0.016549552 0.974304140
1341846334.466105 -1.082979083 -0.010944815 0.773412883 0.021656305 0.223000631 -0.016560303 0.974436998
1341846334.502142 -1.097868919 -0.013053006 0.770593524 0.020121297 0.223576918 -0.015618605 0.974353373
1341846334.540153 -1.091658831 -0.004898980 0.764422536 0.021086935 0.220320120 -0.015749659 0.975072503
1341846334.602351 -1.114049911 0.000921852 0.750710547 0.015407812 0.218278021 -0.022415912 0.975507498
1341846334.670161 -1.121507049 0.001196356 0.740095079 0.009778423 0.215764359 -0.027368391 0.976012886
1341846334.702085 -1.126422286 0.003208004 0.736246347 0.009400548 0.213089868 -0.026383935 0.976631045
1341846334.734751 -1.128330588 0.001291442 0.723891377 0.009410989 0.209763199 -0.023733951 0.977418840
1341846334.770889 -1.122117519 0.009234824 0.715819001 0.011724143 0.205982998 -0.020036222 0.978280187
1341846334.802194 -1.129848242 -0.001616464 0.703705132 0.008939707 0.203426808 -0.019259540 0.978859901
1341846334.833908 -1.120897770 0.004647337 0.690419555 0.009184242 0.199605763 -0.020720646 0.979614139
1341846334.869874 -1.123664141 0.007382565 0.673505902 0.008107339 0.198547006 -0.020006193 0.979853630
1341846334.902006 -1.122531533 0.002895205 0.668838918 0.006087237 0.195732310 -0.018952690 0.980455339
1341846334.938010 -1.135623336 -0.022876436 0.642316997 0.000581895 0.193235710 -0.019270094 0.980962992
1341846334.970032 -1.127203465 -0.017845491 0.628651381 0.001705076 0.190592274 -0.019795289 0.981468201
1341846335.002203 -1.125234008 -0.017374581 0.611597538 0.003526054 0.189289674 -0.016841708 0.981770515
1341846335.037880 -1.174946308 -0.039029405 0.627511263 0.002442235 0.193518206 -0.016272744 0.980958700
1341846335.069990 -1.174037337 -0.035512824 0.616836190 0.002749224 0.190313369 -0.016697636 0.981577575
1341846335.106038 -1.174669147 -0.016668219 0.612508357 0.007052140 0.191101819 -0.020819342 0.981324077
1341846335.138045 -1.174564600 -0.002625541 0.600689888 0.011892212 0.190513507 -0.023465643 0.981332004
1341846335.169900 -1.177578807 0.003096110 0.591778100 0.012760135 0.187693894 -0.022914605 0.981877327
1341846335.206091 -1.180541635 0.001615584 0.580500484 0.011388235 0.185728535 -0.025755094 0.982197464
1341846335.239365 -1.182990789 -0.004749447 0.569518685 0.010447754 0.186762244 -0.028144024 0.981946349
1341846335.269948 -1.188582540 -0.004615656 0.565304756 0.011931723 0.187925518 -0.029027855 0.981681764
1341846335.305972 -1.200661659 -0.008749031 0.562311232 0.013537798 0.187114462 -0.029153438 0.981812119
1341846335.338012 -1.239234328 -0.020839361 0.549726784 0.011745016 0.189888835 -0.027260272 0.981356800
1341846335.374005 -1.235293269 -0.034609813 0.552469552 0.014471707 0.190678179 -0.027642673 0.981156588
1341846335.406025 -1.242163301 -0.041189302 0.529538155 0.021452332 0.193551466 -0.028805634 0.980432510
1341846335.438079 -1.248689651 -0.035076588 0.516514599 0.027385490 0.194278657 -0.026955683 0.980193496
1341846335.473998 -1.251372457 -0.031212386 0.505017161 0.030099515 0.195420533 -0.026013916 0.979912281
1341846335.507038 -1.255811453 -0.025888430 0.494190425 0.031233449 0.197916910 -0.027741922 0.979328215
1341846335.538040 -1.265797734 -0.019044511 0.487985462 0.030475704 0.200759932 -0.030062882 0.978704751
1341846335.574119 -1.274785399 -0.014791781 0.481914759 0.028419212 0.201105788 -0.028991049 0.978727937
1341846335.605970 -1.278924704 -0.023094792 0.473951340 0.026092619 0.200356901 -0.029539609 0.978929877
1341846335.641978 -1.279248595 -0.023163995 0.467058480 0.026732190 0.201155812 -0.032778356 0.978645623
1341846335.673993 -1.294505239 -0.020856395 0.455746591 0.026122849 0.202440172 -0.032334574 0.978412032
1341846335.706178 -1.300683737 -0.024114754 0.445634484 0.025499607 0.201064408 -0.030754391 0.978763044
1341846335.741982 -1.302026749 -0.027591452 0.433243066 0.025455432 0.200551391 -0.032004710 0.978829384
1341846335.773960 -1.311573744 -0.022147028 0.426890433 0.025783230 0.201514021 -0.032912273 0.978592932
1341846335.806271 -1.309257984 -0.015933763 0.423509330 0.024493866 0.200399905 -0.032864995 0.978856385
1341846335.842031 -1.310604811 -0.021765683 0.414875031 0.022326550 0.200937018 -0.031857304 0.978831410
1341846335.873966 -1.321298242 -0.022722956 0.410085380 0.022746684 0.203105584 -0.033423755 0.978321791
1341846335.910005 -1.337763309 -0.017197270 0.400576890 0.023225902 0.204231918 -0.032297064 0.978113890
1341846335.941936 -1.339803696 -0.021537706 0.390996754 0.021980437 0.201766431 -0.030148529 0.978722751
1341846335.974198 -1.343543887 -0.024405800 0.382518917 0.021294571 0.200853676 -0.031737234 0.978875399
1341846336.010032 -1.354232073 -0.023705712 0.370801508 0.020793442 0.201266870 -0.033086915 0.978756607
1341846336.042129 -1.364471316 -0.014013407 0.359409332 0.020470889 0.200312167 -0.032839786 0.978967547
1341846336.078076 -1.363472700 -0.023785857 0.359189749 0.019615073 0.197987154 -0.033497401 0.979435682
1341846336.110739 -1.369348049 -0.023759885 0.351402581 0.019427229 0.197754160 -0.035635423 0.979411006
1341846336.142002 -1.377976775 -0.018095627 0.352357447 0.020368807 0.198033020 -0.033728965 0.979403079
1341846336.183953 -1.391546011 -0.014808355 0.329206049 0.019513501 0.196058944 -0.034657497 0.979785144
1341846336.241891 -1.396582246 -0.013286646 0.322187006 0.017483821 0.195504278 -0.035591617 0.979900837
1341846336.277946 -1.407359242 -0.020524815 0.319597363 0.017672900 0.196323931 -0.033165868 0.979818642
1341846336.309977 -1.413919449 -0.020491172 0.312958747 0.020758860 0.193932533 -0.031159293 0.980300128
1341846336.346143 -1.415770888 -0.015027577 0.304252565 0.023071257 0.192250356 -0.030103851 0.980612695
1341846336.377975 -1.418789983 -0.013985273 0.300803006 0.023780506 0.192630395 -0.031101363 0.980490029
1341846336.410032 -1.424249768 -0.018404081 0.279193878 0.024888225 0.192624211 -0.029778674 0.980504811
1341846336.446041 -1.428254724 -0.012948202 0.273682594 0.024830300 0.192130208 -0.029761357 0.980603755
1341846336.477990 -1.430521131 -0.017945603 0.263657480 0.023323307 0.192016453 -0.029827276 0.980661035
1341846336.510056 -1.434394360 -0.020282317 0.263088703 0.023711912 0.192781821 -0.029455692 0.980512738
1341846336.546024 -1.435985327 -0.022828475 0.247317761 0.024644259 0.192105114 -0.027038688 0.980692148
1341846336.578003 -1.448871851 -0.004518427 0.253030896 0.025987478 0.193305627 -0.026970036 0.980423450
1341846336.614020 -1.443766832 -0.006707873 0.252884567 0.025146555 0.193397567 -0.027653458 0.980408251
1341846336.645982 -1.452061653 -0.005957978 0.229530782 0.024042277 0.194348112 -0.026455462 0.980280995
1341846336.678036 -1.461308122 -0.007596187 0.242062539 0.021912679 0.193343192 -0.025868211 0.980545282
1341846336.714024 -1.458353162 -0.019896118 0.246989101 0.022535266 0.190780357 -0.026146628 0.981025636
1341846336.746016 -1.464258313 -0.020480810 0.247425109 0.026360469 0.188377202 -0.023641059 0.981458247
1341846336.778014 -1.479889154 -0.010192139 0.238754451 0.030302707 0.185575545 -0.021405267 0.981929362
1341846336.820006 -1.475584865 -0.011516079 0.205406874 0.030837832 0.180814058 -0.018401535 0.982861459
1341846336.882056 -1.455546618 -0.016562441 0.122029632 0.032198738 0.175536916 -0.015331568 0.983826697
1341846336.914273 -1.401655793 -0.016292790 0.139924616 0.034911010 0.169928804 -0.017237313 0.984686911
1341846336.945998 -1.367631555 -0.014343010 0.109698862 0.040641252 0.161488175 -0.015726080 0.985912025
1341846336.981980 -1.346796036 0.010228932 0.080423594 0.044827431 0.157874018 -0.022422219 0.986186385
1341846337.014238 -1.308922410 0.017907854 0.057347506 0.041618001 0.153182551 -0.023916136 0.987031400
1341846337.046017 -1.266615033 0.021777023 0.044358075 0.038735539 0.150541618 -0.028071757 0.987445593
1341846337.082104 -1.260232449 0.027904259 0.020197779 0.037440024 0.149717838 -0.031519331 0.987516761
1341846337.114317 -1.234641194 0.024942294 0.019340724 0.035364371 0.146099061 -0.030901825 0.988154590
1341846337.150037 -1.209889293 0.028167192 0.016170084 0.033797309 0.143417194 -0.032133162 0.988562942
1341846337.181873 -1.188651323 0.033602379 0.007897586 0.033042513 0.142333418 -0.034779169 0.988655567
1341846337.214073 -1.170174837 0.038313773 -0.007306486 0.030614831 0.143300876 -0.037532978 0.988493204
1341846337.250087 -1.155465484 0.036547177 -0.015383095 0.027764952 0.141463444 -0.035704255 0.988909662
1341846337.282028 -1.137544155 0.035995886 -0.029405326 0.029237371 0.136034161 -0.031161333 0.989782214
1341846337.317920 -1.115312219 0.035908032 -0.031402379 0.029328758 0.133653328 -0.032156687 0.990072012
1341846337.350018 -1.110782504 0.034573987 -0.047782004 0.027695106 0.134200260 -0.032095894 0.990047038
1341846337.382159 -1.112761736 0.029152198 -0.046021760 0.024409465 0.134771675 -0.033502564 0.990009248
1341846337.417941 -1.114956141 0.022301318 -0.043965816 0.024896706 0.135292083 -0.032668114 0.989954054
1341846337.450137 -1.120275259 0.032003015 -0.055557996 0.026097488 0.133540183 -0.032380145 0.990170419
1341846337.482096 -1.117896557 0.029048992 -0.052894473 0.024548709 0.133361340 -0.031262457 0.990270019
1341846337.518008 -1.117838621 0.023784464 -0.048906058 0.025354581 0.132908419 -0.031223927 0.990311861
1341846337.549978 -1.121690631 0.033166897 -0.058804005 0.025833141 0.132274196 -0.032957274 0.990328252
1341846337.585971 -1.119781137 0.028120248 -0.055674851 0.022558965 0.131967649 -0.033353847 0.990435839
1341846337.617903 -1.116389394 0.015021399 -0.049329281 0.023071593 0.131074473 -0.032734551 0.990563273
1341846337.650141 -1.115845084 0.027179610 -0.057317644 0.026135914 0.130491793 -0.033798911 0.990528345
1341846337.686352 -1.115564823 0.031441834 -0.057515621 0.024616491 0.130840853 -0.033392351 0.990535021
1341846337.718002 -1.111470580 0.028569886 -0.051469922 0.022680411 0.131320462 -0.033006143 0.990530729
1341846337.749920 -1.106808543 0.031156387 -0.048309505 0.022537742 0.133066982 -0.033815242 0.990273595
1341846337.786157 -1.106249571 0.039407339 -0.048524439 0.020028165 0.136084870 -0.033384960 0.989931941
1341846337.817945 -1.101250172 0.031344324 -0.042317867 0.017516853 0.138014957 -0.031413719 0.989776850
1341846337.854071 -1.097689271 0.037329286 -0.042117804 0.016790397 0.141257703 -0.032097608 0.989309907
1341846337.885951 -1.099880934 0.044601686 -0.036796510 0.013796501 0.143970907 -0.033600051 0.988915086
1341846337.918223 -1.096226692 0.045306914 -0.031534702 0.009319399 0.145330340 -0.035342526 0.988707840
1341846337.954120 -1.089792132 0.041869357 -0.022994131 0.006936804 0.146602362 -0.035082508 0.988548875
1341846337.985994 -1.089017153 0.048707690 -0.021975666 0.004656360 0.147628829 -0.034650110 0.988424718
1341846338.018107 -1.081156015 0.045673437 -0.007780582 0.001181614 0.149467662 -0.033320423 0.988204300
1341846338.054055 -1.080052137 0.049736593 -0.011959374 -0.000957380 0.150814354 -0.033934310 0.987979054
1341846338.085986 -1.068372846 0.046691500 -0.002273172 -0.004301628 0.153550535 -0.032757301 0.987588346
1341846338.121875 -1.070381641 0.044647641 0.006917566 -0.005840760 0.156302974 -0.031091040 0.987202406
1341846338.154089 -1.068945289 0.044565491 0.012166858 -0.006177790 0.156961501 -0.027492283 0.987202644
1341846338.186029 -1.055991411 0.042670332 0.027569175 -0.007133363 0.156306997 -0.024750330 0.987372577
1341846338.222071 -1.054694176 0.051502082 0.025674105 -0.007727782 0.157601580 -0.025991686 0.987130463
1341846338.254107 -1.042357564 0.046065550 0.048854649 -0.009330662 0.159232184 -0.024871597 0.986883759
1341846338.290130 -1.043623567 0.044630881 0.044453174 -0.009028361 0.159165367 -0.022739926 0.986948729
1341846338.321952 -1.034210443 0.046904668 0.055557579 -0.008337670 0.159669295 -0.020724380 0.986917794
1341846338.354022 -1.033428669 0.046701465 0.066572070 -0.008912718 0.160697743 -0.021368627 0.986732066
1341846338.389969 -1.034742355 0.053567272 0.063534647 -0.009006304 0.161790013 -0.020787947 0.986565113
1341846338.422377 -1.025662899 0.051556494 0.080095500 -0.010800330 0.162203431 -0.020809013 0.986478806
1341846338.454010 -1.019464254 0.050719790 0.087612420 -0.012072851 0.161532968 -0.020766594 0.986574948
1341846338.489894 -1.014669895 0.049326822 0.098415807 -0.013596708 0.161313847 -0.020190250 0.986602902
1341846338.522066 -1.009182096 0.053452671 0.103503391 -0.012728008 0.161186546 -0.020907462 0.986620367
1341846338.558058 -1.009264469 0.058210023 0.108710766 -0.013551344 0.161498964 -0.021656262 0.986542165
1341846338.589842 -1.008063793 0.058318146 0.118706360 -0.015443769 0.161769167 -0.022227885 0.986457407
1341846338.622019 -0.993356109 0.055532731 0.131771401 -0.014559553 0.162085176 -0.020214239 0.986462295
1341846338.657984 -0.998883367 0.062617719 0.131088451 -0.013595433 0.162535295 -0.019054431 0.986425042
1341846338.690198 -0.988107979 0.067962430 0.140779376 -0.015232162 0.161390305 -0.019283039 0.986584663
1341846338.722454 -0.977532744 0.061445992 0.151695684 -0.016125165 0.162119836 -0.018473985 0.986466348
1341846338.757945 -0.985691726 0.066845983 0.153600350 -0.015655620 0.162970126 -0.017522687 0.986351132
1341846338.790039 -0.976424277 0.069670580 0.170000032 -0.017304249 0.160816371 -0.016408678 0.986696184
1341846338.826048 -0.958168507 0.064353079 0.178585678 -0.017563904 0.160488933 -0.017418304 0.986727655
1341846338.858027 -0.962690711 0.072629377 0.180883497 -0.017456710 0.162615061 -0.018827075 0.986355484
1341846338.889902 -0.956537664 0.070409082 0.192307711 -0.020238940 0.161723733 -0.018507952 0.986454904
1341846338.925948 -0.950997233 0.067846142 0.202811673 -0.021422081 0.162630841 -0.020653503 0.986238182
1341846338.958108 -0.942816019 0.068652645 0.210966229 -0.021178206 0.164112434 -0.021344393 0.985983253
1341846338.990057 -0.934579611 0.067339070 0.222655863 -0.020602569 0.163813725 -0.020184362 0.986069560
1341846339.025928 -0.921287715 0.065590709 0.236118823 -0.018604349 0.164182037 -0.019818457 0.986055493
1341846339.057939 -0.919397771 0.072657153 0.239196658 -0.015455851 0.166569874 -0.021512475 0.985673785
1341846339.093927 -0.921939731 0.077014439 0.244228452 -0.016303167 0.166530237 -0.020053843 0.985697567
1341846339.126562 -0.914568841 0.084470741 0.251851827 -0.018994713 0.165619165 -0.021099765 0.985781074
1341846339.157969 -0.899346352 0.082528867 0.264870495 -0.021873835 0.167387009 -0.021717459 0.985409319
1341846339.194113 -0.903865576 0.085556678 0.275363237 -0.023329921 0.169537276 -0.020653546 0.985031128
1341846339.228165 -0.899562716 0.089290969 0.279805452 -0.026229054 0.167712837 -0.018035753 0.985321879
1341846339.257998 -0.878487945 0.085933611 0.295104086 -0.028972920 0.167107180 -0.016220706 0.985379457
1341846339.294132 -0.877717793 0.090292282 0.300766796 -0.028472155 0.169971928 -0.015756926 0.984911501
1341846339.326577 -0.886188388 0.096870534 0.300692409 -0.031359408 0.169147655 -0.011601667 0.985023379
1341846339.362269 -0.879925728 0.092406847 0.305792838 -0.036732666 0.167223722 -0.014585328 0.985126495
1341846339.394725 -0.860683441 0.097174071 0.322094262 -0.036921319 0.167980418 -0.014331390 0.984994411
1341846339.462186 -0.848393500 0.094366863 0.336577028 -0.040789556 0.166749299 -0.013014093 0.985069275
1341846339.496743 -0.841516912 0.097631752 0.338846892 -0.037651137 0.170235768 -0.016585043 0.984544098
1341846339.562052 -0.836690009 0.096202724 0.358192205 -0.036029462 0.173825681 -0.014921929 0.984004021
1341846339.595122 -0.821183622 0.099567682 0.364516079 -0.033696506 0.173441187 -0.015777990 0.984141111
1341846339.632085 -0.817046940 0.098680720 0.369436234 -0.033020932 0.177037805 -0.018070744 0.983483970
1341846339.664568 -0.806874454 0.098286554 0.378187001 -0.033128370 0.179117233 -0.020215942 0.983061969
1341846339.698896 -0.801425457 0.092502192 0.386116952 -0.034092430 0.179884985 -0.020171471 0.982889712
1341846339.731977 -0.797388315 0.094771713 0.392432034 -0.033881247 0.180332944 -0.022801634 0.982757449
1341846339.762241 -0.791774869 0.093436964 0.400068551 -0.033539370 0.181610927 -0.022382850 0.982543409
1341846339.797873 -0.786451638 0.093733236 0.405432522 -0.033192825 0.181854859 -0.021402912 0.982531905
1341846339.830245 -0.780501544 0.093067996 0.413361818 -0.033353921 0.181376815 -0.021033520 0.982622802
1341846339.862015 -0.776941001 0.095246948 0.417325616 -0.033659171 0.181713298 -0.021541987 0.982539177
1341846339.897797 -0.767624736 0.092392720 0.422865003 -0.035048120 0.182298899 -0.021719102 0.982378244
1341846339.929916 -0.764502406 0.087215908 0.433070719 -0.035235625 0.183626935 -0.019697957 0.982166767
1341846339.961960 -0.757523060 0.086657800 0.438556731 -0.033885423 0.182723492 -0.019171424 0.982393146
1341846339.997845 -0.750261486 0.089691840 0.441930801 -0.032253612 0.183425322 -0.019913290 0.982302547
1341846340.029925 -0.746992707 0.086388767 0.443728983 -0.031470429 0.185822845 -0.018803613 0.981899142
1341846340.066044 -0.739438415 0.085495345 0.448545039 -0.028983761 0.186422661 -0.017594807 0.981884360
1341846340.098009 -0.736011147 0.090065777 0.455346406 -0.027450303 0.187051639 -0.017540302 0.981809795
1341846340.130102 -0.731549501 0.089273632 0.459717810 -0.028414546 0.186865658 -0.018417776 0.981801748
1341846340.166041 -0.724311411 0.084834784 0.461655676 -0.028209435 0.188526645 -0.020236582 0.981454253
1341846340.197867 -0.724374413 0.085910082 0.466429710 -0.026979070 0.191189066 -0.020367539 0.980970979
1341846340.229904 -0.720946312 0.090890653 0.475235820 -0.027609168 0.191305175 -0.020383839 0.980930448
1341846340.265859 -0.713780165 0.082690805 0.477338225 -0.029115105 0.191826820 -0.020722425 0.980777919
1341846340.298061 -0.708681464 0.086610548 0.486981988 -0.026452787 0.194161758 -0.021462584 0.980377913
1341846340.334063 -0.709883273 0.092068046 0.495680302 -0.026611552 0.194098115 -0.019296475 0.980431199
1341846340.366064 -0.700766802 0.086085618 0.496816397 -0.028993141 0.191460863 -0.019195961 0.980884135
1341846340.397995 -0.698610544 0.083660230 0.498020053 -0.027393663 0.191887692 -0.019718941 0.980836332
1341846340.433895 -0.694579482 0.087865539 0.505802989 -0.026364593 0.191767037 -0.019249003 0.980897427
1341846340.465959 -0.695132852 0.084263854 0.502313733 -0.025964370 0.189343482 -0.018076323 0.981401145
1341846340.501858 -0.676897049 0.089754239 0.506651759 -0.024466777 0.184228361 -0.017867677 0.982416451
1341846340.534329 -0.667453349 0.095262282 0.516343355 -0.023329519 0.182776079 -0.018886991 0.982696235
1341846340.566041 -0.655977964 0.095422298 0.534049153 -0.021689536 0.181190997 -0.020099364 0.983003259
1341846340.601909 -0.671417117 0.082883023 0.502259254 -0.020879101 0.181450382 -0.017531337 0.983022094
1341846340.634005 -0.662435234 0.089393616 0.504760206 -0.019519866 0.180202559 -0.018784909 0.983256400
1341846340.666028 -0.654504001 0.087089360 0.513000846 -0.020282067 0.180190042 -0.020452525 0.983209968
1341846340.701946 -0.645687878 0.087304160 0.527031541 -0.018367829 0.180968553 -0.023179669 0.983044088
1341846340.733954 -0.659015715 0.084506869 0.494085073 -0.018174937 0.183003590 -0.025068060 0.982624531
1341846340.770081 -0.653455496 0.086433940 0.497340143 -0.019036436 0.182983205 -0.027288629 0.982552826
1341846340.801980 -0.652071297 0.080956578 0.488396108 -0.020591669 0.183534905 -0.032859862 0.982248008
1341846340.833999 -0.660278678 0.084156223 0.484606236 -0.021107670 0.186575353 -0.036264472 0.981544197
1341846340.870013 -0.669622719 0.082165502 0.481369674 -0.023143651 0.187563002 -0.038170211 0.981237769
1341846340.901955 -0.667579412 0.077797592 0.479754508 -0.022695273 0.186979517 -0.038271751 0.981355608
1341846340.933918 -0.671017528 0.077827975 0.476568520 -0.020334627 0.186740294 -0.036376454 0.981525004
1341846340.970122 -0.681245089 0.078846343 0.465218157 -0.018387415 0.184543833 -0.032530777 0.982113659
1341846341.001922 -0.682240009 0.074746609 0.454389393 -0.016817903 0.180321470 -0.027634023 0.983075619
1341846341.037923 -0.679878950 0.076788478 0.456044853 -0.014799170 0.177832291 -0.024593320 0.983642101
1341846341.070300 -0.685028672 0.074217498 0.441442609 -0.014662446 0.176807225 -0.023860004 0.983846962
1341846341.102028 -0.667844415 0.082854897 0.475810587 -0.013578346 0.175110385 -0.023922015 0.984164476
1341846341.137982 -0.670226693 0.079898037 0.463867545 -0.013950887 0.172936112 -0.023963857 0.984542608
1341846341.170048 -0.668537498 0.078780442 0.462375879 -0.013363552 0.172439396 -0.022709420 0.984667599
1341846341.202110 -0.669350445 0.077314943 0.459388196 -0.011719044 0.172012642 -0.021489359 0.984790623
1341846341.237996 -0.667901158 0.077923328 0.457497925 -0.009774015 0.172041878 -0.021166084 0.984813690
1341846341.269883 -0.670427382 0.076715767 0.456064016 -0.008821141 0.172453567 -0.020969231 0.984754920
1341846341.306107 -0.674619555 0.078032464 0.453462422 -0.008288063 0.172285944 -0.022038493 0.984765530
1341846341.338109 -0.673179626 0.078488201 0.451897293 -0.007577356 0.172478929 -0.024132419 0.984688401
1341846341.370120 -0.674209893 0.076178804 0.449543834 -0.007836427 0.173562840 -0.026900701 0.984424114
1341846341.406074 -0.680015922 0.076385386 0.446000159 -0.007883104 0.174521953 -0.027318269 0.984242678
1341846341.438113 -0.678121567 0.071676739 0.449390531 -0.007049521 0.172373191 -0.027090227 0.984633923
1341846341.470024 -0.674859226 0.074380592 0.449345529 -0.004332104 0.171705768 -0.029584128 0.984694421
1341846341.506077 -0.680335402 0.078648262 0.444743574 -0.004315433 0.172905147 -0.030226648 0.984465122
1341846341.538156 -0.681064188 0.076009229 0.456225187 -0.005378871 0.171379477 -0.029641610 0.984744370
1341846341.574016 -0.680093527 0.075352505 0.449411929 -0.004330786 0.168888539 -0.028548060 0.985212088
1341846341.612466 -0.683393538 0.079678282 0.443714708 -0.003404840 0.168399066 -0.028143130 0.985311210
1341846341.643972 -0.686383367 0.079445727 0.441550612 -0.004706210 0.167359695 -0.029595187 0.985440373
1341846341.679982 -0.687439442 0.076630168 0.443365991 -0.005165306 0.166123077 -0.029400703 0.985653102
1341846341.712332 -0.691612601 0.078823544 0.442580700 -0.003807939 0.164326519 -0.026565773 0.986040890
1341846341.744185 -0.688952684 0.075936750 0.436961830 -0.003403853 0.162019089 -0.024323739 0.986481965
1341846341.780061 -0.689903021 0.079335816 0.439717352 -0.002349846 0.161709860 -0.023125822 0.986564577
1341846341.842595 -0.688045919 0.069931179 0.423959851 -0.000139084 0.160013616 -0.018264610 0.986945808
1341846341.906227 -0.690295219 0.066047437 0.421423405 0.003662644 0.159408331 -0.014004240 0.987106621
1341846341.942069 -0.690107405 0.059386004 0.415669352 0.006721131 0.159133941 -0.012038671 0.987160742
1341846341.974775 -0.691609144 0.063436769 0.416888773 0.010850929 0.159087434 -0.010996787 0.987143636
1341846342.010161 -0.694611728 0.065330334 0.418313861 0.011858266 0.158039287 -0.009753039 0.987313449
1341846342.042024 -0.685710788 0.054469708 0.411270797 0.012513511 0.156108305 -0.009095585 0.987618804
1341846342.080032 -0.687581301 0.061876230 0.410687387 0.015402084 0.158587083 -0.010145051 0.987172723
1341846342.112265 -0.692669690 0.057771385 0.414431512 0.015707720 0.159923747 -0.008145828 0.986970782
1341846342.147954 -0.691063344 0.053097125 0.414626777 0.017908832 0.158437997 -0.006707337 0.987183690
1341846342.179852 -0.690662444 0.054529440 0.405759364 0.021101255 0.158631146 -0.006046455 0.987093866
1341846342.211848 -0.689812064 0.057225022 0.408769011 0.022051543 0.159057796 -0.006113237 0.987004042
1341846342.247920 -0.689762890 0.052800652 0.408285141 0.022525715 0.159186766 -0.007561189 0.986962497
1341846342.279870 -0.688769460 0.054460764 0.404648304 0.024295410 0.159420580 -0.007359162 0.986884296
1341846342.316068 -0.689290166 0.053350970 0.401924908 0.025651583 0.159438714 -0.006312732 0.986854315
1341846342.347894 -0.687607825 0.054921523 0.400895178 0.026134942 0.159254700 -0.006519643 0.986869991
1341846342.379953 -0.688267350 0.052432142 0.400365531 0.025913769 0.159999296 -0.006643614 0.986754537
1341846342.416195 -0.689163923 0.053769544 0.403444827 0.027083619 0.160363093 -0.005530146 0.986670971
