1341846313.592026 0.000000000 0.000000000 0.000000000 0.000000000 0.000000000 0.000000000 1.000000000
1341846313.654184 0.007597510 -0.002461895 0.000418973 -0.001058695 -0.003195613 0.004945017 0.999982119
1341846313.686156 0.016017914 -0.000243804 0.007524597 0.000259215 -0.005759385 0.004585744 0.999972880
1341846313.721918 0.022436010 0.005184095 -0.000794224 0.000767161 -0.006771549 0.004939774 0.999964595
1341846313.753994 0.028172825 0.004861080 0.009982146 0.000360798 -0.007420968 0.006280341 0.999952674
1341846313.789969 0.036852151 0.004057982 0.009323931 0.001435129 -0.008347895 0.004603880 0.999953508
1341846313.822075 0.050279360 0.008938323 0.010474851 0.001901047 -0.008452833 0.003489137 0.999956369
1341846313.853928 0.058851819 0.004769392 0.009256034 0.000659732 -0.006582541 0.002834820 0.999974072
1341846313.890011 0.064397879 0.009552733 0.007424587 0.001003839 -0.004640986 0.004162341 0.999980032
1341846313.922055 0.073756330 0.015536860 0.002088557 -0.000460167 -0.005008774 0.005503391 0.999972165
1341846313.957927 0.098451160 0.012992707 -0.002153125 -0.002872761 -0.003163924 0.005160803 0.999977529
1341846313.990058 0.095166311 0.017511792 0.017754931 -0.003526754 0.004279630 0.007260809 0.999958277
1341846314.022042 0.094088018 0.020782920 -0.005649954 -0.005192875 0.006523394 0.007978030 0.999933422
1341846314.057816 0.110246435 0.018137176 0.009497558 -0.009179727 0.007785039 0.010285900 0.999874651
1341846314.089801 0.121443763 0.011810093 0.012003576 -0.009314885 0.012828847 0.010594284 0.999818146
1341846314.122037 0.126773089 0.026480952 0.004458787 -0.008523693 0.015956616 0.013616672 0.999743640
1341846314.157989 0.126247659 0.023502313 0.021571770 -0.011283649 0.020034283 0.013468594 0.999644876
1341846314.190094 0.131882891 0.026562870 0.026685026 -0.010493583 0.023833811 0.014369410 0.999557555
1341846314.225969 0.137799069 0.033389285 0.010382676 -0.012078026 0.025256881 0.017280672 0.999458671
1341846314.257923 0.143899694 0.028708367 0.020129338 -0.014483682 0.027198859 0.017418995 0.999373317
1341846314.290052 0.160556898 0.023413509 0.016820796 -0.013980339 0.026579881 0.017952587 0.999387681
1341846314.325981 0.159930989 0.029302364 0.009566111 -0.014298037 0.028307976 0.015517022 0.999376535
1341846314.357905 0.168243095 0.031688530 0.028819554 -0.014837136 0.031032480 0.012748518 0.999326944
1341846314.389899 0.171707913 0.038221095 0.033751138 -0.012234194 0.034139011 0.012177237 0.999268055
1341846314.427905 0.177830949 0.042475890 0.029511899 -0.011942575 0.035660364 0.011723573 0.999223828
1341846314.493987 0.193916827 0.019432675 0.010846538 -0.013591412 0.044257574 0.005073210 0.998914778
1341846314.526085 0.189009979 0.020252097 -0.007900253 -0.013384916 0.047406010 0.002018635 0.998784006
1341846314.558292 0.196083352 0.022651050 0.003922973 -0.014270148 0.050290320 0.001853441 0.998630941
1341846314.594085 0.207498059 0.022673698 0.008516388 -0.012750261 0.054157641 0.000897801 0.998450577
1341846314.626096 0.205436826 0.025196312 0.002602587 -0.012332815 0.058894984 0.002443405 0.998184979
1341846314.658455 0.222270399 0.025890049 0.006777303 -0.014242490 0.059603214 0.003692487 0.998113692
1341846314.694004 0.234960601 0.025539460 0.015372049 -0.013798621 0.062642917 0.000651289 0.997940421
1341846314.725910 0.229754865 0.007236169 0.013879811 -0.011999863 0.066784658 0.004245468 0.997686207
1341846314.761942 0.227224886 0.009440130 0.009273984 -0.008189406 0.067802124 0.008286809 0.997630775
1341846314.794030 0.233562112 0.010876019 0.009696573 -0.004848070 0.070042029 0.008826420 0.997493207
1341846314.826092 0.266760498 0.016294973 0.002931301 -0.002219107 0.070502400 0.012781747 0.997427225
1341846314.862145 0.279468596 0.018816439 0.006031472 -0.001841499 0.072935537 0.014244189 0.997233212
1341846314.894072 0.284864485 0.019361785 0.008032694 -0.002152277 0.077058971 0.016086612 0.996894419
1341846314.925969 0.288475811 0.021995837 0.004332576 -0.002097833 0.079854868 0.019670557 0.996610165
1341846314.961937 0.290841192 0.030490533 0.004958529 -0.004045201 0.080415621 0.023670122 0.996472120
1341846314.994564 0.300909013 0.026989209 0.003656689 -0.008031252 0.080371857 0.023850087 0.996447206
1341846315.029900 0.313502967 0.026476033 0.010081798 -0.008305892 0.082994379 0.020970860 0.996294737
1341846315.061965 0.310078979 0.024849383 0.010383837 -0.009014621 0.086262360 0.024954794 0.995919049
1341846315.094388 0.314978778 0.021671209 0.013043191 -0.009130060 0.085208982 0.025288707 0.996000290
1341846315.129851 0.327343643 0.023693351 0.009400703 -0.007041948 0.084279686 0.024742812 0.996110022
1341846315.161941 0.319631189 0.041433256 -0.006538447 -0.007321801 0.085496590 0.026204066 0.995966911
1341846315.197984 0.328514248 0.035624038 -0.001346905 -0.015057875 0.082626998 0.023529606 0.996188939
1341846315.230076 0.337395251 0.033902518 0.002898686 -0.018575804 0.081055202 0.020515174 0.996325314
1341846315.262069 0.339974642 0.035239179 -0.006361492 -0.021300944 0.078802742 0.021260187 0.996435881
1341846315.298000 0.351379007 0.031812731 0.010980029 -0.023421718 0.073954813 0.023824109 0.996701837
1341846315.329931 0.358782768 0.030221356 0.016495235 -0.020294875 0.072040237 0.025480485 0.996869624
1341846315.361981 0.364929318 0.020776715 0.018548425 -0.016156647 0.070814207 0.029713513 0.996915936
1341846315.397962 0.367866546 0.024084996 0.021446045 -0.013079587 0.071095876 0.032731283 0.996846497
1341846315.429923 0.376781166 0.021275030 0.025246859 -0.010561703 0.072362252 0.034473702 0.996726513
1341846315.466047 0.375100017 0.026770052 0.017907131 -0.008692386 0.076834515 0.034469146 0.996409953
1341846315.497883 0.374649853 0.022774549 0.015927512 -0.010425779 0.080246523 0.039033294 0.995955944
1341846315.530008 0.376081973 0.024193229 0.018395144 -0.010047567 0.081765398 0.040360693 0.995783389
1341846315.566108 0.383924365 0.023431903 0.014989220 -0.011025216 0.082463637 0.042109225 0.995643020
1341846315.597986 0.398653328 0.030768538 0.011501946 -0.010978839 0.082049049 0.042646468 0.995654881
1341846315.630109 0.394267499 0.031485572 0.015293941 -0.010837989 0.083938591 0.041689347 0.995539486
1341846315.666042 0.398661166 0.033321481 0.010494217 -0.011084310 0.085210986 0.039998908 0.995498002
1341846315.698114 0.411994338 0.045486256 0.007074192 -0.014641113 0.086468540 0.037218474 0.995451450
1341846315.733985 0.405628502 0.032242272 0.029033929 -0.018916804 0.090021148 0.039449211 0.994978428
1341846315.766041 0.390039206 0.033211131 0.021127015 -0.018497545 0.089839600 0.038642026 0.995034397
1341846315.798188 0.394029379 0.026855737 0.015608653 -0.020402780 0.088545278 0.039040141 0.995097637
1341846315.834140 0.397004247 0.022284601 0.018109314 -0.019913157 0.090264313 0.038911022 0.994958162
1341846315.866751 0.396615237 0.021384200 0.016520418 -0.017586689 0.091533400 0.038275007 0.994910717
1341846315.898492 0.387228757 0.020029217 0.016469218 -0.016322641 0.093265198 0.036922827 0.994822562
1341846315.936901 0.386023909 0.016525211 0.016767807 -0.014180951 0.094669759 0.036569841 0.994735718
1341846315.966572 0.378675908 0.018886546 0.013775706 -0.010360647 0.096485130 0.036412045 0.994614244
1341846316.034204 0.356569171 0.018713171 0.022593841 -0.006483109 0.098109163 0.033416040 0.994593322
1341846316.066113 0.352217793 0.018970801 0.028510727 -0.004039034 0.098120712 0.033422284 0.994604945
1341846316.101867 0.336158752 0.016817838 0.013986282 -0.003014714 0.098268732 0.034536935 0.994555831
1341846316.134066 0.337695748 0.023000136 0.015433244 -0.003196465 0.094035417 0.032803591 0.995023131
1341846316.202049 0.312358439 0.012622973 0.014581032 -0.003762734 0.091235898 0.028049055 0.995427072
1341846316.233979 0.312605500 0.012999351 0.005386252 -0.003245298 0.089484468 0.026337191 0.995634675
1341846316.270052 0.312288612 0.015147963 0.005898356 -0.004371319 0.090024911 0.023922106 0.995642543
1341846316.301915 0.298866868 0.006285236 0.008032512 -0.004823675 0.092148684 0.021406738 0.995503426
1341846316.334208 0.283389151 0.002780655 0.008105244 -0.003548693 0.092732750 0.022219447 0.995436788
1341846316.370006 0.287157416 0.001627655 0.007944327 -0.001699149 0.090056159 0.024277885 0.995639324
1341846316.401994 0.272704363 -0.000455990 0.007422384 0.000015117 0.090709381 0.025218710 0.995558023
1341846316.438069 0.270415097 0.000462262 0.012414448 0.002460564 0.089884810 0.027171662 0.995578408
1341846316.470076 0.264488339 -0.005322828 0.009854991 0.006541266 0.089003868 0.030259704 0.995550036
1341846316.502034 0.258715004 0.013579987 0.002958070 0.010526168 0.086661652 0.031431716 0.995686173
1341846316.537975 0.244578227 0.011509241 0.000558197 0.007700505 0.084460422 0.030215550 0.995938838
1341846316.570121 0.236161828 0.000564037 0.008595385 0.006250853 0.085031487 0.027198616 0.995987356
1341846316.601885 0.229345888 -0.000707023 0.011658840 0.008086202 0.084696069 0.025664743 0.996043384
1341846316.638009 0.217175201 -0.001517181 0.009939972 0.010604675 0.083882615 0.025978206 0.996080518
1341846316.669925 0.214322716 -0.004292106 0.005828295 0.012646029 0.082642950 0.026927173 0.996135116
1341846316.705941 0.211619496 -0.005387581 0.007782523 0.016840944 0.082242608 0.027387884 0.996093571
1341846316.738062 0.195441350 -0.003767171 -0.009043287 0.019205963 0.082800031 0.029993853 0.995929539
1341846316.770433 0.190054834 0.005105663 0.002075650 0.019243835 0.082147278 0.028783318 0.996018589
1341846316.805932 0.173486412 -0.010366431 -0.003028618 0.018385362 0.083016030 0.027848218 0.995989323
1341846316.838029 0.165029436 -0.003657114 0.006808789 0.020520058 0.082029976 0.029735127 0.995974839
1341846316.870034 0.153661653 -0.006816673 0.015714293 0.020571515 0.079092674 0.030471591 0.996189058
1341846316.906344 0.141520977 -0.005435508 0.012196360 0.021855997 0.077039324 0.028811866 0.996371984
1341846316.937940 0.142192245 -0.006400325 -0.003130477 0.021711761 0.074814841 0.027285608 0.996587634
1341846316.973994 0.133738920 -0.008393763 -0.006962283 0.020664670 0.073052898 0.027416553 0.996737003
1341846317.005913 0.128441438 -0.008182076 0.010455143 0.019336330 0.069977313 0.029328359 0.996929824
1341846317.037936 0.119734496 -0.013334654 0.011186754 0.019439749 0.067838483 0.027919788 0.997116089
1341846317.073972 0.121459499 -0.013862837 0.003823403 0.020594932 0.065039113 0.029650519 0.997229457
1341846317.106113 0.107524402 -0.015467168 0.007499680 0.023069156 0.064542241 0.032628033 0.997114599
1341846317.137887 0.102373138 -0.010335119 0.021034993 0.026955169 0.058622755 0.037490398 0.997211754
1341846317.173970 0.085926704 -0.009572858 0.012054157 0.027707519 0.052654892 0.038058668 0.997502565
1341846317.205887 0.075811550 -0.014588093 0.017012566 0.027108209 0.050278407 0.037497070 0.997662902
1341846317.248131 0.068716407 -0.013945416 0.015766397 0.028818259 0.047379684 0.040696535 0.997631431
1341846317.306289 0.050944112 -0.016217945 0.004103020 0.030113714 0.042128287 0.044531815 0.997664928
1341846317.348137 0.041236211 -0.021960979 -0.003704984 0.030598016 0.044011395 0.043692686 0.997605979
1341846317.410120 0.019539651 -0.017726995 -0.008107064 0.032451887 0.044384472 0.048572041 0.997305214
1341846317.442569 0.003405807 -0.031213827 -0.007037515 0.033024587 0.045894966 0.049137682 0.997190297
1341846317.474010 -0.006773484 -0.030709906 -0.004308223 0.038624939 0.046782788 0.052116893 0.996796548
1341846317.509927 -0.009195590 -0.018461131 -0.006020424 0.043435495 0.043860637 0.056889702 0.996470332
1341846317.542282 -0.010520604 -0.016585466 -0.009699998 0.042827372 0.040431004 0.058366369 0.996556342
1341846317.573943 -0.023131961 -0.030826777 -0.004536246 0.040379640 0.042878553 0.053484436 0.996830106
1341846317.610159 -0.032451015 -0.033055075 0.003375423 0.042945329 0.045129351 0.053933647 0.996599317
1341846317.643553 -0.035345983 -0.023943488 -0.001706327 0.046731465 0.043563329 0.058320004 0.996251583
1341846317.677993 -0.035998542 -0.022797665 0.004351023 0.047648419 0.039343625 0.061550785 0.996189356
1341846317.709996 -0.046730548 -0.017579587 0.023164822 0.050982162 0.037278589 0.058778841 0.996271133
1341846317.741834 -0.043777317 -0.007066684 0.023563759 0.052417438 0.035184044 0.059604645 0.996223748
1341846317.777923 -0.040695254 -0.003968111 0.029744329 0.051310074 0.032156806 0.061410684 0.996274054
1341846317.810021 -0.080059886 -0.016912282 0.007303853 0.049317554 0.034681201 0.058502104 0.996464968
1341846317.841886 -0.075398810 -0.008308391 0.017075932 0.049669754 0.032254241 0.058536455 0.996527016
1341846317.878017 -0.063351430 0.001030977 0.026171345 0.049146716 0.029614614 0.057778947 0.996679068
1341846317.909910 -0.103543840 -0.019920040 0.001270423 0.045187883 0.034997616 0.048722211 0.997175694
1341846317.946031 -0.101565272 -0.016870232 0.027139574 0.046754725 0.034900784 0.050684225 0.997009039
1341846317.978041 -0.100564308 -0.018532969 0.036096312 0.048856758 0.033061042 0.053529363 0.996822238
1341846318.009897 -0.104629099 -0.017375337 0.033822596 0.051329255 0.033147626 0.050713792 0.996842325
1341846318.045949 -0.102224350 -0.008772427 0.044126555 0.052539568 0.032987852 0.051812377 0.996728063
1341846318.078074 -0.130258486 -0.009716770 0.048037913 0.051819712 0.033805098 0.049690150 0.996846437
1341846318.109894 -0.143190965 -0.009450988 0.037637338 0.051492855 0.030213304 0.047354054 0.997092366
1341846318.145957 -0.143559068 -0.007346082 0.049548075 0.051078234 0.027758881 0.044515006 0.997315824
1341846318.178001 -0.137538224 -0.011369972 0.057172302 0.050010983 0.026881138 0.042858917 0.997466505
1341846318.214074 -0.154013947 -0.015027178 0.061821878 0.050466288 0.025814440 0.042758241 0.997476041
1341846318.245970 -0.172453076 -0.022910846 0.062071677 0.052773181 0.021634554 0.042305600 0.997475386
1341846318.278018 -0.171910360 -0.021699768 0.058387563 0.056695517 0.016283654 0.042380452 0.997358680
1341846318.313937 -0.214474782 -0.031219669 0.051760487 0.058316465 0.013674354 0.041739266 0.997331440
1341846318.345989 -0.232058972 -0.032289922 0.045124140 0.059562270 0.005891988 0.039476879 0.997426271
1341846318.382046 -0.224964336 -0.021651693 0.058134537 0.062111381 -0.002629025 0.039345842 0.997289896
1341846318.414072 -0.227608338 -0.024778316 0.054102875 0.063411914 -0.009664462 0.040245220 0.997128785
1341846318.446035 -0.219988212 -0.032611914 0.057384226 0.065406203 -0.017434407 0.041237824 0.996853828
1341846318.482196 -0.232972518 -0.022249613 0.060565583 0.067289114 -0.018742271 0.039774977 0.996764243
1341846318.514144 -0.237753615 -0.022543672 0.064213835 0.067721583 -0.020220309 0.041483194 0.996636391
1341846318.546259 -0.251941949 -0.029950608 0.073686369 0.068202257 -0.020011906 0.038239319 0.996737540
1341846318.582042 -0.247609526 -0.018605091 0.050712198 0.070528127 -0.021626724 0.039333612 0.996499360
1341846318.614115 -0.260391057 -0.017861182 0.048911475 0.070528746 -0.021494336 0.039681979 0.996488333
1341846318.650038 -0.269263029 -0.020594141 0.057040755 0.069621965 -0.021988060 0.037322130 0.996632516
1341846318.682350 -0.285488337 -0.019976350 0.054850772 0.069591902 -0.021714345 0.034252387 0.996750832
1341846318.714063 -0.282177359 -0.023413859 0.053229809 0.068702623 -0.024230521 0.035729174 0.996702671
1341846318.749905 -0.302461624 -0.025550887 0.047874000 0.068832144 -0.022543242 0.033011422 0.996827066
1341846318.782036 -0.317068517 -0.023370514 0.048852071 0.071586519 -0.022996744 0.038362265 0.996431053
1341846318.814121 -0.345082521 -0.020347625 0.063755333 0.071755655 -0.024731135 0.033212397 0.996562302
1341846318.850072 -0.324542522 -0.028369637 0.062037401 0.072783299 -0.034549665 0.039644398 0.995960474
1341846318.883516 -0.337961078 -0.035835251 0.046409152 0.074225985 -0.040529251 0.037392497 0.995715678
1341846318.918047 -0.392862260 -0.035036448 0.038897239 0.076391116 -0.046768975 0.030401696 0.995516360
1341846318.950044 -0.384009480 -0.036515258 0.033600062 0.078381553 -0.060318284 0.028469564 0.994689643
1341846318.982028 -0.386085629 -0.034226976 0.023737885 0.080298580 -0.064692140 0.026631480 0.994312763
1341846319.018123 -0.395608276 -0.032540120 0.011864755 0.080411851 -0.070642635 0.027382037 0.993878126
1341846319.050745 -0.398904264 -0.040746592 0.032647640 0.080507278 -0.076669052 0.024827953 0.993490815
1341846319.081905 -0.384028465 -0.040299412 0.048120730 0.086875603 -0.079067186 0.022598658 0.992819369
1341846319.117976 -0.394729018 -0.033605836 0.032769658 0.089264855 -0.077645488 0.028419564 0.992570043
1341846319.150093 -0.406523377 -0.034461856 0.033523411 0.091445193 -0.081549995 0.036144067 0.991806924
1341846319.186069 -0.399549425 -0.021408862 0.035917729 0.093847834 -0.083666585 0.036342300 0.991398871
1341846319.218149 -0.398758918 -0.001605608 0.030047145 0.091483414 -0.079119422 0.035524860 0.992022634
1341846319.250034 -0.418268830 -0.008869183 0.029576380 0.084932327 -0.071931235 0.033764474 0.993213117
1341846319.286594 -0.423566967 -0.015965521 0.040920142 0.082887068 -0.069217831 0.037846752 0.993431568
1341846319.318034 -0.426855475 -0.019635018 0.029035360 0.083066858 -0.069014966 0.041535780 0.993283272
1341846319.350268 -0.442604929 -0.026854079 0.058672588 0.083708502 -0.068436503 0.047066592 0.993022680
1341846319.386163 -0.460554332 -0.032790244 0.020551078 0.084160164 -0.071083203 0.055145930 0.992382586
1341846319.418386 -0.464368463 -0.023014572 0.004925869 0.085955590 -0.076541170 0.055318061 0.991812944
1341846319.453961 -0.464891583 -0.020716505 0.026870675 0.086788833 -0.079721726 0.052745987 0.991630018
1341846319.486271 -0.483702064 -0.019562850 0.021783769 0.085779227 -0.079040661 0.051843077 0.991819918
1341846319.554083 -0.493457705 -0.023345869 0.004342601 0.080375500 -0.084743649 0.050567385 0.991867542
1341846319.586296 -0.512244940 -0.027451903 0.005952053 0.080485992 -0.083441906 0.046423547 0.992171526
1341846319.622031 -0.529757380 -0.026898257 -0.015346661 0.079023220 -0.086206749 0.043232884 0.992196858
1341846319.653962 -0.528981507 -0.044989057 -0.005116045 0.077217668 -0.091855280 0.042631350 0.991858125
1341846319.686352 -0.535634935 -0.044895485 -0.012826689 0.078907877 -0.095510721 0.044736817 0.991286993
1341846319.721992 -0.545357585 -0.041634258 -0.016604550 0.079988085 -0.099322952 0.045455128 0.990792930
1341846319.754063 -0.554587185 -0.019868001 -0.008830667 0.078948788 -0.101171069 0.043980237 0.990755916
1341846319.786397 -0.553649664 -0.025570117 -0.007098928 0.073545992 -0.101873882 0.048180319 0.990904272
1341846319.822008 -0.570638180 -0.026680453 -0.019765213 0.070116498 -0.101470798 0.052433740 0.990978301
1341846319.853917 -0.577425838 -0.022399889 -0.016057529 0.065611266 -0.102586098 0.056231543 0.990963757
1341846319.889942 -0.584770620 -0.012077587 0.016357191 0.063101627 -0.103687786 0.061015584 0.990729094
1341846319.922039 -0.594281673 -0.022437515 0.007248893 0.062009461 -0.107537769 0.062711872 0.990281582
1341846319.953946 -0.586835802 -0.023388730 0.013986900 0.062405027 -0.114604332 0.060148656 0.989622951
1341846319.990054 -0.592402339 -0.019904010 0.011175931 0.065546736 -0.117154509 0.052339207 0.989565074
1341846320.028122 -0.590731859 -0.024242930 0.008099824 0.067237519 -0.120665625 0.051092770 0.989094734
1341846320.090047 -0.574790835 -0.012302689 0.020053178 0.073473275 -0.129306287 0.052106809 0.987505138
1341846320.122011 -0.559822977 -0.013831316 0.033243477 0.073927052 -0.127960429 0.053599548 0.987566710
1341846320.157952 -0.556945324 -0.009712370 0.033004969 0.074585669 -0.124923103 0.053145494 0.987930536
1341846320.190003 -0.550125837 -0.028252611 0.048024923 0.076690383 -0.121890143 0.052956000 0.988158464
1341846320.221941 -0.546587765 -0.026298203 0.043104440 0.080792643 -0.118284732 0.054402918 0.988191068
1341846320.258015 -0.532815993 -0.036485635 0.021833844 0.083527714 -0.117604069 0.057025813 0.987896979
1341846320.289887 -0.524152935 -0.063424110 0.031421110 0.087704360 -0.118298456 0.055739086 0.987525463
1341846320.321954 -0.511684716 -0.054863319 0.033555001 0.097626433 -0.119627818 0.055151802 0.986466706
1341846320.357890 -0.494585276 -0.046161458 0.039197728 0.103066005 -0.119871959 0.056804143 0.985789776
1341846320.390064 -0.476591706 -0.046572693 0.043462366 0.104676120 -0.116913609 0.057216622 0.985951543
1341846320.426544 -0.437688291 -0.044198744 0.028853349 0.106849834 -0.111121818 0.054013144 0.986568630
1341846320.458122 -0.430682868 -0.035277527 0.036185376 0.108613603 -0.103685878 0.050356720 0.987378597
1341846320.490186 -0.422276080 -0.040510163 0.046329178 0.111488052 -0.096501149 0.050508372 0.987778783
1341846320.525911 -0.410927385 -0.035447579 0.070131332 0.116191968 -0.090048768 0.049422547 0.987900853
1341846320.558091 -0.406229794 -0.027141409 0.086524345 0.117973953 -0.085835837 0.045593519 0.988248765
1341846320.594093 -0.396273464 -0.032661561 0.098754227 0.118926108 -0.081383772 0.042089604 0.988666654
1341846320.631955 -0.370698750 -0.033719167 0.055869762 0.120679505 -0.073317923 0.039570022 0.989189148
1341846320.664916 -0.362544596 -0.025508130 0.062332809 0.121297933 -0.071170576 0.038666222 0.989306033
1341846320.699927 -0.360446244 -0.033988096 0.067562193 0.121090688 -0.067212418 0.036062147 0.989706576
1341846320.731822 -0.330882460 -0.027977873 0.051743913 0.123156250 -0.061853487 0.035309747 0.989828229
1341846320.763877 -0.334241599 -0.003393617 0.045259710 0.122816123 -0.059865259 0.036243666 0.989958942
1341846320.799999 -0.306707650 -0.021463042 0.051733933 0.114046052 -0.062507659 0.030757781 0.991029859
1341846320.831871 -0.266119927 -0.033293281 0.054132469 0.114817783 -0.054971483 0.027544251 0.991481900
1341846320.863887 -0.296745479 -0.005984051 0.071499199 0.115911938 -0.042004906 0.025719119 0.992037535
1341846320.900014 -0.303217769 -0.024047263 0.036487442 0.107336953 -0.046616208 0.032430589 0.992599607
1341846320.931889 -0.275186718 -0.035231009 0.064798437 0.107758969 -0.047878534 0.031630110 0.992519617
1341846320.967866 -0.295009285 -0.008157541 0.013635870 0.108901225 -0.040098242 0.027184455 0.992871404
1341846321.000017 -0.273846030 -0.015336992 0.045305170 0.102760918 -0.040720392 0.025372526 0.993548334
1341846321.031860 -0.240160868 -0.022123329 0.059862211 0.100427881 -0.042472962 0.025128819 0.993719697
1341846321.068047 -0.222635075 -0.008796296 0.074294671 0.101879619 -0.039840069 0.022811674 0.993736863
1341846321.099840 -0.239044264 -0.015689071 0.042339724 0.098610118 -0.036498465 0.022503745 0.994201899
1341846321.131821 -0.230064809 -0.035653651 0.038893748 0.097579412 -0.034627881 0.023279211 0.994352639
1341846321.167887 -0.216192782 -0.026040178 0.046172939 0.101006113 -0.031186527 0.024817038 0.994087160
1341846321.200042 -0.215949088 -0.023861986 0.040074177 0.101417296 -0.028252186 0.023900468 0.994155467
1341846321.231950 -0.207759291 -0.032650393 0.033406343 0.100167319 -0.027270198 0.022697901 0.994337738
1341846321.267939 -0.183177829 -0.028125955 0.034105994 0.100608222 -0.026657186 0.019797457 0.994371891
1341846321.299948 -0.177189246 -0.028680537 0.051000033 0.099528022 -0.022089489 0.013644307 0.994695961
1341846321.331858 -0.172659934 -0.030731827 0.054407761 0.099761643 -0.019153319 0.010156707 0.994775116
1341846321.367913 -0.151577145 -0.035659268 0.055189379 0.100836158 -0.017610928 0.005695186 0.994730890
1341846321.399897 -0.148749471 -0.035740472 0.043987479 0.102724150 -0.011466061 0.003853884 0.994636357
1341846321.435994 -0.150425896 -0.037726406 0.046474282 0.103910394 -0.007234367 0.002602616 0.994556963
1341846321.467946 -0.138123274 -0.037928451 0.050553944 0.106064543 -0.005475934 0.003747265 0.994337082
1341846321.499882 -0.124013320 -0.037462242 0.049606103 0.107446723 -0.003083981 0.004420362 0.994196236
1341846321.536109 -0.094579630 -0.026017541 0.048726898 0.107633263 0.001365612 0.002009439 0.994187653
1341846321.568960 -0.119236626 -0.020224158 0.053860456 0.104735374 0.010437902 -0.002312572 0.994442642
1341846321.603938 -0.110073708 -0.025917707 0.059713986 0.101253033 0.012495620 -0.001754214 0.994780660
1341846321.637163 -0.059232041 -0.021915412 0.034499135 0.098646633 0.013800480 -0.001014721 0.995026290
1341846321.668306 -0.084748574 -0.021541763 0.042084675 0.094186686 0.024961691 0.001010031 0.995241106
1341846321.704411 -0.094548590 -0.024502203 0.059181210 0.090701684 0.027361849 0.008357088 0.995467067
1341846321.736861 -0.084463097 -0.021278072 0.062156267 0.089939870 0.024578178 0.016180048 0.995512426
1341846321.771881 -0.074368104 -0.003836705 0.065716431 0.088637255 0.024513125 0.021653417 0.995526850
1341846321.804114 -0.064221188 -0.008079217 0.058298685 0.084344439 0.026648406 0.024393607 0.995781541
1341846321.836152 -0.066813715 -0.002613891 0.072932050 0.081864037 0.029222347 0.023992185 0.995926082
1341846321.871882 -0.061579332 0.005423204 0.076507173 0.076742738 0.030369950 0.021130415 0.996364236
1341846321.904074 -0.052152157 0.010602005 0.089642882 0.071180046 0.031221308 0.018833507 0.996796846
1341846321.939847 -0.051503111 0.004053483 0.093187019 0.066593349 0.034513481 0.015842110 0.997057259
1341846322.004094 -0.059005409 -0.001576423 0.082143769 0.059288900 0.032986209 0.016206905 0.997564077
1341846322.066178 -0.042479254 -0.013757995 0.081389986 0.053867023 0.037702948 0.011364974 0.997771382
1341846322.107979 -0.042579249 -0.029877603 0.081977338 0.050769176 0.039568577 0.010688188 0.997869015
1341846322.166164 -0.041469049 -0.050846968 0.076261207 0.053691983 0.039189581 0.011118681 0.997726262
1341846322.202932 -0.041385923 -0.055086963 0.074331954 0.055218775 0.036921665 0.010986746 0.997730911
1341846322.234093 -0.040004149 -0.053853720 0.074165836 0.054262914 0.035019234 0.009683139 0.997865438
1341846322.265941 -0.034534011 -0.071979143 0.072283484 0.051115170 0.032025240 0.009979685 0.998129249
1341846322.301996 -0.026827235 -0.084788956 0.070336215 0.049099062 0.029869430 0.010769336 0.998289108
1341846322.333949 -0.033072859 -0.100497238 0.070713349 0.047773093 0.028253390 0.010678588 0.998401403
1341846322.369871 -0.026774984 -0.115515299 0.074904166 0.048673417 0.022500727 0.008013268 0.998529136
1341846322.402292 -0.010232068 -0.127724662 0.081069782 0.050256334 0.022993283 0.002506219 0.998468518
1341846322.433955 -0.025819931 -0.147940651 0.090779662 0.054812003 0.025507923 -0.002320379 0.998168170
1341846322.470030 -0.027407296 -0.163595006 0.089146063 0.063049503 0.021354580 0.000933855 0.997781456
1341846322.502433 -0.012371014 -0.181547120 0.072233811 0.068306081 0.017112643 0.004346732 0.997508168
1341846322.534002 -0.011160332 -0.187203184 0.077487200 0.077214263 0.016989827 0.006225915 0.996850312
1341846322.570196 -0.014101828 -0.191261008 0.073884770 0.087583974 0.016892811 0.008272788 0.995979548
1341846322.601920 -0.018918576 -0.206267625 0.068587199 0.092417605 0.014215447 0.012118798 0.995545089
1341846322.638119 -0.008835544 -0.217738286 0.076046593 0.097528823 0.010850801 0.010813923 0.995114803
1341846322.669947 0.001550964 -0.226297215 0.074703068 0.102174722 0.013482055 0.009854565 0.994626284
1341846322.702026 -0.005956100 -0.241486996 0.076432846 0.104601808 0.015550493 0.012451610 0.994314671
1341846322.738006 -0.003893796 -0.237285331 0.080899253 0.106543884 0.012417549 0.013953294 0.994132519
1341846322.770087 0.006078192 -0.260314107 0.078780368 0.105699532 0.012727238 0.013949090 0.994218826
1341846322.806047 0.001523360 -0.271022797 0.077487990 0.109116837 0.012548306 0.016001809 0.993820906
1341846322.838063 0.000511698 -0.275969118 0.075224862 0.111082032 0.007998139 0.018060220 0.993614972
1341846322.870081 0.008209657 -0.290559947 0.080745570 0.112965778 0.002559626 0.019089656 0.993412137
1341846322.906018 0.017164435 -0.294854969 0.086298659 0.117872894 0.000741243 0.019392902 0.992839038
1341846322.938349 0.018195288 -0.282036215 0.087364092 0.118947640 0.001564599 0.020813523 0.992681146
1341846322.970069 0.017779546 -0.285409987 0.093045242 0.114373617 0.001231631 0.022949386 0.993171930
1341846323.011820 0.024129044 -0.302051544 0.091473110 0.111260958 0.001328055 0.023503125 0.993512392
1341846323.073951 0.023705136 -0.303091466 0.092546225 0.108577691 0.000941279 0.027834445 0.993697762
1341846323.105962 0.023448471 -0.321067661 0.092726499 0.105299540 0.001262674 0.027376898 0.994062781
1341846323.138158 0.023130158 -0.321912795 0.096442148 0.106156394 0.001311422 0.023500266 0.994070828
1341846323.174092 0.019466514 -0.327830702 0.094949976 0.103675537 0.000967680 0.022166826 0.994363666
1341846323.206059 0.027910555 -0.333877802 0.091998301 0.100561969 0.000110704 0.019607613 0.994737566
1341846323.238053 0.030800147 -0.337298304 0.094295293 0.097997531 0.003046151 0.018077869 0.995017767
1341846323.273997 0.013268198 -0.335719705 0.091004141 0.094372511 0.004078086 0.018970320 0.995347798
1341846323.305946 0.020026794 -0.347132891 0.094502330 0.088680975 -0.000355890 0.020230293 0.995854557
1341846323.342027 0.044689551 -0.361660659 0.102849916 0.086668149 0.000280745 0.017850999 0.996077240
1341846323.374048 0.019704614 -0.371177465 0.101876214 0.086804815 0.005320065 0.018938527 0.996031106
1341846323.405987 0.006222717 -0.380885869 0.087685883 0.086810164 0.001690839 0.024518808 0.995921671
1341846323.441956 0.024527928 -0.392609835 0.093803108 0.087461829 -0.003357876 0.026939876 0.995797873
1341846323.473878 0.025537953 -0.405371845 0.091622055 0.091327943 -0.001770875 0.025153648 0.995501578
1341846323.506129 0.022016736 -0.398188621 0.088109583 0.094155036 -0.001770295 0.022894181 0.995292664
1341846323.541972 0.029789304 -0.399494588 0.089918539 0.092703499 -0.002215401 0.020701945 0.995476007
1341846323.573913 0.053135980 -0.416666955 0.078151211 0.091520198 0.000481283 0.015517361 0.995682180
1341846323.609927 0.038187820 -0.412356138 0.094550602 0.092709735 0.007746472 0.011919612 0.995591700
1341846323.642014 0.025716804 -0.420305133 0.096229181 0.091677822 0.009973966 0.012847799 0.995655894
1341846323.674081 0.025219932 -0.431065440 0.096486501 0.091589808 0.008135743 0.015197683 0.995647609
1341846323.710069 0.028813582 -0.450924188 0.094481789 0.092557326 0.006627934 0.019149445 0.995501161
1341846323.742111 0.028011503 -0.464049220 0.093082011 0.096865214 0.004631180 0.019969199 0.995086372
1341846323.774928 0.029794907 -0.461883515 0.086571552 0.100194022 0.002179730 0.017516047 0.994811356
1341846323.810012 0.029354481 -0.467326403 0.084601335 0.101462729 0.001163573 0.013915810 0.994741321
1341846323.842207 0.033875473 -0.472961932 0.073616095 0.102477849 0.001167189 0.008773609 0.994695902
1341846323.878019 0.026821773 -0.481576920 0.085103326 0.103649057 0.000862176 0.004725488 0.994602323
1341846323.909826 0.025467187 -0.494527102 0.084112458 0.106594287 -0.000766491 0.000254875 0.994302273
1341846323.942459 0.024194872 -0.496531248 0.081369959 0.110228255 -0.000755149 0.000204234 0.993905962
1341846323.978055 0.016208056 -0.499628186 0.077329658 0.112611473 -0.003202509 0.001879893 0.993632138
1341846324.015934 0.026778832 -0.497192502 0.080223031 0.116764970 -0.005902923 0.001460458 0.993140936
1341846324.047722 0.029117702 -0.491173983 0.080746531 0.120257638 -0.004474357 0.000793915 0.992732286
1341846324.083904 0.028128672 -0.477968007 0.078537032 0.120758027 -0.002975964 -0.000312979 0.992677450
1341846324.115968 0.031615719 -0.479836047 0.070641264 0.118149355 -0.001433311 -0.001479962 0.992993712
1341846324.151967 0.037129447 -0.466142088 0.075558759 0.118304223 0.001174045 -0.005957033 0.992958844
1341846324.183941 0.027507924 -0.460683703 0.081333421 0.115659237 0.005935624 -0.010554458 0.993215144
1341846324.219984 0.023972698 -0.456175476 0.085462742 0.111298032 0.007764914 -0.008914461 0.993716717
1341846324.251968 0.020954506 -0.453208089 0.088938974 0.110791579 0.007944765 -0.009540426 0.993766129
1341846324.284052 0.017388942 -0.440225720 0.092358731 0.111599647 0.007305017 -0.010083960 0.993675232
1341846324.319880 0.013929553 -0.428168118 0.084021203 0.110313945 0.003945079 -0.010700737 0.993831336
1341846324.351917 0.020501938 -0.408795089 0.086132459 0.107855827 0.000199845 -0.011460090 0.994100451
1341846324.388001 0.029571448 -0.400397658 0.085126087 0.103345044 -0.000143500 -0.015769454 0.994520545
1341846324.419908 0.021791592 -0.384817123 0.091186874 0.098871335 0.002607069 -0.018674267 0.994921565
1341846324.452027 0.017096311 -0.387002528 0.093361527 0.093982480 0.002949475 -0.018608324 0.995395541
1341846324.487928 0.015021628 -0.381277114 0.094196633 0.092468470 0.002663271 -0.016600398 0.995573640
1341846324.519985 0.002886256 -0.366242707 0.100948885 0.090890609 0.001099986 -0.012464975 0.995782256
1341846324.556001 0.005248374 -0.345607013 0.104137190 0.089828588 -0.004159067 -0.008451373 0.995912671
1341846324.587888 0.007906174 -0.334313154 0.103412881 0.086555190 -0.007337798 -0.006207224 0.996200681
1341846324.620086 0.008890055 -0.331248194 0.104233623 0.084142163 -0.009946336 -0.008833929 0.996364951
1341846324.655955 0.011716616 -0.317721754 0.104573011 0.082998626 -0.011049393 -0.010012585 0.996438086
1341846324.688082 0.009445417 -0.313564152 0.108591534 0.082579859 -0.010701355 -0.009137731 0.996485054
1341846324.755922 -0.014226625 -0.272536278 0.111560389 0.084888741 -0.012972417 -0.005294107 0.996291935
1341846324.814016 0.009202654 -0.237941787 0.101974353 0.080304705 -0.019719519 -0.008421146 0.996539712
1341846324.849979 -0.004064980 -0.229964852 0.110325262 0.074445337 -0.015815489 -0.011055599 0.997038364
1341846324.881924 -0.016234122 -0.226339445 0.118436977 0.071423627 -0.016374255 -0.011319722 0.997247398
1341846324.913902 -0.009470643 -0.219501451 0.115662716 0.070275113 -0.018165763 -0.008078311 0.997329473
1341846324.949999 -0.007878764 -0.222592369 0.119354919 0.070741236 -0.018347789 -0.005306204 0.997311831
1341846324.981922 -0.019104144 -0.213814899 0.128228635 0.075234547 -0.020503875 -0.000968126 0.996954560
1341846325.018013 -0.020378806 -0.198921025 0.124113753 0.080017038 -0.025558641 0.000955792 0.996465325
1341846325.050079 -0.026722044 -0.183363199 0.117585644 0.082023308 -0.030332586 -0.000270442 0.996168673
1341846325.081901 -0.021540565 -0.166335315 0.112774268 0.081387863 -0.035828207 -0.002572725 0.996034980
1341846325.118531 -0.009470093 -0.141105488 0.112107679 0.078132577 -0.037858110 -0.005344416 0.996209562
1341846325.149933 -0.016558655 -0.154880360 0.111725293 0.071187042 -0.035000447 -0.006510231 0.996827424
1341846325.181925 -0.022159815 -0.146932855 0.112196654 0.068196036 -0.033747535 -0.003906111 0.997093320
1341846325.218055 -0.020427747 -0.141903520 0.110957153 0.065139942 -0.033742722 0.000274060 0.997305453
1341846325.249811 -0.022273267 -0.135661677 0.117497131 0.063193753 -0.033722781 0.003777571 0.997424185
1341846325.285925 -0.020207951 -0.123973854 0.120690040 0.060894277 -0.034359787 0.006437672 0.997531891
1341846325.317988 -0.006569661 -0.121998690 0.123217650 0.058908109 -0.032648776 0.009176832 0.997687221
1341846325.349844 -0.014399223 -0.125495106 0.125139236 0.061634593 -0.027267415 0.010924629 0.997666419
1341846325.387302 -0.014231930 -0.111497857 0.130381584 0.066661470 -0.024450492 0.013958861 0.997378349
1341846325.417931 0.008525589 -0.109541669 0.135269627 0.068725422 -0.021360898 0.018301299 0.997238994
1341846325.450747 0.007488895 -0.108631618 0.144239664 0.073032185 -0.013150794 0.020549957 0.997031093
1341846325.485954 -0.005923125 -0.085542843 0.135390088 0.082735479 -0.005454725 0.021903958 0.996315897
1341846325.517875 -0.007474754 -0.076197438 0.131360367 0.086348221 -0.002850776 0.024547504 0.995958447
1341846325.553859 -0.008182274 -0.073230714 0.146632999 0.089830942 0.000688808 0.023264365 0.995685041
1341846325.585855 -0.016326983 -0.054989547 0.148019016 0.092859074 0.004427366 0.020502105 0.995458305
1341846325.617990 -0.021368528 -0.038615938 0.141235620 0.089767046 0.006634478 0.019142227 0.995756686
1341846325.653982 -0.023237037 -0.055801664 0.149351940 0.085903153 0.008555844 0.016061110 0.996137261
1341846325.685819 -0.021493282 -0.054439701 0.147059187 0.091098353 0.009616499 0.017426195 0.995642960
1341846325.717857 -0.027615815 -0.036762051 0.149825871 0.096423283 0.011099167 0.024298068 0.994981885
1341846325.754083 -0.030806173 -0.038211089 0.151432827 0.098905101 0.011374497 0.028144635 0.994633734
1341846325.786087 -0.026060823 -0.032396644 0.153053880 0.105334982 0.011333376 0.030011926 0.993919194
1341846325.821856 -0.027425896 -0.007275403 0.155574456 0.110609770 0.013056460 0.031392809 0.993282199
1341846325.853827 -0.037698433 -0.000884067 0.157551289 0.111444049 0.014313724 0.034613572 0.993064582
1341846325.885958 -0.043108821 0.009612363 0.152283341 0.111398406 0.011724696 0.041003514 0.992860317
1341846325.921984 -0.037317533 0.015646495 0.160885826 0.110643685 0.007248001 0.045533258 0.992790103
1341846325.953899 -0.025905592 0.018341210 0.164920375 0.113546468 0.007027679 0.047031045 0.992394030
1341846325.985823 -0.031281829 0.032164764 0.167317823 0.116689898 0.010254957 0.050739229 0.991818428
1341846326.021991 -0.036518011 0.033086091 0.170326397 0.119177952 0.010733289 0.056891274 0.991183519
1341846326.054055 -0.031281594 0.047737725 0.171160400 0.124695100 0.009490112 0.059870772 0.990341604
1341846326.089984 -0.026590753 0.062214155 0.165900022 0.127239093 0.011223179 0.059273079 0.990035832
1341846326.121822 -0.031026289 0.076571390 0.173012599 0.127258688 0.015756167 0.056512840 0.990132928
1341846326.154079 -0.033861902 0.075403117 0.174897224 0.127179980 0.018186985 0.055602182 0.990152955
1341846326.190178 -0.034335122 0.086895518 0.180728629 0.129656583 0.017474990 0.058614753 0.989670694
1341846326.222162 -0.040735535 0.102475405 0.174593508 0.129245609 0.016283860 0.064636856 0.989369750
1341846326.259181 -0.043959633 0.115389563 0.182700902 0.126392424 0.013965047 0.068084992 0.989542484
1341846326.322766 -0.040738121 0.139509842 0.192583099 0.119953066 0.013246956 0.066710755 0.990447104
1341846326.359773 -0.037601687 0.142957911 0.192111656 0.115731880 0.014587490 0.064695716 0.991064012
1341846326.392109 -0.035095777 0.137390748 0.202333212 0.113741785 0.016247503 0.066235706 0.991166830
1341846326.423985 -0.040970549 0.142661601 0.203647047 0.118009031 0.017369308 0.071048126 0.990315259
1341846326.459869 -0.044671193 0.163176134 0.207348421 0.121020302 0.014980008 0.074633799 0.989726961
1341846326.526163 -0.040226556 0.192137957 0.206282586 0.121755227 0.017064249 0.072033286 0.989795804
1341846326.560211 -0.043744322 0.198521540 0.214780182 0.116676711 0.021296341 0.072400369 0.990298569
1341846326.591828 -0.045725591 0.202600315 0.215822145 0.113099091 0.023345537 0.074176259 0.990535975
1341846326.627027 -0.042318087 0.215450153 0.217294350 0.113266379 0.024645103 0.073400788 0.990543127
1341846326.658442 -0.039070569 0.240077317 0.222768068 0.111997239 0.028166287 0.071127966 0.990759373
1341846326.694856 -0.047005534 0.252592444 0.225453496 0.108437546 0.032223813 0.071314193 0.991018295
1341846326.726206 -0.047208413 0.262178451 0.230107367 0.102662049 0.033118095 0.070475861 0.991663694
1341846326.762753 -0.040908135 0.273159802 0.228124917 0.096475296 0.035161979 0.067198008 0.992441714
1341846326.826821 -0.046070702 0.304199368 0.237927914 0.082653567 0.041137613 0.064703852 0.993624449
1341846326.858887 -0.044844933 0.308955759 0.243856415 0.074038796 0.042475469 0.062725618 0.994373977
1341846326.895360 -0.053162254 0.309998930 0.245858520 0.071451835 0.042812735 0.064587966 0.994429529
1341846326.926897 -0.055045202 0.314557552 0.243485600 0.072944038 0.039160725 0.066571385 0.994340897
1341846326.958888 -0.048701823 0.330334872 0.244984895 0.076032266 0.036510244 0.069519520 0.994008601
1341846326.994594 -0.042309403 0.345379353 0.239010707 0.077055030 0.036237903 0.072070166 0.993758142
1341846327.026301 -0.038906645 0.371638209 0.245758206 0.076365039 0.036709357 0.071650021 0.993824482
1341846327.063945 -0.036413532 0.374151319 0.252551794 0.072960638 0.038909748 0.069160268 0.994172812
1341846327.094662 -0.040468596 0.382696062 0.254993051 0.072623231 0.041766480 0.066034578 0.994294167
1341846327.128901 -0.037956268 0.392811060 0.265559405 0.071844526 0.041631646 0.065346278 0.994401872
1341846327.161940 -0.041439787 0.410160124 0.261269808 0.071630932 0.040710855 0.063882686 0.994550467
1341846327.193867 -0.035024524 0.414851487 0.261442661 0.070275001 0.041742112 0.060967073 0.994787455
1341846327.229885 -0.034357358 0.433000147 0.260401547 0.071813151 0.044887822 0.058828961 0.994669318
1341846327.262014 0.086307690 0.474310786 0.288811386 0.073292568 0.030878551 0.061481275 0.994934559
1341846327.294023 0.025504075 0.480310470 0.299145848 0.078181937 0.053584289 0.056534890 0.993891358
1341846327.330015 0.015815856 0.510643065 0.293280154 0.084579058 0.062487211 0.052743770 0.993055820
1341846327.361939 -0.024564181 0.499723583 0.286305666 0.076133564 0.074545890 0.046293426 0.993228853
1341846327.393887 -0.051184967 0.494895995 0.279701412 0.072927780 0.080803134 0.038548287 0.993310809
1341846327.429966 -0.115307599 0.523155272 0.275804073 0.072086364 0.091290288 0.031253047 0.992719948
1341846327.461965 -0.176281855 0.529986203 0.275212377 0.062936150 0.096356951 0.029045189 0.992930353
1341846327.497931 -0.167273194 0.496329159 0.265403688 0.050588701 0.092956237 0.028842557 0.993965805
1341846327.530068 -0.215205878 0.495148480 0.265889347 0.047655568 0.101507962 0.029395275 0.993257761
1341846327.561895 -0.269603550 0.495172709 0.272980809 0.045162030 0.108189441 0.033240542 0.992547512
1341846327.598010 -0.321150512 0.475467771 0.288937569 0.041894309 0.115161501 0.036027912 0.991808772
1341846327.629945 -0.358982980 0.483973742 0.285024285 0.041348934 0.115836993 0.032775477 0.991865814
1341846327.662003 -0.430426091 0.473973989 0.319614261 0.037660260 0.126399696 0.028065151 0.990866840
1341846327.697919 -0.484026939 0.477663845 0.314957261 0.037518736 0.133285269 0.024901100 0.990054190
1341846327.730075 -0.534733176 0.468520075 0.297622383 0.030307915 0.137426421 0.027252736 0.989673018
1341846327.766017 -0.586292505 0.470596015 0.313299298 0.023524864 0.145997569 0.026021002 0.988662839
1341846327.797917 -0.625370562 0.487204909 0.308652431 0.018960550 0.150864184 0.024609953 0.988066196
1341846327.830054 -0.674897730 0.484232396 0.349275768 0.009943754 0.161762968 0.023273233 0.986505032
1341846327.865944 -0.703641832 0.485839397 0.372551799 0.003157201 0.170263067 0.019155178 0.985207379
1341846327.898010 -0.740057707 0.496857256 0.389834374 0.000239234 0.177696511 0.018484170 0.983911693
1341846327.929991 -0.781824589 0.506079495 0.436349332 -0.003025825 0.187118784 0.015790712 0.982205689
1341846327.966065 -0.799398959 0.509305537 0.444273323 -0.009783717 0.191123888 0.011199759 0.981453240
1341846327.998073 -0.821205914 0.509814322 0.454114050 -0.018143665 0.196275890 0.008008672 0.980348110
1341846328.034045 -0.830288649 0.515314400 0.461105227 -0.024179600 0.199513257 0.005660416 0.979580402
1341846328.065993 -0.839769363 0.516953349 0.472497404 -0.029267510 0.202836871 0.006092123 0.978756130
1341846328.098045 -0.832939208 0.472033113 0.453087449 -0.037060235 0.200241193 0.012107038 0.978970587
1341846328.133967 -0.837866127 0.475365520 0.453004867 -0.032765735 0.199871391 0.014450028 0.979167521
1341846328.166023 -0.835279405 0.474661469 0.449472457 -0.032681178 0.196015194 0.016560107 0.979916215
1341846328.198018 -0.830548584 0.466109544 0.446860135 -0.033486050 0.191873416 0.016224064 0.980714023
1341846328.234044 -0.829258502 0.453334987 0.445410848 -0.031666704 0.189690888 0.015959183 0.981203258
1341846328.265899 -0.817898750 0.437935174 0.437656283 -0.030646177 0.185043454 0.019286862 0.982062995
1341846328.302051 -0.794177115 0.414771229 0.417163372 -0.028443532 0.178888708 0.027210312 0.983081579
1341846328.333917 -0.804535389 0.397432089 0.423581600 -0.025997173 0.180422857 0.031493735 0.982740998
1341846328.366008 -0.758140802 0.360730767 0.405026257 -0.024983456 0.171532184 0.031230109 0.984366417
1341846328.402010 -0.774323583 0.342662483 0.428763092 -0.013753146 0.177074507 0.034473591 0.983497381
1341846328.433920 -0.714159906 0.351579100 0.382357031 -0.004516347 0.162522331 0.038885225 0.985927999
1341846328.470003 -0.697886705 0.343099356 0.396773458 -0.004031971 0.158730835 0.035727326 0.986667037
1341846328.502194 -0.652553618 0.295257032 0.394544661 -0.007368616 0.152810976 0.027120523 0.987855732
1341846328.534033 -0.695583522 0.278229088 0.408710837 -0.005141370 0.162980556 0.023788076 0.986329079
1341846328.570125 -0.746641994 0.254271179 0.409563780 -0.003640174 0.173080310 0.016436750 0.984763801
1341846328.602804 -0.764731050 0.219722480 0.429762602 0.000003200 0.171593294 0.019610452 0.984972656
1341846328.672663 -0.752018213 0.135214508 0.378841221 0.001940162 0.155825153 0.017068502 0.987635255
1341846328.702975 -0.771170139 0.120969377 0.398764729 0.004612697 0.157260492 0.013051905 0.987460136
1341846328.770129 -0.750523269 0.089629650 0.381295919 0.013035360 0.150258794 0.010369055 0.988506377
1341846328.802331 -0.736531198 0.073077060 0.389065623 0.014583787 0.145386979 0.009806524 0.989218771
1341846328.838051 -0.745200276 0.061677318 0.382939160 0.018928241 0.144881755 0.004512792 0.989257634
1341846328.869939 -0.747179866 0.083107330 0.374110162 0.022376483 0.143852845 0.004840623 0.989334226
1341846328.904486 -0.753187776 0.051684268 0.378419578 0.015510462 0.141880453 0.004454143 0.989752233
1341846328.939814 -0.740604937 0.012830987 0.375856280 0.015898475 0.137571201 0.004507120 0.990354002
1341846328.970217 -0.756643832 0.010029238 0.372709662 0.020395998 0.138576254 0.008404123 0.990106046
1341846329.006232 -0.739088356 0.008750031 0.364806473 0.023483794 0.133373961 0.013077540 0.990701199
1341846329.038243 -0.735236108 -0.021824665 0.361894757 0.025480550 0.132192656 0.010751842 0.990838170
1341846329.106125 -0.747069120 -0.020848712 0.354643226 0.029087318 0.133665830 0.008690516 0.990561366
1341846329.138340 -0.746668398 -0.026121888 0.353581071 0.032294158 0.132752389 0.007015458 0.990598142
1341846329.169991 -0.741951704 -0.066165589 0.345045090 0.027542802 0.130630836 0.007037033 0.991023421
1341846329.208656 -0.741830528 -0.075111754 0.343887627 0.027690362 0.129810706 0.006345769 0.991131783
1341846329.238169 -0.738645077 -0.071920149 0.344709933 0.028079079 0.128509909 0.006752114 0.991287649
1341846329.273827 -0.729844570 -0.088277563 0.339859337 0.026376056 0.126066491 0.009857825 0.991622090
1341846329.306052 -0.741935432 -0.091214858 0.335450292 0.026974570 0.125512719 0.007147670 0.991699457
1341846329.338104 -0.731166601 -0.086033992 0.333067298 0.024259556 0.122173779 0.006482106 0.992191017
1341846329.373907 -0.727416694 -0.111676201 0.332736671 0.019467618 0.120922059 0.005634296 0.992455065
1341846329.405985 -0.727620482 -0.113075018 0.328675628 0.021928517 0.119341791 0.002693292 0.992607415
1341846329.442057 -0.732764602 -0.123555943 0.326672733 0.019318935 0.119608387 -0.001786378 0.992631555
1341846329.473950 -0.734865129 -0.140202165 0.323669136 0.017068889 0.118110359 -0.007492084 0.992825508
1341846329.506147 -0.714750051 -0.149904653 0.305287153 0.016592368 0.113059834 -0.006466843 0.993428588
1341846329.542121 -0.709130824 -0.165822864 0.302115977 0.013768982 0.108833857 -0.005509107 0.993949354
1341846329.574086 -0.708361506 -0.179348364 0.307947814 0.016619908 0.107142910 -0.007470634 0.994076610
1341846329.606387 -0.707361817 -0.190120697 0.302103698 0.017372221 0.106109120 -0.008424215 0.994167030
1341846329.641955 -0.717998385 -0.180011138 0.302078098 0.019964298 0.106574066 -0.008740534 0.994065881
1341846329.681570 -0.721356332 -0.204589248 0.305685222 0.016921101 0.103924319 -0.008138396 0.994407952
1341846329.748113 -0.720714390 -0.203652427 0.305871278 0.020196451 0.103583016 -0.013801994 0.994319916
1341846329.810175 -0.726653218 -0.222050473 0.308811128 0.019634515 0.107936464 -0.008940044 0.993923664
1341846329.842255 -0.730392873 -0.228885576 0.308255553 0.021774104 0.108707741 -0.005897379 0.993817806
1341846329.874044 -0.737388790 -0.247208118 0.308314860 0.022056060 0.109780602 -0.002383515 0.993708253
1341846329.910073 -0.724903286 -0.243455902 0.302836835 0.022705432 0.106955126 -0.000496422 0.994004428
1341846329.942009 -0.731485009 -0.248632610 0.310188949 0.018231897 0.107946225 0.004532305 0.993979216
1341846329.978087 -0.724749923 -0.264818341 0.305673659 0.016984101 0.106342047 0.005905504 0.994167030
1341846330.016305 -0.724411845 -0.246383801 0.300982594 0.021093855 0.107449695 0.002879520 0.993982553
1341846330.048192 -0.731552064 -0.258797795 0.299097836 0.014695834 0.109581590 0.006771626 0.993846059
1341846330.080418 -0.728512824 -0.277931988 0.302354425 0.010281077 0.109385319 0.009104700 0.993904531
1341846330.115886 -0.725014627 -0.298492908 0.298156023 0.012033319 0.110413067 0.010549614 0.993756950
1341846330.147839 -0.734245181 -0.277167886 0.299310029 0.016375681 0.111413494 0.010967427 0.993578672
1341846330.181257 -0.733704865 -0.270238668 0.293568492 0.011788351 0.110766068 0.015532463 0.993655205
1341846330.215852 -0.729630649 -0.276863128 0.299908757 0.006035632 0.111581154 0.015003419 0.993623734
1341846330.247833 -0.735982358 -0.281429201 0.296765953 0.004299498 0.112397321 0.013819690 0.993557930
1341846330.283913 -0.738631666 -0.279479951 0.291046321 -0.000139952 0.111593731 0.015241595 0.993636966
1341846330.316011 -0.737479270 -0.290967673 0.293157816 -0.006818347 0.110541828 0.015124634 0.993732989
1341846330.347868 -0.743614793 -0.299742579 0.293670595 -0.009470703 0.109455489 0.014262819 0.993844211
1341846330.383835 -0.736442864 -0.298278958 0.293039024 -0.010442906 0.108187608 0.015300648 0.993957877
1341846330.415934 -0.740649104 -0.306830615 0.299661189 -0.010864505 0.109854795 0.012434789 0.993810475
1341846330.452561 -0.733985066 -0.315392911 0.293578535 -0.008972546 0.108086661 0.013570765 0.994008362
1341846330.483903 -0.740284920 -0.310998678 0.290527910 -0.008275506 0.106852397 0.016738422 0.994099557
1341846330.515970 -0.736911356 -0.322236419 0.290850282 -0.010047619 0.104308948 0.021117911 0.994269967
1341846330.552099 -0.735884368 -0.320988327 0.288447857 -0.007853495 0.103034556 0.022016557 0.994403064
1341846330.583876 -0.739155352 -0.310875416 0.285893381 -0.007702351 0.102736115 0.022093045 0.994433403
1341846330.619992 -0.750221968 -0.305086017 0.278618813 -0.011948569 0.102589339 0.022268014 0.994402766
1341846330.652136 -0.741571844 -0.312250853 0.278790742 -0.019127041 0.099707998 0.021711530 0.994595945
1341846330.683796 -0.749260843 -0.316650003 0.280151546 -0.023899155 0.100768685 0.020939223 0.994402349
1341846330.719991 -0.751995921 -0.333768100 0.274165481 -0.027131638 0.098209061 0.023159441 0.994526267
1341846330.752103 -0.754290700 -0.340221107 0.273628980 -0.025365794 0.094482511 0.028088478 0.994806826
1341846330.787952 -0.770873666 -0.335819066 0.267546296 -0.023565793 0.091610551 0.031209128 0.995026708
1341846330.819823 -0.765210509 -0.331515431 0.267780691 -0.023288552 0.086538114 0.030966215 0.995494783
1341846330.852208 -0.768370867 -0.322479248 0.261159569 -0.023018954 0.085389465 0.031660724 0.995578408
1341846330.914111 -0.774493635 -0.313256443 0.251824707 -0.031843964 0.081973150 0.033440471 0.995564222
1341846330.949903 -0.772756517 -0.332091153 0.256801695 -0.036453053 0.080245577 0.034545630 0.995509148
1341846330.981986 -0.785471618 -0.330329418 0.255311370 -0.035167675 0.076940544 0.035461303 0.995784044
1341846331.014111 -0.777648270 -0.319636106 0.251352191 -0.034772098 0.071846217 0.035508852 0.996176720
1341846331.082139 -0.797853827 -0.326325029 0.249090463 -0.033950549 0.071215399 0.031480577 0.996385813
1341846331.114334 -0.804488420 -0.323203027 0.243154019 -0.034018148 0.069475047 0.030210152 0.996545672
1341846331.149989 -0.796295822 -0.330027699 0.250353575 -0.034160413 0.067743033 0.030044703 0.996665061
1341846331.181954 -0.802259743 -0.328478396 0.245446175 -0.030777292 0.067834266 0.028092384 0.996825993
1341846331.218151 -0.807970464 -0.316867411 0.237380415 -0.030375149 0.064652115 0.030190606 0.996988416
1341846331.249914 -0.793561816 -0.321421742 0.246068269 -0.032729264 0.062127095 0.028320536 0.997129321
1341846331.318141 -0.793291390 -0.319421291 0.247982010 -0.022914572 0.072124772 0.022216773 0.996884823
1341846331.349926 -0.787290573 -0.320186496 0.246797100 -0.024344496 0.074356236 0.021847961 0.996695101
1341846331.382003 -0.769944727 -0.331843644 0.241414636 -0.021255471 0.081922822 0.016370300 0.996277511
1341846331.418008 -0.786551237 -0.323565841 0.242162853 -0.013051057 0.093151614 0.016243543 0.995433867
1341846331.450327 -0.770713329 -0.313613772 0.246851087 -0.010352473 0.094745100 0.017292513 0.995297551
1341846331.486219 -0.777929723 -0.318218946 0.260769367 -0.012874006 0.097169571 0.019065430 0.995001912
1341846331.518344 -0.769158602 -0.320797384 0.258781254 -0.014537703 0.097414397 0.018400025 0.994967639
1341846331.550202 -0.763956666 -0.315073222 0.273094773 -0.010777934 0.102385767 0.016152307 0.994555235
1341846331.586139 -0.759199381 -0.306676388 0.280239671 -0.008932428 0.102453649 0.016863864 0.994554698
1341846331.617931 -0.751026034 -0.301185757 0.287059158 -0.009372926 0.101960763 0.016985422 0.994599223
1341846331.654027 -0.751596093 -0.311559767 0.290167809 -0.009682897 0.105455279 0.016863856 0.994233906
1341846331.686123 -0.763110697 -0.300661623 0.295289606 -0.006624348 0.109517314 0.017685462 0.993805468
1341846331.717954 -0.765280485 -0.288309664 0.298287034 -0.009015447 0.108497240 0.017641243 0.993899286
1341846331.754076 -0.751579344 -0.299929351 0.313591182 -0.012245725 0.108397111 0.016173886 0.993900657
1341846331.785920 -0.751058280 -0.298129767 0.323690772 -0.009377711 0.111585036 0.014186420 0.993609369
1341846331.818053 -0.753047347 -0.284248382 0.333045423 -0.008079212 0.113524221 0.014658621 0.993394196
1341846331.853849 -0.730782270 -0.296260059 0.340312630 -0.010619010 0.111424178 0.016852286 0.993573248
1341846331.885987 -0.719507039 -0.291841269 0.351199448 -0.007401643 0.113176964 0.013951172 0.993449330
1341846331.922014 -0.721118510 -0.286229730 0.360876948 -0.005648784 0.116698772 0.012654806 0.993070662
1341846331.954037 -0.723338008 -0.284050286 0.370505393 -0.005481577 0.120673649 0.012116213 0.992603123
1341846331.986135 -0.733051062 -0.285285503 0.377262533 -0.002362869 0.128045961 0.009860427 0.991716385
1341846332.022364 -0.733063877 -0.295418680 0.396821797 0.003243803 0.132803559 0.008875690 0.991097331
1341846332.054175 -0.722053587 -0.287871391 0.412088573 0.009797515 0.131501481 0.012480607 0.991189003
1341846332.086502 -0.717853606 -0.281329244 0.426971614 0.012950347 0.131633848 0.012308259 0.991137385
1341846332.122051 -0.713298082 -0.275667340 0.436207354 0.014854925 0.132270962 0.011120024 0.991039872
1341846332.153983 -0.717200220 -0.257376015 0.448205054 0.014282501 0.132274687 0.009420012 0.991065383
1341846332.190165 -0.715376616 -0.253518939 0.463335156 0.007900367 0.130723447 0.008255046 0.991353035
1341846332.254145 -0.706638634 -0.274756700 0.487213552 0.005710773 0.130521074 0.006478197 0.991407871
1341846332.289948 -0.702477574 -0.265977651 0.502556324 0.008381933 0.129944071 0.008798921 0.991446853
1341846332.322172 -0.696383774 -0.269647807 0.512955129 0.008813797 0.128987357 0.009971098 0.991556942
1341846332.354003 -0.703298986 -0.267093807 0.530823469 0.011602251 0.132918850 0.006049941 0.991040528
1341846332.390180 -0.700782776 -0.252238929 0.535269022 0.013708240 0.136956826 0.002118103 0.990479887
1341846332.422055 -0.701426923 -0.250351191 0.550802350 0.011142558 0.139452443 -0.000624657 0.990165889
1341846332.458114 -0.697360277 -0.254644275 0.554869115 0.009606219 0.141451135 -0.005437569 0.989883721
1341846332.489993 -0.698827028 -0.244253397 0.570121527 0.011974729 0.143529832 -0.002190847 0.989571095
1341846332.522130 -0.707443237 -0.234328449 0.593017459 0.012850256 0.141374394 0.003778046 0.989865601
1341846332.558114 -0.702785492 -0.235586613 0.599989533 0.013720444 0.136289701 0.010665197 0.990516603
1341846332.589874 -0.685049653 -0.224498287 0.600340128 0.014697879 0.131845102 0.015388128 0.991041899
1341846332.621889 -0.686317205 -0.224694997 0.603878796 0.009507579 0.132506669 0.016971352 0.990991235
1341846332.658202 -0.684436798 -0.220685601 0.615777850 0.006473284 0.133725151 0.014367042 0.990893185
1341846332.690001 -0.673843980 -0.222436070 0.626507759 0.004035216 0.133749977 0.018892556 0.990826786
1341846332.726000 -0.673393190 -0.225014701 0.638873994 0.003497219 0.133088797 0.022882624 0.990833759
1341846332.758386 -0.662206888 -0.221462607 0.644498765 0.004448010 0.129553244 0.023967700 0.991272807
1341846332.789937 -0.657009482 -0.212499052 0.646535993 0.004001178 0.130550981 0.021798924 0.991193831
1341846332.825925 -0.648599386 -0.216906011 0.658746362 0.000632500 0.132277369 0.021253647 0.990984678
1341846332.857898 -0.645078361 -0.216567904 0.666269660 0.001550609 0.133499175 0.020554375 0.990834534
1341846332.894069 -0.644891739 -0.203085288 0.675595164 0.002400459 0.133961231 0.020792183 0.990765572
1341846332.926029 -0.637061715 -0.197494879 0.678522050 -0.001017774 0.133758247 0.018692328 0.990837157
1341846332.958015 -0.633198440 -0.193042532 0.690015614 -0.003908421 0.136334881 0.016537180 0.990517080
1341846332.994073 -0.632572532 -0.192527115 0.694510341 -0.007484837 0.138071954 0.015017568 0.990280092
1341846333.026545 -0.622555137 -0.187915504 0.700865746 -0.009766075 0.138030142 0.012801315 0.990297139
1341846333.057998 -0.611170650 -0.188620284 0.704130173 -0.010656313 0.139384359 0.014907215 0.990068793
1341846333.094024 -0.606809199 -0.187574491 0.712895215 -0.009852059 0.141087919 0.018257307 0.989779711
1341846333.126095 -0.607577503 -0.190433741 0.720113039 -0.010552094 0.144374534 0.019555734 0.989273608
1341846333.161973 -0.606862426 -0.190654099 0.718532264 -0.012415389 0.147227138 0.021088568 0.988799930
1341846333.195660 -0.603398561 -0.184624925 0.730016351 -0.014055319 0.149498656 0.022312764 0.988410234
1341846333.226331 -0.596508265 -0.182445273 0.729300618 -0.015031374 0.149142534 0.022852739 0.988437295
1341846333.262056 -0.595156074 -0.167909518 0.734699011 -0.016783325 0.149837792 0.021009572 0.988344848
1341846333.294147 -0.587124944 -0.169870928 0.742809534 -0.020449599 0.148925722 0.021645866 0.988399923
1341846333.326100 -0.588051140 -0.173532113 0.743212998 -0.023379916 0.147991166 0.019278819 0.988524318
1341846333.362100 -0.594758987 -0.156516731 0.738989115 -0.024545537 0.148012236 0.015466988 0.988559902
1341846333.394119 -0.611631691 -0.167541683 0.748415351 -0.029497813 0.150401637 0.015241816 0.988067269
1341846333.429974 -0.588726759 -0.159500390 0.747239172 -0.028503673 0.145162106 0.016386157 0.988861442
1341846333.462115 -0.608389497 -0.166600421 0.751333833 -0.030615112 0.148961976 0.014070092 0.988268733
1341846333.494040 -0.564623594 -0.148898676 0.754204273 -0.025960404 0.143487960 0.014141907 0.989210427
1341846333.529953 -0.590103984 -0.163200274 0.757984459 -0.030834846 0.149132043 0.010158874 0.988284230
1341846333.562063 -0.606431067 -0.161039919 0.741002023 -0.028118566 0.151356176 0.012281043 0.988002956
1341846333.594090 -0.632666886 -0.156224772 0.740607619 -0.028410692 0.153679058 0.013518986 0.987619758
1341846333.629994 -0.656579852 -0.162012413 0.745304704 -0.034838807 0.154636011 0.010780873 0.987298191
1341846333.662127 -0.676090539 -0.165774658 0.747019887 -0.039060771 0.156050846 0.009739996 0.986928344
1341846333.697964 -0.701848388 -0.182028770 0.735107422 -0.045166012 0.158456191 0.009680646 0.986284912
1341846333.730092 -0.729119718 -0.185587317 0.739349723 -0.043910060 0.162959322 0.009380507 0.985610545
1341846333.762089 -0.576596498 -0.159159556 0.747737050 -0.030630702 0.145245925 0.018926019 0.988740206
1341846333.798006 -0.575075388 -0.163046598 0.745287418 -0.029836586 0.145235002 0.019049529 0.988763750
1341846333.830055 -0.567313313 -0.163699165 0.739248872 -0.027642820 0.144630626 0.017249275 0.988949120
1341846333.866045 -0.568461418 -0.164287239 0.731745601 -0.026792511 0.145516559 0.015749896 0.988867581
1341846333.897987 -0.577271998 -0.174464196 0.732827067 -0.026975844 0.146631241 0.015257985 0.988705575
1341846333.930099 -0.570545793 -0.184288397 0.727491856 -0.025903329 0.145918578 0.014104171 0.988856852
1341846333.965889 -0.569647372 -0.187979802 0.719280779 -0.024107652 0.146105930 0.013944459 0.988876879
1341846333.997985 -0.594807684 -0.184449807 0.718375504 -0.020687709 0.150691792 0.011790326 0.988293946
1341846334.030076 -0.606257617 -0.179243878 0.714513898 -0.016479461 0.153165981 0.012689472 0.987981558
1341846334.066000 -0.617072523 -0.183787614 0.712409973 -0.015277219 0.154211789 0.014252429 0.987816870
1341846334.097932 -0.614478588 -0.189413086 0.705132842 -0.014648866 0.153090045 0.014063449 0.988003612
1341846334.133884 -0.600505888 -0.165002838 0.697337985 -0.008322960 0.151098058 0.013590935 0.988390326
1341846334.166115 -0.603114843 -0.179162905 0.689384341 -0.010580240 0.149502173 0.014890970 0.988592625
1341846334.198072 -0.616216242 -0.186862439 0.679986715 -0.010623056 0.149789736 0.014705115 0.988551438
1341846334.234097 -0.631459415 -0.185475007 0.679407597 -0.010007064 0.152323127 0.013469172 0.988188326
1341846334.266045 -0.632805347 -0.187964290 0.675262511 -0.010197037 0.153481528 0.014532871 0.987992048
1341846334.297946 -0.634090066 -0.178566590 0.667522430 -0.006913632 0.151356220 0.015749097 0.988329649
1341846334.334036 -0.620298862 -0.186950624 0.654775143 -0.008268885 0.146722019 0.016798208 0.989000559
1341846334.365871 -0.619577169 -0.197007626 0.639256299 -0.010897671 0.146021843 0.013963114 0.989122808
1341846334.401845 -0.634192467 -0.199553505 0.639793456 -0.012834007 0.148682594 0.013025290 0.988715887
1341846334.433864 -0.650006473 -0.199302107 0.637585521 -0.011953779 0.149389848 0.014711058 0.988596678
1341846334.466105 -0.661710143 -0.197067037 0.636741221 -0.010854973 0.149124265 0.015234086 0.988641500
1341846334.502142 -0.672617674 -0.201378405 0.633926034 -0.013052412 0.149015754 0.016588768 0.988609493
1341846334.540153 -0.677531242 -0.197813943 0.630501866 -0.012620498 0.147842333 0.015552348 0.988808155
1341846334.602351 -0.672035336 -0.196596950 0.596527100 -0.018256515 0.141091496 0.009635457 0.989781320
1341846334.670161 -0.677627742 -0.196691856 0.581950128 -0.023094213 0.137609005 0.003134372 0.990212381
1341846334.702085 -0.682814121 -0.198240161 0.576368213 -0.024204319 0.135343716 0.005281674 0.990488946
1341846334.734751 -0.680368066 -0.189577579 0.565115273 -0.021786347 0.131796911 0.006029741 0.991018951
1341846334.770889 -0.681023538 -0.192714065 0.557275355 -0.022202680 0.129800782 0.009977145 0.991241276
1341846334.802194 -0.715273142 -0.204036832 0.566495597 -0.025070712 0.131497070 0.009815034 0.990950882
1341846334.833908 -0.715227425 -0.199880093 0.553142071 -0.024842912 0.129389897 0.007915747 0.991250932
1341846334.869874 -0.717753351 -0.199311808 0.531889021 -0.026045311 0.128792644 0.008170008 0.991295815
1341846334.902006 -0.735747457 -0.217146114 0.533830643 -0.030059854 0.128916770 0.007308878 0.991172791
1341846334.938010 -0.739535987 -0.212532565 0.515993834 -0.029307311 0.125639036 0.005763162 0.991626322
1341846334.970032 -0.741461694 -0.214255899 0.510963678 -0.029296400 0.124922305 0.004503636 0.991723657
1341846335.002203 -0.748810947 -0.220270813 0.503204584 -0.028214874 0.125685960 0.006580418 0.991646945
1341846335.037880 -0.760099590 -0.224397779 0.495736480 -0.025995316 0.123210475 0.009693710 0.991992712
1341846335.069990 -0.763938427 -0.218031123 0.484322190 -0.024574885 0.120737545 0.006970961 0.992355764
1341846335.106038 -0.759440899 -0.222182319 0.477474600 -0.024826529 0.120850489 0.005013141 0.992347538
1341846335.138045 -0.770249665 -0.225214809 0.469174594 -0.023408340 0.122550406 0.004609186 0.992175460
1341846335.169900 -0.771129668 -0.230125934 0.456348896 -0.024578825 0.118923590 0.007479152 0.992570996
1341846335.206091 -0.776860237 -0.222130701 0.447656840 -0.023784764 0.117597684 0.002953575 0.992772102
1341846335.239365 -0.775810421 -0.227346256 0.439238429 -0.024460923 0.118073948 0.000661583 0.992703259
1341846335.269948 -0.783806562 -0.232940733 0.430213511 -0.023630060 0.119516149 -0.000006754 0.992551029
1341846335.305972 -0.789097786 -0.233416483 0.423203588 -0.021660585 0.117814653 0.000924048 0.992798924
1341846335.338012 -0.792032182 -0.235001385 0.411881268 -0.019763958 0.116835259 0.001645522 0.992953300
1341846335.374005 -0.782637537 -0.236123845 0.395025432 -0.014204063 0.117207646 0.001619532 0.993004501
1341846335.406025 -0.788683116 -0.234490976 0.387375414 -0.007309078 0.119914740 0.002623340 0.992753804
1341846335.438079 -0.794255257 -0.231519222 0.376240969 -0.001545199 0.121047713 0.006662956 0.992623150
1341846335.473998 -0.795365870 -0.226717860 0.363092810 0.001133724 0.122503936 0.006546203 0.992445767
1341846335.507038 -0.806301534 -0.226771459 0.364012063 0.001184904 0.126095191 0.003453409 0.992011428
1341846335.538040 -0.812855184 -0.224074841 0.356153667 0.000279221 0.128522024 0.001740987 0.991705060
1341846335.574119 -0.818318307 -0.227859810 0.345389903 -0.002939897 0.128134027 0.003274858 0.991747081
1341846335.605970 -0.821751833 -0.230917752 0.339547157 -0.004172396 0.127673939 0.001701023 0.991805971
1341846335.641978 -0.821271122 -0.227515504 0.328267127 -0.002720939 0.128381297 -0.000904883 0.991720736
1341846335.673993 -0.827741325 -0.230787843 0.317956895 -0.003809282 0.129069105 -0.000367192 0.991628170
1341846335.706178 -0.824563503 -0.228138477 0.303997725 -0.003485008 0.126409814 0.001385631 0.991971016
1341846335.741982 -0.823988318 -0.225539848 0.294709593 -0.002276164 0.126030773 0.000005654 0.992023706
1341846335.773960 -0.831893981 -0.230525926 0.279443711 -0.003107970 0.126937777 -0.000410618 0.991905749
1341846335.806271 -0.835475802 -0.223773912 0.267859995 -0.004469325 0.126275331 0.000043861 0.991985142
1341846335.842031 -0.832105517 -0.233742043 0.249914467 -0.007193399 0.126086712 0.001407796 0.991992116
1341846335.873966 -0.836895227 -0.233773947 0.243898049 -0.006242595 0.127691075 0.000652040 0.991794109
1341846335.910005 -0.839337289 -0.234222054 0.225069627 -0.006998233 0.127131671 0.004640296 0.991850317
1341846335.941936 -0.843656421 -0.232941404 0.220249593 -0.007526715 0.125107512 0.005127239 0.992101371
1341846335.974198 -0.847239912 -0.232832849 0.208924592 -0.007681050 0.124395393 0.001415969 0.992201984
1341846336.010032 -0.851744890 -0.232210457 0.199791089 -0.008007894 0.124232270 0.000696934 0.992220581
1341846336.042129 -0.862712383 -0.236219943 0.181460172 -0.009442943 0.123440087 0.002000398 0.992305100
1341846336.078076 -0.864449263 -0.240394428 0.171653494 -0.009630868 0.121177994 0.001194063 0.992583334
1341846336.110739 -0.866989911 -0.233677566 0.176225647 -0.008651644 0.121114321 -0.000735986 0.992600560
1341846336.142002 -0.874628067 -0.243239090 0.143262267 -0.009257651 0.121015303 0.001727747 0.992605984
1341846336.183953 -0.880936086 -0.240861490 0.134203464 -0.009328662 0.118482828 0.002089599 0.992910087
1341846336.241891 -0.887726307 -0.235408351 0.143594518 -0.010685785 0.118538111 0.000934270 0.992891550
1341846336.277946 -0.896749139 -0.243855253 0.138081998 -0.010552917 0.119195171 0.003230070 0.992809534
1341846336.309977 -0.877815843 -0.252624393 0.107203446 -0.008979364 0.113415681 0.010055635 0.993456185
1341846336.346143 -0.882327199 -0.248387367 0.106703088 -0.007177737 0.112407722 0.010740436 0.993578196
1341846336.377975 -0.874806941 -0.253371954 0.084019624 -0.006996739 0.111176975 0.010935303 0.993715823
1341846336.410032 -0.869341016 -0.262443513 0.027973175 -0.007382655 0.109671012 0.010538179 0.993884683
1341846336.446041 -1.030783296 -0.362564355 -0.079995483 -0.024888061 0.121866204 0.024827693 0.991923749
1341846336.477990 -1.011064053 -0.350147814 -0.078734860 -0.023692198 0.118941009 0.024101490 0.992325962
1341846336.510056 -0.954330206 -0.342348844 -0.068231821 -0.023001134 0.110841177 0.025672272 0.993240178
1341846336.546024 -0.839305639 -0.387824208 -0.093385994 -0.029703695 0.092196889 0.029427152 0.994862556
1341846336.578003 -0.804028928 -0.382493049 -0.108155429 -0.029294502 0.086577564 0.031038949 0.995330453
1341846336.614020 -0.789906979 -0.387818575 -0.111517310 -0.030469608 0.086329512 0.029667770 0.995358527
1341846336.645982 -0.820447803 -0.408620477 -0.112286776 -0.034615070 0.091883034 0.029985473 0.994716108
1341846336.678036 -0.805336118 -0.386291653 -0.117229372 -0.033593412 0.087082207 0.032025442 0.995119393
1341846336.714024 -0.491251320 -0.281437695 0.012645639 -0.013544463 0.048949029 0.015082635 0.998595536
1341846336.746016 -0.817767560 -0.249462306 0.009041980 -0.004686952 0.094699271 0.019844586 0.995297074
1341846336.778014 -0.492084175 -0.397286266 -0.042351678 -0.024442686 0.043401364 0.024871852 0.998448908
1341846336.820006 -0.257458210 -0.374905318 -0.023181092 -0.021450648 -0.000815156 0.026905034 0.999407470
1341846336.882056 -0.240303442 -0.429122865 -0.030715132 -0.026875310 -0.005290662 0.023978734 0.999337196
1341846336.914273 -0.575502932 -0.461624473 -0.019506231 -0.025129542 0.042548243 0.029452713 0.998343945
1341846336.945998 -0.544410348 -0.467738181 -0.055898797 -0.021552838 0.032269679 0.032658935 0.998712957
1341846336.981980 -0.484208852 -0.404803544 -0.050448179 -0.009330828 0.021567510 0.028310355 0.999322951
1341846337.014238 -0.482548356 -0.404099673 -0.056811698 -0.012551812 0.018517176 0.026777994 0.999391079
1341846337.046017 -0.434936881 -0.396427274 -0.050157718 -0.013909957 0.009813611 0.022301728 0.999606311
1341846337.082104 -0.484820157 -0.403657883 -0.054509621 -0.015690910 0.016343130 0.019565828 0.999551833
1341846337.114317 -0.470215142 -0.413647264 -0.055070959 -0.019026872 0.011986464 0.019372724 0.999559402
1341846337.150037 -0.479332685 -0.403323710 -0.052862607 -0.019153053 0.011455864 0.018335769 0.999582767
1341846337.181873 -0.472212404 -0.399056047 -0.050624780 -0.019174246 0.010589986 0.015530393 0.999639452
1341846337.214073 -0.514229655 -0.400833309 -0.061799858 -0.022120705 0.017685197 0.013575887 0.999506712
1341846337.250087 -0.559670687 -0.422282696 -0.058701143 -0.027624896 0.022934979 0.016704913 0.999215543
1341846337.282028 -0.507543504 -0.422976553 -0.070912547 -0.025875676 0.010603231 0.018748978 0.999433100
1341846337.317920 -0.485955954 -0.422330379 -0.070085347 -0.026217140 0.006102173 0.018732281 0.999462128
1341846337.350018 -0.495860010 -0.408572078 -0.072473004 -0.026141861 0.008208812 0.018681817 0.999449909
1341846337.382159 -0.487532705 -0.413835973 -0.068439029 -0.029536420 0.007405412 0.017422328 0.999384403
1341846337.417941 -0.485240221 -0.422337115 -0.065937199 -0.029526154 0.007813198 0.018061938 0.999370277
1341846337.450137 -0.485641658 -0.420628458 -0.078286268 -0.028892405 0.006024534 0.018622600 0.999390900
1341846337.482096 -0.487847358 -0.415414006 -0.076586768 -0.029623676 0.006080831 0.019612657 0.999350190
1341846337.518008 -0.484833598 -0.420883447 -0.071311504 -0.029334605 0.005289881 0.020074520 0.999354064
1341846337.549978 -0.483923972 -0.410452098 -0.078420050 -0.027655488 0.004011166 0.018302139 0.999441922
1341846337.585971 -0.489939362 -0.408399373 -0.075988799 -0.030479193 0.004484661 0.017499568 0.999372125
1341846337.617903 -0.489448249 -0.411489397 -0.062947564 -0.029318754 0.004136522 0.017811047 0.999402821
1341846337.650141 -0.485470891 -0.405677289 -0.074445263 -0.026324842 0.003103493 0.017218970 0.999500334
1341846337.686352 -0.476898849 -0.399078846 -0.075999632 -0.027393535 0.002377400 0.017340310 0.999471486
1341846337.718002 -0.471787065 -0.399896413 -0.070639580 -0.029320220 0.002133132 0.017560154 0.999413550
1341846337.749920 -0.464523762 -0.400882661 -0.067841999 -0.029678933 0.003223738 0.016728234 0.999414265
1341846337.786157 -0.464296520 -0.389582068 -0.071743786 -0.031728167 0.005994232 0.016104100 0.999348819
1341846337.817945 -0.459925741 -0.396953851 -0.063484952 -0.034806352 0.007903652 0.017596098 0.999207854
1341846337.854071 -0.456481367 -0.390979886 -0.061167493 -0.035242312 0.010630907 0.016837103 0.999180436
1341846337.885951 -0.454548806 -0.379536062 -0.060026795 -0.037137739 0.012806109 0.014908722 0.999116898
1341846337.918223 -0.461053997 -0.376905769 -0.057725780 -0.041340411 0.014776268 0.011979529 0.998964012
1341846337.954120 -0.474025905 -0.378975153 -0.053847432 -0.044007134 0.017734617 0.011627434 0.998806119
1341846337.985994 -0.454815567 -0.368217766 -0.052866906 -0.045325886 0.016394217 0.011591858 0.998770475
1341846338.018107 -0.438776046 -0.371457249 -0.046307303 -0.049063772 0.016356491 0.012703949 0.998580933
1341846338.054055 -0.431657225 -0.364911854 -0.044850845 -0.050692391 0.016972296 0.011615030 0.998502553
1341846338.085986 -0.431179494 -0.354902357 -0.035392575 -0.052873924 0.020196041 0.010964258 0.998336732
1341846338.121875 -0.434397668 -0.357708454 -0.029989280 -0.054951716 0.023072945 0.012523166 0.998143852
1341846338.154089 -0.408404112 -0.352271885 -0.020852782 -0.054884650 0.020277392 0.016643142 0.998148024
1341846338.186029 -0.426303893 -0.341617584 -0.021004606 -0.054675054 0.022729443 0.018022558 0.998082757
1341846338.222071 -0.411329389 -0.335245252 -0.018634692 -0.055363201 0.022197232 0.017303001 0.998069525
1341846338.254107 -0.411723912 -0.329467446 -0.006129958 -0.056109741 0.024250565 0.017626597 0.997974396
1341846338.290130 -0.409481943 -0.328106850 0.000099204 -0.055340856 0.024223870 0.019094750 0.997990966
1341846338.321952 -0.409975439 -0.316186190 0.002661463 -0.053827774 0.025352489 0.020516116 0.998017490
1341846338.354022 -0.409889132 -0.306382805 0.012390982 -0.052729405 0.026371529 0.020558314 0.998048842
1341846338.389969 -0.402435124 -0.298492402 0.015942745 -0.052623723 0.026062818 0.020768631 0.998058200
1341846338.422377 -0.395806789 -0.295125425 0.025453143 -0.054006323 0.025800603 0.021478374 0.997976124
1341846338.454010 -0.394817710 -0.286827266 0.030040845 -0.054038793 0.025224870 0.020253357 0.998014688
1341846338.489894 -0.391228527 -0.284464568 0.040867642 -0.055257212 0.024541611 0.020365169 0.997962773
1341846338.522066 -0.390477747 -0.283725113 0.045173205 -0.054390751 0.024741955 0.019710070 0.998018563
1341846338.558058 -0.389251292 -0.271739364 0.047371950 -0.053663712 0.024618195 0.019039772 0.998073936
1341846338.589842 -0.375033975 -0.253924936 0.058600746 -0.053274296 0.022654969 0.018440699 0.998152554
1341846338.622019 -0.371264398 -0.253920674 0.071952492 -0.052503556 0.023705490 0.018867968 0.998161018
1341846338.657984 -0.371784627 -0.241085649 0.069346808 -0.050368506 0.023570009 0.020933194 0.998233080
1341846338.690198 -0.376010060 -0.221068874 0.066096663 -0.049268149 0.024154294 0.020473765 0.998283505
1341846338.722454 -0.365212649 -0.227889776 0.077359304 -0.050983068 0.023906447 0.020245856 0.998208046
1341846338.757945 -0.361185461 -0.222890019 0.091317341 -0.050749592 0.023156824 0.021793030 0.998205066
1341846338.790039 -0.352189183 -0.218447775 0.100778148 -0.052245244 0.019980306 0.022793496 0.998174191
1341846338.826048 -0.337464839 -0.222415507 0.104167327 -0.052815709 0.018661786 0.020577880 0.998217821
1341846338.858027 -0.339380860 -0.203796312 0.103619963 -0.050148152 0.020416021 0.019682094 0.998339117
1341846338.889902 -0.336899787 -0.196925327 0.120092168 -0.051756743 0.019747807 0.019002598 0.998283625
1341846338.925948 -0.329021335 -0.194208324 0.123877607 -0.052882783 0.019337893 0.017352222 0.998262703
1341846338.958108 -0.329959601 -0.177241296 0.134504944 -0.049843445 0.021608230 0.015650723 0.998400629
1341846338.990057 -0.327672541 -0.186900958 0.139114946 -0.050742842 0.021779684 0.016821595 0.998332500
1341846339.025928 -0.305311710 -0.183947951 0.151138932 -0.048274226 0.019746670 0.015649036 0.998516262
1341846339.057939 -0.313067079 -0.180368349 0.163097262 -0.045363311 0.023849560 0.015099573 0.998571694
1341846339.093927 -0.319152147 -0.165071398 0.160878807 -0.044467818 0.024482906 0.016510215 0.998574257
1341846339.126562 -0.296510577 -0.143009186 0.174972415 -0.044187676 0.020298058 0.015242127 0.998700738
1341846339.157969 -0.280299604 -0.135686904 0.188904747 -0.045380272 0.020370686 0.012771074 0.998680413
1341846339.194113 -0.289014071 -0.114197597 0.191738993 -0.044382580 0.022948882 0.014168187 0.998650491
1341846339.228165 -0.277834237 -0.110381536 0.195388407 -0.047435600 0.019331196 0.017527657 0.998533368
1341846339.257998 -0.257048368 -0.114718780 0.202989876 -0.050865836 0.017173368 0.016516244 0.998421252
1341846339.294132 -0.254213959 -0.101635322 0.214229345 -0.049051285 0.019471558 0.017955448 0.998444974
1341846339.326577 -0.264257848 -0.078483671 0.211538628 -0.049711805 0.019309256 0.021241788 0.998350978
1341846339.362269 -0.248856902 -0.090456165 0.219636634 -0.055905290 0.015361515 0.018643046 0.998143792
1341846339.394725 -0.235902280 -0.083106115 0.230812460 -0.055962551 0.015875926 0.018295331 0.998138964
1341846339.462186 -0.208205789 -0.092178106 0.243253291 -0.061218742 0.010807996 0.017509030 0.997912228
1341846339.496743 -0.181996629 -0.094440378 0.253329784 -0.059447270 0.010839681 0.016788907 0.998031378
1341846339.562052 -0.180770099 -0.063698709 0.279579371 -0.052381728 0.014123625 0.015638240 0.998404801
1341846339.595122 -0.164756924 -0.051938627 0.289994776 -0.048503846 0.012634324 0.014379881 0.998639524
1341846339.632085 -0.159705713 -0.035327591 0.294024825 -0.044608966 0.015811747 0.011765567 0.998810053
1341846339.664568 -0.153719574 -0.038764343 0.304221570 -0.044775143 0.017920004 0.010104775 0.998785257
1341846339.698896 -0.146570235 -0.049794417 0.315022886 -0.047047447 0.018018931 0.009906281 0.998680949
1341846339.731977 -0.125095665 -0.049254522 0.320081234 -0.046717223 0.014895310 0.008504611 0.998760879
1341846339.762241 -0.130978554 -0.051667012 0.328408211 -0.046702683 0.018188439 0.008768556 0.998704731
1341846339.797873 -0.134446204 -0.044892140 0.333956033 -0.045333140 0.019538201 0.009464457 0.998736024
1341846339.830245 -0.126123756 -0.059270985 0.345736384 -0.048634946 0.018067550 0.010243984 0.998600662
1341846339.862015 -0.129232153 -0.048791122 0.347129852 -0.046792991 0.019227842 0.008916299 0.998679757
1341846339.897797 -0.124071933 -0.054414559 0.357342213 -0.048966181 0.019881995 0.008706553 0.998564601
1341846339.929916 -0.112873048 -0.042238839 0.364528477 -0.046261042 0.019229144 0.010592663 0.998688102
1341846339.961960 -0.090794578 -0.059114728 0.373903126 -0.048114676 0.015088759 0.013233038 0.998640180
1341846339.997845 -0.109199524 -0.036833864 0.375766903 -0.042733684 0.020230347 0.010881176 0.998822391
1341846340.029925 -0.114400454 -0.038243089 0.383143336 -0.041780509 0.024191571 0.010948048 0.998773873
1341846340.066044 -0.120176733 -0.031540617 0.392041445 -0.038337752 0.027101493 0.011223858 0.998834193
1341846340.098009 -0.108353376 -0.018073471 0.393912673 -0.035013761 0.025381843 0.012725493 0.998983383
1341846340.130102 -0.084996916 0.002446856 0.410261422 -0.031773474 0.021709805 0.011586320 0.999192119
1341846340.166041 -0.062657334 0.003630141 0.412964731 -0.030575816 0.020315811 0.008853351 0.999286711
1341846340.197867 -0.094990201 -0.012473987 0.412803471 -0.032890372 0.028749337 0.009696711 0.998998344
1341846340.229904 -0.095973693 -0.002724310 0.421238154 -0.032256946 0.029008884 0.008686430 0.999020755
1341846340.265859 -0.086377390 -0.024748806 0.418412119 -0.036842618 0.028562469 0.008304169 0.998878300
1341846340.298061 -0.068897061 -0.007990237 0.430158615 -0.031780969 0.028217269 0.009094211 0.999055088
1341846340.334063 -0.084004439 0.004310299 0.436356664 -0.030598124 0.030218322 0.009432974 0.999030352
1341846340.366064 -0.078187823 -0.028596815 0.439169288 -0.038329352 0.027580475 0.010450440 0.998829782
1341846340.397995 -0.074933469 -0.024663659 0.442786276 -0.035477221 0.028211884 0.010252383 0.998919606
1341846340.433895 -0.078004435 -0.027597584 0.448285371 -0.035662018 0.029032713 0.011638124 0.998874307
1341846340.465959 -0.075067222 -0.017062128 0.456202865 -0.032805610 0.026371688 0.013056032 0.999028444
1341846340.501858 -0.068274446 -0.004045289 0.452614784 -0.029618572 0.022224898 0.013253923 0.999226272
1341846340.534329 -0.056869101 -0.013322964 0.451839656 -0.031086553 0.019060811 0.013536685 0.999243259
1341846340.566041 -0.058761626 -0.029124619 0.453456163 -0.032509532 0.019101962 0.013883135 0.999192417
1341846340.601909 -0.015272838 -0.007005539 0.450629473 -0.025748022 0.010808486 0.013512212 0.999518692
1341846340.634005 -0.008114877 -0.008744100 0.447501540 -0.025820013 0.009171660 0.012406331 0.999547541
1341846340.666028 -0.005465165 -0.012432871 0.447809488 -0.026533309 0.009606187 0.010076389 0.999550998
1341846340.701946 -0.002429381 -0.009912509 0.443110973 -0.023715649 0.010677470 0.007111438 0.999636412
1341846340.733954 -0.002851243 -0.009366028 0.437506557 -0.023007989 0.012756105 0.005952468 0.999636173
1341846340.770081 -0.021423448 0.000617329 0.440536618 -0.021924702 0.016891353 0.003168365 0.999611914
1341846340.801980 -0.001455932 -0.010664718 0.436495721 -0.023930231 0.014319010 -0.002010250 0.999609053
1341846340.833999 -0.016426079 0.001970954 0.436966956 -0.021913720 0.019662049 -0.006572980 0.999544859
1341846340.870013 -0.015736155 -0.003632562 0.441446364 -0.024216799 0.019121977 -0.008505144 0.999487638
1341846340.901955 -0.018468618 -0.010788616 0.440075159 -0.024361929 0.019719435 -0.008379395 0.999473572
1341846340.933918 -0.024363136 -0.014995759 0.434596419 -0.023293896 0.020149330 -0.005701384 0.999509335
1341846340.970122 -0.020160422 -0.013372906 0.434856772 -0.021935450 0.016245030 0.000351720 0.999627352
1341846341.001922 -0.005350079 -0.005911434 0.432439625 -0.018713517 0.009468656 0.006413057 0.999759495
1341846341.037923 -0.007164071 -0.006295863 0.420929164 -0.017551802 0.007884542 0.007563360 0.999786258
1341846341.070300 -0.007260430 -0.014570346 0.416739285 -0.018886197 0.006923254 0.008196837 0.999764085
1341846341.102028 -0.011540498 -0.001231967 0.418495417 -0.016191673 0.006219766 0.008481471 0.999813616
1341846341.137982 -0.016057430 -0.007722053 0.414542347 -0.017395006 0.005217384 0.008430513 0.999799490
1341846341.170048 -0.006621760 -0.013803227 0.411832571 -0.017915932 0.003232026 0.009736816 0.999786854
1341846341.202110 -0.001134635 -0.007066555 0.412157834 -0.014744622 0.001855498 0.010509695 0.999834359
1341846341.237996 0.004572870 -0.009763272 0.408640593 -0.013640762 0.001054470 0.011304324 0.999842525
1341846341.269883 -0.005068260 -0.019013152 0.406483680 -0.014189715 0.003057571 0.012691724 0.999814093
1341846341.306107 -0.010559320 -0.029596593 0.406428307 -0.015794870 0.003424820 0.011711097 0.999800801
1341846341.338109 -0.011362424 -0.027692949 0.401696324 -0.014692418 0.004283543 0.009769463 0.999835134
1341846341.370120 -0.011792473 -0.011559692 0.400836200 -0.010842977 0.005488927 0.005525145 0.999910891
1341846341.406074 -0.019369667 -0.021235388 0.401533961 -0.012703534 0.006771051 0.006238607 0.999876916
1341846341.438113 -0.009414596 -0.035722319 0.405482978 -0.013728254 0.002962626 0.005772295 0.999884725
1341846341.470024 -0.010846493 -0.021931482 0.400398314 -0.008398887 0.003426004 0.003933793 0.999951124
1341846341.506077 -0.020298310 -0.013504107 0.395739615 -0.007568454 0.005863700 0.002945026 0.999949813
1341846341.538156 -0.027112819 -0.023608465 0.396934420 -0.010086761 0.005002248 0.003388021 0.999930859
1341846341.574016 -0.014761736 -0.020634409 0.395746410 -0.008433159 0.000623223 0.004556635 0.999953866
1341846341.612466 -0.021148821 -0.028386783 0.389313817 -0.009957838 0.001116550 0.005405763 0.999935150
1341846341.643972 -0.016565891 -0.027880322 0.390927315 -0.010980266 -0.001436094 0.004459020 0.999928772
1341846341.679982 -0.035610009 -0.019342706 0.389940649 -0.009171712 0.000704779 0.005190909 0.999944210
1341846341.712332 -0.030829761 -0.015279757 0.389709979 -0.007824509 -0.002720283 0.008392704 0.999930441
1341846341.744185 -0.020712338 -0.014789523 0.389734864 -0.006959551 -0.006277057 0.009547154 0.999910474
1341846341.780061 -0.023081118 -0.017961171 0.385273844 -0.007444151 -0.006392067 0.011153390 0.999889672
1341846341.842595 -0.019851398 -0.033147164 0.380038470 -0.007457753 -0.007302911 0.017283035 0.999796152
1341846341.906227 -0.003405589 -0.049391236 0.378111541 -0.006651521 -0.011132967 0.021333888 0.999688327
1341846341.942069 0.000941192 -0.053551644 0.380950332 -0.003572339 -0.011751805 0.022709109 0.999666631
1341846341.974775 0.001159607 -0.056636892 0.372299612 -0.001158917 -0.011975860 0.024272285 0.999632955
1341846342.010161 -0.008660591 -0.058622073 0.373031855 -0.001027770 -0.011705805 0.027012141 0.999566019
1341846342.042024 0.008008095 -0.064090312 0.377412647 0.000703923 -0.015109411 0.023715094 0.999604285
1341846342.080032 0.005594797 -0.061452087 0.369621426 0.002724312 -0.012109969 0.023315728 0.999651074
1341846342.112265 -0.009027161 -0.063287489 0.365041047 0.003103400 -0.008826947 0.028787751 0.999541759
1341846342.147954 0.003017805 -0.060137238 0.375554025 0.006814060 -0.012420845 0.031085644 0.999416292
1341846342.179852 0.007771367 -0.063920461 0.369629741 0.008294888 -0.012282929 0.031882040 0.999381721
1341846342.211848 -0.008341061 -0.057049166 0.365396291 0.010470940 -0.008633172 0.031545632 0.999410152
1341846342.247920 -0.001491881 -0.059906550 0.368177235 0.011364108 -0.009806009 0.029645473 0.999447763
1341846342.279870 0.003276394 -0.068755671 0.363202691 0.011089412 -0.009980892 0.030906966 0.999410927
1341846342.316068 0.020270176 -0.102002457 0.347613811 0.005920219 -0.012620864 0.029175252 0.999477088
1341846342.347894 0.021747392 -0.098256983 0.345755517 0.006680409 -0.012699516 0.029934986 0.999448836
1341846342.379953 0.023056189 -0.098933995 0.346305639 0.006702984 -0.012038059 0.031204917 0.999418020
1341846342.416195 0.021297498 -0.098027162 0.347292304 0.007510876 -0.011813165 0.031515777 0.999405205
