1341846313.592026 0.000000000 0.000000000 0.000000000 0.000000000 0.000000000 0.000000000 1.000000000
1341846313.654184 0.007583969 -0.002812706 0.000872853 -0.001100056 -0.003214338 0.005022304 0.999981642
1341846313.686156 0.016091015 -0.000445810 0.007639784 0.000223247 -0.005779326 0.004620831 0.999972582
1341846313.721918 0.019825727 0.006190594 0.001922403 0.000995596 -0.006762570 0.003934971 0.999968886
1341846313.753994 0.026908515 0.002635674 0.003539369 -0.000172420 -0.007725903 0.005836909 0.999953091
1341846313.789969 0.036798302 0.001288132 0.000729691 0.000778991 -0.008796541 0.004403610 0.999951303
1341846313.822075 0.043403160 0.007155434 -0.003417440 0.001461609 -0.007800916 0.003336486 0.999962926
1341846313.853928 0.050473802 0.005196595 -0.005411108 0.000576537 -0.005714302 0.002364913 0.999980688
1341846313.890011 0.063251302 0.009596075 0.004021224 0.000804620 -0.004913017 0.003948362 0.999979794
1341846313.922055 0.074171118 0.013784273 -0.001792149 -0.000932183 -0.005484364 0.005472967 0.999969542
1341846313.957927 0.100593075 0.011877126 -0.006150382 -0.003251231 -0.003963693 0.005444865 0.999972045
1341846313.990058 0.091294423 0.012124261 0.005607561 -0.004600442 0.004458290 0.007470331 0.999951541
1341846314.022042 0.094580039 0.020777663 -0.004781636 -0.005859988 0.006538533 0.008885141 0.999921978
1341846314.057816 0.105956808 0.013179331 0.004222602 -0.010046273 0.008604017 0.009682444 0.999865592
1341846314.089801 0.111541130 0.007073975 0.010483194 -0.010162813 0.014401860 0.008503843 0.999808431
1341846314.122037 0.119453594 0.022018805 0.000334211 -0.009357173 0.017104680 0.012693805 0.999729335
1341846314.157989 0.118481971 0.018656543 0.017000454 -0.012007699 0.021308357 0.012000938 0.999628782
1341846314.190094 0.124041297 0.022273341 0.019824978 -0.011281015 0.025156563 0.012905880 0.999536514
1341846314.225969 0.138742372 0.030631613 0.012656602 -0.013078024 0.025473218 0.017931240 0.999429107
1341846314.257923 0.138418227 0.023296248 0.016640641 -0.015644237 0.028325072 0.017169410 0.999328852
1341846314.290052 0.154844671 0.021793747 0.021942083 -0.014745359 0.027840544 0.017327450 0.999353409
1341846314.325981 0.164373606 0.030913323 0.022423461 -0.014732033 0.028399706 0.016932806 0.999344647
1341846314.357905 0.175071508 0.024158612 0.026573865 -0.016180033 0.030686511 0.015778046 0.999273479
1341846314.389899 0.160644054 0.019243192 0.009864874 -0.015026754 0.035871267 0.014164793 0.999143064
1341846314.427905 0.164838821 0.026676711 0.004547708 -0.014226022 0.037816700 0.012283828 0.999107897
1341846314.493987 0.178366452 0.018147018 0.005778166 -0.013826199 0.047042154 0.004538739 0.998786926
1341846314.526085 0.188228056 0.021101827 -0.005651629 -0.013412649 0.048341587 0.003032051 0.998736203
1341846314.558292 0.193011418 0.019716239 0.002703629 -0.014951418 0.051419087 0.003815029 0.998557925
1341846314.594085 0.207893819 0.015843803 0.005089523 -0.013838928 0.054647073 0.003674309 0.998403072
1341846314.626096 0.207967475 0.024715167 -0.003895979 -0.012676616 0.059170384 0.004902657 0.998155355
1341846314.658455 0.211114079 0.023832090 0.003834708 -0.014622096 0.061585307 0.003485990 0.997988641
1341846314.694004 0.224212617 0.019995475 0.014142197 -0.014736518 0.064430088 0.003004744 0.997808874
1341846314.725910 0.218964070 0.013631099 0.013096686 -0.011237239 0.068872049 0.007051668 0.997537255
1341846314.761942 0.226115346 0.020406470 0.017277524 -0.006792812 0.068671823 0.010630632 0.997559547
1341846314.794030 0.241692871 0.014430113 0.015911039 -0.004797223 0.069711328 0.011653054 0.997487605
1341846314.826092 0.241991818 0.015084645 0.008590613 -0.002672207 0.074644417 0.011380155 0.997141719
1341846314.862145 0.252296716 0.018263692 0.004800316 -0.002224379 0.077546924 0.010920748 0.996926427
1341846314.894072 0.259479016 0.017996037 0.006922357 -0.002193081 0.081244953 0.014577195 0.996585131
1341846314.925969 0.258538783 0.019121889 0.006522696 -0.002091364 0.084683023 0.018248022 0.996238649
1341846314.961937 0.264175802 0.029490136 -0.000616144 -0.003964982 0.084716417 0.023020023 0.996131241
1341846314.994564 0.275033742 0.027455127 0.005598642 -0.007593452 0.084747545 0.022209529 0.996125937
1341846315.029900 0.287443459 0.026689947 0.016843762 -0.007937181 0.087529920 0.019577736 0.995937884
1341846315.061965 0.301911384 0.025084136 0.004451733 -0.009324119 0.088492073 0.026098453 0.995691240
1341846315.094388 0.305015624 0.024922410 0.005966429 -0.009154700 0.087672427 0.027056184 0.995739758
1341846315.129851 0.314117581 0.028512912 0.007163227 -0.006804488 0.087236524 0.025312927 0.995842695
1341846315.161941 0.297817349 0.053157937 0.005946252 -0.006844807 0.089252368 0.025033744 0.995670915
1341846315.197984 0.300222009 0.049446892 0.014355130 -0.014119873 0.087330818 0.020725459 0.995863676
1341846315.230076 0.307781696 0.044410735 0.011287946 -0.018027505 0.086008184 0.018726872 0.995955288
1341846315.262069 0.303008974 0.045637075 0.018487293 -0.020782540 0.084410414 0.020552861 0.996002257
1341846315.298000 0.322353035 0.030543953 0.019631833 -0.024125701 0.078713827 0.024233300 0.996310592
1341846315.329931 0.336068094 0.011131320 0.030750226 -0.022809630 0.076010436 0.024971496 0.996533275
1341846315.361981 0.331831187 0.016574567 0.021767613 -0.017147036 0.076528862 0.027424645 0.996542633
1341846315.397962 0.341633260 0.021127004 0.026599146 -0.013769932 0.075917713 0.031010976 0.996536613
1341846315.429923 0.340077102 0.020917835 0.018889483 -0.010913756 0.078514300 0.032278076 0.996330500
1341846315.466047 0.373512894 0.028677210 0.015758906 -0.009329876 0.078439727 0.036699936 0.996199369
1341846315.497883 0.368856162 0.026909957 0.017854352 -0.010504718 0.082418442 0.041146778 0.995692611
1341846315.530008 0.373263478 0.025689786 0.023567148 -0.010740382 0.083580345 0.042330522 0.995543659
1341846315.566108 0.365093678 0.027715154 0.021181807 -0.011258437 0.086306401 0.041957643 0.995321035
1341846315.597986 0.370207965 0.024914643 0.022870667 -0.011711734 0.087158866 0.041901715 0.995243907
1341846315.630109 0.375425309 0.032699179 0.024728969 -0.010616645 0.087447993 0.041040290 0.995266736
1341846315.666042 0.370535761 0.038934920 0.015567064 -0.010757225 0.089885570 0.039842591 0.995096684
1341846315.698114 0.391364008 0.046967730 0.001462430 -0.014981252 0.090703540 0.039595582 0.994977713
1341846315.733985 0.371910572 0.029902395 0.018136598 -0.019431805 0.096047632 0.040322650 0.994369805
1341846315.766041 0.369574040 0.034370318 0.010794349 -0.018564263 0.093742236 0.041037053 0.994577169
1341846315.798188 0.369755089 0.023566542 0.018318325 -0.021176578 0.093170457 0.039303176 0.994648755
1341846315.834140 0.366580248 0.016528061 0.023391917 -0.020896442 0.095692225 0.037694473 0.994477510
1341846315.866751 0.364947498 0.018191734 0.013682559 -0.018214608 0.096735381 0.037298512 0.994444191
1341846315.898492 0.367182046 0.022193007 0.024771318 -0.016427003 0.097210944 0.037725527 0.994412899
1341846315.936901 0.359168053 0.014870168 0.020370267 -0.014401584 0.099653952 0.036247142 0.994257450
1341846315.966572 0.349930227 0.016153539 0.021206029 -0.010709941 0.101946980 0.035359632 0.994103491
1341846316.034204 0.339400589 0.015475157 0.023797803 -0.007001445 0.101631843 0.033414498 0.994236112
1341846316.066113 0.334683627 0.019096646 0.029134683 -0.004175482 0.101596683 0.033045784 0.994267881
1341846316.101867 0.324857801 0.020374803 0.022798359 -0.002741845 0.100864127 0.035340913 0.994268537
1341846316.134066 0.317188621 0.019603329 0.015890341 -0.003554557 0.097767539 0.033232849 0.994647920
1341846316.202049 0.301720709 0.010010221 0.019386869 -0.003940121 0.093543038 0.029424334 0.995172560
1341846316.233979 0.295974821 0.013379438 0.009914599 -0.003457691 0.092471510 0.025367178 0.995386124
1341846316.270052 0.298090786 0.014426133 0.011077020 -0.004696140 0.092595421 0.022498734 0.995438516
1341846316.301915 0.282689363 0.008903496 0.017572448 -0.004694571 0.095045127 0.020348363 0.995253921
1341846316.334208 0.270533383 0.003549847 0.012874745 -0.003409675 0.095152736 0.022464873 0.995203316
1341846316.370006 0.275769025 0.003637284 0.017545752 -0.001351706 0.092697129 0.023765929 0.995409787
1341846316.401994 0.263924122 0.004612400 0.014764823 0.000489493 0.092575841 0.025529366 0.995378196
1341846316.438069 0.272039533 0.003228935 0.023934223 0.002600119 0.090383135 0.029328704 0.995471716
1341846316.470076 0.230436265 -0.007810558 0.016638447 0.005798260 0.094203785 0.027143037 0.995165944
1341846316.502034 0.245924786 0.011534205 0.011525843 0.009980556 0.088826604 0.032744128 0.995458722
1341846316.537975 0.230335787 0.015409312 0.003390208 0.007674269 0.087001264 0.029621288 0.995738149
1341846316.570121 0.225811452 0.001036393 0.006524496 0.006090585 0.086835802 0.026843973 0.995842278
1341846316.601885 0.212349489 -0.000730138 0.009219505 0.008223505 0.087177485 0.024767309 0.995850921
1341846316.638009 0.198389813 -0.005533915 0.009561028 0.010045598 0.086437769 0.026155537 0.995863140
1341846316.669925 0.196570396 -0.002572707 0.016024444 0.012857068 0.085552193 0.025038928 0.995935977
1341846316.705941 0.188425392 -0.009680377 0.007459413 0.016420972 0.085415110 0.027199080 0.995838761
1341846316.738062 0.176775783 -0.000667708 0.001637807 0.019533895 0.085425027 0.029942412 0.995702982
1341846316.770433 0.168970779 0.002633843 0.001053246 0.019077430 0.084875807 0.030518692 0.995741308
1341846316.805932 0.161376446 -0.005279519 0.006624894 0.018848816 0.084922284 0.029300975 0.995778263
1341846316.838029 0.154746592 -0.000623593 0.007662266 0.020943401 0.083591893 0.029596783 0.995840251
1341846316.870034 0.148402974 -0.009658594 0.013020651 0.020425465 0.080240101 0.032699615 0.996029675
1341846316.906344 0.140379667 -0.007929189 0.005870320 0.021591146 0.077200554 0.030109711 0.996326923
1341846316.937940 0.135058761 -0.004013172 0.004479032 0.021762950 0.076012157 0.026657810 0.996512830
1341846316.973994 0.129201427 -0.001390803 -0.006131938 0.021364495 0.073688187 0.028571261 0.996643007
1341846317.005913 0.119807936 -0.004300936 0.006151302 0.020172769 0.071784623 0.028356414 0.996812880
1341846317.037936 0.112082109 -0.006156572 0.017640319 0.020390173 0.069840327 0.027111854 0.996981204
1341846317.073972 0.109640159 -0.013495000 0.014922211 0.020818066 0.066780210 0.029389853 0.997117460
1341846317.106113 0.100518703 -0.014918005 0.029971030 0.023030968 0.066227488 0.031873826 0.997029364
1341846317.137887 0.084080078 -0.012465872 0.027483389 0.027056469 0.061472476 0.035082851 0.997125030
1341846317.173970 0.079436786 -0.014648571 0.004670714 0.027808821 0.053255595 0.039686721 0.997404337
1341846317.205887 0.070930876 -0.016206574 0.005637811 0.027588710 0.050744768 0.040614545 0.997503996
1341846317.248131 0.070760287 -0.012387441 0.011025716 0.029245218 0.047387533 0.042422302 0.997546732
1341846317.306289 0.058583181 -0.010433371 0.011734484 0.030982630 0.041622821 0.045865845 0.997599065
1341846317.348137 0.057402518 -0.016064040 0.011818317 0.031491302 0.042109810 0.046824157 0.997518182
1341846317.410120 0.037324693 -0.008588299 0.014311304 0.034002967 0.042563349 0.052307338 0.997143984
1341846317.442569 0.029365303 -0.021374883 0.011824679 0.035425004 0.043165293 0.054779723 0.996935785
1341846317.474010 0.022721540 -0.017276626 0.011396197 0.041432809 0.043171588 0.056119852 0.996629357
1341846317.509927 0.006119578 -0.009924097 0.005299865 0.044974055 0.042174470 0.060882282 0.996238947
1341846317.542282 0.000962458 -0.010096235 0.004603047 0.044152848 0.039123043 0.062428575 0.996304452
1341846317.573943 -0.006330119 -0.019534463 0.007738977 0.042855088 0.040729776 0.059441987 0.996479392
1341846317.610159 -0.017552750 -0.023469752 0.006108608 0.045057587 0.043003686 0.059975319 0.996254683
1341846317.643553 -0.034473445 -0.018676661 0.005185362 0.047923181 0.043457188 0.061831232 0.995987833
1341846317.677993 -0.036657095 -0.017636966 0.008889956 0.049038332 0.039403018 0.065938018 0.995838761
1341846317.709996 -0.042179178 -0.020965055 0.006571453 0.051059123 0.036635347 0.064828955 0.995915651
1341846317.741834 -0.052494261 -0.007995280 0.011780785 0.052441332 0.036271386 0.064512894 0.995877743
1341846317.777923 -0.053807653 -0.008006532 0.026209267 0.050844725 0.034732893 0.063999251 0.996048450
1341846317.810021 -0.052485920 -0.007578459 0.041460682 0.050957017 0.032606225 0.063122958 0.996170521
1341846317.841886 -0.089605123 -0.011726561 0.000083164 0.048975043 0.033848282 0.059461594 0.996453762
1341846317.878017 -0.083919778 -0.007600314 0.011275744 0.047407337 0.032464109 0.056631044 0.996740460
1341846317.909910 -0.082676731 -0.013219228 0.029219046 0.045973543 0.033116359 0.052756246 0.996998727
1341846317.946031 -0.077115849 -0.007434340 0.040983479 0.048250630 0.032933056 0.055936493 0.996723831
1341846317.978041 -0.079040036 -0.017098518 0.060352586 0.049974307 0.031511679 0.057876732 0.996574104
1341846318.009897 -0.108820580 -0.014758055 0.029645648 0.051576730 0.033769455 0.052192844 0.996732295
1341846318.045949 -0.123117723 -0.012470730 0.027273959 0.052138194 0.035300154 0.050690375 0.996727645
1341846318.078074 -0.133324191 -0.014194080 0.023312163 0.051022701 0.033723291 0.049096376 0.996919751
1341846318.109894 -0.146132305 -0.014510961 0.023533005 0.050620973 0.029789392 0.046048094 0.997210920
1341846318.145957 -0.148174524 -0.015243727 0.020417400 0.049968112 0.027748091 0.044212203 0.997385859
1341846318.178001 -0.153314173 -0.016973078 0.025255933 0.049075197 0.028280573 0.041184451 0.997544825
1341846318.214074 -0.160355896 -0.021965994 0.032631896 0.049576167 0.025947487 0.040503286 0.997611344
1341846318.245970 -0.173912495 -0.027782891 0.036059212 0.052154560 0.021504929 0.041371394 0.997549891
1341846318.278018 -0.186965972 -0.025849950 0.028190902 0.056421489 0.017063459 0.041362833 0.997403920
1341846318.313937 -0.180997387 -0.025767714 0.014206968 0.058311574 0.009496526 0.041216005 0.997402012
1341846318.345989 -0.209129184 -0.023229515 0.009632800 0.059793472 0.001525373 0.040138952 0.997402251
1341846318.382046 -0.220590428 -0.022484329 0.018894209 0.061830532 -0.004476636 0.038100015 0.997349143
1341846318.414072 -0.223471761 -0.023811059 0.019665062 0.063363083 -0.011735951 0.040303137 0.997107387
1341846318.446035 -0.233785838 -0.023767155 0.033124514 0.065710075 -0.017312946 0.039817713 0.996893644
1341846318.482196 -0.241864741 -0.023883224 0.035866592 0.066814296 -0.018558808 0.038331944 0.996856093
1341846318.514144 -0.246341437 -0.022366099 0.034729883 0.066962637 -0.020218855 0.039416037 0.996771574
1341846318.546259 -0.251872450 -0.028708477 0.037943579 0.067994796 -0.021458998 0.038968690 0.996693373
1341846318.582042 -0.259293407 -0.023154901 0.029941019 0.070273094 -0.021708652 0.039918002 0.996492326
1341846318.614115 -0.267860264 -0.030873535 0.019108053 0.068862371 -0.021830725 0.040053852 0.996582687
1341846318.650038 -0.279644489 -0.035792999 0.016780946 0.068153545 -0.022101475 0.036866002 0.996748447
1341846318.682350 -0.290207416 -0.034157425 0.014424661 0.067772627 -0.022555904 0.034802116 0.996838450
1341846318.714063 -0.302217543 -0.030932920 0.015943501 0.067565084 -0.023053959 0.033226218 0.996894896
1341846318.749905 -0.309802383 -0.033925794 0.015834494 0.068179175 -0.023032546 0.034229305 0.996819675
1341846318.782036 -0.325167179 -0.035628829 0.013924021 0.069854088 -0.023115685 0.036855649 0.996608138
1341846318.814121 -0.341437876 -0.035277821 0.011371627 0.069844037 -0.027514996 0.034950886 0.996565700
1341846318.850072 -0.345211208 -0.041943654 0.013465710 0.069826998 -0.033716574 0.033387680 0.996429920
1341846318.883516 -0.351000935 -0.050183859 0.002111346 0.071919262 -0.041319471 0.032356914 0.996028781
1341846318.918047 -0.345429927 -0.027971551 0.020472866 0.077677906 -0.055635087 0.030399766 0.994960666
1341846318.950044 -0.370127410 -0.036418851 0.027612280 0.078629792 -0.063307986 0.028618196 0.994480014
1341846318.982028 -0.376130849 -0.039503437 0.028124698 0.079938836 -0.066868074 0.025005262 0.994239986
1341846319.018123 -0.400863320 -0.034067020 0.033501368 0.080092840 -0.070618570 0.024374148 0.993983924
1341846319.050745 -0.394534469 -0.040948424 0.025029026 0.080757447 -0.078443974 0.023902962 0.993354619
1341846319.081905 -0.395612746 -0.039261661 0.012108780 0.086094163 -0.079195470 0.021657646 0.992898166
1341846319.117976 -0.421106726 -0.035371173 -0.001557261 0.088692367 -0.076930463 0.026804224 0.992721975
1341846319.150093 -0.439894110 -0.038045522 -0.002749369 0.090193138 -0.080290608 0.033538375 0.992115796
1341846319.186069 -0.405677915 -0.019173566 0.015195712 0.093307711 -0.085101157 0.035660036 0.991352499
1341846319.218149 -0.434358954 -0.013874914 0.005425490 0.090752408 -0.078154482 0.033352904 0.992241621
1341846319.250034 -0.463343322 -0.014615545 0.013317145 0.084951557 -0.070492662 0.030516008 0.993419766
1341846319.286594 -0.449055433 -0.025645658 0.013087187 0.081446074 -0.069251694 0.035823110 0.993623376
1341846319.318034 -0.446310431 -0.024888728 0.010945149 0.082208380 -0.069190688 0.039739981 0.993415892
1341846319.350268 -0.474542439 -0.027472697 0.004734732 0.082892403 -0.066969186 0.045089666 0.993282914
1341846319.386163 -0.496444345 -0.031083750 0.012234949 0.084591486 -0.070170410 0.052274544 0.992566228
1341846319.418386 -0.483726710 -0.028495330 -0.005865142 0.085418813 -0.077347919 0.054307908 0.991852641
1341846319.453961 -0.486022353 -0.024461288 -0.003499024 0.086138904 -0.079473741 0.051167477 0.991789222
1341846319.486271 -0.494568080 -0.024896923 -0.006753646 0.085174859 -0.079279020 0.049904354 0.991952419
1341846319.554083 -0.515119612 -0.031272382 -0.006121591 0.079372406 -0.085366093 0.049511191 0.991948247
1341846319.586296 -0.528911531 -0.031739414 -0.001341678 0.079690717 -0.084569030 0.046268020 0.992147505
1341846319.622031 -0.546753585 -0.022169458 0.002314918 0.078986473 -0.087669916 0.044510908 0.992015004
1341846319.653962 -0.548195004 -0.033184800 0.011803858 0.077542707 -0.093229532 0.043038860 0.991686940
1341846319.686352 -0.553008378 -0.036118768 0.007744811 0.078957029 -0.097282209 0.044949144 0.991101146
1341846319.721992 -0.560536087 -0.028556641 -0.010138057 0.080070332 -0.100700036 0.045047518 0.990665853
1341846319.754063 -0.568085611 -0.013079502 -0.023696557 0.078597933 -0.102576189 0.042649783 0.990697443
1341846319.786397 -0.571096361 -0.016904665 -0.009670645 0.073838264 -0.102784827 0.046304345 0.990877926
1341846319.822008 -0.579163790 -0.020176545 -0.022410952 0.070175678 -0.103249721 0.051182907 0.990855753
1341846319.853917 -0.582656920 -0.017567463 -0.016171485 0.065596372 -0.104298033 0.054685805 0.990872562
1341846319.889942 -0.591358662 -0.031665578 -0.003335387 0.061159756 -0.104991056 0.061145008 0.990705609
1341846319.922039 -0.597896457 -0.032664001 -0.011134200 0.060958449 -0.109326616 0.062409140 0.990170121
1341846319.953946 -0.596485376 -0.034939654 -0.005742207 0.061488468 -0.115559988 0.058551706 0.989664972
1341846319.990054 -0.593657076 -0.035665967 -0.008509547 0.063894577 -0.118917756 0.051492151 0.989507258
1341846320.028122 -0.598698914 -0.034146726 0.005898416 0.066277243 -0.122793563 0.050422940 0.988932073
1341846320.090047 -0.591379941 -0.021223661 0.013301283 0.073228434 -0.130049214 0.048854854 0.987592041
1341846320.122011 -0.578339577 -0.022218049 0.009794876 0.073344566 -0.128351390 0.051762860 0.987657368
1341846320.157952 -0.571745098 -0.025966408 0.023156568 0.073412664 -0.126117036 0.052556373 0.987898231
1341846320.190003 -0.551748335 -0.036840055 0.013184145 0.075785138 -0.122934595 0.049683109 0.988268852
1341846320.221941 -0.544309318 -0.038150806 0.015912995 0.079228289 -0.120042615 0.051988766 0.988235712
1341846320.258015 -0.536334574 -0.040963866 0.017703824 0.083063774 -0.119178660 0.054664508 0.987880886
1341846320.289887 -0.524216175 -0.055293523 0.010409750 0.087273419 -0.120058455 0.055759829 0.987350047
1341846320.321954 -0.508170724 -0.053707801 0.011024892 0.096370727 -0.121973261 0.055093631 0.986306190
1341846320.357890 -0.492438287 -0.036148332 0.019481026 0.102986313 -0.122167960 0.055901602 0.985567749
1341846320.390064 -0.491051763 -0.026727688 0.035440363 0.105375789 -0.118059553 0.055702891 0.985827088
1341846320.426544 -0.471733660 -0.033668701 0.063914470 0.108064421 -0.111050047 0.051462006 0.986580729
1341846320.458122 -0.466913223 -0.043431316 0.045642331 0.108353488 -0.103418484 0.048659008 0.987520337
1341846320.490186 -0.436824888 -0.046461701 0.015192226 0.110992953 -0.097055517 0.048857756 0.987863183
1341846320.525911 -0.420272708 -0.039827377 0.009785831 0.114850238 -0.089711301 0.047175299 0.988198280
1341846320.558091 -0.411256880 -0.038849980 0.010696754 0.116033576 -0.085834078 0.043301858 0.988581657
1341846320.594093 -0.389187485 -0.044872031 0.021532036 0.116813265 -0.081962861 0.039397810 0.988981545
1341846320.631955 -0.385891825 -0.038325455 0.022616267 0.120020874 -0.073534876 0.038410611 0.989298880
1341846320.664916 -0.381062657 -0.034686547 0.016775783 0.120326445 -0.070802137 0.036839731 0.989520788
1341846320.699927 -0.356717557 -0.036720507 0.016811475 0.120045491 -0.068236455 0.035398833 0.989787757
1341846320.731822 -0.350330919 -0.032917380 0.015355103 0.122417383 -0.061307609 0.033636726 0.990012050
1341846320.763877 -0.328432918 -0.023227736 -0.025172334 0.119828187 -0.060078695 0.034853049 0.990362108
1341846320.799999 -0.327478826 -0.029460918 0.009626810 0.113000266 -0.062003653 0.030635582 0.991185129
1341846320.831871 -0.272927284 -0.037283309 -0.000982709 0.114203855 -0.053719711 0.025043465 0.991687715
1341846320.863887 -0.264484137 -0.035267122 -0.016316041 0.112525009 -0.044110406 0.026710760 0.992309868
1341846320.900014 -0.308626860 -0.030520031 0.015262399 0.106673643 -0.047460958 0.032143857 0.992640436
1341846320.931889 -0.269626200 -0.040580831 0.026433585 0.107303701 -0.048988245 0.031085551 0.992532015
1341846320.967866 -0.278389394 -0.013322652 0.018524429 0.108535551 -0.042734642 0.027911302 0.992781281
1341846321.000017 -0.277255118 -0.018871766 0.026482882 0.102110595 -0.042002331 0.025531704 0.993557930
1341846321.031860 -0.259051949 -0.032829568 0.018682526 0.099047974 -0.041811470 0.023520717 0.993925571
1341846321.068047 -0.270957798 -0.028889252 -0.013410762 0.099232107 -0.036443394 0.020585839 0.994183600
1341846321.099840 -0.249679297 -0.026302475 0.015446844 0.097198710 -0.036438808 0.022201927 0.994349897
1341846321.131821 -0.227005869 -0.029508807 0.035137773 0.097815380 -0.035796747 0.023319701 0.994287133
1341846321.167887 -0.217883751 -0.029110406 0.027916156 0.100389272 -0.031653211 0.023900742 0.994157374
1341846321.200042 -0.218099803 -0.026372030 0.020893209 0.100675367 -0.028712461 0.023500592 0.994227231
1341846321.231950 -0.213924706 -0.039555341 0.015328996 0.099262118 -0.027611984 0.022747530 0.994417965
1341846321.267939 -0.192712963 -0.034433845 0.004664937 0.099787124 -0.026047092 0.018050632 0.994504035
1341846321.299948 -0.175298929 -0.030485153 0.030550601 0.099100187 -0.022553453 0.012301772 0.994745791
1341846321.331858 -0.182111561 -0.035180878 0.023507016 0.099030741 -0.018803425 0.008313813 0.994871974
1341846321.367913 -0.160246953 -0.041291762 0.021037336 0.100050166 -0.016988169 0.003965374 0.994829416
1341846321.399897 -0.156601429 -0.037694756 0.016682604 0.102055624 -0.011527853 0.002025077 0.994709849
1341846321.435994 -0.149839327 -0.043420404 0.033725470 0.103519931 -0.008183828 0.001737345 0.994592190
1341846321.467946 -0.139224589 -0.039854337 0.026879530 0.105263606 -0.005958541 0.002492250 0.994423389
1341846321.499882 -0.125947520 -0.036955457 0.030704681 0.107032940 -0.003367393 0.003293488 0.994244337
1341846321.536109 -0.104568109 -0.032613557 0.016501145 0.106741212 0.001150356 0.000654453 0.994285941
1341846321.568960 -0.108876824 -0.020699278 0.033901349 0.104483046 0.008653681 -0.002147014 0.994486690
1341846321.603938 -0.106260248 -0.025863858 0.033434849 0.100911029 0.011223852 -0.002309012 0.994829476
1341846321.637163 -0.062624246 -0.021982947 0.009106517 0.098400004 0.013414918 -0.002339167 0.995053709
1341846321.668306 -0.084885471 -0.016629778 0.035037663 0.094537787 0.024855236 -0.000627929 0.995210707
1341846321.704411 -0.098249570 -0.026011445 0.035958059 0.090585552 0.027143810 0.006941209 0.995494485
1341846321.736861 -0.086540900 -0.021781970 0.041051816 0.089893140 0.024175068 0.015520867 0.995536983
1341846321.771881 -0.070462689 -0.008373832 0.040303458 0.087815419 0.023546709 0.020377163 0.995649934
1341846321.804114 -0.060568005 -0.010431107 0.046744056 0.083594970 0.025440747 0.023447262 0.995899081
1341846321.836152 -0.066004500 -0.004706276 0.048144009 0.080654345 0.028425055 0.024129733 0.996044517
1341846321.871882 -0.060631931 0.004471643 0.049992222 0.076069221 0.029514091 0.021701960 0.996429324
1341846321.904074 -0.053758144 -0.000907032 0.050917845 0.068972901 0.030687718 0.017948348 0.996984899
1341846321.939847 -0.048061676 -0.004370680 0.055800803 0.064984903 0.033423547 0.015507134 0.997205734
1341846322.004094 -0.055940535 -0.007382184 0.058125075 0.058084838 0.032279786 0.014248217 0.997687876
1341846322.066178 -0.038155776 -0.016052246 0.064382106 0.053058721 0.036339574 0.011643071 0.997862041
1341846322.107979 -0.043119419 -0.030973477 0.061984695 0.049972873 0.038721077 0.010531949 0.997944117
1341846322.166164 -0.043872226 -0.053015325 0.064624190 0.052788213 0.038720835 0.010479205 0.997799754
1341846322.202932 -0.040119998 -0.057772782 0.059378579 0.054312523 0.036192730 0.010161743 0.997816086
1341846322.234093 -0.037712958 -0.061782978 0.055738218 0.053081580 0.034312926 0.008790037 0.997961760
1341846322.265941 -0.041539326 -0.070763849 0.064542815 0.050805617 0.031816941 0.008875196 0.998162150
1341846322.301996 -0.027376588 -0.087258250 0.061504066 0.048469927 0.029080059 0.010258091 0.998348534
1341846322.333949 -0.040225379 -0.101539880 0.056145288 0.047154564 0.028301040 0.010227544 0.998434246
1341846322.369871 -0.035294399 -0.117453180 0.064621247 0.047768593 0.022868549 0.005922119 0.998579085
1341846322.402292 -0.014819418 -0.130851015 0.061938137 0.049406867 0.022740074 0.000934613 0.998519361
1341846322.433955 -0.027988318 -0.151440546 0.057145029 0.053833567 0.025224868 -0.003259531 0.998225927
1341846322.470030 -0.029779641 -0.156290263 0.058273129 0.063016675 0.020915622 0.000706310 0.997793019
1341846322.502433 -0.015187589 -0.170257017 0.061270364 0.068471827 0.016853727 0.003867600 0.997503161
1341846322.534002 -0.009565912 -0.188365147 0.060975950 0.077089556 0.016530775 0.005868310 0.996869862
1341846322.570196 -0.014774373 -0.196156383 0.060932852 0.086579956 0.016564926 0.007106026 0.996081829
1341846322.601920 -0.018101539 -0.206124365 0.050312873 0.091848329 0.013577315 0.011001821 0.995619655
1341846322.638119 -0.003676462 -0.218374014 0.062851116 0.097353555 0.009654159 0.010485441 0.995147765
1341846322.669947 0.007412401 -0.224446431 0.059597783 0.101852342 0.012392728 0.010323768 0.994668782
1341846322.702026 -0.003544840 -0.243380904 0.057127684 0.103768498 0.014517011 0.012024956 0.994422793
1341846322.738006 0.000097145 -0.237230539 0.058412496 0.105914101 0.011633503 0.013545912 0.994214952
1341846322.770087 0.007854618 -0.258722663 0.060205270 0.105403356 0.012080893 0.013510605 0.994264364
1341846322.806047 0.001881876 -0.273060143 0.058710847 0.108798973 0.012188251 0.015891610 0.993861973
1341846322.838063 -0.001965051 -0.276906103 0.055897728 0.110886082 0.007922160 0.017777732 0.993642509
1341846322.870081 0.005929059 -0.293197602 0.063342012 0.112509102 0.002358490 0.019308480 0.993460238
1341846322.906018 0.015994366 -0.293751836 0.072304919 0.117831349 0.000462328 0.019056737 0.992850602
1341846322.938349 0.009796837 -0.274587303 0.075019188 0.119780168 0.002098431 0.019219255 0.992612183
1341846322.970069 0.015896574 -0.283999085 0.074786127 0.114126869 0.001160306 0.022151783 0.993218541
1341846323.011820 0.016600138 -0.301785231 0.076753765 0.111246251 0.001874418 0.022337859 0.993539989
1341846323.073951 0.015329885 -0.299093395 0.080296278 0.108951084 0.001488484 0.026274934 0.993698657
1341846323.105962 0.020750826 -0.319789946 0.083378747 0.105350114 0.001288336 0.026664607 0.994076788
1341846323.138158 0.019803727 -0.325623125 0.082452141 0.105853811 0.001248594 0.022947541 0.994116068
1341846323.174092 0.012668516 -0.324104548 0.079684824 0.103988685 0.001370344 0.021710934 0.994340539
1341846323.206059 0.026336905 -0.333462775 0.075689055 0.100723714 0.000026701 0.019751325 0.994718313
1341846323.238053 0.027622994 -0.334171832 0.079996765 0.098525681 0.003116302 0.017056679 0.994983435
1341846323.273997 0.005378005 -0.328756213 0.080327265 0.094984405 0.004388429 0.017648665 0.995312631
1341846323.305946 0.017744781 -0.340579510 0.078467473 0.089471020 -0.000294731 0.018747315 0.995812953
1341846323.342027 0.040770374 -0.356693208 0.082788005 0.086972654 0.000132930 0.017199948 0.996062219
1341846323.374048 0.017237308 -0.361938804 0.083500266 0.087495916 0.005203310 0.018158913 0.995985746
1341846323.405987 0.002039320 -0.372967035 0.076683946 0.087548859 0.001898572 0.022463772 0.995905101
1341846323.441956 0.021602228 -0.385709435 0.085290343 0.088337392 -0.003546525 0.025855118 0.995748699
1341846323.473878 0.024336748 -0.393507630 0.083188094 0.092113405 -0.001956448 0.023930237 0.995459020
1341846323.506129 0.019132994 -0.379738301 0.085799679 0.095747612 -0.001835605 0.021362409 0.995174706
1341846323.541972 0.029168349 -0.384867072 0.081838496 0.093928367 -0.002440200 0.019300019 0.995388865
1341846323.573913 0.040073451 -0.395674765 0.081396013 0.093197815 0.001166728 0.014209633 0.995545506
1341846323.609927 0.032647364 -0.400110513 0.084286369 0.093546830 0.007744532 0.010759937 0.995526612
1341846323.642014 0.022592895 -0.418040037 0.074715279 0.091817893 0.009671373 0.010916419 0.995669007
1341846323.674081 0.018591274 -0.431358367 0.079437979 0.091757409 0.008234077 0.013061707 0.995661676
1341846323.710069 0.019519739 -0.443214566 0.078917958 0.092996232 0.006985548 0.017966244 0.995479822
1341846323.742111 0.020666614 -0.462024808 0.078299284 0.097127043 0.004732084 0.018916328 0.995080948
1341846323.774928 0.020255771 -0.453829795 0.075560465 0.101075441 0.002619334 0.016935404 0.994731188
1341846323.810012 0.028210316 -0.461204737 0.074957900 0.102185525 0.000841444 0.013533666 0.994672954
1341846323.842207 0.031922579 -0.465670705 0.070910282 0.103589155 0.000863210 0.007770750 0.994589448
1341846323.878019 0.023753751 -0.474862725 0.067786403 0.104393020 0.000515349 0.003379511 0.994530201
1341846323.909826 0.028316513 -0.489340842 0.067947030 0.107031867 -0.001403137 -0.000170308 0.994254589
1341846323.942459 0.022943821 -0.485715747 0.065752596 0.111202061 -0.001111700 -0.001202129 0.993796468
1341846323.978055 0.017434711 -0.493150532 0.067556635 0.113189809 -0.003743235 0.000975931 0.993565857
1341846324.015934 0.029517580 -0.492837131 0.063997760 0.116973072 -0.006630988 0.000952460 0.993112504
1341846324.047722 0.031424683 -0.482552856 0.059824675 0.120900430 -0.005102776 -0.000154258 0.992651522
1341846324.083904 0.031418867 -0.464494824 0.066284947 0.121885754 -0.003657919 -0.000805389 0.992537081
1341846324.115968 0.034701388 -0.466642529 0.060950562 0.119227141 -0.002181521 -0.002310515 0.992861927
1341846324.151967 0.040514279 -0.461941659 0.056780852 0.118932277 0.000527914 -0.006836069 0.992878675
1341846324.183941 0.032450456 -0.447721601 0.062681042 0.116428748 0.004996772 -0.010337725 0.993132710
1341846324.219984 0.027147641 -0.449525148 0.063430294 0.111716472 0.007000696 -0.009116712 0.993673623
1341846324.251968 0.023755763 -0.449725896 0.067679487 0.111117676 0.007181594 -0.009943488 0.993731558
1341846324.284052 0.016794307 -0.434073985 0.073583849 0.112169795 0.006884070 -0.011020080 0.993604124
1341846324.319880 0.010308638 -0.421000361 0.062299490 0.110936709 0.003873432 -0.012253989 0.993744373
1341846324.351917 0.016378749 -0.399430960 0.069375388 0.108384371 0.000078777 -0.012826879 0.994026303
1341846324.388001 0.026763814 -0.394607961 0.069105640 0.103756391 -0.000375924 -0.016686583 0.994462729
1341846324.419908 0.021344535 -0.375973195 0.076458268 0.099714138 0.002130618 -0.019373083 0.994825244
1341846324.452027 0.020394964 -0.378691047 0.075952068 0.094678238 0.002288638 -0.019163229 0.995320857
1341846324.487928 0.016304653 -0.372938484 0.074948393 0.093167484 0.002173185 -0.017138591 0.995500565
1341846324.519985 -0.001527619 -0.366878569 0.080824628 0.091697156 0.001092657 -0.013523765 0.995694458
1341846324.556001 0.001203592 -0.347469509 0.082378633 0.090502992 -0.004323043 -0.009019244 0.995845914
1341846324.587888 0.005026949 -0.337787509 0.080354035 0.087095246 -0.007467997 -0.007385044 0.996144593
1341846324.620086 0.006638403 -0.331482530 0.084764153 0.084781982 -0.010044020 -0.009295658 0.996305525
1341846324.655955 0.011638785 -0.317518294 0.086504340 0.083778329 -0.011440937 -0.010100995 0.996367514
1341846324.688082 0.008498871 -0.313661963 0.090387166 0.083132952 -0.011210181 -0.009227782 0.996432662
1341846324.755922 -0.012716024 -0.274637967 0.091008618 0.085219562 -0.013174837 -0.006323772 0.996255040
1341846324.814016 0.008081746 -0.239580929 0.092235051 0.080659382 -0.020062359 -0.009304277 0.996496379
1341846324.849979 -0.003732493 -0.231607944 0.104326874 0.074889600 -0.016171774 -0.011896790 0.996989727
1341846324.881924 -0.010990106 -0.227943152 0.103855073 0.071805164 -0.017110692 -0.011885511 0.997201085
1341846324.913902 -0.003937152 -0.217618346 0.109721035 0.070874475 -0.019292692 -0.008305375 0.997264087
1341846324.949999 -0.006421197 -0.225939602 0.105918117 0.070406176 -0.019105697 -0.005126380 0.997322261
1341846324.981922 -0.021520406 -0.218147814 0.114339843 0.074990295 -0.020509224 -0.001858593 0.996971607
1341846325.018013 -0.020695202 -0.205457389 0.106000476 0.079332508 -0.025823189 0.000722462 0.996513426
1341846325.050079 -0.024523400 -0.188456416 0.105707958 0.081635557 -0.030748723 -0.000685958 0.996187568
1341846325.081901 -0.019643918 -0.169359475 0.100392722 0.081206679 -0.036379348 -0.002946929 0.996028781
1341846325.118531 -0.008719810 -0.150740981 0.098111577 0.077584587 -0.038415257 -0.004778545 0.996233940
1341846325.149933 -0.011289997 -0.151344746 0.103231534 0.071473338 -0.035855915 -0.006418888 0.996777177
1341846325.181925 -0.014820911 -0.146181524 0.107984476 0.068248428 -0.034579650 -0.004306218 0.997059584
1341846325.218055 -0.016520683 -0.138811976 0.107597977 0.065651380 -0.034383528 -0.000394112 0.997249961
1341846325.249811 -0.018441712 -0.129925027 0.113305725 0.063651741 -0.034458235 0.003635507 0.997370481
1341846325.285925 -0.018481717 -0.118475623 0.112088680 0.061485246 -0.034837559 0.005706469 0.997483492
1341846325.317988 -0.003353802 -0.130553141 0.109412864 0.057827055 -0.033705026 0.009758731 0.997709751
1341846325.349844 -0.009519211 -0.133676350 0.113230109 0.060392100 -0.028324109 0.011367176 0.997708023
1341846325.387302 -0.010732170 -0.120747134 0.113385990 0.065552376 -0.025485570 0.013798896 0.997428179
1341846325.417931 0.000879294 -0.115776584 0.113100313 0.068117797 -0.021398388 0.017278939 0.997298121
1341846325.450747 0.006475192 -0.127294719 0.119155206 0.072157331 -0.013107103 0.018543286 0.997134745
1341846325.485954 -0.010535418 -0.103743665 0.117188163 0.081672147 -0.005459945 0.020622445 0.996430933
1341846325.517875 -0.013770688 -0.094736084 0.112893239 0.085240752 -0.002487657 0.023042280 0.996090829
1341846325.553859 -0.013192199 -0.090192094 0.110156760 0.088175699 0.001120880 0.022423595 0.995851934
1341846325.585855 -0.018662635 -0.066721410 0.119972579 0.091419995 0.004004450 0.020768916 0.995587766
1341846325.617990 -0.019032262 -0.048266359 0.118196823 0.088869341 0.005619904 0.019991647 0.995826781
1341846325.653982 -0.021422369 -0.064837605 0.122359745 0.085051671 0.007626363 0.016758302 0.996206403
1341846325.685819 -0.024624610 -0.059846036 0.130688801 0.090598240 0.009127720 0.017821474 0.995686233
1341846325.717857 -0.027889181 -0.047013409 0.130339757 0.095292546 0.010217648 0.024969013 0.995083690
1341846325.754083 -0.030159734 -0.048204377 0.130258933 0.097808793 0.010468421 0.028813036 0.994732976
1341846325.786087 -0.025956115 -0.035245627 0.136618987 0.105068773 0.010850212 0.029901840 0.993956089
1341846325.821856 -0.027508067 -0.016916102 0.137263164 0.109386288 0.012761043 0.031405233 0.993421078
1341846325.853827 -0.039150309 -0.010406777 0.135344356 0.109820850 0.013896528 0.035327096 0.993226171
1341846325.885958 -0.044254974 -0.003704282 0.128059864 0.110113069 0.011379573 0.040989596 0.993008256
1341846325.921984 -0.039397843 0.002389636 0.137821540 0.109139331 0.007084157 0.045684200 0.992950797
1341846325.953899 -0.030407952 0.004787091 0.134834990 0.112026915 0.007113270 0.046639632 0.992584586
1341846325.985823 -0.034813151 0.018846883 0.140839711 0.115109161 0.010218346 0.051255405 0.991976976
1341846326.021991 -0.041256193 0.021397343 0.143745705 0.117853254 0.010870504 0.056247044 0.991377175
1341846326.054055 -0.035749391 0.034246054 0.145550549 0.123030975 0.009571321 0.059987254 0.990541935
1341846326.089984 -0.029656375 0.055047765 0.142019063 0.126423955 0.011009211 0.059268780 0.990142882
1341846326.121822 -0.032998562 0.064909570 0.147615731 0.125953481 0.015341005 0.056991894 0.990278840
1341846326.154079 -0.036889128 0.065411381 0.154490158 0.126130387 0.018037215 0.055525634 0.990294218
1341846326.190178 -0.040620212 0.078326285 0.155980945 0.128839314 0.017570877 0.057992924 0.989812374
1341846326.222162 -0.043197572 0.102833830 0.152879506 0.128937826 0.015720157 0.063469641 0.989494562
1341846326.259181 -0.045821540 0.106238917 0.156372130 0.125627130 0.013477318 0.067768738 0.989668429
1341846326.322766 -0.041888200 0.137905136 0.170872062 0.118942872 0.012814940 0.066612870 0.990581214
1341846326.359773 -0.039250460 0.142818883 0.170993999 0.114839301 0.014120372 0.064514503 0.991186380
1341846326.392109 -0.035704128 0.135687992 0.180267110 0.112829760 0.015799120 0.065541506 0.991324484
1341846326.423985 -0.042668920 0.144786060 0.183523983 0.117549479 0.017117446 0.069925897 0.990454197
1341846326.459869 -0.045558318 0.157862365 0.179905131 0.119533867 0.014533457 0.074542023 0.989921153
1341846326.526163 -0.031081039 0.188958347 0.187894121 0.119947918 0.015327628 0.073858604 0.989910364
1341846326.560211 -0.037504811 0.196299344 0.195615828 0.114931598 0.019772302 0.073371209 0.990462780
1341846326.591828 -0.034083951 0.203894943 0.197255582 0.111780599 0.021358041 0.075512372 0.990629494
1341846326.627027 -0.036712259 0.215122193 0.191484272 0.111807697 0.023311749 0.073791668 0.990712106
1341846326.658442 -0.032290570 0.233589679 0.199180543 0.109951749 0.026676822 0.073000520 0.990893483
1341846326.694856 -0.042711526 0.238203108 0.211267799 0.106249861 0.030702056 0.073799066 0.991121590
1341846326.726206 -0.040351391 0.252008170 0.212902993 0.100838952 0.031373881 0.072027035 0.991796017
1341846326.762753 -0.037652966 0.264085650 0.211076349 0.094932541 0.033799298 0.068740733 0.992532194
1341846326.826821 -0.042466946 0.303767681 0.227621615 0.081192762 0.039834969 0.065244824 0.993762553
1341846326.858887 -0.046988003 0.309476167 0.234416291 0.072669186 0.041990373 0.062174097 0.994530261
1341846326.895360 -0.049669676 0.305284888 0.231158644 0.069743551 0.041965842 0.063843466 0.994634986
1341846326.926897 -0.051777460 0.317183465 0.234210283 0.072237536 0.038346522 0.064986490 0.994529068
1341846326.958888 -0.044090390 0.329917669 0.231013045 0.074770264 0.035419837 0.068777740 0.994195402
1341846326.994594 -0.044114295 0.338575304 0.222221851 0.075055137 0.035598267 0.070940912 0.994015515
1341846327.026301 -0.047827203 0.350414962 0.225554883 0.073510170 0.037609421 0.068982728 0.994194746
1341846327.063945 -0.042463727 0.353306353 0.225277662 0.069723032 0.039349470 0.066755489 0.994552135
1341846327.094662 -0.047708716 0.361913353 0.226414919 0.069415249 0.042139832 0.064118393 0.994632900
1341846327.128901 -0.046962973 0.372703135 0.235986710 0.068711832 0.042129941 0.062911212 0.994759262
1341846327.161940 -0.045448281 0.383930027 0.233611912 0.067704037 0.040726732 0.062646225 0.994903445
1341846327.193867 -0.032283619 0.394284427 0.251982689 0.066832751 0.040818486 0.062811397 0.994948208
1341846327.229885 -0.044818088 0.410961509 0.235106915 0.068105012 0.045308281 0.059694000 0.994859517
1341846327.262014 -0.022851953 0.422404885 0.259879887 0.068446755 0.048024975 0.057410784 0.994843006
1341846327.294023 -0.051693261 0.433976024 0.241762668 0.071742035 0.063430861 0.051896408 0.994050503
1341846327.330015 -0.073064528 0.447151273 0.213527426 0.072294019 0.075533859 0.047737021 0.993372738
1341846327.361939 -0.087741479 0.467142731 0.203216195 0.071123011 0.081199467 0.040056493 0.993349731
1341846327.393887 -0.123723432 0.475370795 0.199379563 0.070006460 0.089092791 0.031915300 0.993047297
1341846327.429966 -0.164253920 0.475588799 0.190009087 0.064763620 0.095711417 0.028180581 0.992900252
1341846327.461965 -0.212389201 0.476121098 0.199996129 0.055423513 0.100467645 0.026491353 0.993042171
1341846327.497931 -0.267307818 0.464690238 0.218411028 0.047871359 0.109292611 0.024559442 0.992552400
1341846327.530068 -0.271193445 0.457361877 0.208332151 0.043916769 0.110434562 0.025284991 0.992590666
1341846327.561895 -0.270713091 0.463248849 0.208848089 0.042383749 0.107607126 0.030308289 0.992827177
1341846327.598010 -0.279989779 0.474276900 0.207708612 0.045492265 0.106344879 0.033944834 0.992707908
1341846327.629945 -0.320547670 0.488782227 0.209423333 0.046015851 0.107995614 0.030622525 0.992613614
1341846327.662003 -0.329603404 0.477185726 0.213387817 0.043192089 0.106922269 0.027869498 0.992937744
1341846327.697919 -0.373688191 0.500477016 0.218967482 0.047322579 0.113737307 0.024672987 0.992076457
1341846327.730075 -0.445513248 0.501082182 0.228310913 0.039609380 0.125457749 0.022386318 0.991055131
1341846327.766017 -0.486916959 0.497162610 0.239850253 0.033429820 0.132406458 0.023510465 0.990352571
1341846327.797917 -0.544333756 0.509803653 0.248791531 0.027408738 0.142183885 0.021608131 0.989224732
1341846327.830054 -0.585823119 0.513276219 0.272458434 0.020568317 0.150486276 0.021802079 0.988157630
1341846327.865944 -0.603802323 0.511637151 0.284653008 0.015171594 0.155974597 0.020964995 0.987421989
1341846327.898010 -0.641743422 0.524719298 0.297802985 0.012440530 0.163695052 0.020313088 0.986223340
1341846327.929991 -0.689187884 0.528834045 0.317462981 0.007117155 0.171544805 0.017094366 0.985002279
1341846327.966065 -0.695704520 0.537236333 0.313616186 0.002466865 0.173394144 0.013204532 0.984760880
1341846327.998073 -0.698406339 0.540203094 0.316717982 -0.005665287 0.174818560 0.010818579 0.984524906
1341846328.034045 -0.711917281 0.545239627 0.322196275 -0.011892695 0.178589270 0.007902989 0.983820081
1341846328.065993 -0.714472473 0.533924818 0.319776654 -0.018819829 0.179454505 0.010465869 0.983530581
1341846328.098045 -0.698459864 0.520622313 0.318617493 -0.020537127 0.177360296 0.013931436 0.983833075
1341846328.133967 -0.702044249 0.525210857 0.315922379 -0.015677664 0.176216647 0.018301183 0.984056354
1341846328.166023 -0.709925056 0.518978477 0.318050086 -0.016944291 0.174544215 0.019792316 0.984304547
1341846328.198018 -0.700966358 0.496526062 0.312637448 -0.020058757 0.169703335 0.019175032 0.985104442
1341846328.234044 -0.696102679 0.480358213 0.312910914 -0.018628888 0.167367533 0.020385403 0.985507727
1341846328.265899 -0.694626987 0.475366175 0.313178360 -0.015842346 0.165196016 0.021535395 0.985898316
1341846328.302051 -0.684509814 0.478771269 0.315782964 -0.009830131 0.162929341 0.025895275 0.986248851
1341846328.333917 -0.678006232 0.465067178 0.309887797 -0.006184982 0.161405265 0.028297203 0.986463010
1341846328.366008 -0.672577083 0.451424420 0.313603818 -0.000491349 0.159428775 0.027606737 0.986823261
1341846328.402010 -0.678447485 0.435312867 0.331338257 0.012819366 0.162550822 0.030317213 0.986150980
1341846328.433920 -0.703617871 0.434636235 0.315115273 0.020191232 0.164895833 0.022981061 0.985836446
1341846328.470003 -0.693504751 0.420472294 0.300871283 0.020529991 0.162144467 0.018741056 0.986375391
1341846328.502194 -0.736612141 0.424604893 0.317231208 0.026941527 0.172475487 0.006972956 0.984620631
1341846328.534033 -0.691627622 0.385124266 0.303087443 0.023528779 0.167164564 0.007166431 0.985622168
1341846328.570125 -0.699187160 0.332369298 0.306765735 0.019284636 0.168092832 0.013916272 0.985484302
1341846328.602804 -0.722498059 0.307065904 0.318282455 0.024464058 0.166281372 0.016225228 0.985641301
1341846328.672663 -0.700931251 0.267357379 0.296192557 0.033816859 0.149811581 0.012370604 0.988058627
1341846328.702975 -0.698520899 0.261319250 0.290774703 0.038368441 0.146708459 0.010418526 0.988380492
1341846328.770129 -0.687936962 0.256574482 0.286150515 0.050836213 0.142317861 0.005446042 0.988499701
1341846328.802331 -0.685329795 0.228588939 0.292458981 0.049926795 0.138804495 0.006385398 0.989039838
1341846328.838051 -0.692122996 0.213682845 0.274768353 0.053249471 0.137984589 0.004225049 0.988992870
1341846328.869939 -0.701296210 0.216969207 0.277423948 0.054248128 0.138672382 0.003680415 0.988844573
1341846328.904486 -0.696972549 0.189201161 0.275553077 0.047541887 0.134814098 0.004644370 0.989718795
1341846328.939814 -0.672507167 0.152565673 0.269240111 0.048544429 0.128223106 0.003425355 0.990550578
1341846328.970217 -0.679830730 0.158342704 0.265115529 0.054570053 0.127498224 0.007579221 0.990307450
1341846329.006232 -0.665593147 0.189611420 0.262067854 0.063788481 0.122768581 0.014473784 0.990277410
1341846329.038243 -0.659244418 0.188469917 0.266204357 0.070118971 0.121619754 0.012467328 0.990018427
1341846329.106125 -0.681518197 0.147763148 0.247871429 0.066446394 0.124393210 0.010279360 0.989952266
1341846329.138340 -0.681241453 0.138753891 0.243668646 0.068869479 0.123713106 0.008467347 0.989889085
1341846329.169991 -0.678345680 0.144973278 0.241418183 0.072424069 0.122090280 0.006983667 0.989848435
1341846329.208656 -0.679895103 0.137278616 0.235788405 0.072694331 0.121646464 0.006725268 0.989885092
1341846329.238169 -0.672798872 0.127596006 0.231295899 0.070732228 0.119418584 0.007237035 0.990294814
1341846329.273827 -0.657621145 0.111081325 0.231657565 0.068279013 0.115862444 0.008550788 0.990878820
1341846329.306052 -0.654892266 0.096227281 0.223997563 0.066516884 0.112943985 0.007158040 0.991346538
1341846329.338104 -0.667775333 0.108456738 0.220494434 0.065470316 0.113695167 0.005988671 0.991338074
1341846329.373907 -0.656825483 0.110572204 0.224288791 0.065658778 0.111155398 0.004234925 0.991622627
1341846329.405985 -0.657925606 0.102387652 0.225203365 0.066672415 0.110050701 0.000256828 0.991687238
1341846329.442057 -0.671171665 0.082028799 0.219248250 0.062594712 0.111767568 -0.003100706 0.991756141
1341846329.473950 -0.661644638 0.066251241 0.215280414 0.060800020 0.108506724 -0.007365888 0.992207348
1341846329.506147 -0.661612630 0.059581943 0.211688921 0.060407825 0.106249012 -0.009717228 0.992455363
1341846329.542121 -0.663645506 0.042809743 0.204241037 0.057920914 0.103331082 -0.007629239 0.992929816
1341846329.574086 -0.663378179 0.017156150 0.210246533 0.058158256 0.101747416 -0.010745992 0.993050635
1341846329.606387 -0.663834512 0.019756682 0.203918278 0.061344564 0.101043269 -0.012141219 0.992914736
1341846329.641955 -0.669521809 0.012709687 0.199539855 0.060683817 0.100399025 -0.011053868 0.993033409
1341846329.681570 -0.677690089 -0.006577078 0.210432231 0.058428131 0.099216528 -0.009769545 0.993300974
1341846329.748113 -0.667560399 -0.008134669 0.197182506 0.061179016 0.097246625 -0.013557464 0.993285656
1341846329.810175 -0.666970193 -0.035550214 0.189667061 0.059161559 0.100043200 -0.007946557 0.993190885
1341846329.842255 -0.670821130 -0.043522395 0.192937672 0.061005965 0.100714535 -0.005289989 0.993029118
1341846329.874044 -0.666555047 -0.049008932 0.195542321 0.063456744 0.099806897 -0.001091676 0.992980659
1341846329.910073 -0.671470344 -0.045945127 0.188280165 0.064020284 0.100025207 0.000880925 0.992922723
1341846329.942009 -0.679398537 -0.044068106 0.190430298 0.060683049 0.100643151 0.005338839 0.993055880
1341846329.978087 -0.670499206 -0.071146458 0.185292527 0.057597157 0.098732539 0.006080638 0.993427157
1341846330.016305 -0.672238648 -0.050121658 0.180674195 0.062301077 0.100262128 0.003784006 0.993001401
1341846330.048192 -0.686875880 -0.054199599 0.179777518 0.057366114 0.103470556 0.005883708 0.992959380
1341846330.080418 -0.680669188 -0.081273496 0.186666250 0.051735088 0.102845132 0.009717996 0.993303537
1341846330.115886 -0.663817763 -0.092204228 0.179747090 0.054901678 0.101613156 0.010604949 0.993251264
1341846330.147839 -0.684439421 -0.077191070 0.179743215 0.058137842 0.104108699 0.011114534 0.992803037
1341846330.181257 -0.687406182 -0.072790407 0.174081579 0.052928530 0.103895739 0.013578109 0.993086040
1341846330.215852 -0.686161995 -0.085497200 0.179224268 0.046610102 0.105050161 0.013872805 0.993277192
1341846330.247833 -0.681525946 -0.090556584 0.181662723 0.044747442 0.104414038 0.014130629 0.993426263
1341846330.283913 -0.694378376 -0.083086029 0.175282419 0.040711012 0.105487585 0.014239959 0.993484855
1341846330.316011 -0.685214579 -0.091094807 0.178946123 0.034567125 0.103285529 0.015913107 0.993923545
1341846330.347868 -0.685151696 -0.100640103 0.178603455 0.031641994 0.101419993 0.015103857 0.994225681
1341846330.383835 -0.678471208 -0.101587012 0.180969805 0.030249108 0.100358658 0.016035276 0.994362116
1341846330.415934 -0.686615229 -0.112243161 0.182806015 0.029565651 0.102353007 0.012446917 0.994230747
1341846330.452561 -0.686017156 -0.113769367 0.183136076 0.032334521 0.101242684 0.012071311 0.994262934
1341846330.483903 -0.697125971 -0.099743024 0.179511070 0.034566481 0.100630380 0.013718111 0.994228601
1341846330.515970 -0.698011935 -0.110015810 0.179598033 0.033312760 0.098313622 0.017467052 0.994444370
1341846330.552099 -0.703768313 -0.113907583 0.177028358 0.034733415 0.098103166 0.019290453 0.994382858
1341846330.583876 -0.699063301 -0.101488173 0.174537033 0.035222854 0.096584924 0.019671069 0.994506776
1341846330.619992 -0.708786488 -0.098900333 0.167895555 0.030692358 0.096098021 0.020190863 0.994693696
1341846330.652136 -0.709351301 -0.108989887 0.172374636 0.023036730 0.095050320 0.019413140 0.995016575
1341846330.683796 -0.711742461 -0.113396361 0.168399692 0.017883927 0.095190607 0.018529842 0.995125890
1341846330.719991 -0.719328403 -0.132267922 0.165761441 0.014205903 0.093340017 0.020354128 0.995324850
1341846330.752103 -0.712868989 -0.145092413 0.157997951 0.015067876 0.088211566 0.025757035 0.995654702
1341846330.787952 -0.731195450 -0.129363671 0.150565371 0.018193988 0.084994897 0.028699240 0.995801806
1341846330.819823 -0.714227200 -0.140705556 0.151575491 0.016322363 0.078614198 0.029504232 0.996334732
1341846330.852208 -0.714363694 -0.136309117 0.143840358 0.015899466 0.076960906 0.030640023 0.996436357
1341846330.914111 -0.730885506 -0.114839271 0.143916070 0.008630149 0.075326070 0.030278340 0.996661782
1341846330.949903 -0.733057082 -0.142344952 0.137587011 0.002815838 0.074320614 0.031232387 0.996741235
1341846330.981986 -0.735762417 -0.133433148 0.139969856 0.005041549 0.069077052 0.033070724 0.997050285
1341846331.014111 -0.738807082 -0.129954010 0.133480579 0.004551821 0.065782309 0.033048317 0.997276187
1341846331.082139 -0.742992759 -0.132451504 0.130367845 0.005976397 0.063261718 0.029938264 0.997529864
1341846331.114334 -0.739592373 -0.128297165 0.129355282 0.006012335 0.060311593 0.029749624 0.997718036
1341846331.149989 -0.740178764 -0.128204763 0.135274380 0.007040197 0.059809737 0.028384035 0.997781336
1341846331.181954 -0.746609271 -0.124506779 0.131963909 0.011093431 0.059898984 0.027024897 0.997776866
1341846331.218151 -0.752652407 -0.113953009 0.122176006 0.011032015 0.056436092 0.028908977 0.997926652
1341846331.249914 -0.738990784 -0.126916692 0.125676662 0.007792882 0.054113790 0.027227070 0.998133063
1341846331.318141 -0.734974205 -0.122575395 0.121900931 0.017810849 0.063656904 0.020845557 0.997595131
1341846331.349926 -0.733359933 -0.122998431 0.115779690 0.016532822 0.066028669 0.019875782 0.997482777
1341846331.382003 -0.714973807 -0.116806239 0.124735609 0.021681355 0.072434820 0.014614552 0.997030377
1341846331.418008 -0.720136225 -0.110365935 0.136932805 0.028413989 0.082979731 0.013036782 0.996060729
1341846331.450327 -0.718283594 -0.112262838 0.148990914 0.029067518 0.087411188 0.015089138 0.995633781
1341846331.486219 -0.726449251 -0.113785177 0.148214936 0.028261194 0.089899704 0.015595181 0.995427608
1341846331.518344 -0.716598988 -0.117521666 0.144821584 0.026586384 0.089675896 0.014604445 0.995508969
1341846331.550202 -0.717186511 -0.112487502 0.155422509 0.030459888 0.095559597 0.012349498 0.994880915
1341846331.586139 -0.718061864 -0.111305766 0.155288562 0.031332660 0.096283264 0.013072316 0.994774759
1341846331.617931 -0.717278600 -0.111225873 0.163120732 0.029891966 0.096968003 0.012720971 0.994757175
1341846331.654027 -0.696988106 -0.112040192 0.174090892 0.031428024 0.097809404 0.014312256 0.994605839
1341846331.686123 -0.707000971 -0.106295824 0.175253853 0.033901609 0.101235747 0.018806199 0.994106829
1341846331.717954 -0.702968121 -0.093619809 0.182680443 0.031710137 0.099291518 0.019052425 0.994370520
1341846331.754076 -0.686559618 -0.108650774 0.193725526 0.028192241 0.098924696 0.018902389 0.994515836
1341846331.785920 -0.689745545 -0.103978612 0.206221759 0.031612519 0.102750368 0.015755674 0.994079888
1341846331.818053 -0.694179296 -0.096649446 0.219726056 0.031990387 0.105150253 0.016251188 0.993808806
1341846331.853849 -0.685417175 -0.092806771 0.230412960 0.031960838 0.104830816 0.014775463 0.993866563
1341846331.885987 -0.683415949 -0.102152981 0.237161756 0.033275370 0.107847378 0.012384392 0.993533254
1341846331.922014 -0.680301070 -0.093125544 0.248552039 0.035728134 0.110689245 0.012012536 0.993139982
1341846331.954037 -0.680278718 -0.101808079 0.248390809 0.034148131 0.113922559 0.012698738 0.992821395
1341846331.986135 -0.672920287 -0.101562656 0.266312659 0.037784267 0.119829178 0.013304448 0.991986036
1341846332.022364 -0.670293689 -0.098595813 0.290370762 0.045610368 0.124187909 0.012486402 0.991131246
1341846332.054175 -0.671651959 -0.105014041 0.291717649 0.050430130 0.124004990 0.014202713 0.990897477
1341846332.086502 -0.663828850 -0.101187326 0.303306818 0.053530145 0.123563066 0.015531322 0.990770102
1341846332.122051 -0.666011572 -0.095810287 0.314911783 0.055329561 0.125209838 0.013609522 0.990492761
1341846332.153983 -0.670609295 -0.085569032 0.324923277 0.053686291 0.125416994 0.011666723 0.990581751
1341846332.190165 -0.666125596 -0.079845637 0.344678223 0.047539044 0.123678438 0.010102476 0.991131485
1341846332.254145 -0.658668458 -0.095327929 0.371038377 0.046931945 0.123758689 0.008968857 0.991161287
1341846332.289948 -0.656866610 -0.096647941 0.381206930 0.048320614 0.123090066 0.011034119 0.991156995
1341846332.322172 -0.653577805 -0.096120447 0.397715449 0.049444620 0.122782029 0.011895347 0.991129816
1341846332.354003 -0.645129681 -0.098990843 0.397988439 0.051553048 0.124042675 0.009072160 0.990895212
1341846332.390180 -0.655263066 -0.095197693 0.394081295 0.052115455 0.129515409 0.004458902 0.990196824
1341846332.422055 -0.646940708 -0.089847431 0.417100549 0.050210755 0.131240562 0.001803300 0.990076542
1341846332.458114 -0.634823799 -0.088333711 0.427238554 0.049833871 0.132373348 -0.001241692 0.989945590
1341846332.489993 -0.643821537 -0.079116672 0.439213336 0.052076358 0.135305747 0.001024651 0.989433825
1341846332.522130 -0.650454581 -0.076956429 0.457490563 0.051905651 0.132598475 0.006456731 0.989788771
1341846332.558114 -0.652891159 -0.077872485 0.457766056 0.052783534 0.128026173 0.011755850 0.990295410
1341846332.589874 -0.635147452 -0.067661196 0.464745402 0.053678650 0.123499177 0.016812196 0.990749180
1341846332.621889 -0.637731671 -0.061212927 0.473313868 0.049861103 0.124568887 0.018395871 0.990786612
1341846332.658202 -0.620620251 -0.065285385 0.485490203 0.045687292 0.123272732 0.018239325 0.991152763
1341846332.690001 -0.617894709 -0.063763507 0.498408914 0.043719951 0.124793150 0.020144802 0.991014361
1341846332.726000 -0.618332744 -0.069727272 0.507791877 0.042705592 0.124008693 0.025096985 0.991043985
1341846332.758386 -0.609570265 -0.065809831 0.515258849 0.043982901 0.120927908 0.026127441 0.991342127
1341846332.789937 -0.595414698 -0.057275739 0.516801953 0.043488130 0.120424993 0.024493959 0.991466880
1341846332.825925 -0.592457950 -0.061343987 0.531915188 0.040243931 0.123182014 0.023107665 0.991298437
1341846332.857898 -0.591219664 -0.061144479 0.545693636 0.041352335 0.125233889 0.022430422 0.991011262
1341846332.894069 -0.587841034 -0.047283322 0.555300891 0.042223401 0.125000700 0.022559620 0.991001010
1341846332.926029 -0.574936211 -0.040096287 0.555037141 0.039308790 0.123992316 0.021426514 0.991272748
1341846332.958015 -0.571651697 -0.040883310 0.564293146 0.035641428 0.126388207 0.018378187 0.991169989
1341846332.994073 -0.570559680 -0.038252745 0.575380445 0.032498918 0.128277138 0.017312139 0.991054535
1341846333.026545 -0.563066304 -0.039564364 0.576895773 0.029430155 0.128719136 0.015275449 0.991126597
1341846333.057998 -0.553333819 -0.037034214 0.584980071 0.029066728 0.130258188 0.016355481 0.990918934
1341846333.094024 -0.553397775 -0.036996156 0.591924489 0.029585574 0.132615983 0.018943526 0.990544736
1341846333.126095 -0.546035171 -0.029247420 0.598178446 0.031195674 0.133838147 0.020824550 0.990293145
1341846333.161973 -0.539508462 -0.023772193 0.600795031 0.030370314 0.136063054 0.022271655 0.989984035
1341846333.195660 -0.544092000 -0.028347380 0.608459175 0.026809452 0.139617816 0.023306390 0.989568055
1341846333.226331 -0.542836368 -0.013810065 0.615226865 0.027755553 0.139968961 0.022617800 0.989508331
1341846333.262056 -0.543773711 -0.009657402 0.616757154 0.024252715 0.141110986 0.020655489 0.989481091
1341846333.294147 -0.535725713 -0.010405198 0.625637174 0.021185514 0.140085086 0.021191735 0.989685953
1341846333.326100 -0.531080961 -0.006032332 0.628334284 0.019989351 0.138513088 0.020327291 0.989950180
1341846333.362100 -0.534100056 0.006570873 0.626646280 0.017891267 0.138162702 0.017859124 0.990086913
1341846333.394119 -0.555305719 -0.006607109 0.635748804 0.012255713 0.141734421 0.016593460 0.989689767
1341846333.429974 -0.530201793 0.006403662 0.638809800 0.014210206 0.135719955 0.017808907 0.990485251
1341846333.462115 -0.527698338 -0.000834608 0.640273869 0.012826215 0.135899618 0.017290650 0.990488648
1341846333.494040 -0.519771814 -0.004710251 0.642910719 0.013192507 0.135860041 0.016348278 0.990505278
1341846333.529953 -0.515741706 -0.004063230 0.643291295 0.014175569 0.136734337 0.016010139 0.990376890
1341846333.562063 -0.518032253 -0.002494863 0.644590735 0.015173427 0.139450997 0.017632170 0.989955723
1341846333.594090 -0.526548266 0.003231386 0.646901429 0.014664402 0.139830947 0.018596394 0.989892125
1341846333.629994 -0.527872264 0.007719132 0.647583425 0.011422777 0.137450308 0.018118156 0.990277052
1341846333.662127 -0.526069582 0.006202730 0.644514084 0.008155401 0.136054128 0.017654730 0.990510464
1341846333.697964 -0.523408771 -0.003053728 0.643732309 0.005431643 0.135640681 0.019021332 0.990560591
1341846333.730092 -0.523571432 -0.004927733 0.640528500 0.007896446 0.135912627 0.019358288 0.990500212
1341846333.762089 -0.524566650 -0.002451349 0.637333155 0.010058319 0.136538371 0.020501897 0.990371525
1341846333.798006 -0.528193355 -0.006304851 0.635042906 0.010931371 0.137469754 0.020107947 0.990241528
1341846333.830055 -0.526580632 -0.007479184 0.628291130 0.013018102 0.138092101 0.017950661 0.990171134
1341846333.866045 -0.533816040 -0.004365885 0.625704348 0.014563410 0.140190586 0.016331583 0.989882708
1341846333.897987 -0.537406266 -0.009182365 0.622145712 0.015517585 0.140305996 0.015353166 0.989867508
1341846333.930099 -0.538899541 -0.014162553 0.615687609 0.017767979 0.141040936 0.013986077 0.989745498
1341846333.965889 -0.545024037 -0.012228400 0.611106575 0.020473506 0.142421320 0.013448888 0.989502966
1341846333.997985 -0.539149344 -0.022378083 0.605506361 0.021317059 0.142117947 0.013406231 0.989529371
1341846334.030076 -0.548871398 -0.020255607 0.600515425 0.024557635 0.144326285 0.014070772 0.989125252
1341846334.066000 -0.555309534 -0.019292437 0.596263647 0.026865449 0.144427568 0.015009939 0.989036679
1341846334.097932 -0.550613284 -0.021988073 0.587673962 0.028346771 0.143388689 0.014372606 0.989156008
1341846334.133884 -0.557041824 -0.021648627 0.582876444 0.029718408 0.144628480 0.015000056 0.988925874
1341846334.166115 -0.562750876 -0.025705209 0.575593829 0.029436776 0.143426716 0.015954746 0.989094377
1341846334.198072 -0.569428742 -0.022347342 0.570406973 0.030804116 0.142421827 0.014003669 0.989227474
1341846334.234097 -0.570219934 -0.021865999 0.562470436 0.031060936 0.142739132 0.013119733 0.989185870
1341846334.266045 -0.574709475 -0.024901241 0.557691276 0.030854480 0.144314349 0.013428402 0.988959610
1341846334.297946 -0.583841324 -0.024220480 0.552896023 0.032438647 0.143252179 0.015084233 0.989039421
1341846334.334036 -0.587246060 -0.022907790 0.545358837 0.032921731 0.141786322 0.015061291 0.989235044
1341846334.365871 -0.586865246 -0.022541579 0.536450386 0.032148000 0.141150698 0.013994714 0.989367008
1341846334.401845 -0.590518177 -0.022815477 0.532349229 0.030840855 0.142077848 0.012668208 0.989293814
1341846334.433864 -0.604016542 -0.034983084 0.520937443 0.029456316 0.142146349 0.013668992 0.989312828
1341846334.466105 -0.613583028 -0.028427202 0.517425716 0.031351388 0.141446024 0.013458632 0.989357889
1341846334.502142 -0.618420124 -0.029695556 0.509830296 0.029823055 0.140239328 0.014556902 0.989561319
1341846334.540153 -0.618471920 -0.031116806 0.501755536 0.029097045 0.138435677 0.013533579 0.989851415
1341846334.602351 -0.631737113 -0.024034634 0.487836152 0.024039583 0.134886563 0.008067245 0.990536571
1341846334.670161 -0.639128208 -0.027117677 0.472843468 0.018267849 0.132502332 0.001248903 0.991013527
1341846334.702085 -0.647610426 -0.029403752 0.466219187 0.017073097 0.130850747 0.001674938 0.991253674
1341846334.734751 -0.650181949 -0.027460560 0.458394378 0.017814880 0.128258809 0.003593651 0.991574228
1341846334.770889 -0.653881192 -0.030415848 0.447657228 0.017694816 0.126411498 0.007104959 0.991794586
1341846334.802194 -0.663049281 -0.030792154 0.439794481 0.017341845 0.124452792 0.006892184 0.992050052
1341846334.833908 -0.664943874 -0.026078958 0.429485351 0.017199947 0.122818127 0.005477836 0.992265046
1341846334.869874 -0.670482755 -0.027304335 0.419279963 0.015403426 0.122645177 0.005278036 0.992317021
1341846334.902006 -0.678745389 -0.030726455 0.413849622 0.013575416 0.121244259 0.006262256 0.992510080
1341846334.938010 -0.682507873 -0.034745224 0.403670520 0.012389390 0.117923297 0.005578797 0.992929757
1341846334.970032 -0.680847764 -0.032300197 0.393801868 0.012869736 0.116670005 0.004633517 0.993076563
1341846335.002203 -0.690574706 -0.038043886 0.389345229 0.014164113 0.117777459 0.006263582 0.992919266
1341846335.037880 -0.697027981 -0.039145190 0.373790115 0.016526897 0.114290722 0.008939745 0.993269622
1341846335.069990 -0.697911322 -0.034028612 0.366800010 0.017314740 0.111368261 0.007990100 0.993596256
1341846335.106038 -0.695865691 -0.033460774 0.355004191 0.017860480 0.112105377 0.005944093 0.993517995
1341846335.138045 -0.704379141 -0.038471676 0.347941399 0.018751679 0.113356046 0.005932720 0.993359745
1341846335.169900 -0.710843980 -0.035324957 0.330884963 0.019016853 0.110545397 0.005851506 0.993671894
1341846335.206091 -0.717982292 -0.037515298 0.324250787 0.017635530 0.109117016 0.003607942 0.993865907
1341846335.239365 -0.713749111 -0.038824920 0.318829536 0.017714400 0.109971628 0.000848571 0.993776500
1341846335.269948 -0.719679058 -0.039549962 0.310328722 0.019356260 0.111262083 -0.000522390 0.993602455
1341846335.305972 -0.728292525 -0.042054389 0.299845874 0.020896073 0.109951906 0.000451893 0.993717134
1341846335.338012 -0.726466238 -0.043709729 0.292316020 0.022433199 0.108267121 0.001641648 0.993867338
1341846335.374005 -0.725033343 -0.054172948 0.279139727 0.026113862 0.109619044 0.002215812 0.993628144
1341846335.406025 -0.731148243 -0.055022538 0.268878430 0.032943331 0.112222485 0.004454226 0.993126869
1341846335.438079 -0.739048243 -0.040935263 0.256673515 0.039581340 0.113735721 0.006222520 0.992702782
1341846335.473998 -0.736831427 -0.037619092 0.248404220 0.041859020 0.114629440 0.006976840 0.992501497
1341846335.507038 -0.738970816 -0.031105312 0.241308898 0.043255650 0.116960235 0.004936832 0.992181897
1341846335.538040 -0.747541726 -0.029877342 0.235002130 0.041856375 0.119622834 0.002856569 0.991932571
1341846335.574119 -0.751933038 -0.029074300 0.222397894 0.039305922 0.118977934 0.004238111 0.992109537
1341846335.605970 -0.758410752 -0.032561112 0.215845004 0.037945133 0.119113587 0.002561565 0.992151976
1341846335.641978 -0.757864356 -0.031240024 0.208553135 0.038891800 0.120135032 0.000439589 0.991995335
1341846335.673993 -0.763763428 -0.027456094 0.196721509 0.038853928 0.120810300 0.000022335 0.991914928
1341846335.706178 -0.768033743 -0.029251793 0.189095080 0.038242269 0.119248256 0.001260698 0.992126882
1341846335.741982 -0.767792344 -0.032859001 0.173869342 0.038448006 0.118604489 0.001076030 0.992196321
1341846335.773960 -0.776724875 -0.029060772 0.163548023 0.038684942 0.119721465 0.000940640 0.992053092
1341846335.806271 -0.781199932 -0.024547450 0.143075794 0.036666982 0.118616261 0.001455173 0.992261827
1341846335.842031 -0.778902590 -0.034533251 0.134853333 0.033697870 0.119023211 0.002609944 0.992316067
1341846335.873966 -0.783443630 -0.032525424 0.124795035 0.035068031 0.120689377 0.001346420 0.992069781
1341846335.910005 -0.791168332 -0.032472391 0.107296720 0.034423374 0.120742865 0.002784200 0.992082894
1341846335.941936 -0.794685960 -0.031732142 0.109074786 0.033615347 0.118860513 0.003957106 0.992333889
1341846335.974198 -0.797289908 -0.032598976 0.092625014 0.033004135 0.117824748 0.002257389 0.992483258
1341846336.010032 -0.807164431 -0.030785168 0.093924649 0.032665525 0.118657656 0.000210783 0.992397726
1341846336.042129 -0.812505662 -0.031740203 0.079993710 0.031955387 0.117108695 0.000831054 0.992604494
1341846336.078076 -0.814961314 -0.035351310 0.071047232 0.031551808 0.115179934 0.000450449 0.992843330
1341846336.110739 -0.817177653 -0.031689823 0.066541791 0.032372553 0.114940360 -0.001600175 0.992843509
1341846336.142002 -0.822078109 -0.033115115 0.054594263 0.031859890 0.114610009 0.001479007 0.992898464
1341846336.183953 -0.826266885 -0.030512962 0.045703679 0.031825610 0.111912340 0.001887537 0.993206561
1341846336.241891 -0.834154487 -0.027824495 0.032685786 0.030238736 0.112081684 -0.000487130 0.993238628
1341846336.277946 -0.840980351 -0.029414808 0.033147693 0.030872209 0.112501673 0.002207003 0.993169367
1341846336.309977 -0.843718648 -0.034273129 0.001310021 0.032976758 0.109785594 0.006384443 0.993387580
1341846336.346143 -0.827254415 -0.020140968 -0.031103417 0.036008395 0.105904847 0.010083733 0.993672907
1341846336.377975 -0.844985485 -0.025205294 0.000689477 0.036634479 0.108280689 0.005194423 0.993431568
1341846336.410032 -0.849934936 -0.022872213 -0.009050906 0.037645239 0.108818471 0.005628399 0.993332624
1341846336.446041 -0.855551660 -0.022403808 -0.017638147 0.036856566 0.108485349 0.005570164 0.993399024
1341846336.477990 -0.855600536 -0.019838188 -0.019691944 0.036325678 0.108344465 0.005278627 0.993435502
1341846336.510056 -0.865450799 -0.031906903 -0.055543482 0.035331696 0.109574951 0.005743856 0.993333817
1341846336.546024 -0.871620059 -0.026299059 -0.049977541 0.037255540 0.109930843 0.005298900 0.993226647
1341846336.578003 -0.874984324 -0.024543067 -0.071435764 0.036713656 0.109508015 0.009235664 0.993264675
1341846336.614020 -0.873287559 -0.023682041 -0.077561259 0.036012981 0.109836087 0.008159491 0.993263543
1341846336.645982 -0.882113516 -0.013008306 -0.077004522 0.035801735 0.111559480 0.007483735 0.993084431
1341846336.678036 -0.884817719 -0.022003595 -0.080307841 0.033304118 0.109541945 0.009085382 0.993382514
1341846336.714024 -0.889042854 -0.025084015 -0.067601234 0.034917071 0.107403696 0.008145954 0.993568718
1341846336.746016 -0.899460077 -0.036331929 -0.083019361 0.037934404 0.106042027 0.009683088 0.993590593
1341846336.778014 -0.897266805 -0.024391456 -0.097361103 0.041412711 0.100830220 0.015485506 0.993920743
1341846336.820006 -0.883548319 -0.019777393 -0.128498644 0.042632464 0.095550790 0.015183102 0.994395256
1341846336.882056 -0.765119731 -0.026987704 -0.113737904 0.043694600 0.074703872 0.017941646 0.996086478
1341846336.914273 -0.711553216 -0.028776858 -0.107935891 0.046185188 0.060836997 0.022608340 0.996822298
1341846336.945998 -0.656300724 -0.025050348 -0.107253678 0.052275799 0.047043305 0.023738205 0.997241497
1341846336.981980 -0.515867114 -0.016371405 -0.142747715 0.054814074 0.023229223 0.022438928 0.997974098
1341846337.014238 -0.460429728 0.028971422 -0.140652955 0.058003273 0.012227704 0.017325979 0.998091102
1341846337.046017 -0.467653334 0.017985746 -0.123096235 0.054820564 0.011010699 0.013284544 0.998347104
1341846337.082104 -0.453970134 0.021401266 -0.141611576 0.053879272 0.009262556 0.011515123 0.998438120
1341846337.114317 -0.475858390 0.019294374 -0.131576002 0.052166499 0.008796879 0.010254030 0.998547018
1341846337.150037 -0.467889398 0.017780008 -0.136391401 0.050335981 0.006364584 0.009076845 0.998670816
1341846337.181873 -0.463023156 0.016911013 -0.133303970 0.049670216 0.006126938 0.006179409 0.998727739
1341846337.214073 -0.467001498 0.028624196 -0.142781317 0.048016142 0.007912511 0.003909387 0.998807549
1341846337.250087 -0.491098851 0.015255358 -0.139679626 0.044651918 0.008066808 0.005246502 0.998956263
1341846337.282028 -0.482606620 0.017718464 -0.140138999 0.046212737 0.003368662 0.008949986 0.998885870
1341846337.317920 -0.474148691 0.016790878 -0.149894372 0.045452479 0.001182476 0.009365384 0.998921871
1341846337.350018 -0.478319675 0.024875678 -0.154763997 0.044519044 0.002158143 0.008913573 0.998966455
1341846337.382159 -0.473578244 0.016802946 -0.149974361 0.041070804 0.002115093 0.007341163 0.999127030
1341846337.417941 -0.470379472 0.015077242 -0.149221987 0.042054579 0.002388515 0.008028518 0.999080181
1341846337.450137 -0.469173580 0.016327985 -0.155880660 0.042642020 0.000258012 0.008918570 0.999050558
1341846337.482096 -0.471960366 0.017204244 -0.156673655 0.041120738 0.000366975 0.009839143 0.999105692
1341846337.518008 -0.473633826 0.014653633 -0.151647046 0.042013917 0.000058905 0.009564374 0.999071240
1341846337.549978 -0.475136042 0.024288476 -0.160680711 0.042826984 -0.000713459 0.008038716 0.999049902
1341846337.585971 -0.475543797 0.025017269 -0.158091247 0.040178452 -0.001000809 0.007566273 0.999163389
1341846337.617903 -0.473630667 0.013359357 -0.140950009 0.040814977 -0.001607392 0.007425510 0.999137819
1341846337.650141 -0.471120268 0.021702426 -0.156096399 0.043658249 -0.002022848 0.007002146 0.999019980
1341846337.686352 -0.469716698 0.024794161 -0.156397328 0.042058412 -0.001995950 0.007311847 0.999086380
1341846337.718002 -0.465532333 0.023109145 -0.149219796 0.040120047 -0.001819032 0.007348186 0.999166191
1341846337.749920 -0.460765719 0.025028471 -0.150603577 0.039963733 -0.000306665 0.006878544 0.999177396
1341846337.786157 -0.454933017 0.032220453 -0.152270898 0.037224110 0.002059211 0.007619891 0.999275744
1341846337.817945 -0.462797165 0.022693491 -0.144809857 0.034331061 0.005126833 0.008205988 0.999363720
1341846337.854071 -0.456265211 0.027981464 -0.146411955 0.033465449 0.007663057 0.007937001 0.999378979
1341846337.885951 -0.460972279 0.032647055 -0.141825452 0.030531304 0.010593066 0.006448305 0.999456882
1341846337.918223 -0.456587315 0.030625623 -0.136757910 0.026006116 0.011613240 0.003742201 0.999587297
1341846337.954120 -0.457772881 0.029257432 -0.131418541 0.023634806 0.013248071 0.003307196 0.999627411
1341846337.985994 -0.454478204 0.038690947 -0.122711942 0.021590989 0.014008552 0.003477825 0.999662697
1341846338.018107 -0.445943087 0.042753894 -0.120046616 0.019633096 0.014410692 0.004574285 0.999692917
1341846338.054055 -0.447780937 0.039004311 -0.111737847 0.015890101 0.016859476 0.003955276 0.999723792
1341846338.085986 -0.441999108 0.039106905 -0.101990536 0.012534171 0.019704776 0.003691633 0.999720454
1341846338.121875 -0.444421142 0.035927013 -0.093906671 0.010555412 0.022400487 0.005312299 0.999679208
1341846338.154089 -0.449430257 0.037197724 -0.089648575 0.009983972 0.023479778 0.008374329 0.999639392
1341846338.186029 -0.443399727 0.037552699 -0.082088247 0.008917724 0.022765081 0.011140406 0.999638975
1341846338.222071 -0.431312323 0.039488576 -0.073520921 0.007643451 0.023020115 0.010985297 0.999645412
1341846338.254107 -0.430306554 0.038482182 -0.060495514 0.005924277 0.024937997 0.011544044 0.999604821
1341846338.290130 -0.418536037 0.039119605 -0.050930306 0.006693649 0.023722226 0.013524935 0.999604702
1341846338.321952 -0.423766553 0.039603528 -0.045937300 0.006686013 0.025496889 0.015250255 0.999536216
1341846338.354022 -0.426821083 0.041385822 -0.036543459 0.006319268 0.027515089 0.015794393 0.999476612
1341846338.389969 -0.415915579 0.051155120 -0.034979377 0.007494130 0.026590755 0.015951548 0.999491036
1341846338.422377 -0.423013568 0.043894175 -0.020177996 0.004111623 0.027868340 0.015588515 0.999481618
1341846338.454010 -0.417467058 0.043695290 -0.012311852 0.003011145 0.026642904 0.014603203 0.999533832
1341846338.489894 -0.415829360 0.044260435 -0.003375275 0.001580635 0.026476836 0.015140502 0.999533534
1341846338.522066 -0.410076618 0.041831531 0.011642010 0.002053140 0.026530093 0.015262717 0.999529362
1341846338.558058 -0.411436766 0.051313858 0.010985408 0.002583933 0.026581755 0.014612605 0.999536514
1341846338.589842 -0.416906476 0.049538519 0.015857365 0.000119343 0.027316976 0.013498922 0.999535680
1341846338.622019 -0.419753999 0.051418755 0.027649514 0.001184894 0.029412588 0.014226903 0.999465406
1341846338.657984 -0.404206812 0.053530917 0.040353373 0.001210229 0.027456205 0.016861822 0.999480069
1341846338.690198 -0.398386121 0.056020588 0.050025836 -0.000822495 0.026269110 0.016763890 0.999513984
1341846338.722454 -0.393461943 0.049579255 0.064891532 -0.002133284 0.027224751 0.016526088 0.999490440
1341846338.757945 -0.397636652 0.058695566 0.067668125 -0.001033721 0.027714139 0.018148199 0.999450564
1341846338.790039 -0.398952603 0.053899530 0.089418232 -0.004391864 0.026717979 0.018987915 0.999453008
1341846338.826048 -0.386260062 0.056749325 0.088804029 -0.002980137 0.025966929 0.016980421 0.999514163
1341846338.858027 -0.385907173 0.069436297 0.095067672 -0.001472824 0.027291637 0.016149400 0.999495983
1341846338.889902 -0.384578794 0.075123519 0.108787641 -0.003108491 0.026508795 0.015810564 0.999518692
1341846338.925948 -0.379148126 0.068212621 0.110040516 -0.004899051 0.026980199 0.013738167 0.999529541
1341846338.958108 -0.373844117 0.062462647 0.131498516 -0.005731617 0.028873432 0.013267587 0.999478579
1341846338.990057 -0.373639137 0.063186049 0.145789355 -0.004844657 0.029489614 0.013784423 0.999458313
1341846339.025928 -0.365727395 0.062436048 0.154944748 -0.002915630 0.029622216 0.014057000 0.999458075
1341846339.057939 -0.362278730 0.066878997 0.158076242 0.000072775 0.031756766 0.013473264 0.999404788
1341846339.093927 -0.367603928 0.076074369 0.167046741 -0.000215553 0.031877484 0.015088082 0.999377847
1341846339.126562 -0.357250541 0.084308088 0.169642344 -0.002613321 0.029969692 0.013467818 0.999456644
1341846339.157969 -0.345320433 0.078266114 0.188097283 -0.005977590 0.031635236 0.011882296 0.999410927
1341846339.194113 -0.352979660 0.078058109 0.200521678 -0.008452015 0.033818394 0.013829521 0.999296546
1341846339.228165 -0.353315890 0.083072186 0.203033581 -0.011344353 0.032169744 0.015623605 0.999295890
1341846339.257998 -0.343148947 0.088527434 0.222299263 -0.012951599 0.032260571 0.015804550 0.999270618
1341846339.294132 -0.341496676 0.091658987 0.230074078 -0.012729748 0.034810785 0.016798722 0.999171615
1341846339.326577 -0.342768282 0.093163818 0.231601998 -0.016866272 0.033143267 0.020767579 0.999092460
1341846339.362269 -0.327095032 0.088083863 0.250417948 -0.022233034 0.029311946 0.019834025 0.999126136
1341846339.394725 -0.319477707 0.088264488 0.263991714 -0.022988893 0.030975137 0.018785363 0.999079108
1341846339.462186 -0.312925041 0.088790163 0.282954246 -0.026370112 0.029969832 0.019119231 0.999019980
1341846339.496743 -0.302797854 0.087243028 0.285782516 -0.023809684 0.032899015 0.017145555 0.999027908
1341846339.562052 -0.300864905 0.085225284 0.301678896 -0.022736225 0.036202844 0.019073335 0.998903692
1341846339.595122 -0.295704752 0.090348035 0.306779146 -0.020052437 0.036669593 0.017560631 0.998971879
1341846339.632085 -0.288863391 0.092489764 0.323772103 -0.018591246 0.040222593 0.015525245 0.998897135
1341846339.664568 -0.288284957 0.091522656 0.330001265 -0.018495647 0.043421362 0.013099886 0.998799741
1341846339.698896 -0.283879936 0.085718989 0.338631958 -0.019452071 0.044013493 0.012668394 0.998761237
1341846339.731977 -0.284378141 0.086008847 0.343498856 -0.019142672 0.044692561 0.010886686 0.998758018
1341846339.762241 -0.276782542 0.086051263 0.355574548 -0.018719980 0.045538522 0.010592577 0.998731017
1341846339.797873 -0.275149196 0.086779796 0.365030497 -0.018516246 0.045971166 0.011814707 0.998701274
1341846339.830245 -0.269404918 0.084382571 0.371341795 -0.019087562 0.045019537 0.012447729 0.998726189
1341846339.862015 -0.264401376 0.085469998 0.375659525 -0.019336212 0.045204420 0.011846778 0.998720348
1341846339.897797 -0.259391129 0.085624330 0.384826124 -0.020267649 0.046048563 0.011555769 0.998666704
1341846339.929916 -0.258534014 0.079205200 0.388376027 -0.021218646 0.047253489 0.013376511 0.998567939
1341846339.961960 -0.255438268 0.080815062 0.397041202 -0.019447716 0.046572968 0.014437485 0.998621166
1341846339.997845 -0.247473314 0.082497410 0.403522789 -0.017817326 0.047115073 0.014294524 0.998628259
1341846340.029925 -0.245575368 0.080978118 0.408561707 -0.017061029 0.049694493 0.015242781 0.998502374
1341846340.066044 -0.244251505 0.079214841 0.414411724 -0.015158203 0.051065024 0.016401913 0.998445570
1341846340.098009 -0.240730405 0.076259017 0.416100174 -0.015044097 0.051277507 0.018030439 0.998408318
1341846340.130102 -0.237295926 0.079052612 0.425282747 -0.015163261 0.051042218 0.016816244 0.998439789
1341846340.166041 -0.228786379 0.081652291 0.433053046 -0.013653616 0.052689921 0.014316498 0.998414934
1341846340.197867 -0.231024951 0.080956779 0.437374055 -0.012624739 0.055698741 0.013851700 0.998271704
1341846340.229904 -0.231130928 0.084242731 0.440519661 -0.013656526 0.055576582 0.014342116 0.998257995
1341846340.265859 -0.223541379 0.077655382 0.452378243 -0.015160030 0.056240585 0.013466392 0.998211324
1341846340.298061 -0.220155329 0.078358516 0.458377063 -0.012954288 0.058344293 0.013849088 0.998116374
1341846340.334063 -0.228532717 0.086147591 0.462521493 -0.012923130 0.059061501 0.014157357 0.998070300
1341846340.366064 -0.217850238 0.078444421 0.468511283 -0.015469086 0.055726930 0.014954085 0.998214185
1341846340.397995 -0.213871181 0.077209599 0.470413387 -0.013760972 0.056127436 0.014635566 0.998221517
1341846340.433895 -0.211947471 0.079923443 0.473380893 -0.012838302 0.055945568 0.015218173 0.998235285
1341846340.465959 -0.216100723 0.078227855 0.477677077 -0.012359033 0.054470506 0.016934203 0.998295248
1341846340.501858 -0.206170961 0.079793341 0.477595925 -0.011290583 0.049919482 0.017054927 0.998543799
1341846340.534329 -0.199123591 0.083854534 0.480373025 -0.010355213 0.047880553 0.016710633 0.998659551
1341846340.566041 -0.199983373 0.075485528 0.481271505 -0.010017036 0.047513798 0.017985355 0.998658419
1341846340.601909 -0.191251099 0.079944648 0.483071536 -0.006767860 0.046068948 0.017532948 0.998761475
1341846340.634005 -0.189540356 0.082818009 0.477632165 -0.005877141 0.045689974 0.016151195 0.998807788
1341846340.666028 -0.184565246 0.078308918 0.470463961 -0.006809879 0.045467112 0.014415896 0.998838603
1341846340.701946 -0.178422362 0.075599745 0.469685882 -0.005161187 0.046101213 0.012511426 0.998845100
1341846340.733954 -0.175211594 0.080363497 0.470000625 -0.003623863 0.047689252 0.011028131 0.998794734
1341846340.770081 -0.177115828 0.081909113 0.471438110 -0.004340432 0.048578553 0.008527567 0.998773515
1341846340.801980 -0.174049437 0.079367876 0.467910707 -0.004737894 0.049236562 0.003078358 0.998771131
1341846340.833999 -0.172586888 0.083703026 0.468194753 -0.004722177 0.051348493 -0.000753469 0.998669326
1341846340.870013 -0.176252514 0.081869677 0.469370455 -0.006384069 0.051774077 -0.002404784 0.998635530
1341846340.901955 -0.172079533 0.076791041 0.468645245 -0.005827334 0.051057801 -0.002811228 0.998674750
1341846340.933918 -0.175512969 0.079811893 0.468915105 -0.003332125 0.050934978 0.000066952 0.998696387
1341846340.970122 -0.176822737 0.079928979 0.464971572 -0.001950365 0.047899619 0.005063005 0.998837411
1341846341.001922 -0.174908698 0.076364964 0.460578054 -0.000937432 0.043787051 0.010201970 0.998988330
1341846341.037923 -0.172743261 0.079382278 0.453618258 0.000875583 0.040982686 0.012758319 0.999077976
1341846341.070300 -0.174412638 0.075889215 0.453217685 0.000846604 0.040462919 0.012920460 0.999097168
1341846341.102028 -0.180066809 0.076689944 0.451269388 0.000958164 0.039770972 0.012585855 0.999129117
1341846341.137982 -0.178074270 0.075733073 0.445872039 0.000782805 0.037560079 0.013042086 0.999208927
1341846341.170048 -0.176735818 0.075499035 0.445405424 0.001468270 0.037181605 0.013779907 0.999212444
1341846341.202110 -0.175766066 0.073861316 0.442317933 0.002999876 0.036559828 0.015808823 0.999201894
1341846341.237996 -0.172918767 0.073760092 0.440584421 0.004693505 0.036360919 0.016139846 0.999197364
1341846341.269883 -0.176162660 0.073642798 0.434375405 0.005723285 0.037304282 0.016261559 0.999155283
1341846341.306107 -0.177955434 0.074080177 0.435045898 0.006310216 0.036875498 0.015156550 0.999184966
1341846341.338109 -0.175936371 0.074713618 0.430063725 0.007194592 0.037090022 0.013053089 0.999200761
1341846341.370120 -0.173997089 0.075067706 0.429917157 0.007695909 0.037858535 0.010980051 0.999193132
1341846341.406074 -0.182027742 0.074578255 0.427086055 0.007557444 0.039222173 0.010804342 0.999143481
1341846341.438113 -0.180090010 0.070621192 0.434681058 0.008388164 0.037032999 0.010696338 0.999221623
1341846341.470024 -0.179838642 0.071297027 0.430078894 0.011264054 0.037083305 0.008432917 0.999213099
1341846341.506077 -0.181596652 0.076566271 0.426490933 0.011609975 0.038003206 0.007377115 0.999182940
1341846341.538156 -0.187298939 0.072769746 0.422807634 0.010241779 0.036794510 0.007898865 0.999239147
1341846341.574016 -0.183342457 0.073619388 0.424876660 0.011500451 0.034199771 0.008325825 0.999314189
1341846341.612466 -0.185609579 0.075219192 0.417635769 0.011919501 0.033662815 0.009443523 0.999317527
1341846341.643972 -0.185899466 0.078735992 0.419542521 0.011500756 0.032209717 0.008429381 0.999379396
1341846341.679982 -0.189893693 0.074376993 0.419430524 0.010841083 0.031364918 0.008479888 0.999413192
1341846341.712332 -0.194550127 0.075481012 0.415709287 0.011734817 0.029686410 0.010858400 0.999431431
1341846341.744185 -0.191084981 0.073600799 0.414648890 0.011978601 0.027133415 0.013950621 0.999462664
1341846341.780061 -0.192248479 0.077122204 0.414821208 0.012852443 0.026882535 0.014292192 0.999453783
1341846341.842595 -0.185762972 0.067647099 0.404435873 0.014156197 0.025204092 0.019745341 0.999387026
1341846341.906227 -0.186403379 0.062767781 0.401098490 0.017475015 0.024678022 0.024820596 0.999234498
1341846341.942069 -0.184827253 0.058868043 0.396164507 0.020510685 0.024405912 0.026934152 0.999128759
1341846341.974775 -0.185539216 0.062340520 0.397417992 0.024384454 0.024414027 0.027821589 0.999017179
1341846342.010161 -0.190471992 0.064932436 0.395789057 0.025425101 0.023647120 0.029552244 0.998960018
1341846342.042024 -0.182702318 0.055248581 0.393537939 0.026090316 0.021988299 0.029750265 0.998974860
1341846342.080032 -0.179652840 0.059949368 0.391298354 0.028648859 0.023853784 0.029955478 0.998855829
1341846342.112265 -0.187318832 0.056031343 0.391225547 0.028861696 0.025449079 0.031716738 0.998755932
1341846342.147954 -0.185124278 0.052705549 0.392255694 0.031146795 0.024118051 0.033756878 0.998653412
1341846342.179852 -0.180824697 0.054340165 0.387115568 0.034252048 0.024173407 0.034490366 0.998525321
1341846342.211848 -0.180803165 0.054989412 0.386834085 0.034779325 0.024873007 0.034111511 0.998502970
1341846342.247920 -0.181596488 0.052144974 0.387449354 0.035606429 0.025037594 0.032860801 0.998511612
1341846342.279870 -0.180043429 0.052227870 0.382446527 0.037194915 0.025334198 0.033689648 0.998418629
1341846342.316068 -0.181123257 0.052017719 0.381964445 0.038464006 0.025742523 0.034230921 0.998341680
1341846342.347894 -0.177027151 0.055042792 0.380765766 0.039119970 0.025117639 0.034723807 0.998315096
1341846342.379953 -0.178440392 0.054371305 0.379855335 0.039112348 0.026048696 0.034410041 0.998302400
1341846342.416195 -0.180441990 0.052550483 0.383250356 0.039566699 0.026443621 0.035716012 0.998228192
