1341846313.592026 0.000000000 0.000000000 0.000000000 0.000000000 0.000000000 0.000000000 1.000000000
1341846313.654184 0.007480212 -0.002476801 0.000300226 -0.001062231 -0.003181390 0.004893000 0.999982417
1341846313.686156 0.016154714 -0.000333656 0.007381548 0.000243311 -0.005774229 0.004579395 0.999972820
1341846313.721918 0.026103374 0.007317377 0.001443926 0.001140417 -0.007530740 0.005134971 0.999957800
1341846313.753994 0.024336813 0.004384711 0.002697992 0.000222253 -0.007122646 0.005157542 0.999961317
1341846313.789969 0.034202330 0.003074035 0.000156635 0.001179394 -0.008184479 0.003673159 0.999959052
1341846313.822075 0.044661257 0.002776290 -0.000933021 0.000924179 -0.007754259 0.003946265 0.999961734
1341846313.853928 0.051687334 0.000666441 -0.002821635 -0.000001272 -0.005692300 0.002970988 0.999979377
1341846313.890011 0.056823153 0.004204476 0.000663442 0.000370741 -0.003724195 0.003542782 0.999986708
1341846313.922055 0.073772199 0.015967522 -0.005090846 -0.000366563 -0.005275250 0.005038002 0.999973357
1341846313.957927 0.093857192 0.004721225 -0.019321172 -0.004021849 -0.002539511 0.006540983 0.999967277
1341846313.990058 0.087472364 0.002407547 -0.010047926 -0.005778487 0.005611133 0.009074158 0.999926388
1341846314.022042 0.097822942 0.019296475 -0.000382437 -0.005644902 0.005872826 0.009141149 0.999925017
1341846314.057816 0.099695124 0.016994705 -0.000583279 -0.009468300 0.009302958 0.009574716 0.999866068
1341846314.089801 0.107106455 0.013096541 0.006827524 -0.009345073 0.014800657 0.009012442 0.999806166
1341846314.122037 0.114536643 0.024763379 0.000384791 -0.008966655 0.017521765 0.013055886 0.999721050
1341846314.157989 0.117955819 0.023135688 0.014756544 -0.011456570 0.021165365 0.013158598 0.999623775
1341846314.190094 0.135254413 0.018312199 0.019192355 -0.011913925 0.023269109 0.016002608 0.999530137
1341846314.225969 0.137902185 0.028046811 0.004267984 -0.013177523 0.025654558 0.018412936 0.999414384
1341846314.257923 0.140946999 0.018825190 0.012300760 -0.016061015 0.027865857 0.018121965 0.999318361
1341846314.290052 0.144847780 0.020548202 0.014071399 -0.014406189 0.029160723 0.016645402 0.999332309
1341846314.325981 0.154690981 0.026076971 0.006901911 -0.014830282 0.029487971 0.015747922 0.999331057
1341846314.357905 0.165669203 0.021456052 0.016245645 -0.015982833 0.031926993 0.013129848 0.999276161
1341846314.389899 0.164957955 0.018828724 0.014743900 -0.014917338 0.035513196 0.012566863 0.999178827
1341846314.427905 0.172844246 0.029270653 0.013844554 -0.013730408 0.037003078 0.011170515 0.999158382
1341846314.493987 0.185899228 0.019988492 0.017557815 -0.013504310 0.046225462 0.003467867 0.998833716
1341846314.526085 0.195866257 0.025835762 0.015199995 -0.012631875 0.047622330 0.002008377 0.998783529
1341846314.558292 0.200870842 0.018185070 0.010434978 -0.014997869 0.050544862 0.002928363 0.998604894
1341846314.594085 0.209725365 0.016543647 0.018112924 -0.013503743 0.054734141 0.002720954 0.998405933
1341846314.626096 0.217756212 0.025019132 0.009362144 -0.012466055 0.057834692 0.003809709 0.998241067
1341846314.658455 0.215400100 0.027872790 0.006740583 -0.013901974 0.060738374 0.002938057 0.998052597
1341846314.694004 0.232103348 0.020302502 0.022933893 -0.014338293 0.063136712 0.001503133 0.997900784
1341846314.725910 0.233734578 0.009555789 0.023099927 -0.011749032 0.066598400 0.005880836 0.997693360
1341846314.761942 0.233789936 0.011420936 0.019554969 -0.008129787 0.067307726 0.010192640 0.997647107
1341846314.794030 0.240100384 0.012329145 0.015682679 -0.004797646 0.069572836 0.011371695 0.997500539
1341846314.826092 0.265123665 0.011564181 0.003401048 -0.003083517 0.070935152 0.012771454 0.997394383
1341846314.862145 0.273403078 0.017035646 0.006568857 -0.002332712 0.074158803 0.014111735 0.997143865
1341846314.894072 0.283478975 0.018176259 0.009665478 -0.002616706 0.077478938 0.015997456 0.996862173
1341846314.925969 0.288925320 0.018477369 -0.004009113 -0.002656010 0.079920903 0.021385705 0.996568203
1341846314.961937 0.287996471 0.023285624 -0.006710641 -0.005187068 0.081084877 0.025262553 0.996373534
1341846314.994564 0.294844151 0.021220442 -0.000040155 -0.008906914 0.081607349 0.024547130 0.996322393
1341846315.029900 0.308021247 0.019322118 0.007832542 -0.009342154 0.083894111 0.021100597 0.996207416
1341846315.061965 0.308667302 0.018040350 0.007965460 -0.010118324 0.086444162 0.025521807 0.995878339
1341846315.094388 0.306651264 0.012305780 0.007347513 -0.010560110 0.086324975 0.025818015 0.995876491
1341846315.129851 0.311633706 0.016761534 0.007942732 -0.007860877 0.086363733 0.023667302 0.995951474
1341846315.161941 0.329178393 0.044500168 0.003908660 -0.007420537 0.085018612 0.027153334 0.995981693
1341846315.197984 0.329312801 0.036688387 0.003056645 -0.015316888 0.083134279 0.023274321 0.996148765
1341846315.230076 0.333911657 0.041173123 0.015771843 -0.017944291 0.082349107 0.018968655 0.996261418
1341846315.262069 0.335572064 0.038678393 0.024789117 -0.021647166 0.079618141 0.023572855 0.996311545
1341846315.298000 0.344587296 0.025143795 0.017917328 -0.024549449 0.075057447 0.025613703 0.996547878
1341846315.329931 0.350147635 0.025461582 0.023089614 -0.020839760 0.073753841 0.026735112 0.996700227
1341846315.361981 0.358477741 0.026045462 0.018489946 -0.015735980 0.072196200 0.029370533 0.996833742
1341846315.397962 0.368409723 0.022073342 0.023230828 -0.013415046 0.071918845 0.034056004 0.996738613
1341846315.429923 0.366978258 0.031671550 0.021106191 -0.009378724 0.074741125 0.034506388 0.996561646
1341846315.466047 0.382625997 0.028007759 0.014456954 -0.009557155 0.076393105 0.037178751 0.996338546
1341846315.497883 0.381091148 0.028938821 0.015236612 -0.010262352 0.079920933 0.041870095 0.995868564
1341846315.530008 0.383197129 0.027405944 0.015410118 -0.010483229 0.081280112 0.042324230 0.995737076
1341846315.566108 0.387103856 0.028031392 0.017775968 -0.011350978 0.082532190 0.043700967 0.995565116
1341846315.597986 0.385953069 0.025050059 0.020202182 -0.011755107 0.084201947 0.042704254 0.995463789
1341846315.630109 0.397078335 0.029697649 0.018159568 -0.010907896 0.083887689 0.041485909 0.995551467
1341846315.666042 0.393442273 0.033457700 0.008935474 -0.011225956 0.086097211 0.040175807 0.995413065
1341846315.698114 0.409182608 0.053048491 -0.003729388 -0.014273286 0.087213136 0.039949358 0.995285988
1341846315.733985 0.392517924 0.039364524 0.020082667 -0.018533556 0.092484750 0.040095914 0.994733810
1341846315.766041 0.395619988 0.040093694 0.014396340 -0.018193435 0.089256875 0.042546067 0.994933188
1341846315.798188 0.406850129 0.036986426 0.010300279 -0.019703168 0.087143242 0.041685399 0.995128214
1341846315.834140 0.395836353 0.022438262 0.026261784 -0.020250691 0.091038845 0.039255880 0.994867206
1341846315.866751 0.393818140 0.022531878 0.021468900 -0.017806757 0.092586383 0.038917102 0.994784474
1341846315.898492 0.389578581 0.022032546 0.024585508 -0.016678503 0.093500338 0.038712513 0.994726539
1341846315.936901 0.379144579 0.013226492 0.013699375 -0.014511144 0.096098907 0.037629087 0.994554400
1341846315.966572 0.373144358 0.013824356 0.010052763 -0.011006262 0.097791061 0.037124250 0.994453430
1341846316.034204 0.362213403 0.008163829 0.013230637 -0.008034329 0.098106951 0.035956006 0.994493663
1341846316.066113 0.349497974 0.008829158 0.016096026 -0.005237204 0.099372759 0.034555253 0.994436324
1341846316.101867 0.341224939 0.015889477 0.013982393 -0.003273918 0.098079398 0.036063842 0.994519532
1341846316.134066 0.340217233 0.020108802 0.016575299 -0.003611308 0.094324179 0.033656124 0.994965911
1341846316.202049 0.316531539 0.006503476 0.015644316 -0.004673526 0.091270417 0.028900633 0.995395720
1341846316.233979 0.319633603 0.015306386 0.005708214 -0.003074081 0.089024611 0.027202915 0.995653152
1341846316.270052 0.317963302 0.014416513 0.003843766 -0.004474109 0.089626320 0.024778057 0.995657146
1341846316.301915 0.309035420 0.005911560 0.011244841 -0.004832896 0.091225393 0.022902438 0.995555162
1341846316.334208 0.284821779 0.003816458 0.008273214 -0.003242461 0.092966527 0.022635538 0.995406628
1341846316.370006 0.289744914 0.004147389 0.010028575 -0.001289505 0.090361863 0.024869367 0.995597601
1341846316.401994 0.279914826 -0.003566834 0.008715358 -0.000585121 0.090091839 0.026394149 0.995583475
1341846316.438069 0.274563521 -0.005622874 0.016817171 0.001677890 0.089751229 0.028247362 0.995562136
1341846316.470076 0.261260480 -0.005584179 0.010401610 0.006428946 0.090091899 0.030830616 0.995435417
1341846316.502034 0.242578372 0.004162769 -0.000865452 0.009216134 0.088444285 0.031488288 0.995540619
1341846316.537975 0.240858257 0.010202820 0.003396221 0.007302190 0.085049540 0.029716058 0.995906711
1341846316.570121 0.232206643 -0.004727237 0.007148381 0.005718798 0.085442685 0.026364787 0.995977759
1341846316.601885 0.233488485 -0.005853668 0.000522330 0.007504129 0.083961152 0.026416078 0.996090531
1341846316.638009 0.212712169 -0.007223355 -0.000304010 0.009865877 0.084491350 0.026512476 0.996022582
1341846316.669925 0.209500492 -0.012653694 0.006233912 0.011609185 0.083614327 0.026423838 0.996080160
1341846316.705941 0.197847143 -0.012980404 0.003717631 0.016155399 0.084503174 0.026285324 0.995945454
1341846316.738062 0.193478510 -0.004346083 -0.005194427 0.019176621 0.083412759 0.030116100 0.995875239
1341846316.770433 0.185250565 -0.003615750 -0.007213118 0.018210907 0.082725987 0.030537905 0.995937824
1341846316.805932 0.177062869 -0.010602791 0.001853457 0.018135706 0.083172813 0.028298583 0.995968163
1341846316.838029 0.168092251 -0.004684646 0.012440963 0.020324299 0.082043119 0.029930666 0.995971918
1341846316.870034 0.149480432 -0.011525511 0.005079931 0.019796332 0.079769604 0.030420085 0.996152401
1341846316.906344 0.140716270 -0.008467237 0.014199244 0.021347832 0.077344485 0.028900865 0.996356785
1341846316.937940 0.144200176 -0.004455793 0.001201300 0.021675520 0.074739195 0.027393866 0.996591091
1341846316.973994 0.131490052 -0.007560615 -0.003781797 0.020388132 0.073245607 0.027176701 0.996735096
1341846317.005913 0.121068738 -0.013149411 -0.003247797 0.018579252 0.070923999 0.027879648 0.996918917
1341846317.037936 0.111769691 -0.015597623 0.001917031 0.018965315 0.069084160 0.026442131 0.997079968
1341846317.073972 0.112485670 -0.013898882 0.002627918 0.020602405 0.066475928 0.027840054 0.997186780
1341846317.106113 0.103715576 -0.020154187 0.001620049 0.022235468 0.065011278 0.032904074 0.997093976
1341846317.137887 0.089835361 -0.017225895 0.006487653 0.025852144 0.060022064 0.036396749 0.997198224
1341846317.173970 0.078725450 -0.010428892 -0.005294363 0.027991166 0.052895948 0.039883059 0.997410595
1341846317.205887 0.070895828 -0.012557816 0.001551545 0.027789295 0.050420716 0.039733835 0.997550368
1341846317.248131 0.072148122 -0.015616060 0.017850012 0.028768413 0.047002383 0.041414384 0.997621179
1341846317.306289 0.052575439 -0.018000964 0.003537482 0.029921846 0.041675996 0.044489261 0.997691572
1341846317.348137 0.063968979 -0.018772071 0.019366229 0.031088458 0.041709855 0.048721399 0.997456729
1341846317.410120 0.042913340 -0.016520232 0.013404196 0.032528423 0.041823074 0.054075178 0.997130156
1341846317.442569 0.031996533 -0.017737169 0.016485937 0.035533123 0.042922217 0.054348398 0.996966064
1341846317.474010 0.020279629 -0.019071929 0.018833064 0.041121874 0.044328514 0.056175686 0.996588290
1341846317.509927 0.018621352 -0.012078227 0.006945192 0.044457320 0.041099995 0.060563300 0.996326447
1341846317.542282 0.005117442 -0.010276536 0.014777760 0.043788653 0.038798783 0.061427392 0.996395409
1341846317.573943 -0.000200773 -0.013249796 0.011450554 0.043288294 0.040235724 0.060638659 0.996408641
1341846317.610159 -0.010845123 -0.016150182 0.010383124 0.045971222 0.042663302 0.060935076 0.996169388
1341846317.643553 -0.038446162 -0.016105019 0.018680522 0.048207607 0.044628382 0.062797658 0.995861828
1341846317.677993 -0.042634707 -0.016843816 0.022513503 0.049010549 0.040830642 0.065845959 0.995788693
1341846317.709996 -0.054124683 -0.017875813 0.024045682 0.051346820 0.038982507 0.064146884 0.995855927
1341846317.741834 -0.050814841 -0.010252621 0.022113796 0.052206010 0.036301255 0.064708650 0.995876253
1341846317.777923 -0.057535775 -0.009735122 0.026682654 0.050598148 0.035003334 0.063852966 0.996060967
1341846317.810021 -0.070969015 -0.016824450 0.016526787 0.049831670 0.033862412 0.062855288 0.996202469
1341846317.841886 -0.081947908 -0.005251587 0.013875529 0.049848635 0.033134587 0.059736632 0.996417940
1341846317.878017 -0.087733701 -0.005266100 0.015683023 0.047414169 0.032608181 0.055678740 0.996789098
1341846317.909910 -0.089389496 -0.008858802 0.023492217 0.046277113 0.033570282 0.052696094 0.996972680
1341846317.946031 -0.108083293 -0.012112607 0.021287300 0.047371261 0.035834901 0.053365368 0.996806860
1341846317.978041 -0.116083033 -0.015821801 0.027204869 0.049140636 0.034453861 0.053802509 0.996746421
1341846318.009897 -0.121448547 -0.012428680 0.020232866 0.051732443 0.034639072 0.051523712 0.996729255
1341846318.045949 -0.134377390 -0.008499090 0.018494330 0.052155163 0.036281262 0.050617661 0.996695220
1341846318.078074 -0.137862861 -0.008926676 0.030480620 0.051524859 0.034619428 0.051762853 0.996728301
1341846318.109894 -0.152683392 -0.016448390 0.016698886 0.051078539 0.030984636 0.049530074 0.996984303
1341846318.145957 -0.154565513 -0.012657181 0.031029861 0.050445784 0.029009400 0.045842580 0.997252285
1341846318.178001 -0.158129260 -0.017017510 0.028590940 0.049446855 0.028758973 0.043055791 0.997433782
1341846318.214074 -0.165771395 -0.017866937 0.044582818 0.050189268 0.026747324 0.040856697 0.997545183
1341846318.245970 -0.187095210 -0.024886159 0.039658550 0.052698020 0.022566782 0.041111521 0.997508645
1341846318.278018 -0.186397195 -0.018704528 0.034679636 0.057605501 0.016326606 0.043301351 0.997266293
1341846318.313937 -0.198766574 -0.015014973 0.031309728 0.059752025 0.010706087 0.042807732 0.997237444
1341846318.345989 -0.211056396 -0.019793205 0.047634009 0.060484655 0.002173369 0.039693769 0.997377157
1341846318.382046 -0.226627991 -0.029666524 0.041442573 0.061823204 -0.003305769 0.041326188 0.997225702
1341846318.414072 -0.230714694 -0.026802499 0.033579111 0.063696668 -0.010070791 0.043708883 0.996960819
1341846318.446035 -0.243535876 -0.031149305 0.040325083 0.065383323 -0.015193162 0.042107195 0.996855617
1341846318.482196 -0.240347400 -0.028172396 0.036613345 0.066677518 -0.018791523 0.040739976 0.996765375
1341846318.514144 -0.247461513 -0.029339995 0.040245030 0.066757493 -0.020231124 0.042452741 0.996660352
1341846318.546259 -0.259453565 -0.035582446 0.042378221 0.067451365 -0.020328395 0.040099565 0.996709108
1341846318.582042 -0.271467656 -0.028134052 0.016017273 0.069585875 -0.020436449 0.040173434 0.996557176
1341846318.614115 -0.275213778 -0.033537194 0.038989116 0.068862185 -0.021301948 0.041642509 0.996529043
1341846318.650038 -0.277556688 -0.031832274 0.042117994 0.068987735 -0.022515684 0.038222868 0.996630728
1341846318.682350 -0.284671754 -0.031784449 0.040326472 0.068603881 -0.023230601 0.036019042 0.996722877
1341846318.714063 -0.298203349 -0.028701033 0.041792925 0.068273187 -0.023499940 0.035724677 0.996749878
1341846318.749905 -0.305361927 -0.033373483 0.044718944 0.068636894 -0.023302263 0.036031842 0.996718466
1341846318.782036 -0.321540684 -0.034031704 0.043215122 0.070196770 -0.023402305 0.038599528 0.996511281
1341846318.814121 -0.341878653 -0.030162755 0.038905386 0.070417471 -0.027389154 0.035975832 0.996492326
1341846318.850072 -0.347844183 -0.032935880 0.027750157 0.071535699 -0.033361480 0.036212344 0.996222019
1341846318.883516 -0.361408591 -0.035068907 0.048147708 0.073766001 -0.040392093 0.032785516 0.995917737
1341846318.918047 -0.389075518 -0.034268059 0.048939630 0.076657265 -0.048108622 0.031659264 0.995392799
1341846318.950044 -0.390095770 -0.046575639 0.036009807 0.077378288 -0.059583656 0.030228445 0.994760573
1341846318.982028 -0.386995107 -0.037473269 0.019634463 0.080459274 -0.065298043 0.029220797 0.994187415
1341846319.018123 -0.401581913 -0.027243081 0.038998775 0.081137858 -0.070220351 0.025920365 0.993888199
1341846319.050745 -0.395731986 -0.040725932 0.044416200 0.081304334 -0.077777520 0.024149513 0.993356466
1341846319.081905 -0.397790253 -0.041272469 0.017956458 0.086149402 -0.078195281 0.022694444 0.992949545
1341846319.117976 -0.418376952 -0.038020067 -0.002873294 0.088323802 -0.076699398 0.028807594 0.992716610
1341846319.150093 -0.426826715 -0.042406969 0.016225345 0.090353936 -0.081699967 0.036636040 0.991876543
1341846319.186069 -0.420799196 -0.025704265 0.017170638 0.093070179 -0.083639942 0.036344670 0.991474330
1341846319.218149 -0.422076911 -0.001112131 0.015586946 0.091575295 -0.078597948 0.034126166 0.992104709
1341846319.250034 -0.438333660 -0.008209503 0.023031715 0.085396454 -0.071753345 0.032838244 0.993217289
1341846319.286594 -0.445934892 -0.023163198 0.026325025 0.082210705 -0.069017991 0.037474986 0.993515730
1341846319.318034 -0.454543471 -0.023730839 0.030702598 0.082704701 -0.068342857 0.041571081 0.993358433
1341846319.350268 -0.467679411 -0.029706363 0.018197838 0.082937710 -0.067387469 0.047753837 0.993126333
1341846319.386163 -0.489037722 -0.032613084 0.042050697 0.085113615 -0.070962869 0.054626465 0.992338598
1341846319.418386 -0.474358916 -0.034420568 -0.005874492 0.084816083 -0.077295907 0.057881128 0.991706312
1341846319.453961 -0.484433234 -0.029691108 -0.016227327 0.086093329 -0.078293279 0.052035220 0.991841972
1341846319.486271 -0.500510335 -0.027133849 -0.007500552 0.085801594 -0.078006014 0.050426476 0.991972923
1341846319.554083 -0.509247720 -0.030396122 -0.004010327 0.079924747 -0.084600389 0.050440378 0.991922677
1341846319.586296 -0.525784850 -0.029746559 0.012177430 0.080640025 -0.084231511 0.046745282 0.992077112
1341846319.622031 -0.541976810 -0.037989989 -0.021944359 0.078230388 -0.087254800 0.043433677 0.992159307
1341846319.653962 -0.550975144 -0.036814816 0.004352152 0.077829704 -0.092202969 0.042679902 0.991775990
1341846319.686352 -0.558241367 -0.036985546 -0.000526540 0.079592600 -0.095584109 0.044249181 0.991247058
1341846319.721992 -0.564041555 -0.030813592 -0.005055927 0.080896266 -0.099540837 0.044659335 0.990733564
1341846319.754063 -0.573287785 -0.018049948 -0.005593628 0.078831486 -0.101775989 0.044311196 0.990688503
1341846319.786397 -0.574816704 -0.021505717 0.003475904 0.074346595 -0.102065802 0.047812641 0.990842581
1341846319.822008 -0.581683040 -0.019782076 -0.000713751 0.070832491 -0.102480583 0.052320458 0.990829527
1341846319.853917 -0.582788765 -0.015842032 0.000909857 0.066311449 -0.103623398 0.055819977 0.990832567
1341846319.889942 -0.590487421 -0.031155927 0.001098074 0.061901294 -0.104094423 0.061154921 0.990753531
1341846319.922039 -0.600174248 -0.040836923 -0.007569522 0.061008364 -0.108154267 0.063163169 0.990247965
1341846319.953946 -0.595531702 -0.039941959 0.011742100 0.061903566 -0.115093142 0.059531283 0.989635050
1341846319.990054 -0.596668899 -0.035386398 0.014062986 0.065229036 -0.117908016 0.051873311 0.989521146
1341846320.028122 -0.600637853 -0.034104414 0.005657479 0.067300528 -0.121333934 0.050890092 0.989019215
1341846320.090047 -0.583445311 -0.022487231 0.013293549 0.073494487 -0.129730701 0.050613791 0.987525642
1341846320.122011 -0.577249944 -0.020766437 0.012908861 0.074353918 -0.127470627 0.051358115 0.987717152
1341846320.157952 -0.568864703 -0.025286645 0.007766351 0.074017033 -0.124624103 0.052389633 0.988051474
1341846320.190003 -0.548715234 -0.029128309 0.025314853 0.076800063 -0.122637808 0.051340993 0.988142610
1341846320.221941 -0.548627555 -0.039220199 0.017559908 0.079808660 -0.118629612 0.052173909 0.988349915
1341846320.258015 -0.536460459 -0.043855984 0.022628322 0.083535060 -0.118424810 0.056161117 0.987847805
1341846320.289887 -0.526128292 -0.048160832 0.020711459 0.088842914 -0.119273290 0.056507111 0.987262785
1341846320.321954 -0.515746653 -0.042170227 0.018166341 0.098340042 -0.120359339 0.055229645 0.986302495
1341846320.357890 -0.497408628 -0.030419398 0.020695947 0.104259253 -0.120748162 0.056668203 0.985565126
1341846320.390064 -0.473809272 -0.034567319 0.020316318 0.105338000 -0.117665134 0.056794778 0.985816002
1341846320.426544 -0.456735253 -0.041614126 0.043890551 0.107041001 -0.111935161 0.054755162 0.986415029
1341846320.458122 -0.458951145 -0.040277921 0.038963996 0.108413413 -0.103702016 0.050723135 0.987380147
1341846320.490186 -0.439809740 -0.057282425 0.012101106 0.110526450 -0.096573234 0.050912030 0.987859011
1341846320.525911 -0.424314946 -0.048685290 0.010496065 0.114532322 -0.088548519 0.049032353 0.988249660
1341846320.558091 -0.417334139 -0.044327877 0.014041461 0.115855858 -0.084837049 0.045051791 0.988610327
1341846320.594093 -0.397708952 -0.039844532 0.042829797 0.117724396 -0.080955490 0.041261937 0.988880515
1341846320.631955 -0.391375214 -0.043505870 0.022377670 0.119797967 -0.072485887 0.040532563 0.989318609
1341846320.664916 -0.374366671 -0.035723783 0.039761171 0.120367520 -0.071103774 0.038422137 0.989434004
1341846320.699927 -0.366929173 -0.043247044 0.031795401 0.119664632 -0.067585655 0.037324771 0.989807785
1341846320.731822 -0.348181605 -0.042842083 0.010928471 0.121532768 -0.060391974 0.036312345 0.990082800
1341846320.763877 -0.323183656 -0.032873467 -0.044518970 0.118617497 -0.059240483 0.037264124 0.990470469
1341846320.799999 -0.311033636 -0.035765953 -0.017117240 0.112072907 -0.061751619 0.032160804 0.991257787
1341846320.831871 -0.258726597 -0.047382653 0.017255664 0.113217600 -0.055371493 0.030579120 0.991554677
1341846320.863887 -0.328822315 -0.021752886 0.004346909 0.113973185 -0.040373676 0.027235458 0.992289424
1341846320.900014 -0.318215728 -0.038775917 0.005667921 0.105744742 -0.045820598 0.033334453 0.992777586
1341846320.931889 -0.289583713 -0.051825874 0.007665113 0.106493808 -0.046417113 0.031694379 0.992723525
1341846320.967866 -0.297536463 -0.017288100 0.009296769 0.108200647 -0.040107861 0.028026883 0.992924213
1341846321.000017 -0.298693359 -0.022978414 0.020587981 0.101882190 -0.039630085 0.025057396 0.993690908
1341846321.031860 -0.278543502 -0.030766560 0.012790300 0.099152602 -0.039475769 0.025095457 0.993972123
1341846321.068047 -0.259168953 -0.026256744 0.023247560 0.099637404 -0.036914226 0.022034625 0.994094670
1341846321.099840 -0.259661287 -0.027412664 0.016790779 0.097117394 -0.034898341 0.022539008 0.994405508
1341846321.131821 -0.231998578 -0.033831201 0.031173948 0.097306870 -0.034633685 0.024144761 0.994358540
1341846321.167887 -0.225657880 -0.027496435 0.030979924 0.100595988 -0.030523092 0.024967646 0.994145572
1341846321.200042 -0.223651156 -0.028517762 0.019208834 0.100540906 -0.027696284 0.024470944 0.994246244
1341846321.231950 -0.215014979 -0.038898010 0.009502890 0.099230751 -0.026692890 0.023201521 0.994435668
1341846321.267939 -0.196374699 -0.028294217 0.015346758 0.100223474 -0.025207743 0.017929124 0.994483948
1341846321.299948 -0.184831962 -0.029270731 0.024054471 0.098982625 -0.021249427 0.012022317 0.994789600
1341846321.331858 -0.183764189 -0.036045354 0.021641366 0.098791413 -0.018015021 0.008610556 0.994907796
1341846321.367913 -0.164664328 -0.041595105 0.017647242 0.099951990 -0.015803024 0.003505939 0.994860530
1341846321.399897 -0.159002572 -0.033149246 0.025782589 0.102344513 -0.010874623 0.002600172 0.994686127
1341846321.435994 -0.155760765 -0.037308499 0.029322639 0.103648394 -0.007253229 0.002516772 0.994584322
1341846321.467946 -0.145893872 -0.032496136 0.034076560 0.105917446 -0.004773672 0.002771555 0.994359553
1341846321.499882 -0.131467700 -0.031983837 0.034053914 0.107357316 -0.002435650 0.003287203 0.994211972
1341846321.536109 -0.107151173 -0.020974830 0.030187912 0.107610345 0.002038135 0.000294103 0.994190991
1341846321.568960 -0.128287822 -0.023177711 0.022360709 0.103866883 0.011238016 -0.001562303 0.994526505
1341846321.603938 -0.115920603 -0.024377745 0.038746756 0.101051308 0.012470515 -0.000269968 0.994803011
1341846321.637163 -0.085825726 -0.016986312 0.013928708 0.098712891 0.015656840 -0.001695637 0.994991302
1341846321.668306 -0.100595102 -0.019479135 0.029934511 0.093608044 0.026583061 0.000626549 0.995253980
1341846321.704411 -0.116832606 -0.022045499 0.039707582 0.090728708 0.029475141 0.007199913 0.995413303
1341846321.736861 -0.104926474 -0.017742505 0.042964060 0.089819923 0.026512032 0.015374248 0.995486379
1341846321.771881 -0.086459585 -0.001287497 0.043808803 0.088459864 0.025464419 0.021235038 0.995527744
1341846321.804114 -0.082393244 -0.006949560 0.045520045 0.083742857 0.028323252 0.023301998 0.995812178
1341846321.836152 -0.076719001 -0.008895569 0.042742144 0.080466338 0.029945510 0.024796665 0.995998740
1341846321.871882 -0.074810736 0.000775228 0.047766589 0.076078229 0.031561244 0.021469994 0.996370912
1341846321.904074 -0.066424832 -0.002182562 0.043235000 0.069440678 0.032366522 0.018973127 0.996880352
1341846321.939847 -0.061554983 -0.006786664 0.047364134 0.065293938 0.035276335 0.016045596 0.997113228
1341846322.004094 -0.069568530 -0.015433779 0.047292881 0.057787266 0.034020342 0.015418066 0.997629941
1341846322.066178 -0.053062066 -0.023767630 0.042169914 0.052624241 0.038460102 0.012307830 0.997797608
1341846322.107979 -0.057640005 -0.039148018 0.045737647 0.049694266 0.040831484 0.011079217 0.997868001
1341846322.166164 -0.056755945 -0.060691480 0.045707129 0.052577257 0.040456682 0.011114787 0.997735083
1341846322.202932 -0.049482770 -0.062975951 0.044706129 0.054136503 0.037311744 0.011747028 0.997767031
1341846322.234093 -0.052206557 -0.066055916 0.041888103 0.053018346 0.036288582 0.009332887 0.997890294
1341846322.265941 -0.054350421 -0.078004099 0.044199135 0.050120752 0.033555131 0.010630619 0.998122692
1341846322.301996 -0.042496603 -0.092171878 0.043509588 0.048106097 0.030847738 0.011303811 0.998301804
1341846322.333949 -0.055312164 -0.105271056 0.042307563 0.047103461 0.030194480 0.010467999 0.998378694
1341846322.369871 -0.040597420 -0.120227553 0.042889044 0.047713678 0.023559101 0.006451549 0.998562336
1341846322.402292 -0.021513088 -0.133337289 0.042484611 0.049455687 0.023271529 0.003554852 0.998498857
1341846322.433955 -0.037422858 -0.163666278 0.055042468 0.053365283 0.026034717 -0.000136647 0.998235643
1341846322.470030 -0.041048199 -0.164667785 0.055481374 0.062073793 0.021929925 0.003296863 0.997825146
1341846322.502433 -0.024076644 -0.176208526 0.051316481 0.068118721 0.017701110 0.006377677 0.997499764
1341846322.534002 -0.015678924 -0.193840355 0.049689896 0.076396793 0.016993582 0.007831330 0.996901870
1341846322.570196 -0.020295452 -0.204006851 0.054434158 0.085564978 0.017172948 0.009812632 0.996136248
1341846322.601920 -0.029303107 -0.212316707 0.044361245 0.091105923 0.015083639 0.013239779 0.995638907
1341846322.638119 -0.010961127 -0.219469219 0.049892142 0.097020112 0.010368627 0.012953185 0.995144069
1341846322.669947 -0.001612798 -0.222474217 0.051490001 0.101908147 0.013120165 0.012939347 0.994623065
1341846322.702026 -0.012286301 -0.239491209 0.051544759 0.104044557 0.015457114 0.015222632 0.994335949
1341846322.738006 -0.006765566 -0.230766237 0.054214872 0.106533356 0.012343869 0.016601196 0.994093835
1341846322.770087 0.004670970 -0.255563021 0.057796262 0.105580337 0.012273422 0.016981702 0.994190037
1341846322.806047 -0.007158333 -0.269199759 0.056220300 0.108854398 0.013034682 0.017997986 0.993809283
1341846322.838063 -0.009041127 -0.269670129 0.054665226 0.111220621 0.008742130 0.019794719 0.993560135
1341846322.870081 -0.003734253 -0.285321116 0.062442433 0.113278672 0.003370365 0.020701278 0.993341804
1341846322.906018 0.004107634 -0.290241748 0.067434892 0.118069097 0.001662028 0.020638594 0.992789447
1341846322.938349 0.004001294 -0.272866130 0.072889313 0.119833834 0.002621360 0.022274578 0.992540538
1341846322.970069 0.002820686 -0.281876743 0.073430300 0.114542082 0.002442374 0.023425741 0.993139148
1341846323.011820 0.009534084 -0.295928121 0.073974773 0.111854255 0.002453482 0.024438275 0.993421018
1341846323.073951 0.008877201 -0.295516640 0.076808535 0.109130979 0.002189232 0.028589152 0.993613720
1341846323.105962 0.008866854 -0.318372160 0.079722427 0.105467342 0.002291557 0.028505748 0.994011462
1341846323.138158 0.008888969 -0.322374940 0.075589664 0.105851419 0.002496236 0.024996268 0.994064569
1341846323.174092 0.004742063 -0.322459936 0.080191836 0.104037173 0.002120325 0.023461655 0.994294345
1341846323.206059 0.011207719 -0.325726748 0.073206648 0.101098396 0.001482113 0.021482686 0.994643331
1341846323.238053 0.010769072 -0.327403367 0.074274406 0.098699205 0.004963547 0.018940896 0.994924664
1341846323.273997 0.001878249 -0.333641380 0.072527796 0.094310768 0.005005278 0.021042356 0.995307744
1341846323.305946 0.005106241 -0.339510173 0.078356445 0.089109555 0.000756839 0.022467686 0.995768070
1341846323.342027 0.038638197 -0.358155340 0.081977293 0.086570546 0.000594175 0.020536799 0.996033847
1341846323.374048 0.014847077 -0.364510894 0.080876186 0.086901054 0.005422593 0.022201920 0.995954752
1341846323.405987 -0.003714770 -0.376003802 0.074007899 0.086943559 0.002519918 0.026135102 0.995867193
1341846323.441956 0.010928342 -0.386699349 0.087216422 0.088065952 -0.002440316 0.028841039 0.995694041
1341846323.473878 0.012456972 -0.399832487 0.075778365 0.092298172 -0.000669777 0.026389273 0.995381415
1341846323.506129 0.006573662 -0.391918778 0.074024007 0.095008701 -0.000651352 0.024527334 0.995174050
1341846323.541972 0.014141907 -0.392099231 0.074753158 0.093748055 -0.001063688 0.022097657 0.995350122
1341846323.573913 0.034738947 -0.414315403 0.063424073 0.092013478 0.001740650 0.017353565 0.995605052
1341846323.609927 0.023987368 -0.407595038 0.072337583 0.093345679 0.008849025 0.013046987 0.995508969
1341846323.642014 0.014320096 -0.414811850 0.076391071 0.092443973 0.010712725 0.014015879 0.995561659
1341846323.674081 0.010386894 -0.429024875 0.076983474 0.092074215 0.009311978 0.016281474 0.995575547
1341846323.710069 0.010897930 -0.445749134 0.072265640 0.093318358 0.007994672 0.020663597 0.995389760
1341846323.742111 0.011348061 -0.460564733 0.074993335 0.097467922 0.006001858 0.021082705 0.994997263
1341846323.774928 0.012122043 -0.456182897 0.072224922 0.101282433 0.003743099 0.018367970 0.994681120
1341846323.810012 0.013651402 -0.461400747 0.072361402 0.102677874 0.002586827 0.014586044 0.994604349
1341846323.842207 0.016988223 -0.465745926 0.067560248 0.103962183 0.002607362 0.009496509 0.994532466
1341846323.878019 0.009595381 -0.480145633 0.063031554 0.104109257 0.002221527 0.005452862 0.994548440
1341846323.909826 0.010635612 -0.492076635 0.058724530 0.107199430 0.000585106 0.001012181 0.994236887
1341846323.942459 0.012903743 -0.490597218 0.057080150 0.111062765 0.000163813 0.000820503 0.993813038
1341846323.978055 0.006554632 -0.494690597 0.048957154 0.113351949 -0.002313957 0.002510522 0.993549049
1341846324.015934 0.010583766 -0.496942371 0.055333152 0.117619887 -0.004447054 0.001746770 0.993047178
1341846324.047722 0.017751964 -0.491426498 0.053307459 0.121193931 -0.003286423 0.000976707 0.992622912
1341846324.083904 0.012221321 -0.476583838 0.055328034 0.121665694 -0.001455709 0.000540077 0.992569923
1341846324.115968 0.011322211 -0.475979865 0.053803734 0.119210377 0.000378195 -0.001501592 0.992867827
1341846324.151967 0.025384625 -0.465122789 0.049336419 0.118764900 0.002229745 -0.005081207 0.992906868
1341846324.183941 0.013824224 -0.453454822 0.056451343 0.116338737 0.006970176 -0.008851781 0.993145704
1341846324.219984 0.007519889 -0.451479077 0.063754655 0.111964032 0.009037152 -0.007817444 0.993640423
1341846324.251968 0.004579216 -0.450384289 0.065424904 0.111531414 0.009235363 -0.008671002 0.993680179
1341846324.284052 -0.000520059 -0.436609328 0.066688396 0.112235256 0.008856261 -0.009834899 0.993593574
1341846324.319880 -0.005101979 -0.423887223 0.061983518 0.111237317 0.005458036 -0.010891220 0.993719161
1341846324.351917 -0.000397197 -0.408433527 0.061545409 0.108064227 0.001923079 -0.011890342 0.994070947
1341846324.388001 0.011726649 -0.399582684 0.056739099 0.103851937 0.001519413 -0.015588486 0.994469464
1341846324.419908 0.003099474 -0.385216683 0.069346435 0.099245831 0.004182976 -0.017798128 0.994894981
1341846324.452027 -0.001470237 -0.383510411 0.073460102 0.094671421 0.004647449 -0.018184640 0.995331645
1341846324.487928 -0.003794038 -0.379019022 0.073710360 0.092989139 0.004318824 -0.015919061 0.995530486
1341846324.519985 -0.014164929 -0.369552135 0.067734934 0.091685578 0.002615538 -0.011541118 0.995717704
1341846324.556001 -0.014459157 -0.349215209 0.071284994 0.090633124 -0.002488555 -0.007021259 0.995856524
1341846324.587888 -0.009919087 -0.338198125 0.073023438 0.087195635 -0.006009524 -0.005601377 0.996157348
1341846324.620086 -0.008603352 -0.333152860 0.080066033 0.084941037 -0.008584822 -0.006926686 0.996324897
1341846324.655955 -0.002133469 -0.323998213 0.078746676 0.083426543 -0.010026537 -0.007845744 0.996432602
1341846324.688082 -0.006550729 -0.318710506 0.087173037 0.082815170 -0.009572905 -0.006677149 0.996496558
1341846324.755922 -0.023543496 -0.280743301 0.083916798 0.084769778 -0.012066257 -0.003724733 0.996320546
1341846324.814016 -0.003433169 -0.241055906 0.080617785 0.080536693 -0.018784700 -0.006680387 0.996552229
1341846324.849979 -0.014635695 -0.231824860 0.087793276 0.074850976 -0.014901916 -0.009010631 0.997042656
1341846324.881924 -0.022074122 -0.231804952 0.088501886 0.071190156 -0.015907774 -0.008733436 0.997297645
1341846324.913902 -0.016276201 -0.221090898 0.092004284 0.070489161 -0.017718984 -0.005672014 0.997339070
1341846324.949999 -0.020989984 -0.224405825 0.088163100 0.070380315 -0.017344996 -0.002899138 0.997365236
1341846324.981922 -0.033470679 -0.220235705 0.095854521 0.074986488 -0.019245941 0.000075291 0.996998787
1341846325.018013 -0.032291871 -0.207320914 0.094761319 0.079523273 -0.024663523 0.002769268 0.996524036
1341846325.050079 -0.036350757 -0.190525338 0.087718725 0.081663840 -0.029345442 0.001461143 0.996226728
1341846325.081901 -0.032002121 -0.171219409 0.089186065 0.081225425 -0.034942262 -0.000590355 0.996082842
1341846325.118531 -0.019011058 -0.156718135 0.086918622 0.077091828 -0.037190329 -0.002469711 0.996327043
1341846325.149933 -0.022177491 -0.160950750 0.086970732 0.070756331 -0.034963474 -0.004033851 0.996872544
1341846325.181925 -0.026179383 -0.154726267 0.091561094 0.067589611 -0.033694115 -0.001398167 0.997143149
1341846325.218055 -0.026024112 -0.148360878 0.092384830 0.064767495 -0.033643190 0.002864257 0.997328997
1341846325.249811 -0.029882016 -0.141028091 0.093826905 0.062776752 -0.033475842 0.006371536 0.997445643
1341846325.285925 -0.028492056 -0.129429638 0.097100846 0.060393915 -0.034193356 0.009066463 0.997547626
1341846325.317988 -0.015836820 -0.130922735 0.106820025 0.057941478 -0.032750104 0.012296902 0.997706890
1341846325.349844 -0.019280367 -0.135652602 0.107402124 0.060478076 -0.027615311 0.014177574 0.997686744
1341846325.387302 -0.019378420 -0.121733949 0.107560508 0.065641515 -0.024840185 0.016609050 0.997395754
1341846325.417931 -0.007508727 -0.117755748 0.103270754 0.067992344 -0.020447895 0.019974343 0.997276306
1341846325.450747 0.003027186 -0.124304093 0.114656523 0.072356284 -0.012969064 0.022675930 0.997036695
1341846325.485954 -0.018522399 -0.099582553 0.113501132 0.082225136 -0.004331694 0.023346785 0.996330917
1341846325.517875 -0.019860981 -0.092801608 0.107802227 0.085394546 -0.001701206 0.025686830 0.996014595
1341846325.553859 -0.019803848 -0.086659245 0.109630711 0.088306047 0.001845147 0.025003556 0.995777845
1341846325.585855 -0.028192990 -0.066150457 0.115891762 0.091501318 0.005132246 0.023225345 0.995520890
1341846325.617990 -0.030960910 -0.047683306 0.115514249 0.088998802 0.006916257 0.021405550 0.995777726
1341846325.653982 -0.030880857 -0.064294301 0.114687212 0.084963009 0.009027555 0.018987857 0.996162295
1341846325.685819 -0.030466165 -0.062179677 0.119276382 0.090315446 0.010147160 0.020136822 0.995657921
1341846325.717857 -0.036645368 -0.044966642 0.123829357 0.095479526 0.011654740 0.026856137 0.995000839
1341846325.754083 -0.041203164 -0.047911104 0.120059013 0.097877964 0.012023204 0.031177113 0.994637311
1341846325.786087 -0.036571935 -0.042349350 0.121563800 0.104291879 0.012061538 0.032629028 0.993938208
1341846325.821856 -0.037949149 -0.024270074 0.121805161 0.108545899 0.013938936 0.034225639 0.993404329
1341846325.853827 -0.046886995 -0.018581066 0.120849907 0.109071687 0.015046214 0.037855670 0.993198872
1341846325.885958 -0.053037770 -0.004305478 0.123066112 0.109737515 0.012281190 0.043850690 0.992916942
1341846325.921984 -0.048589990 -0.001183191 0.124362409 0.108735196 0.008133831 0.048361808 0.992860377
1341846325.953899 -0.037355896 0.003621880 0.127793446 0.111955829 0.007951187 0.049341254 0.992455602
1341846325.985823 -0.041847907 0.015094437 0.129984260 0.114611186 0.011214977 0.054064378 0.991874814
1341846326.021991 -0.046970312 0.019263202 0.134996116 0.117583826 0.011534473 0.059706230 0.991199374
1341846326.054055 -0.043671668 0.032422148 0.133768633 0.122883566 0.010543646 0.062748969 0.990379274
1341846326.089984 -0.038668729 0.051345073 0.136656299 0.125889122 0.012125236 0.061530199 0.990060091
1341846326.121822 -0.042659890 0.063558161 0.143200189 0.125725761 0.016420454 0.058995008 0.990173221
1341846326.154079 -0.049067363 0.065681316 0.147763044 0.126281708 0.019402914 0.057307873 0.990147591
1341846326.190178 -0.051062118 0.075531647 0.150670663 0.128559381 0.018884469 0.060131453 0.989696980
1341846326.222162 -0.054546855 0.093306534 0.149994522 0.128299445 0.017113267 0.066059127 0.989384949
1341846326.259181 -0.055534460 0.107422613 0.155936569 0.125597835 0.014485751 0.069716103 0.989522636
1341846326.322766 -0.051443659 0.129900008 0.161030978 0.118513606 0.013997847 0.068748243 0.990470767
1341846326.359773 -0.048984628 0.133178651 0.163424969 0.114378512 0.015308160 0.066412218 0.991096675
1341846326.392109 -0.048035849 0.126269668 0.168756783 0.112342678 0.017208789 0.067474067 0.991226614
1341846326.423985 -0.052209213 0.136066258 0.170138538 0.116921961 0.018262058 0.072988905 0.990287006
1341846326.459869 -0.051811922 0.152344644 0.171575919 0.119252622 0.015045100 0.076708972 0.989781916
1341846326.526163 -0.047722220 0.186122984 0.178971931 0.120054230 0.016966149 0.075003371 0.989784658
1341846326.560211 -0.048589222 0.193155244 0.187974244 0.114552379 0.020865297 0.075890906 0.990294456
1341846326.591828 -0.052157793 0.199510768 0.192581162 0.111664258 0.023027359 0.076852322 0.990502238
1341846326.627027 -0.048861299 0.209933624 0.191464603 0.111323401 0.024363140 0.076518580 0.990534484
1341846326.658442 -0.050283454 0.226870954 0.192970961 0.109882757 0.028623706 0.073839232 0.990784645
1341846326.694856 -0.060041901 0.236052871 0.192787960 0.105802946 0.032831002 0.074681528 0.991035104
1341846326.726206 -0.060258377 0.254684985 0.202264488 0.101029411 0.033841752 0.072517246 0.991659760
1341846326.762753 -0.050858181 0.267979890 0.203256294 0.095279835 0.035436608 0.069614001 0.992380977
1341846326.826821 -0.052819192 0.297621399 0.207947835 0.080539994 0.041017212 0.066866480 0.993659794
1341846326.858887 -0.059286617 0.292729646 0.216046840 0.071078092 0.043145981 0.065705881 0.994368672
1341846326.895360 -0.065258160 0.291906536 0.214762717 0.068604313 0.043367162 0.066131659 0.994504571
1341846326.926897 -0.061637066 0.297052294 0.214568332 0.070304953 0.038658191 0.069496155 0.994350553
1341846326.958888 -0.052878723 0.315785974 0.218419179 0.073674008 0.035731092 0.072861940 0.993975103
1341846326.994594 -0.047240969 0.330112278 0.217234850 0.074778855 0.035391752 0.076052494 0.993665695
1341846327.026301 -0.054258622 0.344848305 0.211335033 0.073003553 0.037957154 0.072970040 0.993934155
1341846327.063945 -0.048134509 0.345434129 0.217066616 0.069243230 0.039676439 0.070221558 0.994333982
1341846327.094662 -0.051506471 0.354026765 0.217931837 0.068972185 0.042278793 0.067861520 0.994409442
1341846327.128901 -0.052860424 0.366364568 0.226779014 0.068350732 0.042542901 0.067293733 0.994479716
1341846327.161940 -0.053257145 0.381924063 0.229719996 0.067841269 0.041605957 0.066347174 0.994617760
1341846327.193867 -0.039610654 0.389830768 0.232287183 0.067258477 0.042056795 0.064748853 0.994743764
1341846327.229885 -0.045736209 0.402376384 0.223315537 0.068228111 0.045942862 0.062276352 0.994663656
1341846327.262014 0.008493936 0.425470203 0.271796495 0.070359878 0.046013284 0.061053742 0.994587719
1341846327.294023 -0.022307571 0.428216726 0.265229136 0.072377771 0.061864864 0.050885171 0.994155407
1341846327.330015 -0.031306397 0.450911015 0.229276538 0.074566148 0.071794331 0.046247900 0.993552506
1341846327.361939 -0.049764633 0.459214419 0.219662666 0.071525715 0.079454176 0.040646758 0.993437946
1341846327.393887 -0.076098889 0.461169571 0.216239452 0.068776459 0.085048720 0.031243149 0.993509114
1341846327.429966 -0.090618774 0.482184261 0.189810663 0.067282096 0.085285448 0.028868364 0.993662953
1341846327.461965 -0.071332067 0.529155850 0.227317303 0.065341897 0.078837380 0.030431973 0.994278133
1341846327.497931 -0.101229951 0.513301432 0.225603759 0.056646727 0.081671014 0.024853457 0.994737804
1341846327.530068 -0.135968938 0.507600844 0.225451171 0.052285854 0.086974926 0.023630282 0.994556725
1341846327.561895 -0.113097250 0.550611138 0.263005465 0.058489334 0.082780056 0.031944357 0.994336963
1341846327.598010 -0.113945991 0.554336071 0.260482192 0.059696186 0.079464406 0.036038045 0.994395852
1341846327.629945 -0.128140777 0.573479116 0.263718933 0.061068617 0.076139852 0.034417879 0.994629979
1341846327.662003 -0.141114801 0.568883181 0.273964584 0.060023967 0.075680695 0.030965159 0.994842052
1341846327.697919 -0.114817813 0.606109500 0.265965670 0.066357613 0.070486702 0.030833554 0.994825423
1341846327.730075 -0.114922747 0.640978396 0.269708008 0.065412469 0.069429100 0.030807685 0.994963169
1341846327.766017 -0.139221877 0.636983573 0.273594171 0.059123404 0.073063441 0.030707633 0.995099604
1341846327.797917 -0.113434635 0.682507634 0.275595307 0.060132939 0.068153813 0.033026051 0.995313168
1341846327.830054 -0.127960086 0.685518742 0.284562975 0.052960575 0.070659243 0.031531852 0.995594382
1341846327.865944 -0.115414090 0.687723696 0.280946255 0.048612744 0.069888189 0.032313757 0.995845497
1341846327.898010 -0.126892164 0.706425726 0.291566461 0.047462862 0.072738834 0.032027017 0.995706081
1341846327.929991 -0.124531873 0.731016397 0.300241560 0.046449784 0.071280904 0.028860843 0.995956063
1341846327.966065 -0.116415150 0.734192431 0.286962390 0.040894765 0.069806010 0.028034266 0.996327639
1341846327.998073 -0.122284815 0.738676190 0.290911257 0.034044955 0.072262153 0.024286965 0.996508539
1341846328.034045 -0.119940199 0.751649678 0.288259745 0.030115433 0.072417945 0.022868091 0.996657312
1341846328.065993 -0.117912903 0.752155364 0.290006012 0.025033629 0.072946973 0.023592809 0.996742427
1341846328.098045 -0.113906071 0.739791691 0.287407279 0.022098025 0.072939403 0.025648087 0.996761620
1341846328.133967 -0.118932366 0.744984686 0.289658517 0.026415652 0.072435841 0.028986653 0.996601760
1341846328.166023 -0.122446455 0.739198625 0.288684964 0.025492691 0.069650337 0.030820221 0.996769309
1341846328.198018 -0.114681020 0.711752951 0.276017845 0.021086698 0.065484323 0.028760796 0.997216105
1341846328.234044 -0.109113038 0.705545485 0.271316528 0.024387147 0.062499784 0.028623054 0.997336328
1341846328.265899 -0.110956989 0.678160727 0.264459908 0.022789488 0.060834948 0.030046685 0.997435212
1341846328.302051 -0.105883606 0.634304523 0.259630740 0.019742310 0.059966803 0.032312602 0.997481883
1341846328.333917 -0.114611611 0.624386370 0.266229302 0.024567921 0.061515726 0.034096599 0.997220933
1341846328.366008 -0.135512948 0.595419765 0.284075975 0.026598467 0.064678766 0.032251645 0.997030079
1341846328.402010 -0.117979653 0.563262761 0.259686202 0.036670417 0.063057058 0.035605609 0.996700227
1341846328.433920 -0.138743445 0.524589777 0.259148061 0.035814591 0.064869054 0.034285378 0.996661305
1341846328.470003 -0.137639716 0.504011691 0.271802157 0.034070529 0.063407958 0.030419588 0.996941924
1341846328.502194 -0.093916401 0.476478189 0.245416000 0.034383655 0.059527725 0.025138881 0.997317553
1341846328.534033 -0.083457626 0.469063848 0.248675406 0.036950462 0.060629170 0.025279485 0.997155786
1341846328.570125 -0.110478252 0.439250112 0.268748164 0.037340123 0.064886115 0.026550638 0.996840298
1341846328.602804 -0.134579644 0.396236032 0.272464931 0.038748436 0.062918007 0.029425818 0.996832013
1341846328.672663 -0.113802649 0.375007242 0.242920458 0.051748700 0.048166651 0.026482165 0.997146308
1341846328.702975 -0.092476659 0.346925348 0.237805247 0.051811412 0.041891012 0.024933523 0.997466326
1341846328.770129 -0.057449572 0.299100071 0.220076576 0.056675326 0.033615705 0.024283899 0.997531056
1341846328.802331 -0.045369305 0.316804498 0.231816456 0.064171463 0.027873501 0.024058683 0.997259378
1341846328.838051 0.001650346 0.275079250 0.223578885 0.063144885 0.018976996 0.021416200 0.997594118
1341846328.869939 0.017455965 0.282596231 0.211714476 0.064150274 0.015520789 0.023710694 0.997537792
1341846328.904486 0.017534642 0.259111464 0.219212115 0.058896419 0.012459769 0.022938101 0.997922719
1341846328.939814 -0.032642912 0.239354789 0.219678789 0.062784821 0.018687839 0.018827902 0.997674465
1341846328.970217 -0.025636027 0.238191932 0.204495683 0.066627190 0.016184291 0.023880003 0.997360826
1341846329.006232 -0.023055682 0.228244483 0.204714984 0.067661159 0.013583126 0.028326724 0.997213662
1341846329.038243 -0.026344307 0.207958430 0.204961330 0.071533024 0.013857675 0.025861422 0.997006595
1341846329.106125 -0.013377499 0.202139497 0.183911085 0.073897235 0.011896760 0.027770171 0.996808112
1341846329.138340 -0.007160367 0.181972563 0.174574718 0.074175939 0.010291604 0.027292898 0.996818483
1341846329.169991 -0.007312340 0.184028327 0.170314550 0.076724820 0.009316506 0.026461450 0.996657550
1341846329.208656 -0.007114966 0.173159629 0.167796716 0.076930135 0.008482625 0.024718681 0.996693909
1341846329.238169 -0.002996140 0.175073206 0.163674697 0.076871112 0.007048236 0.024855942 0.996706247
1341846329.273827 -0.000779458 0.157493144 0.163562179 0.074389882 0.005781295 0.026266303 0.996866524
1341846329.306052 -0.001343268 0.156211585 0.157337815 0.075008653 0.003414449 0.025709989 0.996845543
1341846329.338104 0.004377421 0.155713350 0.153283849 0.071889609 0.001291391 0.023794189 0.997127891
1341846329.373907 0.006430991 0.131197467 0.152174056 0.067305431 0.000439105 0.022071606 0.997488141
1341846329.405985 0.005430721 0.120011486 0.148132607 0.068435684 -0.000772271 0.019135997 0.997471690
1341846329.442057 0.007028968 0.118378013 0.150860935 0.068104513 -0.001565299 0.015872329 0.997550666
1341846329.473950 0.001613911 0.105064102 0.146899372 0.066837385 -0.002043718 0.009574300 0.997715831
1341846329.506147 0.004304098 0.097874649 0.140104905 0.066785820 -0.004297957 0.007481622 0.997730017
1341846329.542121 0.000922438 0.086546659 0.139768556 0.065050326 -0.007063392 0.006855588 0.997833431
1341846329.574086 0.004829620 0.066849008 0.145168483 0.067007333 -0.009716644 0.005174131 0.997691751
1341846329.606387 0.004353299 0.068647221 0.139315158 0.069952086 -0.009775165 0.003420138 0.997496605
1341846329.641955 -0.000928920 0.064414397 0.136635363 0.069980562 -0.010620558 0.003816226 0.997484505
1341846329.681570 -0.004500355 0.049779002 0.132704854 0.068619922 -0.013251540 0.004018363 0.997546792
1341846329.748113 0.003235854 0.046366397 0.131276578 0.071008123 -0.013883640 0.001603332 0.997377813
1341846329.810175 0.002600658 0.020680113 0.129666448 0.068527251 -0.010546757 0.006076878 0.997574985
1341846329.842255 0.003981871 0.009914862 0.123715498 0.069734015 -0.010639778 0.009368377 0.997464895
1341846329.874044 0.000546090 0.003278784 0.126909018 0.071597844 -0.010459640 0.012985136 0.997294188
1341846329.910073 0.000522183 0.007666450 0.125395969 0.072187588 -0.011001109 0.015263727 0.997213602
1341846329.942009 -0.002270764 0.006961001 0.126340017 0.067918055 -0.011177925 0.020172261 0.997424304
1341846329.978087 -0.000135845 -0.019125570 0.126361057 0.064884499 -0.011818190 0.021753008 0.997585654
1341846330.016305 0.004172086 -0.011138304 0.123951524 0.067306668 -0.011165006 0.019726470 0.997474849
1341846330.048192 -0.004193864 -0.002590449 0.123003244 0.064210959 -0.009022695 0.020692291 0.997681022
1341846330.080418 0.001781014 -0.027561102 0.121972509 0.058479581 -0.009861825 0.023533754 0.997962475
1341846330.115886 0.002604897 -0.041966178 0.120413683 0.061154608 -0.008224814 0.024199897 0.997801006
1341846330.147839 -0.005152376 -0.028385757 0.116608098 0.064179078 -0.007569083 0.025709489 0.997578442
1341846330.181257 -0.004928416 -0.013145355 0.115192406 0.060371701 -0.008264288 0.028505150 0.997734606
1341846330.215852 -0.001741308 -0.029871153 0.118477769 0.053147003 -0.007561823 0.028699636 0.998145580
1341846330.247833 -0.005995124 -0.035793770 0.117339723 0.051146910 -0.006819040 0.027690906 0.998283863
1341846330.283913 -0.014305618 -0.025724981 0.120814435 0.048188072 -0.007098635 0.028856168 0.998396158
1341846330.316011 -0.013501575 -0.042172883 0.120384313 0.040751096 -0.008134971 0.028680811 0.998724461
1341846330.347868 -0.012039773 -0.050851367 0.120338947 0.038211707 -0.010108663 0.027903525 0.998828828
1341846330.383835 -0.008147721 -0.053503614 0.121609785 0.036577225 -0.010818885 0.028095528 0.998877227
1341846330.415934 -0.011620636 -0.066898748 0.123748086 0.035598334 -0.009619494 0.026126772 0.998978317
1341846330.452561 -0.015635975 -0.070349500 0.121460006 0.038121071 -0.009901978 0.025200043 0.998906255
1341846330.483903 -0.018565025 -0.064707220 0.118056029 0.038703300 -0.011754794 0.028094269 0.998786569
1341846330.515970 -0.018710233 -0.076248258 0.114357159 0.036482420 -0.013839670 0.031206371 0.998751044
1341846330.552099 -0.017348152 -0.077013820 0.112882130 0.038172215 -0.015174210 0.033405721 0.998597383
1341846330.583876 -0.021588761 -0.063572668 0.099450551 0.038541872 -0.014776765 0.032440629 0.998620927
1341846330.619992 -0.028512074 -0.055607308 0.099693380 0.034489192 -0.015431422 0.031719636 0.998782396
1341846330.652136 -0.022322260 -0.063882977 0.099966280 0.027506130 -0.017754642 0.030411381 0.999001205
1341846330.683796 -0.025038993 -0.066920787 0.096832439 0.022735372 -0.017391628 0.029324200 0.999160051
1341846330.719991 -0.030899679 -0.084920153 0.087295316 0.019214682 -0.019133821 0.030580522 0.999164462
1341846330.752103 -0.033501524 -0.084895514 0.084073953 0.021345809 -0.023228243 0.035434533 0.998874009
1341846330.787952 -0.042707868 -0.083360456 0.070805028 0.022378571 -0.027370639 0.037989736 0.998652518
1341846330.819823 -0.038571961 -0.082899332 0.072473817 0.022187369 -0.032255273 0.038837578 0.998478353
1341846330.852208 -0.038100507 -0.075243406 0.067645133 0.022096053 -0.033990387 0.039942443 0.998379230
1341846330.914111 -0.042406704 -0.061820749 0.064841032 0.013706511 -0.037052285 0.039196800 0.998450220
1341846330.949903 -0.035114910 -0.074827552 0.053805463 0.009446090 -0.039735425 0.041484669 0.998304009
1341846330.981986 -0.042645171 -0.075320639 0.046108015 0.010205256 -0.043828741 0.042355049 0.998088658
1341846331.014111 -0.040208247 -0.068420291 0.047428925 0.010265746 -0.048069701 0.042731628 0.997876704
1341846331.082139 -0.043725967 -0.073818751 0.040493995 0.011677588 -0.050725292 0.039060447 0.997880161
1341846331.114334 -0.041713469 -0.069468372 0.037153170 0.011708461 -0.053323366 0.039242748 0.997737229
1341846331.149989 -0.052984346 -0.077223107 0.047910340 0.011972232 -0.052202102 0.035653580 0.997928083
1341846331.181954 -0.057121087 -0.076371059 0.040410422 0.015406780 -0.052092128 0.034411486 0.997930288
1341846331.218151 -0.062962957 -0.058037926 0.042083997 0.016524423 -0.054994941 0.035745598 0.997709751
1341846331.249914 -0.046755139 -0.070451677 0.054744564 0.013482564 -0.058190376 0.035266854 0.997591257
1341846331.318141 -0.042651303 -0.065701962 0.054022174 0.024534769 -0.048361514 0.030787164 0.998053789
1341846331.349926 -0.041110568 -0.064970896 0.049624827 0.023280516 -0.045884836 0.029709280 0.998233438
1341846331.382003 0.006049971 -0.095152289 0.046860784 0.024051132 -0.043015756 0.029718691 0.998342633
1341846331.418008 -0.009760492 -0.085462339 0.046958353 0.031265251 -0.031949382 0.030323161 0.998540044
1341846331.450327 -0.018310053 -0.075156555 0.060272351 0.033852939 -0.026324630 0.030222565 0.998622835
1341846331.486219 -0.038692269 -0.061084412 0.068045869 0.034624238 -0.022487916 0.029502407 0.998711705
1341846331.518344 -0.029707892 -0.063317351 0.069989599 0.033318218 -0.022341652 0.028357720 0.998792589
1341846331.550202 -0.023621358 -0.070671782 0.080037855 0.035234377 -0.017953744 0.026643394 0.998862505
1341846331.586139 -0.035690844 -0.057615869 0.091687553 0.038294856 -0.015387375 0.027471133 0.998770297
1341846331.617931 -0.027515363 -0.053846095 0.098357268 0.037432168 -0.016114399 0.027900880 0.998779595
1341846331.654027 -0.019098988 -0.062420927 0.109792322 0.037378676 -0.013947194 0.028257934 0.998804212
1341846331.686123 -0.028795483 -0.050210759 0.113270447 0.040521242 -0.010327153 0.029891664 0.998678088
1341846331.717954 -0.034829509 -0.038317658 0.119862333 0.038292997 -0.011044369 0.029462710 0.998771071
1341846331.754076 -0.018303821 -0.053805277 0.133520618 0.034720235 -0.011829995 0.029473808 0.998892307
1341846331.785920 -0.020739762 -0.054227266 0.143487856 0.037660211 -0.008548116 0.027483825 0.998876035
1341846331.818053 -0.025633879 -0.041109733 0.155505270 0.038947217 -0.006525014 0.027787963 0.998833537
1341846331.853849 -0.021930909 -0.049326729 0.165579692 0.037162889 -0.006468485 0.027124219 0.998920143
1341846331.885987 -0.015782738 -0.048752241 0.176951453 0.040184498 -0.004345478 0.024720643 0.998876989
1341846331.922014 -0.017025538 -0.043334834 0.184161097 0.042140793 -0.000861135 0.023955878 0.998824120
1341846331.954037 -0.012938194 -0.042484455 0.194930151 0.042072065 0.001554961 0.024717323 0.998807609
1341846331.986135 -0.004628015 -0.054888446 0.205315456 0.043970823 0.006501214 0.025590131 0.998683870
1341846332.022364 -0.020749278 -0.055098638 0.225922406 0.051106125 0.012921696 0.024682108 0.998304546
1341846332.054175 -0.019279623 -0.050316766 0.238363057 0.057482492 0.012513235 0.027365625 0.997892916
1341846332.086502 -0.013309641 -0.047128655 0.251547068 0.060252924 0.011970781 0.028911443 0.997692525
1341846332.122051 -0.015804823 -0.042572554 0.254949838 0.062183876 0.013384414 0.028046619 0.997580767
1341846332.153983 -0.028324522 -0.026798852 0.263448030 0.061283272 0.013902206 0.024805333 0.997715235
1341846332.190165 -0.031347614 -0.030107612 0.283574551 0.054515872 0.012821225 0.022817539 0.998169839
1341846332.254145 -0.027482394 -0.050181884 0.312167257 0.053266242 0.012640485 0.020962795 0.998280287
1341846332.289948 -0.028664019 -0.044183023 0.323316723 0.055610020 0.012307519 0.023105890 0.998109281
1341846332.322172 -0.028734636 -0.048664406 0.334681809 0.055793807 0.011965528 0.024850514 0.998061240
1341846332.354003 -0.020142797 -0.052059755 0.335285038 0.058378424 0.013253603 0.022773232 0.997946739
1341846332.390180 -0.020385507 -0.039612859 0.344521940 0.060435083 0.017704077 0.019329641 0.997827947
1341846332.422055 -0.027040027 -0.036428023 0.355680108 0.058807209 0.020646619 0.015907606 0.997929037
1341846332.458114 -0.023002096 -0.042050045 0.362886876 0.057565428 0.022798372 0.011613315 0.998013854
1341846332.489993 -0.025175408 -0.033427048 0.381802171 0.059284333 0.023996491 0.015427390 0.997833431
1341846332.522130 -0.042227440 -0.032012150 0.388532698 0.058561016 0.022062887 0.020448690 0.997830510
1341846332.558114 -0.033550162 -0.032964874 0.401514620 0.058761965 0.015817676 0.027883539 0.997757137
1341846332.589874 -0.023591869 -0.019360378 0.406458437 0.059725564 0.012123204 0.032095682 0.997625053
1341846332.621889 -0.020711564 -0.014446234 0.412451923 0.055619068 0.012129080 0.033623703 0.997812033
1341846332.658202 -0.025337946 -0.021616703 0.421034634 0.050751906 0.013838194 0.030553129 0.998147905
1341846332.690001 -0.012431212 -0.017677652 0.438045055 0.049308993 0.012915210 0.034287248 0.998111308
1341846332.726000 -0.014631945 -0.021457050 0.449637085 0.048031934 0.012158664 0.038247015 0.998039186
1341846332.758386 -0.007426456 -0.020258240 0.454029977 0.048745777 0.008760071 0.039856970 0.997977197
1341846332.789937 -0.000380180 -0.011327285 0.457747310 0.048721645 0.009338114 0.038064376 0.998043120
1341846332.825925 0.004234797 -0.015052646 0.472800821 0.045734059 0.011382262 0.036961813 0.998204708
1341846332.857898 0.008798208 -0.015708799 0.483162463 0.046751458 0.012021849 0.037123393 0.998144090
1341846332.894069 0.008690272 -0.001137037 0.493037075 0.047791742 0.012139041 0.036817670 0.998104692
1341846332.926029 0.014969970 0.002944753 0.502073288 0.044282891 0.012224198 0.034314431 0.998354673
1341846332.958015 0.010759791 0.008615702 0.515928507 0.041878477 0.015516136 0.030581348 0.998534024
1341846332.994073 0.009735352 0.010730825 0.520970047 0.038982149 0.017183287 0.028852748 0.998675406
1341846333.026545 0.014867131 0.008988645 0.527654588 0.035877965 0.018068012 0.026688004 0.998836339
1341846333.057998 0.022812912 0.009827342 0.534359694 0.035044204 0.019556267 0.026993526 0.998829722
1341846333.094024 0.027662598 0.009362452 0.542044580 0.035320848 0.020506956 0.031729195 0.998661697
1341846333.126095 0.031046709 0.014171109 0.549738228 0.036058981 0.022311896 0.032739490 0.998564005
1341846333.161973 0.032794267 0.020496044 0.555371761 0.035127383 0.025383148 0.032957219 0.998516679
1341846333.195660 0.034701981 0.021754041 0.562241971 0.032770291 0.027116617 0.035813667 0.998452902
1341846333.226331 0.035225309 0.023695525 0.566145718 0.031513348 0.027943674 0.034538105 0.998515487
1341846333.262056 0.031975791 0.036005776 0.576223016 0.030051505 0.029292414 0.032607719 0.998586774
1341846333.294147 0.033238687 0.029076381 0.581705272 0.025602808 0.029063089 0.032226421 0.998729825
1341846333.326100 0.034464054 0.032474171 0.584646463 0.024205469 0.027800230 0.030140411 0.998865724
1341846333.362100 0.038163949 0.039907493 0.586391330 0.021691432 0.026911044 0.028673880 0.998991013
1341846333.394119 0.035486985 0.032527469 0.591059148 0.017476937 0.026321514 0.028432826 0.999096274
1341846333.429974 0.043278441 0.034931038 0.592157662 0.017110065 0.023277104 0.028715072 0.999170065
1341846333.462115 0.043441888 0.029962109 0.594052851 0.016008591 0.024075178 0.027292674 0.999209285
1341846333.494040 0.047185969 0.030753268 0.594854653 0.017205855 0.024236163 0.026465531 0.999207735
1341846333.529953 0.059008412 0.032111514 0.599346697 0.018381374 0.023995034 0.026857425 0.999182165
1341846333.562063 0.045346618 0.031870663 0.597994566 0.018799063 0.028502507 0.028107636 0.999021590
1341846333.594090 0.046271309 0.041466635 0.598683417 0.018732874 0.027098084 0.028914001 0.999038935
1341846333.629994 0.044527493 0.045155823 0.600502193 0.015651762 0.024684373 0.028037995 0.999179423
1341846333.662127 0.043540537 0.043744430 0.597141385 0.012359716 0.023828728 0.026990350 0.999275208
1341846333.697964 0.043664593 0.035771813 0.599426270 0.010043294 0.023902329 0.028272023 0.999264002
1341846333.730092 0.012890847 0.034104742 0.594998837 0.012344578 0.029872810 0.028182507 0.999080062
1341846333.762089 0.043203827 0.036032133 0.593889713 0.013952370 0.025073869 0.029923590 0.999140263
1341846333.798006 0.048381232 0.031539250 0.586919546 0.014834543 0.024869464 0.030549910 0.999113679
1341846333.830055 0.048834033 0.031090496 0.580940783 0.017518412 0.026034756 0.028155833 0.999110878
1341846333.866045 0.045715652 0.031755589 0.577264249 0.018732786 0.027428813 0.027054263 0.999081969
1341846333.897987 0.041373275 0.026835233 0.573905945 0.019938210 0.027949698 0.025785998 0.999077737
1341846333.930099 0.041386917 0.026764400 0.567505181 0.023003958 0.028689293 0.024730116 0.999017596
1341846333.965889 0.038923718 0.025072884 0.562130272 0.025035558 0.029902399 0.024037726 0.998950064
1341846333.997985 0.037527047 0.022115726 0.550917566 0.027650302 0.030959213 0.024194831 0.998845100
1341846334.030076 0.033167720 0.023277331 0.544902265 0.030734511 0.032388762 0.025393562 0.998679876
1341846334.066000 0.030064145 0.020188536 0.537414908 0.031983435 0.032122958 0.026879312 0.998610377
1341846334.097932 0.031249324 0.020936918 0.530954897 0.034079555 0.031846181 0.026581042 0.998557925
1341846334.133884 0.023051050 0.021330182 0.526229024 0.035809767 0.033859801 0.026825847 0.998424530
1341846334.166115 0.015894577 0.021413356 0.518585324 0.036035497 0.032952577 0.027713705 0.998422563
1341846334.198072 0.017000269 0.016814925 0.509788096 0.036002100 0.031146666 0.026632223 0.998511136
1341846334.234097 0.015845116 0.021411266 0.501164079 0.036932539 0.031819019 0.025493199 0.998485684
1341846334.266045 0.012741912 0.017808225 0.496202737 0.036758464 0.033495422 0.025962021 0.998425186
1341846334.297946 0.004048917 0.017713632 0.488804132 0.037847489 0.032459866 0.027914001 0.998366058
1341846334.334036 0.001449309 0.019928087 0.483584881 0.038518388 0.030964341 0.028144287 0.998381436
1341846334.365871 0.001570625 0.022175394 0.476678491 0.038157333 0.030851532 0.026406066 0.998446286
1341846334.401845 -0.002768481 0.020011935 0.469569027 0.036537543 0.031892233 0.025602130 0.998495102
1341846334.433864 -0.008530993 0.014929425 0.461229503 0.036221564 0.031032948 0.026115013 0.998520374
1341846334.466105 -0.008864289 0.019522619 0.455454022 0.037478819 0.029330185 0.026832426 0.998506427
1341846334.502142 -0.015227014 0.020540629 0.448589176 0.036373809 0.028406180 0.027630135 0.998552263
1341846334.540153 -0.017207326 0.017869670 0.437475950 0.035583470 0.027414013 0.026298484 0.998644471
1341846334.602351 -0.026594955 0.027035652 0.419669777 0.031834818 0.023426708 0.017751198 0.999060869
1341846334.670161 -0.031790882 0.023875115 0.411278129 0.026750011 0.020875111 0.011742765 0.999355197
1341846334.702085 -0.038701728 0.020742530 0.401468873 0.025306579 0.019027727 0.011862057 0.999428213
1341846334.734751 -0.041383442 0.015955588 0.392118335 0.024887767 0.016695881 0.013133977 0.999464512
1341846334.770889 -0.043337405 0.016715173 0.382175207 0.024974979 0.015064563 0.016074339 0.999445319
1341846334.802194 -0.050352342 0.015956357 0.367712498 0.024294866 0.012978143 0.016791895 0.999479532
1341846334.833908 -0.047098000 0.016488375 0.357607961 0.023734733 0.010835810 0.015783111 0.999534965
1341846334.869874 -0.050413646 0.016733633 0.347112149 0.022216169 0.010652754 0.015311919 0.999579191
1341846334.902006 -0.059875306 0.013895359 0.337559611 0.020524846 0.009712595 0.015919624 0.999615431
1341846334.938010 -0.059487384 0.014023284 0.329571664 0.020099590 0.006192366 0.015160685 0.999663830
1341846334.970032 -0.055056460 0.014375614 0.320963800 0.020152355 0.004744018 0.014505275 0.999680459
1341846335.002203 -0.060134254 0.007927365 0.312804788 0.021173492 0.005461787 0.015770694 0.999636531
1341846335.037880 -0.069634616 0.010952748 0.297117740 0.024117589 0.002999311 0.017666129 0.999548554
1341846335.069990 -0.063903257 0.014287785 0.290153205 0.024458500 -0.000558288 0.018315271 0.999532878
1341846335.106038 -0.059467994 0.012405517 0.280893505 0.024681618 -0.000087133 0.016256291 0.999563217
1341846335.138045 -0.069865465 0.010009584 0.274890274 0.026352966 0.001898007 0.015417996 0.999531984
1341846335.169900 -0.072311819 0.013503006 0.252013594 0.026514482 -0.000648105 0.015793247 0.999523461
1341846335.206091 -0.067234866 0.012362101 0.245543256 0.025619997 -0.003277584 0.013473009 0.999575555
1341846335.239365 -0.066369943 0.007746896 0.237035871 0.025301985 -0.002218388 0.010787006 0.999619186
1341846335.269948 -0.069183260 0.005075550 0.226094767 0.026663169 -0.000894627 0.009831032 0.999595761
1341846335.305972 -0.077406667 0.006852439 0.217831239 0.028827744 -0.002020664 0.010585280 0.999526262
1341846335.338012 -0.073991664 0.006634497 0.211025596 0.030297710 -0.003842991 0.012391173 0.999456704
1341846335.374005 -0.068166301 -0.001618765 0.195264503 0.034195568 -0.002329189 0.012459859 0.999334753
1341846335.406025 -0.070231609 -0.001777114 0.192216694 0.040731013 0.000084317 0.015088754 0.999056160
1341846335.438079 -0.073280513 0.006416077 0.178185657 0.046433181 0.000926444 0.018487059 0.998749912
1341846335.473998 -0.070729710 0.010028873 0.165606752 0.048738427 0.002317021 0.019237954 0.998623610
1341846335.507038 -0.072453208 0.014852439 0.154389918 0.050084673 0.005155799 0.017207053 0.998583436
1341846335.538040 -0.081893817 0.020399690 0.148565635 0.049770389 0.008101602 0.015296135 0.998610675
1341846335.574119 -0.087013327 0.024703454 0.137508646 0.047412962 0.008179579 0.015447889 0.998722434
1341846335.605970 -0.085279763 0.016260900 0.132808581 0.045342304 0.007027453 0.014994449 0.998834252
1341846335.641978 -0.082620546 0.019035403 0.120418809 0.046737146 0.007954143 0.012333794 0.998799384
1341846335.673993 -0.087397859 0.019609567 0.109597944 0.046443317 0.008808205 0.011892205 0.998811305
1341846335.706178 -0.091803707 0.020381715 0.100638077 0.046178613 0.007679112 0.012848737 0.998821020
1341846335.741982 -0.086978272 0.014039531 0.084395200 0.045650318 0.007066607 0.013098565 0.998846591
1341846335.773960 -0.090018243 0.019000061 0.073678672 0.046115480 0.007635929 0.012735754 0.998825729
1341846335.806271 -0.092751771 0.025163986 0.060507216 0.044450760 0.007177270 0.012595724 0.998906374
1341846335.842031 -0.086899601 0.020248037 0.054411195 0.042591434 0.007433131 0.012665181 0.998984635
1341846335.873966 -0.088449709 0.019724011 0.048760921 0.043407902 0.008920405 0.012362870 0.998941123
1341846335.910005 -0.098606624 0.021023462 0.031947419 0.042867508 0.009878749 0.013359864 0.998942554
1341846335.941936 -0.099118054 0.027320880 0.016741997 0.042739451 0.007660233 0.013914583 0.998959959
1341846335.974198 -0.101662531 0.026223414 0.015477252 0.042439412 0.006714810 0.012020438 0.999004185
1341846336.010032 -0.105223596 0.022180151 0.001395173 0.041539140 0.007112031 0.010647147 0.999054849
1341846336.042129 -0.108084649 0.021885836 -0.010667938 0.040438425 0.005730940 0.012166448 0.999091506
1341846336.078076 -0.106787495 0.021490928 -0.021187382 0.040423539 0.003484358 0.011276744 0.999112964
1341846336.110739 -0.110479549 0.024933627 -0.030725623 0.041157726 0.003776352 0.009619847 0.999099195
1341846336.142002 -0.116436332 0.023660231 -0.047874805 0.040787838 0.004020006 0.010507143 0.999104500
1341846336.183953 -0.120935321 0.023919595 -0.064381815 0.040215380 0.001687609 0.011014841 0.999128878
1341846336.241891 -0.121473230 0.023702612 -0.072411813 0.038359392 0.000872603 0.010304006 0.999210536
1341846336.277946 -0.128510728 0.017295109 -0.080336682 0.038384423 0.001523498 0.012091886 0.999188721
1341846336.309977 -0.128186658 0.020528100 -0.080672480 0.041474026 -0.001722002 0.015938776 0.999010980
1341846336.346143 -0.128687695 0.029561426 -0.088706218 0.043765154 -0.003062115 0.017754789 0.998879373
1341846336.377975 -0.128477380 0.025265291 -0.101159349 0.044131938 -0.002658532 0.016471745 0.998886347
1341846336.410032 -0.132263646 0.028494766 -0.120440073 0.045427989 -0.001600626 0.015298823 0.998849154
1341846336.446041 -0.137296602 0.033616394 -0.112242207 0.045344383 -0.002322478 0.016128587 0.998838484
1341846336.477990 -0.132056281 0.030216068 -0.131497577 0.043773383 -0.002598897 0.015822047 0.998912811
1341846336.510056 -0.073343217 0.039853662 -0.176635295 0.044228259 -0.008311000 0.022506682 0.998733342
1341846336.546024 -0.134691983 0.025925223 -0.141014203 0.044600919 -0.002201401 0.019678090 0.998808622
1341846336.578003 -0.142060265 0.035215482 -0.145965606 0.045199975 -0.002015605 0.020150021 0.998772681
1341846336.614020 -0.138503581 0.036094032 -0.140172541 0.044574473 -0.001792133 0.019652961 0.998811126
1341846336.645982 -0.146631837 0.039343975 -0.154329732 0.043619972 0.000079793 0.019103520 0.998865545
1341846336.678036 -0.149132088 0.034855768 -0.168915227 0.041283440 -0.001681700 0.019239932 0.998960793
1341846336.714024 -0.153839603 0.030675948 -0.151396155 0.042936854 -0.003934776 0.019038074 0.998888612
1341846336.746016 -0.158018887 0.027022928 -0.163834155 0.046346750 -0.005795058 0.020750057 0.998693049
1341846336.778014 -0.165440872 0.034897514 -0.182796404 0.049205322 -0.009527847 0.024841946 0.998434246
1341846336.820006 -0.154968962 0.037067369 -0.196384832 0.049687434 -0.013704350 0.027079210 0.998303592
1341846336.882056 -0.182988986 0.034073494 -0.164208740 0.053070176 -0.015060028 0.024860846 0.998167634
1341846336.914273 -0.169799328 0.033289220 -0.180664748 0.055049911 -0.020218274 0.027850112 0.997890353
1341846336.945998 -0.126453042 0.040014427 -0.206295058 0.061165545 -0.028755456 0.030439956 0.997248888
1341846336.981980 -0.100892536 0.054418191 -0.240256146 0.064537354 -0.032900523 0.028223714 0.996973395
1341846337.014238 -0.063963607 0.067973286 -0.224533141 0.062774688 -0.037449673 0.024933640 0.997013152
1341846337.046017 -0.035690989 0.069739945 -0.229888096 0.060113616 -0.039923605 0.021375805 0.997163713
1341846337.082104 -0.004745949 0.079851285 -0.230565488 0.060180087 -0.041508708 0.017103052 0.997177422
1341846337.114317 -0.179478422 0.047538064 -0.226345465 0.057224441 -0.036478944 0.017759444 0.997536600
1341846337.150037 -0.168306768 0.047562011 -0.226287484 0.055387765 -0.039131667 0.017130749 0.997550726
1341846337.181873 -0.169837236 0.047592580 -0.234831452 0.055077787 -0.038532581 0.013545959 0.997646332
1341846337.214073 -0.183249280 0.051879220 -0.239730865 0.053004678 -0.036045138 0.010394786 0.997889400
1341846337.250087 -0.195106894 0.040713921 -0.256743461 0.049538027 -0.037154477 0.011972652 0.998009086
1341846337.282028 -0.182742432 0.041164543 -0.252424657 0.050812222 -0.042195875 0.015891170 0.997689843
1341846337.317920 -0.170755893 0.047394823 -0.247617543 0.050857224 -0.044352114 0.016684895 0.997581124
1341846337.350018 -0.182387903 0.048054162 -0.272485197 0.049083054 -0.042749893 0.016139923 0.997748852
1341846337.382159 -0.175715104 0.042124957 -0.264380097 0.046020128 -0.042835586 0.014149654 0.997921348
1341846337.417941 -0.172082260 0.037109714 -0.261554182 0.046711344 -0.042780142 0.015192810 0.997876287
1341846337.450137 -0.170217648 0.040984835 -0.272495061 0.047237176 -0.044770163 0.016350729 0.997745931
1341846337.482096 -0.172468796 0.043179043 -0.267585605 0.046077300 -0.044751436 0.016749823 0.997794390
1341846337.518008 -0.172739729 0.042106904 -0.263206065 0.047126126 -0.045334388 0.016902914 0.997716486
1341846337.549978 -0.174162716 0.050902262 -0.266806632 0.047770243 -0.045946579 0.014995989 0.997688353
1341846337.585971 -0.173552334 0.047076136 -0.262823284 0.044798147 -0.046461176 0.014243335 0.997813404
1341846337.617903 -0.171697244 0.041252092 -0.256233811 0.045923430 -0.047070716 0.014594063 0.997728586
1341846337.650141 -0.170406565 0.046881873 -0.269311190 0.048683874 -0.047391020 0.013883114 0.997592688
1341846337.686352 -0.169790432 0.047916241 -0.268244684 0.046629153 -0.047228675 0.014519045 0.997689486
1341846337.718002 -0.166382328 0.046078030 -0.262544841 0.044817992 -0.046926912 0.014275922 0.997790277
1341846337.749920 -0.166448027 0.051297031 -0.256113708 0.045031622 -0.044909488 0.013356103 0.997886240
1341846337.786157 -0.167124718 0.057821758 -0.254886746 0.042224213 -0.041978814 0.013316127 0.998137057
1341846337.817945 -0.163488373 0.051487796 -0.246740013 0.039458774 -0.040218152 0.015135573 0.998296738
1341846337.854071 -0.158745989 0.058273382 -0.246612310 0.038675684 -0.037241790 0.014716698 0.998449087
1341846337.885951 -0.166152060 0.064430512 -0.242534012 0.035807155 -0.034324370 0.012399350 0.998692095
1341846337.918223 -0.161276564 0.062083058 -0.234611318 0.031332023 -0.033389762 0.010160882 0.998899460
1341846337.954120 -0.160522655 0.058936853 -0.229489252 0.028781811 -0.031874232 0.010066959 0.999026716
1341846337.985994 -0.159486428 0.068240568 -0.222915873 0.026741961 -0.031099861 0.010035178 0.999108076
1341846338.018107 -0.159375161 0.063209601 -0.216465846 0.023008844 -0.029202143 0.010652604 0.999251902
1341846338.054055 -0.152859911 0.067310512 -0.209862053 0.020879131 -0.028357936 0.010339209 0.999326229
1341846338.085986 -0.148685694 0.066545464 -0.198771462 0.017320825 -0.025377743 0.010141168 0.999476373
1341846338.121875 -0.144047588 0.061893541 -0.186820954 0.014953042 -0.023582343 0.012855097 0.999527395
1341846338.154089 -0.154302120 0.062373996 -0.183752656 0.014371826 -0.022020074 0.014968336 0.999542177
1341846338.186029 -0.152357221 0.063241377 -0.177761719 0.013211500 -0.022525182 0.017279783 0.999509633
1341846338.222071 -0.142615005 0.066869237 -0.170494795 0.012126308 -0.022028264 0.016878711 0.999541283
1341846338.254107 -0.144854859 0.063718535 -0.157465339 0.010242222 -0.019850494 0.017334489 0.999600232
1341846338.290130 -0.142010063 0.060469773 -0.148876995 0.010524429 -0.020030595 0.018992499 0.999563575
1341846338.321952 -0.144440830 0.065570220 -0.143169120 0.010828917 -0.019262759 0.021044632 0.999534309
1341846338.354022 -0.138285160 0.064227566 -0.130228162 0.010111914 -0.018717404 0.021197688 0.999548912
1341846338.389969 -0.141083166 0.068834588 -0.122487709 0.010155969 -0.017504891 0.021130256 0.999571860
1341846338.422377 -0.137803987 0.069117501 -0.111835413 0.008188267 -0.017293984 0.021695266 0.999581516
1341846338.454010 -0.137779072 0.072373137 -0.103128247 0.007339326 -0.017657891 0.020801149 0.999600768
1341846338.489894 -0.136455864 0.071813576 -0.090656139 0.005790893 -0.018152373 0.021350900 0.999590456
1341846338.522066 -0.132897228 0.068832681 -0.080289744 0.006403929 -0.018014958 0.020814294 0.999600530
1341846338.558058 -0.134429514 0.076201975 -0.076350369 0.006047023 -0.017843328 0.019783160 0.999626756
1341846338.589842 -0.127640411 0.074788593 -0.071818128 0.003673909 -0.018324757 0.019235592 0.999640286
1341846338.622019 -0.122812554 0.073416874 -0.054834660 0.004550251 -0.017557448 0.020651458 0.999622166
1341846338.657984 -0.129459098 0.076433249 -0.047071088 0.004992731 -0.017349668 0.022302233 0.999588251
1341846338.690198 -0.132501632 0.080679171 -0.031288549 0.003126918 -0.018388158 0.022851907 0.999564826
1341846338.722454 -0.114572138 0.072516806 -0.018055979 0.001854915 -0.018088538 0.022896620 0.999572456
1341846338.757945 -0.116868012 0.074654862 -0.016786262 0.001859369 -0.017921763 0.025007350 0.999524891
1341846338.790039 -0.116498627 0.076997943 0.001116831 0.000102108 -0.019885728 0.024880167 0.999492645
1341846338.826048 -0.109381251 0.076321244 0.015197311 0.000529877 -0.019454500 0.023475965 0.999534965
1341846338.858027 -0.113290198 0.084614739 0.016651692 0.000944491 -0.017302031 0.022260170 0.999602020
1341846338.889902 -0.113687336 0.083077706 0.038597781 -0.001734056 -0.018307460 0.021332223 0.999603271
1341846338.925948 -0.108306326 0.082312688 0.052608758 -0.002316311 -0.018042196 0.019949067 0.999635518
1341846338.958108 -0.107983097 0.080962710 0.062969349 -0.002240134 -0.015876677 0.018820113 0.999694288
1341846338.990057 -0.102533683 0.081050970 0.077805556 -0.001769522 -0.016445216 0.020226968 0.999658585
1341846339.025928 -0.093147583 0.076323792 0.078464359 -0.000338696 -0.016040754 0.021414965 0.999641895
1341846339.057939 -0.095252909 0.087120324 0.086225338 0.003392234 -0.013008597 0.020202776 0.999705553
1341846339.093927 -0.097913325 0.091626920 0.091060899 0.002323807 -0.013340170 0.021373710 0.999679863
1341846339.126562 -0.091762491 0.097195990 0.104523621 -0.000351133 -0.014761810 0.019758977 0.999695718
1341846339.157969 -0.085165277 0.093797408 0.115871467 -0.003120139 -0.012459346 0.018043840 0.999754667
1341846339.194113 -0.090796411 0.096091911 0.120261282 -0.005174558 -0.010847966 0.019734129 0.999733031
1341846339.228165 -0.089277789 0.098327413 0.126409858 -0.008433346 -0.012782742 0.021637818 0.999648571
1341846339.257998 -0.077794939 0.097542472 0.150784791 -0.011396716 -0.013325599 0.023125494 0.999578774
1341846339.294132 -0.076459914 0.101814218 0.155092835 -0.011123130 -0.010694410 0.024097150 0.999590516
1341846339.326577 -0.084447250 0.108697526 0.158635587 -0.014486102 -0.011758296 0.027316757 0.999452710
1341846339.362269 -0.075300276 0.105508327 0.169731066 -0.018741954 -0.014498127 0.023791865 0.999436080
1341846339.394725 -0.069229640 0.108534478 0.182343796 -0.019296169 -0.012881728 0.023504639 0.999454498
1341846339.462186 -0.064669698 0.105784930 0.203245282 -0.023010125 -0.013917468 0.023583803 0.999360144
1341846339.496743 -0.055545799 0.108512267 0.214960247 -0.019931769 -0.010768408 0.021472754 0.999512732
1341846339.562052 -0.055169985 0.105675422 0.225189775 -0.018939713 -0.007465425 0.023834828 0.999508560
1341846339.595122 -0.045577940 0.108623989 0.237589210 -0.016604584 -0.007462789 0.023089781 0.999567628
1341846339.632085 -0.039921585 0.108318575 0.251072079 -0.015658123 -0.004286502 0.021031093 0.999646962
1341846339.664568 -0.039495658 0.105123714 0.254829377 -0.015769050 -0.001115736 0.019071646 0.999693155
1341846339.698896 -0.036667403 0.101834297 0.265092164 -0.016338898 -0.000279965 0.018631471 0.999692857
1341846339.731977 -0.034127869 0.103587791 0.275902957 -0.015744463 0.000112555 0.016391380 0.999741673
1341846339.762241 -0.029902264 0.101184174 0.283303618 -0.015719574 0.001130293 0.016611600 0.999737799
1341846339.797873 -0.027786430 0.100807071 0.288719773 -0.015828446 0.001635806 0.017777104 0.999715328
1341846339.830245 -0.023071656 0.100769639 0.294984102 -0.016076017 0.000746906 0.018421791 0.999700785
1341846339.862015 -0.023392217 0.101239443 0.299864292 -0.016312046 0.001294276 0.017645931 0.999710381
1341846339.897797 -0.016514968 0.102824040 0.310033858 -0.017142318 0.001777797 0.016734604 0.999711394
1341846339.929916 -0.015973151 0.096236646 0.319772601 -0.018046634 0.002951722 0.018955521 0.999653101
1341846339.961960 -0.012380665 0.093303271 0.325024903 -0.017125050 0.002126922 0.020083215 0.999649346
1341846339.997845 -0.005525869 0.096030280 0.330185711 -0.015428790 0.002766056 0.020049972 0.999676108
1341846340.029925 -0.004076221 0.094759852 0.335592300 -0.014639578 0.005273052 0.020801362 0.999662519
1341846340.066044 -0.003223903 0.092944026 0.342603147 -0.012800221 0.006598574 0.022656625 0.999639571
1341846340.098009 -0.001728289 0.095659442 0.345023721 -0.011640206 0.007243228 0.023469444 0.999630511
1341846340.130102 0.001952277 0.096283354 0.355214506 -0.012212949 0.006904550 0.022222998 0.999654591
1341846340.166041 0.007377007 0.091765806 0.361010492 -0.011662614 0.008834042 0.020494360 0.999682903
1341846340.197867 0.005313243 0.093953893 0.363864839 -0.010427549 0.011734463 0.020311864 0.999670446
1341846340.229904 0.003933246 0.098621264 0.373208106 -0.011090022 0.011920893 0.020208534 0.999663174
1341846340.265859 0.009487281 0.091540918 0.379480481 -0.012401225 0.012702081 0.019247731 0.999657154
1341846340.298061 0.013336824 0.092032984 0.385050565 -0.010325484 0.014746793 0.019715171 0.999643505
1341846340.334063 0.008423872 0.099007905 0.391312540 -0.010599758 0.014672030 0.021370223 0.999607742
1341846340.366064 0.014433401 0.093837515 0.402921259 -0.012586052 0.012209827 0.020741915 0.999631107
1341846340.397995 0.019649791 0.093200184 0.404248714 -0.010806540 0.012328106 0.019983470 0.999665856
1341846340.433895 0.017621471 0.094742194 0.409243673 -0.009855758 0.012677548 0.020582467 0.999659181
1341846340.465959 0.019440532 0.093762480 0.410742879 -0.009596848 0.010083159 0.022887047 0.999641120
1341846340.501858 0.024530148 0.093447112 0.412273854 -0.008883188 0.006192419 0.023959406 0.999654293
1341846340.534329 0.034275576 0.094415426 0.411031485 -0.008381641 0.003588393 0.023567168 0.999680698
1341846340.566041 0.035864256 0.093435168 0.418134272 -0.006911541 0.003047458 0.023482960 0.999695718
1341846340.601909 0.040542111 0.093710773 0.413289487 -0.004422741 0.002154188 0.024145752 0.999696314
1341846340.634005 0.043564327 0.095713705 0.409595907 -0.003655887 0.001442978 0.023383342 0.999718845
1341846340.666028 0.048051991 0.094450317 0.409227550 -0.003932638 0.001607917 0.020948470 0.999771535
1341846340.701946 0.053223118 0.091260858 0.407807171 -0.002337545 0.002546648 0.019039640 0.999812722
1341846340.733954 0.054363441 0.096905440 0.405460775 -0.000740339 0.004202703 0.017265851 0.999841809
1341846340.770081 0.054131813 0.096240483 0.405116409 -0.001630750 0.004756845 0.015007000 0.999874711
1341846340.801980 0.059842687 0.095866762 0.401358336 -0.001517979 0.005180620 0.009437685 0.999940872
1341846340.833999 0.060067151 0.097659275 0.398171276 -0.001601244 0.007674888 0.005444538 0.999954402
1341846340.870013 0.057044353 0.096478403 0.398962855 -0.003202288 0.007760118 0.003704425 0.999957860
1341846340.901955 0.058130197 0.091565683 0.400718063 -0.002587077 0.007741489 0.003089720 0.999961913
1341846340.933918 0.056410886 0.091430731 0.393707752 -0.000800257 0.007225108 0.006215285 0.999954283
1341846340.970122 0.054900665 0.094949722 0.396567553 0.001007891 0.004405855 0.010613134 0.999933481
1341846341.001922 0.056282882 0.092633918 0.394880116 0.002134697 0.000373500 0.014960251 0.999885738
1341846341.037923 0.058051173 0.092789985 0.386465758 0.003300595 -0.002300811 0.018367089 0.999823213
1341846341.070300 0.057273936 0.091774374 0.380028695 0.003587637 -0.002742889 0.017830919 0.999830842
1341846341.102028 0.053638440 0.091533355 0.379604816 0.003506680 -0.003813759 0.018303594 0.999819040
1341846341.137982 0.055280313 0.089697808 0.376933724 0.003502694 -0.005933375 0.018547090 0.999804258
1341846341.170048 0.059208129 0.089215562 0.374850750 0.003855253 -0.006709049 0.019396054 0.999781907
1341846341.202110 0.058394287 0.087084860 0.372944981 0.005277183 -0.006995617 0.021309108 0.999734521
1341846341.237996 0.061571930 0.087659955 0.368000299 0.006978165 -0.007166883 0.022157680 0.999704480
1341846341.269883 0.056469135 0.087828323 0.369057834 0.008202458 -0.006132718 0.022706237 0.999689698
1341846341.306107 0.056491628 0.089994408 0.367956042 0.009048388 -0.006712429 0.021575274 0.999703765
1341846341.338109 0.058685217 0.089354545 0.361198813 0.009678809 -0.006508618 0.019907530 0.999733806
1341846341.370120 0.058591578 0.089454159 0.360285103 0.010276989 -0.005130861 0.016930431 0.999790668
1341846341.406074 0.054577049 0.086736567 0.357397884 0.010019727 -0.004244965 0.015832426 0.999815404
1341846341.438113 0.054241575 0.083930880 0.360135049 0.011115946 -0.006166428 0.016049894 0.999790370
1341846341.470024 0.055583403 0.085303985 0.359773040 0.013965487 -0.006472656 0.015208966 0.999765813
1341846341.506077 0.053646833 0.091038227 0.355590194 0.014210790 -0.005624393 0.014488756 0.999778211
1341846341.538156 0.047554243 0.087257966 0.355794370 0.013107703 -0.006785219 0.014382238 0.999787629
1341846341.574016 0.055033680 0.087167926 0.353964359 0.014101329 -0.009848635 0.015127361 0.999737620
1341846341.612466 0.051463719 0.090498194 0.351551950 0.014798708 -0.010019091 0.015987677 0.999712467
1341846341.643972 0.048364926 0.090614453 0.350590557 0.013977402 -0.010961842 0.014447636 0.999737799
1341846341.679982 0.049207155 0.087217189 0.347958088 0.013215131 -0.012963579 0.016223019 0.999697030
1341846341.712332 0.045789879 0.090155132 0.344958305 0.014305885 -0.014621888 0.018531408 0.999619007
1341846341.744185 0.047433004 0.087637775 0.344918489 0.014333820 -0.016827930 0.021112861 0.999532700
1341846341.780061 0.049373239 0.091282263 0.344668210 0.015402121 -0.017511386 0.022001410 0.999485910
1341846341.842595 0.051673170 0.084663533 0.339563757 0.017025806 -0.018582102 0.027111819 0.999314666
1341846341.906227 0.052271869 0.080842763 0.335237622 0.020150749 -0.019345215 0.032187384 0.999091446
1341846341.942069 0.054405093 0.076152183 0.333520204 0.023065889 -0.019368336 0.033817582 0.998974085
1341846341.974775 0.053538486 0.077599064 0.331877053 0.026547763 -0.019417357 0.035640910 0.998823285
1341846342.010161 0.051528122 0.078807369 0.325346828 0.027256416 -0.020550702 0.037510525 0.998713017
1341846342.042024 0.056634396 0.072186992 0.327278852 0.028412733 -0.021578735 0.037095565 0.998674631
1341846342.080032 0.055810966 0.076210678 0.321857452 0.030962409 -0.018952439 0.036812335 0.998662591
1341846342.112265 0.053127997 0.072529055 0.326687664 0.031020913 -0.018292701 0.039159384 0.998583853
1341846342.147954 0.055131257 0.067990258 0.327345490 0.032976620 -0.019714205 0.041662522 0.998392761
1341846342.179852 0.059296649 0.069824852 0.322192848 0.036006659 -0.019537589 0.042543985 0.998254359
1341846342.211848 0.058002971 0.071170628 0.322449148 0.036719959 -0.018772509 0.042571437 0.998241961
1341846342.247920 0.056563087 0.068024516 0.318492889 0.037677407 -0.018214386 0.040769726 0.998291790
1341846342.279870 0.058910370 0.069013461 0.319650173 0.039372891 -0.018133909 0.041646328 0.998191655
1341846342.316068 0.059744947 0.069306269 0.313442886 0.040541902 -0.017977931 0.042445604 0.998113990
1341846342.347894 0.060152210 0.071284913 0.313870728 0.041131247 -0.017933253 0.042385861 0.998093247
1341846342.379953 0.060639687 0.069073163 0.313559771 0.041053802 -0.017303986 0.042595435 0.998098612
1341846342.416195 0.058017492 0.068949215 0.314308584 0.041510902 -0.016800640 0.044014096 0.998026729
