1341846313.592026 0.000000000 0.000000000 0.000000000 0.000000000 0.000000000 0.000000000 1.000000000
1341846313.654184 0.007483755 -0.002716857 0.000357358 -0.001102507 -0.003185757 0.004844271 0.999982595
1341846313.686156 0.015989339 -0.000242199 0.007562230 0.000250308 -0.005755534 0.004571325 0.999972939
1341846313.721918 0.021887634 0.003382933 -0.004255190 0.000462150 -0.006764192 0.005128949 0.999963880
1341846313.753994 0.026371559 0.007935853 0.013818280 0.000927179 -0.007530928 0.007174845 0.999945462
1341846313.789969 0.036054060 0.006392363 0.010954523 0.001899988 -0.008565201 0.005613848 0.999945760
1341846313.822075 0.051496215 0.011896669 0.010231664 0.002340988 -0.008812900 0.006036400 0.999940217
1341846313.853928 0.054114733 0.009206088 0.007926558 0.001051399 -0.006348004 0.003148814 0.999974310
1341846313.890011 0.053126819 0.011681287 0.004933607 0.001276135 -0.003541516 0.002860050 0.999988794
1341846313.922055 0.067416228 0.011938688 0.001328384 -0.000710883 -0.004796179 0.004448485 0.999978364
1341846313.957927 0.099625066 0.015435399 0.023971710 -0.002660172 -0.003483499 0.006221093 0.999971032
1341846313.990058 0.085371971 0.013489170 0.023429953 -0.004262479 0.005475626 0.007731960 0.999945998
1341846314.022042 0.092897363 0.017979221 0.004222303 -0.005605817 0.006655561 0.008127947 0.999929070
1341846314.057816 0.106578037 0.013327368 0.008617442 -0.009596601 0.008257947 0.010198366 0.999867857
1341846314.089801 0.117492355 0.005516259 0.018417235 -0.009903279 0.012995102 0.009567528 0.999820709
1341846314.122037 0.122212671 0.030602999 0.013770998 -0.008356382 0.016599542 0.013578076 0.999735117
1341846314.157989 0.123249173 0.026816394 0.026583683 -0.010984862 0.020359885 0.013632129 0.999639392
1341846314.190094 0.135995924 0.028067531 0.019456450 -0.010608967 0.023327176 0.015530832 0.999550939
1341846314.225969 0.139704138 0.034567453 0.017063051 -0.012479198 0.025247313 0.018183608 0.999437928
1341846314.257923 0.144939706 0.023954600 0.025215659 -0.015639298 0.027213115 0.018479079 0.999336481
1341846314.290052 0.144824013 0.024750572 0.021301642 -0.014210125 0.029126445 0.016573595 0.999337316
1341846314.325981 0.154504091 0.032397162 0.018868728 -0.014326677 0.029648881 0.015430668 0.999338567
1341846314.357905 0.164826244 0.023331692 0.022211734 -0.016179714 0.032120749 0.014385175 0.999249458
1341846314.389899 0.172718316 0.025775587 0.029109906 -0.014331129 0.034386672 0.013958438 0.999208331
1341846314.427905 0.174974978 0.032965697 0.028505404 -0.013633546 0.036640290 0.012286830 0.999159992
1341846314.493987 0.190073758 0.025201811 0.025829939 -0.013176077 0.045688692 0.004523698 0.998858571
1341846314.526085 0.198277116 0.027937707 0.017319882 -0.012802553 0.047263421 0.003151408 0.998795450
1341846314.558292 0.203831092 0.027731543 0.026426541 -0.014166690 0.050231960 0.004041966 0.998628914
1341846314.594085 0.201359183 0.021403940 0.038650878 -0.012420446 0.055901449 0.000468984 0.998358905
1341846314.626096 0.190889448 0.028191824 0.027833616 -0.011472434 0.061714333 0.001520820 0.998026729
1341846314.658455 0.195937380 0.026276760 0.027490858 -0.013469462 0.063942403 0.000279124 0.997862637
1341846314.694004 0.210913911 0.018444465 0.036096014 -0.013948862 0.066374317 -0.001567059 0.997696042
1341846314.725910 0.222225919 0.003457331 0.024944212 -0.011938277 0.068315312 0.005759723 0.997575700
1341846314.761942 0.213969767 0.004046781 0.016837016 -0.008457262 0.070374690 0.009475094 0.997439742
1341846314.794030 0.235894278 0.006436931 0.013150517 -0.004965698 0.070360154 0.010893475 0.997449815
1341846314.826092 0.252534986 0.013552029 0.004482415 -0.002048476 0.073337175 0.012341565 0.997228742
1341846314.862145 0.245972529 0.028049985 0.023267932 -0.000191668 0.077623524 0.010072823 0.996931851
1341846314.894072 0.250676215 0.026209384 0.025272317 -0.000808431 0.081510261 0.011997747 0.996599972
1341846314.925969 0.252652466 0.030696543 0.024977967 -0.000370797 0.084382683 0.016706042 0.996293306
1341846314.961937 0.277808189 0.028932404 -0.009534292 -0.004324081 0.082746983 0.024154775 0.996268451
1341846314.994564 0.286135525 0.026105277 0.000694420 -0.007877717 0.083195880 0.022914039 0.996238589
1341846315.029900 0.298228413 0.025163004 0.004979461 -0.008032721 0.085927956 0.019639593 0.996075392
1341846315.061965 0.300043136 0.023463953 0.005363397 -0.008887619 0.088462763 0.024255980 0.995744467
1341846315.094388 0.301386803 0.019198703 0.009656366 -0.009109749 0.087854028 0.024443647 0.995791733
1341846315.129851 0.312272370 0.018206755 -0.002579976 -0.007414813 0.087047838 0.023851706 0.995890915
1341846315.161941 0.317038387 0.041429769 -0.006078545 -0.008151640 0.086847715 0.029139234 0.995761991
1341846315.197984 0.313643456 0.038980685 -0.002789535 -0.014813264 0.085610203 0.024100959 0.995926976
1341846315.230076 0.318363816 0.032903016 0.000137828 -0.018987672 0.084524438 0.020519385 0.996029139
1341846315.262069 0.321054608 0.035976302 0.013983376 -0.021678070 0.082096629 0.023586821 0.996109366
1341846315.298000 0.323108435 0.026279973 0.015912171 -0.024498310 0.078781426 0.025319023 0.996269166
1341846315.329931 0.340913147 0.011677195 0.022663116 -0.022554122 0.075742789 0.027273562 0.996499121
1341846315.361981 0.359306514 0.023166684 0.030281898 -0.015420623 0.072681911 0.030419916 0.996771872
1341846315.397962 0.367628545 0.028988564 0.028462626 -0.011915093 0.072208278 0.034393203 0.996725202
1341846315.429923 0.368550271 0.030271100 0.026814137 -0.009030146 0.074561313 0.036043420 0.996523917
1341846315.466047 0.385431409 0.040410534 0.029500026 -0.007058220 0.076859266 0.037319079 0.996318281
1341846315.497883 0.380808353 0.038061783 0.033276711 -0.008472317 0.080751970 0.041669585 0.995826781
1341846315.530008 0.385020614 0.037977170 0.030262224 -0.008488023 0.081815258 0.042781286 0.995692730
1341846315.566108 0.388970554 0.038444303 0.024922252 -0.009296932 0.082908280 0.044521946 0.995518744
1341846315.597986 0.389992654 0.031607285 0.022061810 -0.010465757 0.084637575 0.044253211 0.995373607
1341846315.630109 0.384921432 0.031444650 0.022428259 -0.010357624 0.086746201 0.041863501 0.995296538
1341846315.666042 0.381852120 0.040898811 0.015923828 -0.010375837 0.088770337 0.039984677 0.995195150
1341846315.698114 0.392530710 0.051420104 0.005084097 -0.014142811 0.090560839 0.038900614 0.995030403
1341846315.733985 0.388409287 0.030094005 0.022663645 -0.018744107 0.094212435 0.042534079 0.994466484
1341846315.766041 0.375818968 0.029127706 0.015116267 -0.018722335 0.093168579 0.042774595 0.994554877
1341846315.798188 0.381373793 0.031766254 0.022511855 -0.019708367 0.091968946 0.040732987 0.994733214
1341846315.834140 0.376020849 0.023753677 0.031562813 -0.019462472 0.094848298 0.038655363 0.994550526
1341846315.866751 0.371737629 0.019904818 0.028491035 -0.017822357 0.096096583 0.036593918 0.994539440
1341846315.898492 0.367201149 0.018255696 0.026515193 -0.016791612 0.096955970 0.036309987 0.994484365
1341846315.936901 0.367982090 0.013165219 0.031015448 -0.014615807 0.098399408 0.035472408 0.994407177
1341846315.966572 0.350268126 0.011199770 0.019959725 -0.011240244 0.101265877 0.034801580 0.994186938
1341846316.034204 0.344293088 0.010464508 0.017615825 -0.007628211 0.100912131 0.033867247 0.994289458
1341846316.066113 0.335970581 0.009392359 0.019241489 -0.005287948 0.101312287 0.034137733 0.994254708
1341846316.101867 0.322607666 0.018239221 0.025601342 -0.003023292 0.100838766 0.034105387 0.994313419
1341846316.134066 0.305691034 0.022473020 0.025582206 -0.003051264 0.099285111 0.029404821 0.994619787
1341846316.202049 0.292170584 0.012347420 0.028902493 -0.003796055 0.095021673 0.026208941 0.995122850
1341846316.233979 0.289294600 0.012368049 0.022960283 -0.003281725 0.093469195 0.024113920 0.995324671
1341846316.270052 0.287704766 0.014895214 0.021900017 -0.004189673 0.094120465 0.021273727 0.995324671
1341846316.301915 0.288999766 0.005333595 0.012773275 -0.004793304 0.093905091 0.020490302 0.995358765
1341846316.334208 0.288415432 0.000877409 0.017919533 -0.004138970 0.092324570 0.024557952 0.995417476
1341846316.370006 0.282884240 0.000524970 0.011311520 -0.001690727 0.091054037 0.024267763 0.995548785
1341846316.401994 0.264352441 0.003179633 0.004533723 0.000581623 0.092401147 0.024713743 0.995414972
1341846316.438069 0.265398890 -0.001393546 0.006908726 0.002495724 0.091082312 0.027476221 0.995461106
1341846316.470076 0.251942396 -0.005734707 0.012640815 0.006464277 0.091394648 0.030252758 0.995334089
1341846316.502034 0.231554329 0.007239687 0.003422845 0.009573815 0.090366401 0.030468171 0.995396376
1341846316.537975 0.234261736 0.011927200 0.007659733 0.007369000 0.086663552 0.029319275 0.995778859
1341846316.570121 0.227570519 -0.002344884 0.011291929 0.005662201 0.086835839 0.025845384 0.995871186
1341846316.601885 0.225110829 -0.002075328 0.013791628 0.007858469 0.085736252 0.025197070 0.995968223
1341846316.638009 0.210907966 -0.005646288 0.009145472 0.010068523 0.085111469 0.025957547 0.995982349
1341846316.669925 0.206356063 -0.009938826 0.009048644 0.012023426 0.084349439 0.025709124 0.996031940
1341846316.705941 0.196813464 -0.014387789 0.011293992 0.016080599 0.085078396 0.025775630 0.995911002
1341846316.738062 0.185866177 -0.007886152 0.006353904 0.018720251 0.084984586 0.028395766 0.995801628
1341846316.770433 0.177655339 0.000932857 0.009448009 0.018767422 0.084521182 0.029493265 0.995808244
1341846316.805932 0.176791579 -0.002868555 0.018624593 0.019162506 0.083906218 0.028468398 0.995882571
1341846316.838029 0.159001425 -0.006328932 0.011658765 0.020209245 0.083148979 0.030748231 0.995857596
1341846316.870034 0.147523746 -0.006791061 0.016315490 0.020351080 0.080059409 0.032952469 0.996037364
1341846316.906344 0.147151202 -0.010991924 0.012808941 0.021460526 0.076442584 0.031548675 0.996343613
1341846316.937940 0.143123418 -0.007756545 0.010356346 0.021695876 0.075189561 0.029432749 0.996498644
1341846316.973994 0.136304080 -0.007261814 0.013342518 0.021409227 0.073096231 0.030889170 0.996616483
1341846317.005913 0.122959606 -0.009394123 0.014335120 0.020023735 0.071252085 0.029615993 0.996817470
1341846317.037936 0.124526605 -0.010963276 0.012471227 0.020347789 0.067726947 0.030993147 0.997014761
1341846317.073972 0.111465052 -0.011890457 0.015199289 0.021540223 0.066874884 0.029781487 0.997084141
1341846317.106113 0.098039165 -0.017260643 0.009639670 0.022892706 0.066094227 0.033221710 0.996997416
1341846317.137887 0.082177274 -0.014722438 -0.001074838 0.026112223 0.060830370 0.036140744 0.997151792
1341846317.173970 0.087150373 -0.015566587 0.010464855 0.027497930 0.052387133 0.039601561 0.997462332
1341846317.205887 0.075560540 -0.020736255 0.001985502 0.026768897 0.050175473 0.040252659 0.997569799
1341846317.248131 0.063199498 -0.022689955 -0.002171730 0.027660266 0.047850594 0.041205399 0.997620821
1341846317.306289 0.057808716 -0.015488839 0.010048087 0.030196059 0.041339513 0.045456752 0.997653723
1341846317.348137 0.055540711 -0.020731885 0.010457950 0.030706208 0.042104080 0.046684634 0.997549415
1341846317.410120 0.036396448 -0.013691032 0.017581003 0.033625156 0.042391337 0.053137623 0.997120202
1341846317.442569 0.034262650 -0.024299007 0.018969074 0.035144832 0.042438339 0.055007622 0.996964395
1341846317.474010 0.028338939 -0.017445941 0.023185086 0.041312132 0.043355793 0.057226140 0.996563494
1341846317.509927 0.018818121 -0.007816665 0.015195079 0.045058925 0.041208517 0.061685413 0.996226072
1341846317.542282 0.003554834 -0.009710275 0.028474376 0.043925535 0.039378613 0.061868440 0.996339381
1341846317.573943 0.004975633 -0.014251742 0.014286507 0.043069895 0.039454512 0.060343500 0.996467233
1341846317.610159 -0.006191139 -0.016524179 0.011990105 0.045683358 0.041840129 0.060501829 0.996243894
1341846317.643553 -0.020224152 -0.016151391 0.030051945 0.048097771 0.041906480 0.063349739 0.995950460
1341846317.677993 -0.034084741 -0.017656792 0.035557646 0.049024884 0.039568264 0.065862089 0.995837927
1341846317.709996 -0.044039335 -0.017686356 0.024538912 0.051202316 0.037079904 0.064352028 0.995922804
1341846317.741834 -0.049772222 -0.004134349 0.026095264 0.052528258 0.036071241 0.064278699 0.995895505
1341846317.777923 -0.057095394 -0.013221839 0.025185788 0.050246313 0.034677912 0.063796259 0.996093750
1341846317.810021 -0.066612452 -0.021112761 0.023526501 0.048983049 0.033439968 0.061903514 0.996318400
1341846317.841886 -0.067876786 -0.010727847 0.025369402 0.049304374 0.031714659 0.061148949 0.996405602
1341846317.878017 -0.079781108 -0.011769579 0.024951786 0.046783846 0.032118078 0.056315999 0.996798992
1341846317.909910 -0.080655083 -0.013725447 0.029375449 0.045999486 0.032635767 0.052861579 0.997007847
1341846317.946031 -0.091381095 -0.018381724 0.033406820 0.046727203 0.034050856 0.054029521 0.996864080
1341846317.978041 -0.097833574 -0.022724465 0.041152216 0.048784323 0.032380164 0.055193916 0.996757329
1341846318.009897 -0.104865126 -0.022496145 0.026373617 0.050933156 0.032707639 0.053311143 0.996741652
1341846318.045949 -0.117207691 -0.017689886 0.024276592 0.051438291 0.034109026 0.052121744 0.996731639
1341846318.078074 -0.128222257 -0.018346457 0.025608493 0.050661482 0.033132844 0.050371304 0.996894360
1341846318.109894 -0.142700896 -0.017378185 0.028950898 0.050549075 0.029619163 0.045868542 0.997227967
1341846318.145957 -0.141087219 -0.011657687 0.036697723 0.050259978 0.027055969 0.044793326 0.997364283
1341846318.178001 -0.147641122 -0.015442140 0.041915309 0.049183726 0.027890254 0.041535109 0.997535944
1341846318.214074 -0.153622627 -0.019355943 0.051791966 0.049755044 0.025532562 0.040565927 0.997610629
1341846318.245970 -0.173877612 -0.029950559 0.038801052 0.052065872 0.020599060 0.041158732 0.997582495
1341846318.278018 -0.185101375 -0.027927099 0.037692569 0.055854063 0.016059276 0.041684728 0.997439146
1341846318.313937 -0.190736279 -0.018256044 0.032190561 0.058835126 0.009874178 0.041181624 0.997369051
1341846318.345989 -0.200189158 -0.019592907 0.037786473 0.060502443 0.000490521 0.039638788 0.997380555
1341846318.382046 -0.215158075 -0.021125404 0.037632935 0.062189460 -0.005297046 0.037732273 0.997336805
1341846318.414072 -0.225429147 -0.023567209 0.037950125 0.063520610 -0.011425602 0.038743313 0.997162759
1341846318.446035 -0.229677856 -0.025541876 0.040744405 0.065596834 -0.017722700 0.039461233 0.996908128
1341846318.482196 -0.235353217 -0.022285372 0.028403144 0.067158438 -0.020265510 0.039635666 0.996748745
1341846318.514144 -0.236185580 -0.021486675 0.031142626 0.067354962 -0.022355691 0.041395750 0.996619284
1341846318.546259 -0.247603953 -0.024963079 0.032019965 0.068667844 -0.022830864 0.040413331 0.996559203
1341846318.582042 -0.255362779 -0.020742640 0.031954095 0.070510082 -0.022539103 0.039669782 0.996467113
1341846318.614115 -0.278733015 -0.024675446 0.011575111 0.069553152 -0.021738119 0.039114896 0.996574104
1341846318.650038 -0.270101488 -0.021449622 0.032258097 0.069515891 -0.024027089 0.037017811 0.996604204
1341846318.682350 -0.286752999 -0.022984987 0.024918733 0.068844177 -0.023551179 0.034890965 0.996738911
1341846318.714063 -0.292319417 -0.023306347 0.041751459 0.068666697 -0.024972966 0.033299230 0.996770978
1341846318.749905 -0.299960226 -0.030642688 0.031563032 0.068880260 -0.025177415 0.035344541 0.996680677
1341846318.782036 -0.312187999 -0.026039885 0.036967818 0.070843965 -0.025546424 0.037148781 0.996467948
1341846318.814121 -0.332899511 -0.029521644 0.024501592 0.070582300 -0.029754678 0.035722815 0.996421933
1341846318.850072 -0.336602807 -0.032951426 0.024006682 0.070824146 -0.036043860 0.033625923 0.996270061
1341846318.883516 -0.339677006 -0.037090547 0.036022045 0.073688947 -0.043689340 0.031815648 0.995815694
1341846318.918047 -0.344149947 -0.031927824 0.022589743 0.077109948 -0.055974439 0.032013796 0.994935155
1341846318.950044 -0.367128521 -0.037455425 0.024483636 0.078323327 -0.064451434 0.028080530 0.994445980
1341846318.982028 -0.372772366 -0.037236545 0.024086054 0.079920746 -0.068291277 0.025672711 0.994127691
1341846319.018123 -0.396417081 -0.035423763 0.010484803 0.079758905 -0.073019482 0.024806548 0.993826628
1341846319.050745 -0.384852320 -0.047866605 0.034796819 0.080532193 -0.080673695 0.024390809 0.993182480
1341846319.081905 -0.378673822 -0.036933277 0.041281410 0.087174945 -0.081697188 0.022394847 0.992584765
1341846319.117976 -0.403940618 -0.030730005 0.029627167 0.089743808 -0.079549231 0.027547933 0.992400646
1341846319.150093 -0.415579885 -0.034359731 0.033384271 0.091352001 -0.083709158 0.034367353 0.991698802
1341846319.186069 -0.400235027 -0.016163940 0.038317330 0.094098464 -0.086436167 0.035052925 0.991183937
1341846319.218149 -0.400109708 -0.001916092 0.034744211 0.091587506 -0.081764527 0.033477679 0.991869748
1341846319.250034 -0.415668249 -0.004878718 0.039166648 0.085515253 -0.074849516 0.032100614 0.993002653
1341846319.286594 -0.432764769 -0.019210642 0.040393416 0.082553312 -0.071685880 0.036611948 0.993330598
1341846319.318034 -0.431011051 -0.019088231 0.030823201 0.083106905 -0.071277246 0.039506488 0.993202984
1341846319.350268 -0.454474986 -0.022906508 0.024166197 0.083794214 -0.069767721 0.046411902 0.992953658
1341846319.386163 -0.483307600 -0.027132997 0.026177458 0.085885368 -0.072529294 0.051599622 0.992320895
1341846319.418386 -0.469484270 -0.025437361 0.035946533 0.086739995 -0.079689957 0.054493334 0.991542339
1341846319.453961 -0.477417350 -0.021021388 -0.000209183 0.086904578 -0.080067612 0.049763687 0.991746068
1341846319.486271 -0.483987749 -0.021390913 -0.018095981 0.085429475 -0.080283232 0.050157156 0.991837025
1341846319.554083 -0.507530391 -0.018766537 0.005754307 0.081162997 -0.086074121 0.047388673 0.991845787
1341846319.586296 -0.521246850 -0.019968078 -0.002187766 0.081351161 -0.084925175 0.043717552 0.992098033
1341846319.622031 -0.541253328 -0.023207717 -0.010117695 0.079403110 -0.087753199 0.041470982 0.992106199
1341846319.653962 -0.542932987 -0.033015054 0.002963684 0.078065559 -0.093390018 0.040677790 0.991730452
1341846319.686352 -0.552712202 -0.035723265 0.002847314 0.079986826 -0.096983820 0.041722089 0.991188943
1341846319.721992 -0.558132052 -0.030782120 0.000738524 0.081039548 -0.101052552 0.042542525 0.990661919
1341846319.754063 -0.566223204 -0.016070697 -0.001845591 0.078939453 -0.102968320 0.041522566 0.990677536
1341846319.786397 -0.567471325 -0.018173771 0.003525272 0.074387483 -0.103481710 0.045895498 0.990783334
1341846319.822008 -0.575230122 -0.019232225 0.002284937 0.070897952 -0.104112141 0.050016448 0.990773678
1341846319.853917 -0.579169393 -0.019523853 0.000885904 0.065895580 -0.105151653 0.054289334 0.990784347
1341846319.889942 -0.583833635 -0.033009876 0.002674848 0.061754517 -0.105749130 0.059003092 0.990717947
1341846319.922039 -0.590578556 -0.040475223 0.000082225 0.060966544 -0.110069379 0.061571378 0.990139782
1341846319.953946 -0.583887398 -0.042995263 0.014952838 0.061463926 -0.117222153 0.057338588 0.989542067
1341846319.990054 -0.587300718 -0.037705347 0.010173470 0.064799964 -0.119704165 0.049502864 0.989455044
1341846320.028122 -0.593835115 -0.036768243 0.013486624 0.066956744 -0.122766286 0.048464257 0.988987565
1341846320.090047 -0.577421069 -0.024776861 0.017755717 0.073090345 -0.131041721 0.048200089 0.987503231
1341846320.122011 -0.566740334 -0.024233410 0.021805748 0.073682621 -0.129322082 0.049801651 0.987606406
1341846320.157952 -0.557759166 -0.029250268 0.015297979 0.073453151 -0.127052918 0.050809078 0.987866700
1341846320.190003 -0.544868350 -0.032266930 0.032983422 0.076431260 -0.124031991 0.049355391 0.988098383
1341846320.221941 -0.541783214 -0.034543648 0.020347290 0.080242351 -0.120153785 0.050005101 0.988242745
1341846320.258015 -0.532659650 -0.040091570 0.021199971 0.083911657 -0.119474709 0.053172413 0.987854898
1341846320.289887 -0.520262897 -0.050651304 0.023795858 0.088327959 -0.120787874 0.054150797 0.987256885
1341846320.321954 -0.503018498 -0.048255477 0.018017240 0.097560354 -0.122385092 0.053443849 0.986229002
1341846320.357890 -0.499308050 -0.035296250 0.029771462 0.103853874 -0.121695898 0.054238200 0.985628068
1341846320.390064 -0.458622575 -0.024656802 0.045743562 0.105768718 -0.120794304 0.056593657 0.985402882
1341846320.426544 -0.441078633 -0.040136971 0.062785111 0.107427977 -0.113463424 0.051548511 0.986371100
1341846320.458122 -0.444743246 -0.027107030 0.049731381 0.109159812 -0.105168045 0.049282391 0.987215817
1341846320.490186 -0.427491128 -0.035869099 0.060349658 0.112527646 -0.099094301 0.048095703 0.987524509
1341846320.525911 -0.401994199 -0.024390489 0.028569788 0.116538003 -0.091028556 0.046778675 0.987899005
1341846320.558091 -0.367303491 -0.027216673 -0.010598660 0.117045723 -0.087707326 0.041520879 0.988374293
1341846320.594093 -0.366647363 -0.044875629 0.043689903 0.117323339 -0.083603762 0.039130509 0.988794446
1341846320.631955 -0.379380018 -0.033571206 0.061479397 0.121188149 -0.074790530 0.038098685 0.989074409
1341846320.664916 -0.372618914 -0.031174768 0.044039968 0.121010430 -0.072248176 0.036511313 0.989345014
1341846320.699927 -0.355469614 -0.038939323 0.044053268 0.120381355 -0.068931200 0.035684429 0.989688575
1341846320.731822 -0.336094201 -0.033116583 0.037052117 0.122448027 -0.063314699 0.035234723 0.989826381
1341846320.763877 -0.334778786 -0.007927197 0.022585414 0.121311381 -0.061931998 0.036640171 0.990002751
1341846320.799999 -0.329267800 -0.026765944 0.033637069 0.113135889 -0.062916636 0.031003378 0.991100669
1341846320.831871 -0.306163967 -0.030546315 -0.005347285 0.114819027 -0.051589932 0.026685759 0.991686881
1341846320.863887 -0.306781948 -0.018904028 0.030524721 0.113706857 -0.043609455 0.028156050 0.992157340
1341846320.900014 -0.306412905 -0.034632199 0.024229873 0.106396459 -0.047781378 0.031872764 0.992663503
1341846320.931889 -0.277890503 -0.039730158 0.031118877 0.107767671 -0.048510220 0.030504147 0.992523193
1341846320.967866 -0.278775215 -0.014011839 0.018789215 0.108704679 -0.042604666 0.027198663 0.992788196
1341846321.000017 -0.279243201 -0.022123199 0.015660157 0.101953931 -0.041681141 0.025080889 0.993598998
1341846321.031860 -0.264192492 -0.033977307 0.016093645 0.099258929 -0.041031618 0.022863181 0.993952394
1341846321.068047 -0.248266354 -0.019724656 0.033012696 0.100718088 -0.038281795 0.020164607 0.993973732
1341846321.099840 -0.243223548 -0.020792734 0.035520613 0.098299444 -0.036975749 0.021040009 0.994247139
1341846321.131821 -0.222800657 -0.030806217 0.038881410 0.098167032 -0.036091316 0.022653930 0.994257212
1341846321.167887 -0.218731076 -0.027105372 0.037672024 0.101012580 -0.031817779 0.022992408 0.994110346
1341846321.200042 -0.216293707 -0.024257746 0.033190265 0.101345740 -0.028830385 0.022397337 0.994181156
1341846321.231950 -0.209254012 -0.039001882 0.012172773 0.099550091 -0.027549857 0.022229927 0.994402647
1341846321.267939 -0.183665365 -0.034011338 -0.002657782 0.099782161 -0.026879648 0.017127329 0.994498670
1341846321.299948 -0.168835372 -0.033273075 0.024421480 0.098882839 -0.023285940 0.012215163 0.994751573
1341846321.331858 -0.169649988 -0.037135955 0.022682242 0.098840378 -0.019989768 0.008505438 0.994866133
1341846321.367913 -0.157361031 -0.041899715 0.021958990 0.100475997 -0.016756734 0.003559364 0.994791985
1341846321.399897 -0.153485820 -0.038834229 0.023265341 0.102466770 -0.011377774 0.002314691 0.994668663
1341846321.435994 -0.150520548 -0.044254318 0.028629646 0.103667691 -0.007759875 0.001741626 0.994580209
1341846321.467946 -0.137677208 -0.041855525 0.027137652 0.105642013 -0.005749020 0.002908342 0.994383335
1341846321.499882 -0.127311334 -0.041431632 0.028071135 0.107018016 -0.002785774 0.002873854 0.994249046
1341846321.536109 -0.110767260 -0.031449348 0.022304948 0.107215546 0.002059493 0.000268427 0.994233608
1341846321.568960 -0.114680685 -0.022949416 0.031767938 0.104540892 0.009383407 -0.002809058 0.994472325
1341846321.603938 -0.110458672 -0.029798655 0.025988374 0.100751378 0.011800445 -0.002074458 0.994839489
1341846321.637163 -0.063722685 -0.021527644 0.012074932 0.098619290 0.014092247 -0.001893467 0.995023668
1341846321.668306 -0.084289812 -0.020562667 0.035332270 0.094247513 0.025059765 0.000402802 0.995233238
1341846321.704411 -0.097847402 -0.024800168 0.042016570 0.090762392 0.027327135 0.007823087 0.995466828
1341846321.736861 -0.086026847 -0.023572903 0.046432868 0.089730203 0.024450975 0.016404878 0.995530784
1341846321.771881 -0.071884327 -0.008388368 0.040571257 0.088037007 0.023977416 0.020726353 0.995612860
1341846321.804114 -0.060956955 -0.010571476 0.045500077 0.083768226 0.025913469 0.024007574 0.995858908
1341846321.836152 -0.064431034 -0.005951867 0.045606315 0.080943301 0.028948382 0.024172293 0.996004939
1341846321.871882 -0.060596544 0.003027177 0.049404707 0.076259904 0.030123483 0.021629911 0.996398091
1341846321.904074 -0.052034628 0.000940712 0.053305704 0.069691062 0.031080052 0.019061586 0.996902108
1341846321.939847 -0.047086198 -0.004752341 0.056976791 0.065402396 0.034039494 0.016256247 0.997145712
1341846322.004094 -0.054429568 -0.010254426 0.055907179 0.058195185 0.032280214 0.016549667 0.997645974
1341846322.066178 -0.036813535 -0.017802440 0.052469447 0.053064067 0.036549743 0.013544672 0.997830093
1341846322.107979 -0.041362893 -0.033440012 0.057736244 0.050155018 0.038813669 0.012511251 0.997908533
1341846322.166164 -0.039804615 -0.056954809 0.051547308 0.052842673 0.038517024 0.012484629 0.997781634
1341846322.202932 -0.035931364 -0.061548371 0.049058866 0.054146703 0.035836693 0.012955874 0.997805595
1341846322.234093 -0.038390271 -0.063041307 0.053902831 0.053656466 0.034688041 0.009370280 0.997912765
1341846322.265941 -0.039933819 -0.072064929 0.054704238 0.051129017 0.031957503 0.010294949 0.998127520
1341846322.301996 -0.028931255 -0.087578811 0.052731488 0.048971530 0.029543167 0.010850754 0.998304188
1341846322.333949 -0.040735718 -0.100071050 0.054784041 0.048016805 0.028649256 0.010140026 0.998384058
1341846322.369871 -0.029984767 -0.116213724 0.056162849 0.048534807 0.022332694 0.007041222 0.998546958
1341846322.402292 -0.017851561 -0.129345894 0.055314280 0.050396122 0.023424167 0.000770098 0.998454273
1341846322.433955 -0.031661205 -0.152249828 0.054996002 0.054349933 0.025878116 -0.003622718 0.998179972
1341846322.470030 -0.036229108 -0.150656328 0.061492197 0.063861229 0.021918885 -0.000721776 0.997717798
1341846322.502433 -0.008653329 -0.172130048 0.050975561 0.068469644 0.016444534 0.003797852 0.997510433
1341846322.534002 0.004335023 -0.187322155 0.062934279 0.077083081 0.014966735 0.005624992 0.996896505
1341846322.570196 -0.004367400 -0.195238501 0.068852164 0.087029271 0.015645908 0.008023966 0.996050596
1341846322.601920 -0.004961942 -0.205709368 0.060210750 0.092318140 0.012318585 0.012362593 0.995576620
1341846322.638119 0.007951039 -0.215281874 0.064863220 0.098041698 0.008585038 0.011782595 0.995075524
1341846322.669947 0.016545979 -0.224139884 0.067571402 0.102661274 0.011381520 0.010559313 0.994595230
1341846322.702026 0.007285331 -0.240311652 0.062548421 0.104836240 0.013587603 0.012688092 0.994315743
1341846322.738006 0.008912294 -0.234015912 0.067782044 0.106973693 0.010664106 0.014671281 0.994096458
1341846322.770087 0.016228445 -0.255264193 0.066990279 0.106393903 0.011415603 0.014013169 0.994159758
1341846322.806047 0.008576992 -0.267913789 0.066957586 0.109781563 0.011471991 0.015947552 0.993761599
1341846322.838063 0.005383825 -0.270565480 0.065549828 0.111892067 0.007033979 0.018127084 0.993530154
1341846322.870081 0.011959229 -0.284241319 0.071490914 0.113699414 0.001874702 0.019114530 0.993329585
1341846322.906018 0.021289850 -0.289875925 0.079662785 0.118845634 -0.000132045 0.018876757 0.992733240
1341846322.938349 0.021830454 -0.277310669 0.078349389 0.119940802 0.000794271 0.020141562 0.992576361
1341846322.970069 0.020287260 -0.282487124 0.081629530 0.114884600 0.000590727 0.022089034 0.993133008
1341846323.011820 0.024028646 -0.298540771 0.083105415 0.112037435 0.000745779 0.022691747 0.993444562
1341846323.073951 0.026345873 -0.297713965 0.084904373 0.109419338 0.000512236 0.026868245 0.993632317
1341846323.105962 0.023922985 -0.316841722 0.086646780 0.106314190 0.000895158 0.025953447 0.993993402
1341846323.138158 0.026910007 -0.316423893 0.090775982 0.107115582 0.000546461 0.023093417 0.993978202
1341846323.174092 0.024606097 -0.318596184 0.084439486 0.105003789 0.000281398 0.022031551 0.994227707
1341846323.206059 0.035372242 -0.325803936 0.084878005 0.102083340 -0.000811673 0.019837629 0.994577706
1341846323.238053 0.035576362 -0.327863872 0.083965749 0.100025818 0.002493297 0.016788995 0.994840026
1341846323.273997 0.016231410 -0.328974932 0.088876583 0.095779300 0.003544213 0.017602459 0.995240629
1341846323.305946 0.023930583 -0.341135830 0.089357793 0.090277120 -0.000785070 0.018805070 0.995738864
1341846323.342027 0.044793669 -0.354925066 0.093879029 0.088352740 -0.000072885 0.016631333 0.995950401
1341846323.374048 0.026772428 -0.362494230 0.094666071 0.088499188 0.004454048 0.018101778 0.995901763
1341846323.405987 0.013546486 -0.372326583 0.087211967 0.088519059 0.000881476 0.022749364 0.995814264
1341846323.441956 0.028949460 -0.383616269 0.089459307 0.089439325 -0.004080051 0.025819460 0.995649219
1341846323.473878 0.028321518 -0.396897912 0.090396456 0.093110994 -0.002481788 0.022509584 0.995398164
1341846323.506129 0.020999396 -0.389485806 0.085990846 0.096207321 -0.002130510 0.019494491 0.995168149
1341846323.541972 0.029650904 -0.389950216 0.084636971 0.094875634 -0.002585965 0.017271932 0.995335937
1341846323.573913 0.050433274 -0.411411315 0.080716386 0.093009599 0.000708879 0.012964564 0.995580554
1341846323.609927 0.040238846 -0.405566365 0.082069956 0.094292372 0.007213916 0.010840086 0.995459378
1341846323.642014 0.028807081 -0.415858179 0.083690926 0.093094520 0.009221285 0.011455066 0.995548666
1341846323.674081 0.027224075 -0.428189427 0.080528289 0.093001366 0.007593618 0.013784511 0.995541573
1341846323.710069 0.030003337 -0.444815218 0.078086674 0.094197996 0.006196078 0.018014900 0.995371222
1341846323.742111 0.023452928 -0.459067881 0.088045307 0.098636866 0.004493267 0.016727459 0.994972765
1341846323.774928 0.024689583 -0.454507262 0.080497079 0.102278084 0.002266968 0.014093181 0.994653404
1341846323.810012 0.030335892 -0.460600108 0.077693768 0.103395917 0.000705752 0.011088083 0.994578183
1341846323.842207 0.037528705 -0.463631690 0.069500312 0.104779065 0.000541395 0.007388938 0.994467914
1341846323.878019 0.022164099 -0.476724356 0.072765440 0.105476245 0.000571536 0.001376269 0.994420648
1341846323.909826 0.026043018 -0.486049831 0.074982382 0.108607300 -0.001356179 -0.002441716 0.994080782
1341846323.942459 0.024691973 -0.484700024 0.075934790 0.112460256 -0.001407343 -0.002384685 0.993652344
1341846323.978055 0.017102219 -0.492398888 0.074293025 0.114609569 -0.003900812 -0.000934218 0.993402481
1341846324.015934 0.026548561 -0.491362840 0.071567111 0.118544057 -0.006487528 -0.001186143 0.992926836
1341846324.047722 0.030529875 -0.484242558 0.069202855 0.122269139 -0.005110293 -0.002239007 0.992481291
1341846324.083904 0.027806126 -0.469566703 0.070307963 0.122745477 -0.003608021 -0.002636483 0.992428124
1341846324.115968 0.030773330 -0.469387084 0.067650713 0.120229468 -0.001929183 -0.004909861 0.992732108
1341846324.151967 0.037006203 -0.465915233 0.064112239 0.119699083 0.000583878 -0.009235567 0.992767096
1341846324.183941 0.029390829 -0.451909930 0.069331437 0.117176734 0.005210588 -0.012928271 0.993013263
1341846324.219984 0.024957053 -0.449382275 0.073615685 0.113105290 0.007090463 -0.011353959 0.993492842
1341846324.251968 0.020856883 -0.449384481 0.076447122 0.112527817 0.007385436 -0.012153926 0.993546784
1341846324.284052 0.017377006 -0.436805487 0.077973880 0.113327697 0.006846667 -0.012853517 0.993450940
1341846324.319880 0.009978616 -0.420363575 0.071585841 0.112288021 0.003843460 -0.013748323 0.993573129
1341846324.351917 0.014494289 -0.401426405 0.083226323 0.109427750 0.000025980 -0.014586863 0.993887722
1341846324.388001 0.026035126 -0.394461781 0.078574903 0.104986489 -0.000393072 -0.018304899 0.994305074
1341846324.419908 0.022760514 -0.382105976 0.079328835 0.100196868 0.002069344 -0.021173393 0.994740129
1341846324.452027 0.022180786 -0.386571944 0.081221990 0.095075078 0.002108231 -0.020796077 0.995250642
1341846324.487928 0.019293062 -0.380428344 0.078621820 0.093663029 0.001903930 -0.019063249 0.995419621
1341846324.519985 0.009328907 -0.370018452 0.083374321 0.092432000 0.000236753 -0.014229785 0.995617270
1341846324.556001 0.005735098 -0.348232210 0.085560426 0.091264732 -0.004753471 -0.010164249 0.995763421
1341846324.587888 0.009353790 -0.336679876 0.085501119 0.087829404 -0.007960757 -0.008175549 0.996070147
1341846324.620086 0.010248438 -0.331386477 0.087410361 0.085602969 -0.010561679 -0.010406522 0.996218979
1341846324.655955 0.015748225 -0.317695141 0.091029666 0.084502280 -0.012021204 -0.011277520 0.996286929
1341846324.688082 0.011874920 -0.316409618 0.094924204 0.083563149 -0.011537835 -0.010552911 0.996379793
1341846324.755922 -0.004435396 -0.280599624 0.095418975 0.085356578 -0.014058939 -0.006893452 0.996227384
1341846324.814016 0.017431363 -0.242124781 0.096282482 0.080843791 -0.020961136 -0.009488180 0.996461213
1341846324.849979 0.005164210 -0.233341500 0.101767525 0.075272486 -0.017015450 -0.012315856 0.996941745
1341846324.881924 -0.003101442 -0.232409060 0.104283340 0.071967095 -0.017936978 -0.012281141 0.997170091
1341846324.913902 0.003240946 -0.223568618 0.101508759 0.070833556 -0.019806074 -0.008882452 0.997251987
1341846324.949999 -0.000622745 -0.227045029 0.108217128 0.071081623 -0.019675951 -0.006224676 0.997256994
1341846324.981922 -0.013733717 -0.221307978 0.113329567 0.075411685 -0.021493237 -0.002893264 0.996916652
1341846325.018013 -0.014228471 -0.208114639 0.108970791 0.079880595 -0.026581241 -0.000278536 0.996449947
1341846325.050079 -0.015493083 -0.193473607 0.102524541 0.081771664 -0.031673897 -0.001032195 0.996147156
1341846325.081901 -0.013106034 -0.175060749 0.098840982 0.081264548 -0.037033614 -0.003212779 0.995999098
1341846325.118531 0.000893470 -0.156914920 0.099182665 0.077436469 -0.039619897 -0.005246506 0.996195912
1341846325.149933 -0.005021583 -0.158772126 0.101923876 0.071278259 -0.036658339 -0.007286270 0.996756017
1341846325.181925 -0.008937180 -0.152348876 0.103358977 0.068206482 -0.035359576 -0.004921429 0.997032285
1341846325.218055 -0.008591983 -0.147285745 0.104836389 0.065356888 -0.035346471 -0.000594481 0.997235596
1341846325.249811 -0.012607841 -0.138593107 0.111357130 0.063537382 -0.035279099 0.002986663 0.997351229
1341846325.285925 -0.008174527 -0.127509952 0.108569972 0.061046567 -0.036065113 0.006056987 0.997464776
1341846325.317988 0.004303022 -0.131495029 0.117419943 0.058353528 -0.034258213 0.009366911 0.997664034
1341846325.349844 -0.001059701 -0.135063544 0.115898758 0.061030425 -0.029129894 0.011522110 0.997644246
1341846325.387302 0.000027103 -0.122670069 0.120634019 0.066119894 -0.026565347 0.014061723 0.997358859
1341846325.417931 0.008821815 -0.116173930 0.127659425 0.068746239 -0.022340303 0.016533324 0.997246981
1341846325.450747 0.023975194 -0.121648267 0.130171999 0.073034272 -0.014892783 0.019128362 0.997034788
1341846325.485954 0.001154132 -0.099732332 0.136256665 0.082344934 -0.006788845 0.020689694 0.996365964
1341846325.517875 0.000584883 -0.093263581 0.129464075 0.085763238 -0.004233894 0.023589902 0.996027231
1341846325.553859 -0.013817945 -0.085581601 0.119071104 0.089051105 0.001252521 0.022951249 0.995761812
1341846325.585855 -0.006878903 -0.067778096 0.128912553 0.091701053 0.002782819 0.020941760 0.995562494
1341846325.617990 -0.022095997 -0.045585498 0.120735437 0.089582652 0.006399031 0.019511275 0.995767653
1341846325.653982 -0.010098926 -0.065817438 0.131691173 0.085425869 0.006618083 0.016284583 0.996189475
1341846325.685819 -0.010572365 -0.063059159 0.132051796 0.090698749 0.007882605 0.017755678 0.995688915
1341846325.717857 -0.013838298 -0.050009135 0.133740738 0.095357507 0.009034454 0.024587711 0.995098412
1341846325.754083 -0.020185174 -0.047974255 0.136728704 0.098384395 0.009509058 0.028302364 0.994700491
1341846325.786087 -0.015123491 -0.040186223 0.138762310 0.104996733 0.009637339 0.030379606 0.993961751
1341846325.821856 -0.017201997 -0.023731725 0.143974796 0.109163046 0.011537994 0.031492844 0.993457854
1341846325.853827 -0.024809271 -0.016974691 0.141590282 0.109784357 0.012448058 0.034827512 0.993267119
1341846325.885958 -0.033177923 -0.005159896 0.135633752 0.110330179 0.010188005 0.040477954 0.993018150
1341846325.921984 -0.026172524 0.000022434 0.151292175 0.109443843 0.005594404 0.044911720 0.992962122
1341846325.953899 -0.015349902 0.003308211 0.148260266 0.112488866 0.005523080 0.046722725 0.992538571
1341846325.985823 -0.020044580 0.016157065 0.153846666 0.115512967 0.008739084 0.050535478 0.991981149
1341846326.021991 -0.022436898 0.016125124 0.154257476 0.117761709 0.008841471 0.057180036 0.991354883
1341846326.054055 -0.020178834 0.028303325 0.155018479 0.122959912 0.007947605 0.060072709 0.990559936
1341846326.089984 -0.014520569 0.048461027 0.152521029 0.126166657 0.009520580 0.058915809 0.990212262
1341846326.121822 -0.017550774 0.059311938 0.160028815 0.125881344 0.013791720 0.056855008 0.990318716
1341846326.154079 -0.025070127 0.061481815 0.171025231 0.126251921 0.016778128 0.054960977 0.990332365
1341846326.190178 -0.027998650 0.074211501 0.172916561 0.128951430 0.016331650 0.057777371 0.989831626
1341846326.222162 -0.034670975 0.091484472 0.169972792 0.128499329 0.014960906 0.064023204 0.989527702
1341846326.259181 -0.031772204 0.100827999 0.171510264 0.125128001 0.012012607 0.067459121 0.989771664
1341846326.322766 -0.028904863 0.125634998 0.183004916 0.118245274 0.011423869 0.066537224 0.990686834
1341846326.359773 -0.028137174 0.130834132 0.181125224 0.114118740 0.013102064 0.063807316 0.991329372
1341846326.392109 -0.025378760 0.124383099 0.187259808 0.112176120 0.014736478 0.065340497 0.991428256
1341846326.423985 -0.031806413 0.129630551 0.187418357 0.116321906 0.016043946 0.070149668 0.990601242
1341846326.459869 -0.034850352 0.147267491 0.191788301 0.118906848 0.013413008 0.074327566 0.990028620
1341846326.526163 -0.022715326 0.184298337 0.191754609 0.119521655 0.014392505 0.074290060 0.989943624
1341846326.560211 -0.028173734 0.196758345 0.204362959 0.114896350 0.018712264 0.073094517 0.990507901
1341846326.591828 -0.029604930 0.199801356 0.210358053 0.111674920 0.020764926 0.074278966 0.990747213
1341846326.627027 -0.028000135 0.211408734 0.213764489 0.111772440 0.022336297 0.073312812 0.990774035
1341846326.658442 -0.025349997 0.231742248 0.199514791 0.109608881 0.025777688 0.073483780 0.990919530
1341846326.694856 -0.036145382 0.245043680 0.227309942 0.106428422 0.030052543 0.072839126 0.991193354
1341846326.726206 -0.034559682 0.256724566 0.220542550 0.100740217 0.030564852 0.072126359 0.991824090
1341846326.762753 -0.026950259 0.267074376 0.220089898 0.094884776 0.032728221 0.068256021 0.992606103
1341846326.826821 -0.031500507 0.300189167 0.227674693 0.080288894 0.038720034 0.065731443 0.993847966
1341846326.858887 -0.036987126 0.306751937 0.238758981 0.072289467 0.040638972 0.063748948 0.994514346
1341846326.895360 -0.038530461 0.298877209 0.244859889 0.069319881 0.040077861 0.065875784 0.994609952
1341846326.926897 -0.043368403 0.303382516 0.248097762 0.071030170 0.036883395 0.067894086 0.994477093
1341846326.958888 -0.033764724 0.318713844 0.243725494 0.073961750 0.033779830 0.071073689 0.994151473
1341846326.994594 -0.030112099 0.333110482 0.240322709 0.075014219 0.033993118 0.073262691 0.993906438
1341846327.026301 -0.029728260 0.348274291 0.238924727 0.073112085 0.035256803 0.071488939 0.994133294
1341846327.063945 -0.032235932 0.350750208 0.236968592 0.069478765 0.038297806 0.067812294 0.994538844
1341846327.094662 -0.035505500 0.360193342 0.241613492 0.069297209 0.040974561 0.064915709 0.994638085
1341846327.128901 -0.039157078 0.370316654 0.248535499 0.068666235 0.041517641 0.063648738 0.994741201
1341846327.161940 -0.036968835 0.382373989 0.244292811 0.067566939 0.039606635 0.063505650 0.994903564
1341846327.193867 -0.026894312 0.389801115 0.252689302 0.066768922 0.040154796 0.062221266 0.995016575
1341846327.229885 -0.028075423 0.403592169 0.249379754 0.067651346 0.043598864 0.060066663 0.994944453
1341846327.262014 -0.017772321 0.415847331 0.264420718 0.067075357 0.047795676 0.056618571 0.994992852
1341846327.294023 -0.023492901 0.416931987 0.237254113 0.069520615 0.060655121 0.051891394 0.994381785
1341846327.330015 -0.021343814 0.447375476 0.237810120 0.073332258 0.070122577 0.048565447 0.993653178
1341846327.361939 -0.015298115 0.458785236 0.255041242 0.071118534 0.074579589 0.043844342 0.993709087
1341846327.393887 -0.023360401 0.468000144 0.273585051 0.069611318 0.078216411 0.035729207 0.993861079
1341846327.429966 -0.030398205 0.494239450 0.274904191 0.069216423 0.078303225 0.037389621 0.993820727
1341846327.461965 -0.037474275 0.506533086 0.277532846 0.060966976 0.074423872 0.036199749 0.994702816
1341846327.497931 -0.031321108 0.509178817 0.276541770 0.055048112 0.072286025 0.031431898 0.995367467
1341846327.530068 -0.029623769 0.522888958 0.279329956 0.054559298 0.072335467 0.036509145 0.995217562
1341846327.561895 -0.034011114 0.532326519 0.287413925 0.053399175 0.070233248 0.042663801 0.995186210
1341846327.598010 -0.033363480 0.542152464 0.289504200 0.055467173 0.066712946 0.046965107 0.995121598
1341846327.629945 -0.049707320 0.549423516 0.290272981 0.054908365 0.063499264 0.046004452 0.995407701
1341846327.662003 -0.057801366 0.534967422 0.291705012 0.051859066 0.062157776 0.042759582 0.995800495
1341846327.697919 -0.041711565 0.572569251 0.293336987 0.057910699 0.058658455 0.043405645 0.995651305
1341846327.730075 -0.045439646 0.599283278 0.290566295 0.054237522 0.057711545 0.043192081 0.995922744
1341846327.766017 -0.046351299 0.598304987 0.296001673 0.048182428 0.057189129 0.044322725 0.996214509
1341846327.797917 -0.044203039 0.628785849 0.296530247 0.045944449 0.056048952 0.047846112 0.996222079
1341846327.830054 -0.042178780 0.629922211 0.296081305 0.038099751 0.055533744 0.047204416 0.996612310
1341846327.865944 -0.037969925 0.639498472 0.305970132 0.035151351 0.056026835 0.048101652 0.996650159
1341846327.898010 -0.046382762 0.651109040 0.309015393 0.032585546 0.058186904 0.049386542 0.996550739
1341846327.929991 -0.046417359 0.658269465 0.309640825 0.027810514 0.056534570 0.046669926 0.996921420
1341846327.966065 -0.045543533 0.676126540 0.310124576 0.024804572 0.056445785 0.045442313 0.997062445
1341846327.998073 -0.047121022 0.680699825 0.308320254 0.017547270 0.057751786 0.041660503 0.997307003
1341846328.034045 -0.045802824 0.687379241 0.311460614 0.011782841 0.058440775 0.040000234 0.997419596
1341846328.065993 -0.049373776 0.681825757 0.311805069 0.005336585 0.059742831 0.040353868 0.997383535
1341846328.098045 -0.051889189 0.663520336 0.314361989 0.002413575 0.060627207 0.040948272 0.997317255
1341846328.133967 -0.052168559 0.657791018 0.309600800 0.004525849 0.059572063 0.044322785 0.997229218
1341846328.166023 -0.056752805 0.661135614 0.305218190 0.005258617 0.056686338 0.045203567 0.997354329
1341846328.198018 -0.055111066 0.642051399 0.302021414 0.003639325 0.053928141 0.042516705 0.997632623
1341846328.234044 -0.053039096 0.635426939 0.303290546 0.006772015 0.051959895 0.042602386 0.997717083
1341846328.265899 -0.053041734 0.628069043 0.304099560 0.008981581 0.050168999 0.043436628 0.997755289
1341846328.302051 -0.045869082 0.617557585 0.297226399 0.012386396 0.048620548 0.045131251 0.997720301
1341846328.333917 -0.052723169 0.597316980 0.303270906 0.014887600 0.049551163 0.047190998 0.997545004
1341846328.366008 -0.058513418 0.576902807 0.312809765 0.019134099 0.049847238 0.043833155 0.997611046
1341846328.402010 -0.062556453 0.558879077 0.324609458 0.031805269 0.052173670 0.047834970 0.996984541
1341846328.433920 -0.048192687 0.539718509 0.276316762 0.034553409 0.049390502 0.047592871 0.997046411
1341846328.470003 -0.035016585 0.517668903 0.271685630 0.033800617 0.046399575 0.040207963 0.997540891
1341846328.502194 -0.031493541 0.489147812 0.271550000 0.034319352 0.048600197 0.031994957 0.997715652
1341846328.534033 -0.031856440 0.464890987 0.270867050 0.034980115 0.051657226 0.028381083 0.997648478
1341846328.570125 -0.041479908 0.430549979 0.279053152 0.034572870 0.053829886 0.027401958 0.997575164
1341846328.602804 -0.061180048 0.395175546 0.277656764 0.037425939 0.051708382 0.032957383 0.997416377
1341846328.672663 -0.050860684 0.369741976 0.253262192 0.049454790 0.037734710 0.028183937 0.997665286
1341846328.702975 -0.036993094 0.352818757 0.268855602 0.051682707 0.032720577 0.028183309 0.997729421
1341846328.770129 -0.014750609 0.320825130 0.252517045 0.060205847 0.027195012 0.026879765 0.997453332
1341846328.802331 -0.024421103 0.297330499 0.234486639 0.060121622 0.025805730 0.026319444 0.997510314
1341846328.838051 -0.021587254 0.281062424 0.231756598 0.063754961 0.023739824 0.023378318 0.997409225
1341846328.869939 -0.019784316 0.286285788 0.221847057 0.064829402 0.022637911 0.021716177 0.997403204
1341846328.904486 -0.019340971 0.267253131 0.228426039 0.059780050 0.019216578 0.022878194 0.997764349
1341846328.939814 -0.012092527 0.238599464 0.231173038 0.061505213 0.015785128 0.022589207 0.997726262
1341846328.970217 -0.009274082 0.233585536 0.213847458 0.065783061 0.014089590 0.025422735 0.997410536
1341846329.006232 -0.006519837 0.219431415 0.215227962 0.066599846 0.011483721 0.030064378 0.997260630
1341846329.038243 -0.002579007 0.201523736 0.219696507 0.069960155 0.010297642 0.030399244 0.997033358
1341846329.106125 0.007590848 0.205459014 0.220841080 0.074119277 0.008814487 0.029278710 0.996780515
1341846329.138340 0.002957957 0.179578543 0.199339762 0.074170187 0.009060835 0.027307071 0.996830463
1341846329.169991 0.002140907 0.179180160 0.194854081 0.076767094 0.008107854 0.026147863 0.996673107
1341846329.208656 0.007636590 0.169273555 0.190685138 0.076772369 0.006700133 0.025421586 0.996701956
1341846329.238169 0.009480793 0.168959945 0.187655747 0.076549090 0.005656838 0.025410235 0.996725917
1341846329.273827 0.006474737 0.151836455 0.189278439 0.074327908 0.004889930 0.025680045 0.996891141
1341846329.306052 0.008798889 0.150250301 0.183701754 0.075071193 0.002406346 0.024483168 0.996874630
1341846329.338104 0.014002399 0.152663305 0.177732900 0.072126701 0.000126010 0.023485987 0.997118890
1341846329.373907 0.013594802 0.126301765 0.180298492 0.067563869 -0.000441559 0.020995449 0.997493923
1341846329.405985 0.012547087 0.116628699 0.177043155 0.068578519 -0.001603156 0.018366622 0.997475326
1341846329.442057 0.014895918 0.115532935 0.174174771 0.068464398 -0.002435306 0.015056624 0.997536957
1341846329.473950 0.011437790 0.100414485 0.171462893 0.066852875 -0.003185065 0.008845695 0.997718513
1341846329.506147 0.010938259 0.094280891 0.163596570 0.067042358 -0.005097311 0.006249885 0.997717559
1341846329.542121 0.008144272 0.081237435 0.157390997 0.064796336 -0.007727924 0.005811174 0.997851670
1341846329.574086 0.013974572 0.065824643 0.161979333 0.067199506 -0.010541623 0.004368812 0.997674346
1341846329.606387 0.012550280 0.066548824 0.156683788 0.070005871 -0.010807877 0.003467755 0.997482002
1341846329.641955 0.007191750 0.061664887 0.153415188 0.070065096 -0.011629709 0.003390474 0.997468829
1341846329.681570 0.007819041 0.047869787 0.153256893 0.068847746 -0.014663611 0.003563448 0.997512996
1341846329.748113 0.013981566 0.043995529 0.149648800 0.071206294 -0.014971977 0.000837869 0.997348905
1341846329.810175 0.009826847 0.017307652 0.150381878 0.068568192 -0.011231683 0.005504142 0.997568071
1341846329.842255 0.011364463 0.006960388 0.145432770 0.069968633 -0.011313620 0.008976808 0.997444689
1341846329.874044 0.007053854 0.002913957 0.145922661 0.071915969 -0.010993395 0.012245751 0.997274935
1341846329.910073 0.006872355 0.008431649 0.145274952 0.072529905 -0.011387924 0.014092745 0.997201681
1341846329.942009 0.007218089 0.004042758 0.149027035 0.067860588 -0.012090031 0.019680649 0.997427464
1341846329.978087 0.008296940 -0.021240558 0.143862873 0.065088727 -0.012451873 0.020881483 0.997583270
1341846330.016305 0.011432586 -0.013436550 0.141610235 0.067520142 -0.011593345 0.018627137 0.997476697
1341846330.048192 0.003595742 -0.006379797 0.138705879 0.064102210 -0.009665056 0.019854238 0.997699022
1341846330.080418 0.006649925 -0.029264076 0.137052923 0.058849018 -0.010090644 0.022419831 0.997964084
1341846330.115886 0.009096829 -0.042755783 0.139092311 0.061346430 -0.008800774 0.023272922 0.997806370
1341846330.147839 0.002279905 -0.027896605 0.135955855 0.064570583 -0.008015400 0.024593428 0.997577846
1341846330.181257 0.000783321 -0.015607311 0.125640139 0.060245056 -0.008531800 0.027390298 0.997771204
1341846330.215852 0.004901370 -0.030395404 0.128798887 0.053401511 -0.007944836 0.027655018 0.998158455
1341846330.247833 -0.001591755 -0.038393918 0.131021932 0.051225938 -0.006993116 0.026410118 0.998313367
1341846330.283913 -0.002634725 -0.023090314 0.124152310 0.048706818 -0.007734683 0.026920978 0.998420298
1341846330.316011 -0.005319823 -0.039192181 0.125176951 0.041290384 -0.008343285 0.026066618 0.998772264
1341846330.347868 -0.005522829 -0.050519980 0.128633365 0.038700506 -0.010202165 0.025266387 0.998879313
1341846330.383835 -0.002107620 -0.050052207 0.131510586 0.037211746 -0.010854783 0.025885774 0.998913109
1341846330.415934 -0.001413009 -0.066964552 0.129131496 0.035917547 -0.010043697 0.024071783 0.999014318
1341846330.452561 -0.005506763 -0.067541637 0.125018150 0.038888842 -0.010349390 0.023119446 0.998922467
1341846330.483903 -0.012835469 -0.061853208 0.124312043 0.039343197 -0.011672483 0.025352605 0.998835921
1341846330.515970 -0.007520017 -0.073331214 0.118969567 0.037173752 -0.014526656 0.029088279 0.998779774
1341846330.552099 -0.008371871 -0.074624576 0.121148311 0.038821533 -0.015502806 0.031239934 0.998637378
1341846330.583876 -0.012681164 -0.063783191 0.118974753 0.038927384 -0.015536782 0.031367432 0.998628736
1341846330.619992 -0.018097278 -0.055409513 0.118333995 0.034843642 -0.016497418 0.030729072 0.998784006
1341846330.652136 -0.014589597 -0.064436242 0.114687853 0.027846226 -0.018453918 0.029655349 0.999001801
1341846330.683796 -0.017164139 -0.069260284 0.111212693 0.023064217 -0.018230937 0.028580420 0.999159038
1341846330.719991 -0.025005370 -0.085257769 0.106093377 0.019689204 -0.019885065 0.029818261 0.999163568
1341846330.752103 -0.027607335 -0.087057866 0.099419177 0.021711478 -0.023867507 0.033813182 0.998907208
1341846330.787952 -0.034624398 -0.080075473 0.097578004 0.023323046 -0.028024528 0.037131242 0.998645067
1341846330.819823 -0.028218370 -0.080233991 0.098339073 0.023044705 -0.032976627 0.038188070 0.998460412
1341846330.852208 -0.027093275 -0.073974840 0.091550350 0.022609292 -0.034810856 0.039317228 0.998364270
1341846330.914111 -0.031507347 -0.061869528 0.089262970 0.014104969 -0.038068600 0.038732838 0.998424530
1341846330.949903 -0.038710158 -0.072766922 0.085767560 0.010562016 -0.038617622 0.038688567 0.998448968
1341846330.981986 -0.046729546 -0.072404377 0.082891077 0.011402918 -0.042607684 0.039572190 0.998242736
1341846331.014111 -0.045091353 -0.066201977 0.081390418 0.011331741 -0.046781249 0.039763518 0.998049080
1341846331.082139 -0.044683456 -0.070103236 0.074964210 0.012973332 -0.049829196 0.036566302 0.998003840
1341846331.114334 -0.046195973 -0.065814748 0.073845640 0.013041025 -0.052045200 0.036335018 0.997898281
1341846331.149989 -0.042179335 -0.073927060 0.073363476 0.012873784 -0.053264447 0.035433989 0.997868598
1341846331.181954 -0.045661412 -0.074010417 0.068540111 0.016179038 -0.053325064 0.034239039 0.997858942
1341846331.218151 -0.051766373 -0.063165501 0.063266121 0.015989637 -0.056352936 0.036174953 0.997627258
1341846331.249914 -0.041179251 -0.072750166 0.066708371 0.013439175 -0.058644935 0.034416486 0.997595012
1341846331.318141 -0.037664492 -0.066766329 0.069865115 0.024627620 -0.048811991 0.029323243 0.998073697
1341846331.349926 -0.028776325 -0.062543601 0.071309775 0.023931235 -0.047405291 0.027215149 0.998218119
1341846331.382003 0.003329891 -0.078950576 0.087477133 0.025012752 -0.044143599 0.028903425 0.998293698
1341846331.418008 -0.006796391 -0.065386832 0.097639009 0.033572871 -0.032421943 0.027645443 0.998527646
1341846331.450327 -0.026017750 -0.064770825 0.091436781 0.035218000 -0.025243297 0.027600963 0.998679399
1341846331.486219 -0.032115482 -0.058984332 0.099193804 0.035558835 -0.022896368 0.028286176 0.998704791
1341846331.518344 -0.019285681 -0.060379874 0.095524475 0.034211084 -0.023379186 0.026388625 0.998792648
1341846331.550202 -0.013603358 -0.067103401 0.106538087 0.036222726 -0.019000538 0.025250409 0.998844028
1341846331.586139 -0.025217408 -0.055404287 0.109529071 0.038898129 -0.016885484 0.025839711 0.998766303
1341846331.617931 -0.016273329 -0.052747063 0.118807234 0.038194261 -0.017561842 0.025924869 0.998779655
1341846331.654027 -0.008621928 -0.060002115 0.127722427 0.038245708 -0.015272363 0.026121579 0.998810172
1341846331.686123 -0.017030593 -0.048540361 0.130634725 0.041189279 -0.011887014 0.028051673 0.998686790
1341846331.717954 -0.024732918 -0.037375018 0.138427630 0.038718645 -0.012441574 0.028103046 0.998777390
1341846331.754076 -0.012144037 -0.053634293 0.150164455 0.035230413 -0.012278143 0.027915562 0.998913825
1341846331.785920 -0.009046012 -0.053107765 0.163000688 0.038235329 -0.010055441 0.025741475 0.998886585
1341846331.818053 -0.014268068 -0.038999595 0.175764382 0.039700877 -0.007896366 0.025953338 0.998843312
1341846331.853849 -0.010921622 -0.047645584 0.186587811 0.037967417 -0.007906151 0.025586965 0.998920083
1341846331.885987 -0.004250266 -0.048190393 0.196550250 0.040735755 -0.005675965 0.023367492 0.998880565
1341846331.922014 -0.007459942 -0.041142367 0.206650466 0.042954911 -0.002262173 0.022266742 0.998826325
1341846331.954037 0.001537483 -0.040921278 0.218589336 0.042766053 -0.000227739 0.023031592 0.998819590
1341846331.986135 0.006095648 -0.051744461 0.232372567 0.044665750 0.005257776 0.024068743 0.998698175
1341846332.022364 -0.003681134 -0.052533071 0.250061393 0.051617227 0.010618601 0.023579072 0.998332083
1341846332.054175 -0.008946903 -0.049657688 0.257152915 0.057762101 0.011148306 0.025481069 0.997942865
1341846332.086502 -0.005848545 -0.046922091 0.268859327 0.060623027 0.011034932 0.027156180 0.997730255
1341846332.122051 -0.009335982 -0.041222379 0.279199690 0.062746547 0.012436492 0.025857387 0.997617006
1341846332.153983 -0.016175229 -0.027342932 0.286278546 0.061376374 0.012705246 0.024627022 0.997729897
1341846332.190165 -0.017984346 -0.029986743 0.304144114 0.054765709 0.011266434 0.022573279 0.998180449
1341846332.254145 -0.013841260 -0.044806432 0.333379149 0.054274678 0.010595758 0.019991297 0.998269737
1341846332.289948 -0.017276779 -0.039746255 0.347220749 0.056448370 0.010543372 0.022073461 0.998105824
1341846332.322172 -0.014567974 -0.041883767 0.357762635 0.057126254 0.009872437 0.023995224 0.998029768
1341846332.354003 -0.006537955 -0.046557426 0.366461515 0.059413429 0.011282838 0.021271795 0.997943044
1341846332.390180 -0.005324479 -0.035173871 0.375664592 0.061514437 0.015501087 0.019428635 0.997796714
1341846332.422055 -0.010790247 -0.033739172 0.384613395 0.059502836 0.018330082 0.015959365 0.997932255
1341846332.458114 -0.007017499 -0.037869520 0.395798147 0.058680881 0.020674748 0.012310606 0.997986794
1341846332.489993 -0.014902730 -0.031272680 0.409790576 0.059847131 0.022754971 0.014037798 0.997849464
1341846332.522130 -0.021184156 -0.027520930 0.425132304 0.059504401 0.019333724 0.019611195 0.997848153
1341846332.558114 -0.017652638 -0.032575510 0.425678879 0.059297409 0.013668643 0.026844762 0.997785747
1341846332.589874 -0.009629571 -0.019288279 0.432007641 0.060022485 0.010382596 0.030734245 0.997669756
1341846332.621889 -0.005495687 -0.011537783 0.444031090 0.056111954 0.010001915 0.031935543 0.997863472
1341846332.658202 -0.002464675 -0.017514091 0.457926840 0.051538032 0.010679883 0.030149451 0.998158693
1341846332.690001 0.000086609 -0.013715565 0.467509717 0.049961466 0.011285565 0.031391211 0.998193920
1341846332.726000 -0.002652215 -0.017902585 0.481657445 0.048671715 0.010724161 0.035096746 0.998140395
1341846332.758386 0.003085569 -0.016799947 0.488623649 0.049285192 0.007723266 0.037188839 0.998062313
1341846332.789937 0.013400189 -0.008271087 0.494591236 0.049088933 0.007633206 0.035823181 0.998122573
1341846332.825925 0.015149861 -0.009620350 0.507575214 0.046650767 0.010111195 0.034248523 0.998272777
1341846332.857898 0.016223399 -0.012160845 0.516065717 0.047215283 0.011428036 0.034235295 0.998232484
1341846332.894069 0.017093739 0.000215825 0.523636639 0.047922093 0.011282910 0.034760624 0.998182297
1341846332.926029 0.023731118 0.004878633 0.533264756 0.044724800 0.011386551 0.032409813 0.998408556
1341846332.958015 0.026405782 0.007680092 0.541608989 0.041924238 0.013415056 0.029721888 0.998588502
1341846332.994073 0.029040460 0.008850679 0.549025595 0.038779262 0.014515203 0.027743777 0.998757124
1341846333.026545 0.032115381 0.009389874 0.557225883 0.036340959 0.015792666 0.025905509 0.998878777
1341846333.057998 0.040170033 0.009835251 0.567318439 0.035302293 0.017460270 0.026310634 0.998877704
1341846333.094024 0.042380959 0.009571407 0.573387444 0.035577774 0.018760199 0.030495984 0.998725295
1341846333.126095 0.049108185 0.014056630 0.579022348 0.036438365 0.020019883 0.032495480 0.998606801
1341846333.161973 0.051874951 0.021309625 0.581678808 0.035758387 0.022578178 0.033693135 0.998537123
1341846333.195660 0.052534439 0.022191856 0.592585385 0.033144508 0.024739990 0.034940273 0.998533189
1341846333.226331 0.050866865 0.022941049 0.596408665 0.031844378 0.025868375 0.034525909 0.998561323
1341846333.262056 0.054573730 0.035192825 0.601282597 0.029783707 0.025972780 0.031968314 0.998707354
1341846333.294147 0.055568296 0.030252134 0.605750561 0.025751047 0.025654573 0.031433597 0.998844683
1341846333.326100 0.057720311 0.033055119 0.608367264 0.024327353 0.024415316 0.029597903 0.998967469
1341846333.362100 0.062477812 0.039958619 0.609000802 0.021571714 0.023242375 0.028455773 0.999091923
1341846333.394119 0.058596618 0.033286903 0.616892338 0.017650951 0.022980541 0.027663780 0.999197185
1341846333.429974 0.058496825 0.034709368 0.619282603 0.016493922 0.021471392 0.028224252 0.999234855
1341846333.462115 0.062541731 0.031121701 0.620468378 0.015770392 0.021295080 0.026930954 0.999285996
1341846333.494040 0.063414380 0.031532981 0.620640755 0.016803050 0.022184070 0.025594708 0.999284983
1341846333.529953 0.069788724 0.032837935 0.622236133 0.017933251 0.022516944 0.025522852 0.999259710
1341846333.562063 0.064335041 0.034599289 0.623864532 0.018895555 0.025620744 0.026791871 0.999134004
1341846333.594090 0.057111047 0.041819520 0.623413205 0.018229147 0.025650287 0.027501892 0.999126315
1341846333.629994 0.058551043 0.044053774 0.624187052 0.014723542 0.022695402 0.027105199 0.999266446
1341846333.662127 0.057284750 0.041024182 0.620294333 0.011110829 0.021960976 0.026640492 0.999342024
1341846333.697964 0.063193321 0.038042434 0.622871935 0.009458282 0.021351857 0.027147969 0.999358594
1341846333.730092 0.059404284 0.033847317 0.618360341 0.011399883 0.022259526 0.027536802 0.999307871
1341846333.762089 0.059516072 0.035864029 0.614957094 0.013385533 0.022853607 0.029533360 0.999212861
1341846333.798006 0.057542637 0.034019604 0.611823916 0.014750578 0.023537857 0.029044559 0.999192059
1341846333.830055 0.060537878 0.033476822 0.606613159 0.017198998 0.024395594 0.026982278 0.999190152
1341846333.866045 0.055314135 0.034096170 0.602432311 0.018407527 0.026270127 0.025699083 0.999154925
1341846333.897987 0.052284125 0.029126784 0.598357975 0.019612491 0.026443625 0.024320085 0.999161959
1341846333.930099 0.057606090 0.028504187 0.600255966 0.023197347 0.026382260 0.024132116 0.999091327
1341846333.965889 0.056556977 0.030348949 0.593543530 0.025789391 0.027276497 0.024356745 0.998998344
1341846333.997985 0.059239224 0.028861109 0.591393650 0.028429501 0.027651181 0.023979798 0.998925507
1341846334.030076 0.050715007 0.029346846 0.582256317 0.031632680 0.029859319 0.024699861 0.998748064
1341846334.066000 0.046819836 0.028142080 0.577538550 0.033256710 0.029725946 0.026378851 0.998656332
1341846334.097932 0.048109591 0.026948988 0.567643523 0.035049576 0.029401438 0.025904126 0.998617053
1341846334.133884 0.044104621 0.024388887 0.560805142 0.036256574 0.030838829 0.026089931 0.998525798
1341846334.166115 0.035930373 0.025955327 0.554590940 0.036789361 0.030266689 0.026797125 0.998505056
1341846334.198072 0.035828773 0.025522571 0.547969580 0.037302785 0.028402211 0.025570055 0.998572946
1341846334.234097 0.037556175 0.025809634 0.540147841 0.037675109 0.028545469 0.024906402 0.998571694
1341846334.266045 0.031287968 0.021845713 0.531468391 0.037361104 0.030610541 0.025462629 0.998508275
1341846334.297946 0.024590984 0.020945240 0.526179135 0.038632117 0.029474201 0.026574733 0.998465121
1341846334.334036 0.022574894 0.024472144 0.520852149 0.039393686 0.027950436 0.026890626 0.998470724
1341846334.365871 0.022502817 0.026223559 0.512272060 0.039000869 0.027774325 0.025884461 0.998517632
1341846334.401845 0.018754654 0.025247276 0.505127609 0.037544064 0.028761894 0.024348179 0.998584151
1341846334.433864 0.011620322 0.020352736 0.499733686 0.037414007 0.028270394 0.025150144 0.998583198
1341846334.466105 0.010266019 0.022448253 0.490232676 0.038205106 0.026672397 0.025300123 0.998593450
1341846334.502142 0.004217735 0.023290586 0.483573318 0.037009556 0.025508599 0.026517963 0.998637259
1341846334.540153 0.004380858 0.022177551 0.474837452 0.036513392 0.024230206 0.025057027 0.998725057
1341846334.602351 -0.004664434 0.029213898 0.458658546 0.032277599 0.020714173 0.018256912 0.999097466
1341846334.670161 -0.010758298 0.023857899 0.448553801 0.026932362 0.018303713 0.011465556 0.999403894
1341846334.702085 -0.019229831 0.020141792 0.434334010 0.025421597 0.016587805 0.011610900 0.999471724
1341846334.734751 -0.015478523 0.018790714 0.425585330 0.025294513 0.013094936 0.013509234 0.999503016
1341846334.770889 -0.017561629 0.018428460 0.415512472 0.025238497 0.011503552 0.016305255 0.999482274
1341846334.802194 -0.024026413 0.019963432 0.403344274 0.024932822 0.009487249 0.016917422 0.999500930
1341846334.833908 -0.023775913 0.022275753 0.395960599 0.024709046 0.007632495 0.015683496 0.999542534
1341846334.869874 -0.025765408 0.023065761 0.385555834 0.023091510 0.007243854 0.015669551 0.999584317
1341846334.902006 -0.035466991 0.021798359 0.378349006 0.021428654 0.006418389 0.015791878 0.999625027
1341846334.938010 -0.037005112 0.018284658 0.364635855 0.020469699 0.003243127 0.015367961 0.999667108
1341846334.970032 -0.029764423 0.018976111 0.355164081 0.020722421 0.001352706 0.014686471 0.999676466
1341846335.002203 -0.037107315 0.012849740 0.349180102 0.021838337 0.002193344 0.016256735 0.999626935
1341846335.037880 -0.047880955 0.016191594 0.332442939 0.024780571 0.000019851 0.017948866 0.999531806
1341846335.069990 -0.042815413 0.019573024 0.325099051 0.025081089 -0.003401672 0.018209057 0.999513805
1341846335.106038 -0.036392968 0.016205104 0.314226419 0.025015814 -0.003029323 0.016697837 0.999543011
1341846335.138045 -0.043657172 0.014765663 0.308436394 0.026628520 -0.001714265 0.016383920 0.999509633
1341846335.169900 -0.053883072 0.018496133 0.290933996 0.027127275 -0.003391755 0.015899874 0.999499798
1341846335.206091 -0.049220022 0.016381269 0.283013493 0.026119269 -0.005908286 0.014010918 0.999543190
1341846335.239365 -0.044751376 0.012612026 0.274458766 0.025880745 -0.005252560 0.011085458 0.999589801
1341846335.269948 -0.049256992 0.010833519 0.262186140 0.027400479 -0.003670953 0.009946059 0.999568343
1341846335.305972 -0.058049139 0.011302806 0.252608210 0.029523786 -0.004676064 0.010883913 0.999493897
1341846335.338012 -0.053047951 0.009380198 0.245455697 0.030767351 -0.006647381 0.012381603 0.999427795
1341846335.374005 -0.048837993 -0.005746225 0.226234496 0.033560574 -0.005286139 0.013339058 0.999333680
1341846335.406025 -0.055659439 -0.003556465 0.220495731 0.040599737 -0.002230358 0.014865190 0.999062479
1341846335.438079 -0.056273833 0.007381948 0.208742306 0.046735823 -0.001452836 0.018337179 0.998737931
1341846335.473998 -0.055042107 0.011043720 0.198950469 0.048865732 -0.000093928 0.019495085 0.998615086
1341846335.507038 -0.054288141 0.015114918 0.187396958 0.050110150 0.002560504 0.017570214 0.998585880
1341846335.538040 -0.070917606 0.017373350 0.171001941 0.049691562 0.006877148 0.015489874 0.998620808
1341846335.574119 -0.076835804 0.021091916 0.163303837 0.047480155 0.007125420 0.015600699 0.998724937
1341846335.605970 -0.075722896 0.014688915 0.153862178 0.045529716 0.006048220 0.015113391 0.998830318
1341846335.641978 -0.071961686 0.018651366 0.145497993 0.047034059 0.006807111 0.012605282 0.998790562
1341846335.673993 -0.078535922 0.019407561 0.130714551 0.046644282 0.007992094 0.012251633 0.998804450
1341846335.706178 -0.080049284 0.019014519 0.120269977 0.046111971 0.006497469 0.013319446 0.998826325
1341846335.741982 -0.068970665 0.016644612 0.122473694 0.046115838 0.004703918 0.012321192 0.998849034
1341846335.773960 -0.075371563 0.022229467 0.113089360 0.046637695 0.005745570 0.011641910 0.998827457
1341846335.806271 -0.074739024 0.029283516 0.099812366 0.045213223 0.004909145 0.012033019 0.998892844
1341846335.842031 -0.074136652 0.021581732 0.088543735 0.042362396 0.005533054 0.012566729 0.999007940
1341846335.873966 -0.072426394 0.021782106 0.077977315 0.043549508 0.006955719 0.011864308 0.998956621
1341846335.910005 -0.081665263 0.026204368 0.066252738 0.043351516 0.007462909 0.013370930 0.998942554
1341846335.941936 -0.083991863 0.026298782 0.054154366 0.042263452 0.005584941 0.014521872 0.998985350
1341846335.974198 -0.082819313 0.026319016 0.049915891 0.042085171 0.004526829 0.012462455 0.999026060
1341846336.010032 -0.088504508 0.026493529 0.038021851 0.041858125 0.004875431 0.010458100 0.999056935
1341846336.042129 -0.091792338 0.028920451 0.024572020 0.041260310 0.003571341 0.011075318 0.999080658
1341846336.078076 -0.093373917 0.025020171 0.012697935 0.040792540 0.001667560 0.010606295 0.999109924
1341846336.110739 -0.092468061 0.027680621 0.010861091 0.041497093 0.001277436 0.009208981 0.999095321
1341846336.142002 -0.099943206 0.027190754 -0.003929065 0.041219272 0.001632304 0.010059819 0.999098122
1341846336.183953 -0.103595495 0.031473286 -0.016091783 0.041143179 -0.001016135 0.011382884 0.999087870
1341846336.241891 -0.103336222 0.032235410 -0.020071434 0.039238956 -0.001899014 0.010746744 0.999170244
1341846336.277946 -0.111111082 0.026215764 -0.028298864 0.039400954 -0.001165112 0.012432449 0.999145448
1341846336.309977 -0.115238987 0.022713486 -0.036740128 0.041736290 -0.003677472 0.015390373 0.999003351
1341846336.346143 -0.114515826 0.029056935 -0.050875895 0.043822821 -0.005082153 0.016595056 0.998888552
1341846336.377975 -0.113084570 0.029125055 -0.058354311 0.044665486 -0.004883700 0.015600837 0.998868227
1341846336.410032 -0.118145347 0.032549813 -0.069827266 0.045778316 -0.003916223 0.015727635 0.998820126
1341846336.446041 -0.120365202 0.035003617 -0.079457335 0.045373220 -0.004353727 0.015355120 0.998842597
1341846336.477990 -0.119620763 0.034049854 -0.079772078 0.044311307 -0.004623494 0.015168704 0.998891950
1341846336.510056 -0.120331503 0.031463876 -0.089462183 0.044423558 -0.003974191 0.015830586 0.998879433
1341846336.546024 -0.122963734 0.032407224 -0.097017519 0.045467857 -0.003885902 0.017999804 0.998796046
1341846336.578003 -0.126095936 0.038806368 -0.108217128 0.045537777 -0.004039509 0.019251924 0.998768926
1341846336.614020 -0.121415414 0.041193519 -0.108059153 0.045057304 -0.003827950 0.018792147 0.998800337
1341846336.645982 -0.129243955 0.046378572 -0.112695873 0.044291582 -0.002048664 0.018306896 0.998848796
1341846336.678036 -0.133761615 0.038884681 -0.125699386 0.041819878 -0.003856231 0.018571472 0.998945117
1341846336.714024 -0.139217004 0.031665709 -0.118342198 0.042983703 -0.005762794 0.018309863 0.998891354
1341846336.746016 -0.140831947 0.028129395 -0.132974029 0.046594545 -0.007764676 0.019972224 0.998684049
1341846336.778014 -0.147674188 0.036799747 -0.147152200 0.049697854 -0.011443481 0.023622703 0.998419285
1341846336.820006 -0.141853496 0.038923521 -0.150854021 0.050197069 -0.015773619 0.026203541 0.998270929
1341846336.882056 -0.155125231 0.040538553 -0.149381787 0.053231299 -0.016992034 0.024253368 0.998143017
1341846336.914273 -0.156734273 0.033610471 -0.152966216 0.054855134 -0.021529080 0.026711877 0.997904778
1341846336.945998 -0.148033649 0.028258329 -0.170783922 0.060597423 -0.028830981 0.029825982 0.997299910
1341846336.981980 -0.155496851 0.053150676 -0.178318992 0.065608189 -0.032016430 0.026857760 0.996969998
1341846337.014238 -0.155539081 0.057438627 -0.183749557 0.062653974 -0.034759689 0.024907859 0.997118771
1341846337.046017 -0.152578801 0.053952076 -0.178117752 0.060343590 -0.036410809 0.020520099 0.997302294
1341846337.082104 -0.158409059 0.054027423 -0.189065725 0.059521165 -0.036322162 0.017251603 0.997416794
1341846337.114317 -0.165120050 0.049509294 -0.190215886 0.057521284 -0.038198497 0.016645139 0.997474372
1341846337.150037 -0.157892793 0.049710728 -0.192231134 0.055968508 -0.040541228 0.015191950 0.997493446
1341846337.181873 -0.153456792 0.046868548 -0.196057558 0.055274155 -0.040584665 0.012192398 0.997571528
1341846337.214073 -0.157553554 0.061410576 -0.195330992 0.053894855 -0.038960088 0.010216288 0.997734010
1341846337.250087 -0.179160833 0.043445047 -0.205209702 0.050078433 -0.038848598 0.010506012 0.997934163
1341846337.282028 -0.161919788 0.044531398 -0.202600166 0.051380273 -0.044651475 0.015473024 0.997560501
1341846337.317920 -0.154935777 0.049321376 -0.204406694 0.051174425 -0.046378758 0.015610372 0.997490108
1341846337.350018 -0.163510829 0.058569454 -0.214059159 0.050282728 -0.045006502 0.014681384 0.997612417
1341846337.382159 -0.158089712 0.051991034 -0.209031254 0.047231268 -0.045151912 0.013169727 0.997776031
1341846337.417941 -0.163076386 0.043131769 -0.209318697 0.047523104 -0.044271979 0.013534372 0.997796774
1341846337.450137 -0.163241103 0.050469883 -0.222789317 0.048413776 -0.046239436 0.015015353 0.997643530
1341846337.482096 -0.160042658 0.047242299 -0.219273224 0.046706192 -0.046707112 0.015766788 0.997691512
1341846337.518008 -0.160439968 0.040470973 -0.221675232 0.047367614 -0.047231838 0.015995806 0.997631967
1341846337.549978 -0.163368598 0.052580006 -0.229803622 0.048229475 -0.047576018 0.013690219 0.997608662
1341846337.585971 -0.163014561 0.048053779 -0.223809361 0.045217309 -0.047882996 0.012927478 0.997745216
1341846337.617903 -0.161290973 0.036869828 -0.217230096 0.045902543 -0.048758093 0.013477152 0.997664273
1341846337.650141 -0.158745706 0.047970161 -0.226107597 0.049044419 -0.049058542 0.012641031 0.997510970
1341846337.686352 -0.160043165 0.051146440 -0.226150826 0.047257975 -0.048786283 0.013201063 0.997603238
1341846337.718002 -0.156604886 0.048265457 -0.219455674 0.045312274 -0.048528768 0.013194514 0.997706175
1341846337.749920 -0.152205899 0.053979039 -0.216563478 0.045402769 -0.046756160 0.012585238 0.997794628
1341846337.786157 -0.152061909 0.059991010 -0.209317669 0.042595088 -0.044018120 0.012639797 0.998042226
1341846337.817945 -0.149054751 0.050928406 -0.203922451 0.039615020 -0.042195320 0.014167952 0.998223186
1341846337.854071 -0.148282602 0.056366868 -0.199925959 0.038767990 -0.038869679 0.013384831 0.998402238
1341846337.885951 -0.152098119 0.065892689 -0.198590025 0.036118619 -0.036246195 0.011506097 0.998623669
1341846337.918223 -0.150962934 0.063631423 -0.192139581 0.031710912 -0.034877378 0.009004137 0.998847783
1341846337.954120 -0.147408515 0.058881462 -0.186847717 0.029184112 -0.033738177 0.008795112 0.998965800
1341846337.985994 -0.148399487 0.069469720 -0.180457711 0.027137609 -0.032805543 0.008758703 0.999054909
1341846338.018107 -0.144106835 0.063740373 -0.171152741 0.023257792 -0.031377375 0.010098983 0.999185920
1341846338.054055 -0.139850304 0.066970006 -0.165186688 0.021075485 -0.030231042 0.009437038 0.999276161
1341846338.085986 -0.137616947 0.064056233 -0.154148936 0.017520975 -0.027113715 0.009146811 0.999436915
1341846338.121875 -0.138458446 0.061861496 -0.148837969 0.015394119 -0.024751909 0.010931276 0.999515295
1341846338.154089 -0.143386468 0.060975581 -0.145101443 0.014472264 -0.023745803 0.013961511 0.999515772
1341846338.186029 -0.137765065 0.063765563 -0.134036034 0.013577401 -0.024570355 0.016423211 0.999470949
1341846338.222071 -0.131037384 0.067714311 -0.125114873 0.012440150 -0.023844911 0.016005415 0.999510109
1341846338.254107 -0.133231372 0.064340100 -0.114602782 0.010546977 -0.021719230 0.016369177 0.999574423
1341846338.290130 -0.129581735 0.061446507 -0.104016088 0.010782205 -0.021956177 0.018034114 0.999538124
1341846338.321952 -0.128286496 0.066421859 -0.099834234 0.011098633 -0.021102812 0.020113096 0.999513328
1341846338.354022 -0.124491140 0.063531503 -0.085523397 0.010276584 -0.020853899 0.020356633 0.999522448
1341846338.389969 -0.127749026 0.072688013 -0.081011362 0.010483470 -0.019481672 0.020501157 0.999545038
1341846338.422377 -0.125780731 0.070688725 -0.068441406 0.008464600 -0.019216603 0.021020787 0.999558508
1341846338.454010 -0.126461312 0.073195472 -0.060711224 0.007652862 -0.019446839 0.019554244 0.999590337
1341846338.489894 -0.122214690 0.071268715 -0.046215173 0.005876142 -0.020214532 0.020308599 0.999572098
1341846338.522066 -0.117770024 0.068023317 -0.041391421 0.006374576 -0.020222683 0.019995509 0.999575198
1341846338.558058 -0.118905753 0.078559376 -0.033291437 0.006316581 -0.020109650 0.019158181 0.999594212
1341846338.589842 -0.120396607 0.075982809 -0.023851365 0.004115413 -0.019876497 0.018552411 0.999621809
1341846338.622019 -0.113942109 0.073688917 -0.008185601 0.004761913 -0.019297186 0.019929247 0.999603808
1341846338.657984 -0.118020073 0.079305686 -0.006794836 0.005378066 -0.019079905 0.021462236 0.999573112
1341846338.690198 -0.109749392 0.080988139 0.006898968 0.003278936 -0.020585516 0.021718794 0.999546766
1341846338.722454 -0.105384685 0.077076860 0.020781308 0.002500754 -0.019654838 0.021944478 0.999562860
1341846338.757945 -0.110461123 0.081864178 0.026626157 0.002879323 -0.019268736 0.023454191 0.999535084
1341846338.790039 -0.106261432 0.082262330 0.043522753 0.000789877 -0.021648897 0.024064148 0.999475658
1341846338.826048 -0.095130749 0.077230446 0.053357668 0.000608143 -0.021604905 0.022771824 0.999507010
1341846338.858027 -0.100202687 0.085742511 0.059299372 0.001254639 -0.019467402 0.021580260 0.999576807
1341846338.889902 -0.099383414 0.086439237 0.072508737 -0.001197882 -0.020380313 0.021292083 0.999564826
1341846338.925948 -0.088791706 0.082094699 0.081824891 -0.002320130 -0.020554617 0.019778810 0.999590397
1341846338.958108 -0.089863285 0.083267234 0.091756746 -0.001936968 -0.018148538 0.018483568 0.999662519
1341846338.990057 -0.086262867 0.082769319 0.104855664 -0.001480719 -0.018513005 0.019759148 0.999632239
1341846339.025928 -0.078899123 0.079776570 0.118641987 0.000202917 -0.018230943 0.020356799 0.999626517
1341846339.057939 -0.080837816 0.088008955 0.125503182 0.003736582 -0.015337174 0.019726632 0.999680758
1341846339.093927 -0.090257145 0.094731033 0.127128497 0.002926329 -0.014761234 0.020671906 0.999673069
1341846339.126562 -0.078612857 0.101097837 0.141281143 0.000282660 -0.016863627 0.019315120 0.999671161
1341846339.157969 -0.071952164 0.096371807 0.155517891 -0.002712793 -0.014583061 0.017778879 0.999731898
1341846339.194113 -0.079134844 0.097596616 0.155563816 -0.004753953 -0.012692555 0.018760132 0.999732137
1341846339.228165 -0.078568280 0.105391689 0.166988805 -0.007335036 -0.014648633 0.020740170 0.999650657
1341846339.257998 -0.063792415 0.099791154 0.188793600 -0.010877062 -0.015298992 0.022123566 0.999579012
1341846339.294132 -0.064174578 0.103521213 0.194405064 -0.010571501 -0.012582665 0.022773327 0.999605596
1341846339.326577 -0.073142476 0.114638068 0.191210493 -0.013389908 -0.013419610 0.025323737 0.999499559
1341846339.362269 -0.060988232 0.111268274 0.212569073 -0.017924711 -0.016666578 0.023158023 0.999432147
1341846339.394725 -0.053058587 0.112409629 0.224501714 -0.018552126 -0.015220490 0.022630392 0.999455869
1341846339.462186 -0.048979752 0.110425062 0.243616819 -0.022624128 -0.016263057 0.023040343 0.999346197
1341846339.496743 -0.040491354 0.109624460 0.251657844 -0.019610381 -0.012996848 0.020529689 0.999512434
1341846339.562052 -0.040144034 0.107565507 0.271970302 -0.018800043 -0.009749885 0.022682047 0.999518394
1341846339.595122 -0.030717574 0.108038202 0.285214543 -0.016735584 -0.009902873 0.022218103 0.999563992
1341846339.632085 -0.028154448 0.112661913 0.290859759 -0.014823536 -0.006164481 0.019871347 0.999673605
1341846339.664568 -0.027577570 0.111109883 0.296971291 -0.014867984 -0.003229140 0.018048264 0.999721348
1341846339.698896 -0.023637755 0.107582130 0.310172051 -0.015436265 -0.002443306 0.017663399 0.999721825
1341846339.731977 -0.019502988 0.106924534 0.317975432 -0.015285701 -0.002310096 0.015415280 0.999761641
1341846339.762241 -0.014025932 0.103390947 0.327422410 -0.015313325 -0.001529743 0.015769834 0.999757230
1341846339.797873 -0.014025729 0.103189275 0.333466828 -0.015365649 -0.000818554 0.017126534 0.999734938
1341846339.830245 -0.008933677 0.102738671 0.342252970 -0.015756467 -0.001811280 0.017678931 0.999717891
1341846339.862015 -0.006906318 0.104020089 0.346854806 -0.015985847 -0.001597300 0.017085873 0.999724925
1341846339.897797 -0.003063824 0.102412865 0.353566170 -0.017071448 -0.000565261 0.016616983 0.999716043
1341846339.929916 -0.001676589 0.096227437 0.362207055 -0.018072739 0.000666255 0.018321510 0.999668598
1341846339.961960 0.000799519 0.095574915 0.371985495 -0.016784636 -0.000102774 0.019465363 0.999669611
1341846339.997845 0.007854576 0.098954603 0.371638924 -0.014942883 0.000540306 0.018963533 0.999708414
1341846340.029925 0.010504108 0.097670220 0.381687760 -0.014213623 0.002847650 0.020158246 0.999691725
1341846340.066044 0.011904893 0.096281901 0.391018122 -0.012135337 0.004226429 0.021685028 0.999682248
1341846340.098009 0.013335956 0.098168626 0.391908020 -0.011183518 0.004614277 0.022484336 0.999673963
1341846340.130102 0.015771274 0.097883873 0.399369806 -0.011834141 0.004390731 0.021739684 0.999683976
1341846340.166041 0.023298774 0.095321685 0.404753327 -0.011251958 0.005958601 0.019779300 0.999723315
1341846340.197867 0.021280065 0.097854368 0.411921084 -0.009808433 0.008951561 0.019431934 0.999722958
1341846340.229904 0.021372564 0.100866944 0.419596076 -0.010655359 0.008896020 0.019298220 0.999717414
1341846340.265859 0.024989765 0.095428459 0.428117096 -0.011828177 0.009808251 0.018827103 0.999704659
1341846340.298061 0.027864728 0.095970079 0.433414429 -0.009545505 0.012034029 0.019061165 0.999700308
1341846340.334063 0.024295881 0.102969222 0.437593162 -0.009952305 0.011526331 0.021004250 0.999663413
1341846340.366064 0.031761177 0.094916813 0.447254866 -0.012345186 0.008964876 0.020617865 0.999670982
1341846340.397995 0.035573445 0.093906924 0.448312640 -0.010552270 0.009333285 0.019935818 0.999702036
1341846340.433895 0.036112960 0.096016973 0.453924000 -0.009947418 0.009164857 0.021054519 0.999686837
1341846340.465959 0.034836289 0.095175728 0.460492432 -0.009322536 0.007214622 0.022224156 0.999683499
1341846340.501858 0.043451279 0.096114032 0.456671923 -0.008294174 0.002837068 0.023041457 0.999696076
1341846340.534329 0.048037186 0.097241446 0.458319217 -0.007803341 0.001194308 0.022598503 0.999713480
1341846340.566041 0.048937008 0.092907503 0.460004956 -0.006959496 0.000582303 0.023072669 0.999709368
1341846340.601909 0.054801844 0.091778934 0.458972782 -0.004668336 -0.000408216 0.024028491 0.999700308
1341846340.634005 0.059133407 0.095697038 0.450540900 -0.003519996 -0.001253691 0.023034610 0.999727666
1341846340.666028 0.064101629 0.094553106 0.451535672 -0.003790122 -0.001121907 0.020666141 0.999778628
1341846340.701946 0.067182951 0.092558593 0.447842121 -0.002054656 0.000006299 0.018862955 0.999819994
1341846340.733954 0.069975421 0.095524929 0.444674075 -0.000797479 0.001562520 0.017085653 0.999852479
1341846340.770081 0.069697671 0.096254095 0.443893343 -0.001499550 0.002073959 0.014603931 0.999890089
1341846340.801980 0.075471543 0.094463013 0.440837145 -0.001610895 0.002706550 0.009116276 0.999953449
1341846340.833999 0.074926369 0.098976985 0.440461278 -0.001335997 0.005178529 0.005196695 0.999972224
1341846340.870013 0.071665242 0.097234443 0.441810161 -0.002923292 0.005470281 0.003714725 0.999973893
1341846340.901955 0.074099265 0.093185820 0.441961348 -0.002343686 0.005015421 0.003445965 0.999978721
1341846340.933918 0.072737455 0.094856396 0.439276934 -0.000235642 0.004579846 0.005798385 0.999972641
1341846340.970122 0.069618113 0.096705616 0.437604696 0.001392682 0.002274704 0.009865834 0.999947786
1341846341.001922 0.069440700 0.092620581 0.435300887 0.002268673 -0.001881217 0.015450875 0.999876261
1341846341.037923 0.072788797 0.095432028 0.431855589 0.003765372 -0.004902564 0.018551508 0.999808788
1341846341.070300 0.071390867 0.092027195 0.428747833 0.003833884 -0.005279621 0.018636635 0.999805033
1341846341.102028 0.069296420 0.093076132 0.425720334 0.003975000 -0.006417520 0.018236533 0.999805212
1341846341.137982 0.070526272 0.090314649 0.417315662 0.003560457 -0.008513731 0.018991774 0.999777019
1341846341.170048 0.074604727 0.090584368 0.419777364 0.004219742 -0.009457862 0.019978615 0.999746740
1341846341.202110 0.074724905 0.090583108 0.416399837 0.005731929 -0.009741106 0.021599529 0.999702811
1341846341.237996 0.077000603 0.089822568 0.412810534 0.007370281 -0.009847427 0.022335224 0.999674857
1341846341.269883 0.073131368 0.091107503 0.412345737 0.008777459 -0.008915356 0.022708822 0.999663830
1341846341.306107 0.071407050 0.091531970 0.408646792 0.009266791 -0.009203459 0.021443151 0.999684751
1341846341.338109 0.074065782 0.089961216 0.405866444 0.010003727 -0.009028962 0.019599140 0.999717116
1341846341.370120 0.074644320 0.089856178 0.407437503 0.010454600 -0.007999132 0.017570965 0.999758959
1341846341.406074 0.070265613 0.090601414 0.405832618 0.010582590 -0.007182996 0.016559917 0.999781072
1341846341.438113 0.070327014 0.084445119 0.402437478 0.011173203 -0.008909994 0.016308688 0.999764860
1341846341.470024 0.071723968 0.086338885 0.399457008 0.014150150 -0.009300032 0.015217746 0.999740779
1341846341.506077 0.069291152 0.093948700 0.398107618 0.014828531 -0.008171171 0.014012226 0.999758482
1341846341.538156 0.064477339 0.087514617 0.398396432 0.013200315 -0.009572669 0.014502483 0.999761879
1341846341.574016 0.066873282 0.088578708 0.397893131 0.014345406 -0.011955705 0.015042602 0.999712467
1341846341.612466 0.065788060 0.092468731 0.394039363 0.015280141 -0.012475485 0.015687736 0.999682367
1341846341.643972 0.062666215 0.094720483 0.395203322 0.014566562 -0.013514833 0.014714914 0.999694288
1341846341.679982 0.062326990 0.089365385 0.392332941 0.013661377 -0.014906221 0.014813175 0.999685824
1341846341.712332 0.059796628 0.090903915 0.391775429 0.014536493 -0.016972275 0.018064361 0.999587059
1341846341.744185 0.062512860 0.090141699 0.388169706 0.014862276 -0.019062446 0.019917296 0.999509394
1341846341.780061 0.061533403 0.092762858 0.384809434 0.015583293 -0.019564804 0.021518748 0.999455512
1341846341.842595 0.067472324 0.085187078 0.378402680 0.017181519 -0.021066980 0.026455797 0.999280274
1341846341.906227 0.067776881 0.083686292 0.376607239 0.020518603 -0.021649964 0.031360853 0.999062955
1341846341.942069 0.068582483 0.076886423 0.372904360 0.023201676 -0.021765459 0.033627015 0.998928010
1341846341.974775 0.068586618 0.079496220 0.370474935 0.026817184 -0.021840964 0.034916822 0.998791575
1341846342.010161 0.063053280 0.080229901 0.371905357 0.027651355 -0.022565572 0.036578715 0.998693228
1341846342.042024 0.072008558 0.073224455 0.367928147 0.028728584 -0.024085402 0.036541153 0.998628736
1341846342.080032 0.072083667 0.078099050 0.364230067 0.031257611 -0.021694181 0.036928207 0.998593330
1341846342.112265 0.069018237 0.073425844 0.364806771 0.031096565 -0.020756679 0.038915657 0.998542786
1341846342.147954 0.069800660 0.069554158 0.368629217 0.033259120 -0.022140501 0.040956788 0.998361766
1341846342.179852 0.075232774 0.072300687 0.362561703 0.036434952 -0.022022327 0.042331673 0.998196125
1341846342.211848 0.073981531 0.072982579 0.364603698 0.036963195 -0.021335755 0.042194545 0.998197436
1341846342.247920 0.074481256 0.068576694 0.357800126 0.037762944 -0.020964900 0.040499687 0.998245537
1341846342.279870 0.075880557 0.069876730 0.360122353 0.039342932 -0.020761693 0.041069668 0.998165488
1341846342.316068 0.075422101 0.069353268 0.357073337 0.040607665 -0.020537384 0.041985564 0.998081386
1341846342.347894 0.078397281 0.071463652 0.356468856 0.041058034 -0.020883556 0.042240668 0.998045027
1341846342.379953 0.075970814 0.069174208 0.357707381 0.040955953 -0.019882215 0.042280767 0.998067915
1341846342.416195 0.074356437 0.072401106 0.359129548 0.042052660 -0.019488633 0.043113608 0.997994483
