1341846313.592026 0.000000000 0.000000000 0.000000000 0.000000000 0.000000000 0.000000000 1.000000000
1341846313.654184 0.007487307 -0.002493940 0.000288045 -0.001063727 -0.003183435 0.004900045 0.999982357
1341846313.686156 0.016141100 -0.000284529 0.007442020 0.000242835 -0.005772651 0.004570791 0.999972880
1341846313.721918 0.022614548 0.005901160 -0.010246360 0.000935757 -0.007100191 0.005271797 0.999960423
1341846313.753994 0.030093944 0.001960184 -0.005984271 0.000213854 -0.008046352 0.006314103 0.999947667
1341846313.789969 0.040143449 0.000670834 -0.008529865 0.001165198 -0.009119396 0.004902836 0.999945700
1341846313.822075 0.053744178 0.004767592 -0.010789501 0.001519705 -0.009123753 0.004521363 0.999946952
1341846313.853928 0.061036777 0.002766968 -0.010815136 0.000621593 -0.007110840 0.003604940 0.999967992
1341846313.890011 0.065263025 0.007006201 -0.006756275 0.001047583 -0.005132782 0.003836737 0.999978900
1341846313.922055 0.075012252 0.012182412 -0.011744830 -0.000524714 -0.005510976 0.005026062 0.999972045
1341846313.957927 0.107611299 0.014999043 -0.000176595 -0.003014453 -0.004813858 0.005879166 0.999966562
1341846313.990058 0.099522196 0.015664589 0.008928187 -0.004056842 0.003297086 0.007108944 0.999961078
1341846314.022042 0.097623281 0.023876118 0.007204360 -0.005298407 0.005527912 0.008018000 0.999938548
1341846314.057816 0.110812284 0.016928840 0.010195121 -0.009573608 0.007056369 0.009357654 0.999885499
1341846314.089801 0.120750576 0.006699862 0.016452387 -0.010028875 0.012025516 0.011318118 0.999813318
1341846314.122037 0.120152742 0.026467619 0.013878580 -0.008371064 0.016740812 0.012392290 0.999748051
1341846314.157989 0.131425500 0.015577729 -0.003107002 -0.012527246 0.019120615 0.015863596 0.999612808
1341846314.190094 0.147538602 0.025588488 0.008385049 -0.010729550 0.021421479 0.018116925 0.999548793
1341846314.225969 0.148177266 0.031966191 -0.001769994 -0.012228104 0.023975985 0.020765716 0.999422014
1341846314.257923 0.152511641 0.020747416 0.013996951 -0.015487418 0.026272645 0.020800529 0.999318421
1341846314.290052 0.154538468 0.019309130 0.008293599 -0.014207161 0.027765639 0.018964807 0.999333560
1341846314.325981 0.155238613 0.024632743 0.006340293 -0.014738428 0.029497687 0.015180633 0.999340892
1341846314.357905 0.175452098 0.019491654 0.015043580 -0.015894311 0.030559326 0.014908697 0.999295413
1341846314.389899 0.170779258 0.020232443 0.015904993 -0.014232156 0.034638435 0.013654390 0.999205291
1341846314.427905 0.176570594 0.027333852 0.009326965 -0.013586371 0.036461636 0.011511246 0.999176383
1341846314.493987 0.188002601 0.016220519 0.008405128 -0.013354231 0.046064593 0.003276554 0.998843849
1341846314.526085 0.197900712 0.022984905 0.005503362 -0.012456572 0.047431972 0.001703653 0.998795331
1341846314.558292 0.206227794 0.021151708 0.010273756 -0.013891971 0.050050061 0.002381416 0.998647273
1341846314.594085 0.217253789 0.012148129 0.026067091 -0.014330721 0.053873762 0.002056145 0.998442769
1341846314.626096 0.204338193 0.017825428 0.007516375 -0.013323408 0.060048133 0.001836008 0.998104870
1341846314.658455 0.214451790 0.022045599 0.019736711 -0.014815618 0.061991870 0.001525212 0.997965515
1341846314.694004 0.228154168 0.014694548 0.035933793 -0.015223403 0.064613327 0.000083685 0.997794211
1341846314.725910 0.227205649 0.007110720 0.039240167 -0.012064852 0.067997843 0.005257418 0.997598648
1341846314.761942 0.234418005 0.010468275 0.022382136 -0.008046537 0.067714646 0.009975507 0.997622371
1341846314.794030 0.235274777 0.016228506 0.025226410 -0.004125986 0.070819966 0.009522378 0.997435153
1341846314.826092 0.247578874 0.014201590 0.014118589 -0.002255265 0.073331207 0.011422065 0.997239649
1341846314.862145 0.254162014 0.019344095 0.014797520 -0.001535255 0.076780677 0.011956784 0.996975124
1341846314.894072 0.278869182 0.017119171 0.012398839 -0.002581814 0.078115009 0.015947502 0.996813476
1341846314.925969 0.286351800 0.019747814 0.014424141 -0.002393370 0.080127187 0.020295313 0.996575117
1341846314.961937 0.285923809 0.034363866 0.005031601 -0.003777650 0.081499942 0.025200726 0.996347547
1341846314.994564 0.283632755 0.026297452 0.011447109 -0.008228070 0.083123930 0.023273455 0.996233404
1341846315.029900 0.295980603 0.023791136 0.015556842 -0.008760383 0.085879631 0.020734375 0.996051192
1341846315.061965 0.295628756 0.022492468 0.020026248 -0.009414655 0.088629358 0.024617566 0.995715916
1341846315.094388 0.298088908 0.021471541 0.024626009 -0.009269213 0.087975450 0.024732534 0.995772421
1341846315.129851 0.303765714 0.021186765 0.014472101 -0.007296060 0.087980621 0.022702076 0.995836735
1341846315.161941 0.314880937 0.047160208 0.009574693 -0.007391915 0.086754076 0.027595723 0.995820045
1341846315.197984 0.314219892 0.045334354 0.015362363 -0.014046866 0.085144579 0.022108816 0.996024251
1341846315.230076 0.322018236 0.039563056 0.023484223 -0.018254027 0.083704710 0.019220021 0.996137977
1341846315.262069 0.322671771 0.040924128 0.029586520 -0.021213895 0.081279933 0.022491705 0.996211648
1341846315.298000 0.333874017 0.027212139 0.036222853 -0.024436075 0.076872461 0.023887323 0.996455193
1341846315.329931 0.325715691 0.008600976 0.032284107 -0.022761317 0.077135801 0.025380870 0.996437550
1341846315.361981 0.355252862 0.019712565 0.020523600 -0.016269129 0.073233441 0.029592639 0.996742904
1341846315.397962 0.357043147 0.024772057 0.024068560 -0.012930414 0.074080713 0.032538332 0.996637404
1341846315.429923 0.364817649 0.028514089 0.021314401 -0.009726733 0.075227089 0.033597294 0.996552825
1341846315.466047 0.383596241 0.032436982 0.017620616 -0.008441689 0.077051759 0.036097296 0.996337652
1341846315.497883 0.384530187 0.032722052 0.020671323 -0.009600063 0.080113836 0.041592419 0.995871305
1341846315.530008 0.384808809 0.031355318 0.017998703 -0.009672367 0.081733152 0.041163225 0.995756865
1341846315.566108 0.390124530 0.033520918 0.016126126 -0.010352572 0.082603067 0.042370901 0.995627582
1341846315.597986 0.387289345 0.030400584 0.022475086 -0.010754224 0.084539197 0.041526325 0.995496392
1341846315.630109 0.393137425 0.029457113 0.015006974 -0.010824906 0.085092843 0.040560201 0.995488286
1341846315.666042 0.385833949 0.029719396 0.002497926 -0.011820952 0.087467536 0.040831279 0.995260000
1341846315.698114 0.382434785 0.038193084 -0.002489105 -0.015788464 0.091297090 0.038372423 0.994958818
1341846315.733985 0.380792707 0.020959914 0.013581239 -0.020463269 0.094413072 0.040629618 0.994493186
1341846315.766041 0.373206288 0.028725725 0.025097594 -0.019187570 0.092945099 0.041031871 0.994640350
1341846315.798188 0.374920517 0.022438886 0.016779073 -0.021031544 0.091837041 0.039490715 0.994768381
1341846315.834140 0.374715447 0.016707502 0.023124866 -0.020522231 0.094081111 0.038064342 0.994624913
1341846315.866751 0.378935546 0.025070719 0.030262411 -0.017261297 0.095119223 0.038288604 0.994579494
1341846315.898492 0.371811807 0.019744880 0.024584100 -0.016835669 0.096389435 0.038234893 0.994466543
1341846315.936901 0.364046335 0.013664711 0.030314595 -0.014496816 0.098807067 0.036288150 0.994339049
1341846315.966572 0.363151163 0.014943290 0.027227141 -0.010935313 0.099499181 0.036694109 0.994300663
1341846316.034204 0.351511359 0.016809352 0.027847901 -0.006933472 0.099956743 0.034408115 0.994372487
1341846316.066113 0.343350172 0.015764514 0.028366186 -0.004624266 0.100245647 0.034006566 0.994370639
1341846316.101867 0.332055032 0.019200319 0.017658152 -0.002976391 0.099613778 0.036167346 0.994364202
1341846316.134066 0.319112539 0.023003686 0.018399321 -0.003077419 0.097484499 0.032416113 0.994704247
1341846316.202049 0.307059467 0.013255759 0.023414679 -0.003620143 0.092889003 0.028511042 0.995261610
1341846316.233979 0.302887768 0.009880399 0.010007519 -0.003809738 0.091723882 0.025557432 0.995449185
1341846316.270052 0.303668559 0.012994152 0.009739544 -0.004601915 0.091878176 0.023025790 0.995493352
1341846316.301915 0.292428821 0.006385732 0.013587460 -0.004895295 0.093986951 0.020373030 0.995352924
1341846316.334208 0.277621150 0.002145361 0.015111234 -0.004034587 0.094436213 0.021466479 0.995291293
1341846316.370006 0.274670750 0.001179782 0.010521553 -0.001770459 0.092814989 0.022095535 0.995436609
1341846316.401994 0.272066802 0.005115767 0.020482406 0.000762604 0.091579631 0.024852471 0.995487273
1341846316.438069 0.268497646 0.001223779 0.023702998 0.002714444 0.090994686 0.027398765 0.995470703
1341846316.470076 0.256261051 -0.004080334 0.022280883 0.006655716 0.091064222 0.030018438 0.995370269
1341846316.502034 0.235152885 0.010660267 -0.000455365 0.009886644 0.090046726 0.030924952 0.995408177
1341846316.537975 0.241025165 0.009712939 0.009567164 0.007193010 0.085933320 0.030088438 0.995820463
1341846316.570121 0.234247416 -0.004018603 0.010311645 0.005796878 0.086001024 0.026253413 0.995932221
1341846316.601885 0.227393642 -0.007744208 0.007410869 0.007444811 0.085427113 0.025690056 0.995985329
1341846316.638009 0.207265928 -0.004133001 -0.000270154 0.010187130 0.085426308 0.025522614 0.995965421
1341846316.669925 0.207297936 -0.009663278 0.008784294 0.011915889 0.084216639 0.026022589 0.996036351
1341846316.705941 0.203948170 -0.014892388 0.011023592 0.016218891 0.084206179 0.026581770 0.995961666
1341846316.738062 0.189775690 -0.005411726 -0.003913712 0.019296166 0.084263556 0.030077422 0.995802522
1341846316.770433 0.193435282 -0.000486153 -0.002115211 0.018868934 0.082258202 0.031011665 0.995949686
1341846316.805932 0.187382311 -0.008721607 0.008649930 0.018811656 0.082385264 0.029788870 0.995977640
1341846316.838029 0.160631955 -0.002430848 0.009455066 0.020647300 0.082934253 0.029964274 0.995890379
1341846316.870034 0.145409450 -0.011134871 0.010054339 0.019947359 0.080581091 0.031225735 0.996059060
1341846316.906344 0.149666965 -0.015266078 0.008142782 0.021095173 0.075966224 0.031190732 0.996399164
1341846316.937940 0.147430837 -0.010980128 0.010932699 0.021380255 0.074580133 0.028334696 0.996583104
1341846316.973994 0.138695702 -0.000943719 0.014846906 0.021356242 0.073003709 0.030418998 0.996638894
1341846317.005913 0.136144996 -0.001055525 0.012721762 0.020205116 0.069662362 0.031652078 0.996863604
1341846317.037936 0.117573552 -0.006972846 0.022528544 0.019875450 0.068452582 0.030047733 0.997003675
1341846317.073972 0.119433425 -0.010509131 0.014201382 0.020778852 0.065692715 0.031850725 0.997114956
1341846317.106113 0.105309412 -0.011462563 0.020858271 0.023203684 0.065203361 0.034449536 0.997007191
1341846317.137887 0.086341687 -0.011959272 0.006964112 0.026237488 0.059907395 0.038590308 0.997112572
1341846317.173970 0.078910194 -0.006066768 0.020207651 0.028148709 0.053402156 0.040379275 0.997359157
1341846317.205887 0.072767653 -0.013542155 0.020520817 0.027247315 0.050536767 0.040919118 0.997511506
1341846317.248131 0.079294428 -0.013018137 0.023730442 0.028835971 0.046354335 0.045146786 0.997487605
1341846317.306289 0.062917963 -0.014821844 0.012110141 0.030487753 0.040953927 0.047156755 0.997581840
1341846317.348137 0.053891156 -0.020309156 0.005675778 0.031066889 0.042673279 0.046623413 0.997516990
1341846317.410120 0.032220203 -0.015197610 0.003834564 0.033066299 0.042853750 0.051744428 0.997192383
1341846317.442569 0.038353506 -0.023852473 0.008727551 0.034827851 0.042311016 0.056017667 0.996924698
1341846317.474010 0.022443134 -0.023338383 0.021278068 0.040680759 0.043930579 0.057596877 0.996542931
1341846317.509927 0.020193871 -0.017399929 0.011134671 0.044085011 0.040616177 0.063184157 0.996200085
1341846317.542282 0.013003537 -0.009184555 0.006848065 0.043977387 0.037937380 0.063729569 0.996275723
1341846317.573943 0.008735436 -0.018981325 0.009001346 0.042693883 0.039083138 0.061857741 0.996405184
1341846317.610159 0.002584041 -0.023078224 0.008770446 0.045033589 0.040656492 0.062625207 0.996191323
1341846317.643553 -0.016476041 -0.015503759 0.007907105 0.048229154 0.041272607 0.065377161 0.995839536
1341846317.677993 -0.017829375 -0.014123258 0.023409007 0.049219683 0.037523955 0.066346243 0.995875239
1341846317.709996 -0.022851970 -0.018673537 0.030012527 0.051300488 0.035082199 0.066154316 0.995872021
1341846317.741834 -0.023080077 -0.006435335 0.027284283 0.052582555 0.033161156 0.066531077 0.995845914
1341846317.777923 -0.035739768 -0.007239458 0.037130587 0.050536368 0.032931302 0.064928845 0.996065199
1341846317.810021 -0.053720821 -0.013086647 0.032424007 0.049571451 0.032366559 0.061915275 0.996324003
1341846317.841886 -0.064327225 -0.009011562 0.034322713 0.049467023 0.031455562 0.060533836 0.996443272
1341846317.878017 -0.076725475 -0.010872694 0.032704495 0.046738937 0.032010067 0.055985611 0.996823192
1341846317.909910 -0.075623736 -0.015351943 0.039093927 0.045638230 0.032354590 0.052772183 0.997038364
1341846317.946031 -0.093170114 -0.019210750 0.035622030 0.046699621 0.034290548 0.053105440 0.996906757
1341846317.978041 -0.099236168 -0.023680305 0.038860936 0.048337832 0.032791886 0.053595871 0.996852875
1341846318.009897 -0.100660101 -0.019164216 0.038431376 0.051252436 0.032802816 0.051993281 0.996791780
1341846318.045949 -0.118936375 -0.015157603 0.033129729 0.051468588 0.034819555 0.049738191 0.996827304
1341846318.078074 -0.127438426 -0.015404866 0.027828399 0.050851703 0.032921109 0.050467849 0.996886790
1341846318.109894 -0.130044416 -0.012604019 0.032569494 0.051318090 0.028168978 0.049057487 0.997078836
1341846318.145957 -0.135155961 -0.012212924 0.032682169 0.050545350 0.026211942 0.046552375 0.997291803
1341846318.178001 -0.138070613 -0.013273307 0.034958582 0.049921568 0.025977939 0.044409376 0.997427046
1341846318.214074 -0.158757046 -0.025223762 0.034983084 0.049489677 0.025539048 0.042724203 0.997533500
1341846318.245970 -0.181796387 -0.031383298 0.020114806 0.051809549 0.021155778 0.042534422 0.997526467
1341846318.278018 -0.190457880 -0.032905996 0.020772506 0.055435777 0.016725710 0.043092813 0.997391641
1341846318.313937 -0.199638709 -0.027801884 0.015694009 0.057785824 0.010358235 0.043276761 0.997336745
1341846318.345989 -0.221167073 -0.027721450 0.026993277 0.059597582 0.003309374 0.040958215 0.997376382
1341846318.382046 -0.228351042 -0.031556897 0.015330335 0.061079413 -0.003883760 0.039521508 0.997342587
1341846318.414072 -0.232530892 -0.032243580 0.017476862 0.062571123 -0.010601383 0.041139510 0.997135878
1341846318.446035 -0.234200001 -0.035901871 0.012269808 0.064379930 -0.017497960 0.041437443 0.996911228
1341846318.482196 -0.237868726 -0.033039190 0.015887242 0.066040687 -0.019734461 0.040376782 0.996804357
1341846318.514144 -0.240551263 -0.032940347 0.024389699 0.066212311 -0.021445522 0.041861910 0.996696353
1341846318.546259 -0.248917595 -0.037255161 0.024586922 0.067363739 -0.022400774 0.041708812 0.996604621
1341846318.582042 -0.262218058 -0.036907542 0.011888362 0.068664975 -0.021854274 0.041116629 0.996552527
1341846318.614115 -0.272429526 -0.030938568 0.015051050 0.068980463 -0.022246452 0.040915072 0.996530354
1341846318.650038 -0.278477609 -0.030921623 0.018130757 0.068648472 -0.023042837 0.037803497 0.996658087
1341846318.682350 -0.289339721 -0.034203399 0.021356789 0.068031564 -0.022846555 0.035857864 0.996776819
1341846318.714063 -0.299515516 -0.032625169 0.020575114 0.067848623 -0.023713097 0.034880560 0.996803701
1341846318.749905 -0.302764237 -0.032089613 0.019570002 0.068541884 -0.024464659 0.036127437 0.996693730
1341846318.782036 -0.319788158 -0.032269850 0.008515393 0.070257828 -0.024699602 0.038850430 0.996465981
1341846318.814121 -0.333610535 -0.032555833 0.016113155 0.070398800 -0.029147925 0.037643034 0.996382177
1341846318.850072 -0.331679225 -0.037311684 0.000447299 0.070411801 -0.035687491 0.035696555 0.996240139
1341846318.883516 -0.349644423 -0.037102312 -0.002205368 0.073480628 -0.043584678 0.035786256 0.995700896
1341846318.918047 -0.349701583 -0.034045156 -0.034587089 0.075990185 -0.055887278 0.033458952 0.994978666
1341846318.950044 -0.461605996 -0.069423534 -0.046896711 0.075542375 -0.059404325 0.032221679 0.994849861
1341846318.982028 -0.467556447 -0.070635952 -0.043856129 0.077319659 -0.063014582 0.028515149 0.994604349
1341846319.018123 -0.425016940 -0.041349009 -0.021097157 0.078989409 -0.071039222 0.026115408 0.993998051
1341846319.050745 -0.390709102 -0.078457735 -0.011649705 0.078305714 -0.079225570 0.025125278 0.993458748
1341846319.081905 -0.397705495 -0.060753588 0.010605231 0.084926844 -0.080470838 0.023787579 0.992847383
1341846319.117976 -0.424472749 -0.049466014 0.003709443 0.088225938 -0.077862337 0.027132988 0.992681980
1341846319.150093 -0.420054466 -0.045721028 -0.004183777 0.090107530 -0.083029985 0.035463717 0.991831124
1341846319.186069 -0.407613009 -0.032826677 -0.003698550 0.092465527 -0.085584134 0.035663169 0.991389751
1341846319.218149 -0.409533083 -0.009939147 -0.008575253 0.090559267 -0.080735095 0.034439631 0.992015541
1341846319.250034 -0.424352676 -0.019608669 0.004348792 0.084153228 -0.074015066 0.032755017 0.993160188
1341846319.286594 -0.433013022 -0.034915850 0.000431322 0.080972627 -0.070960939 0.037175767 0.993491828
1341846319.318034 -0.442044824 -0.033363599 0.003716685 0.081862308 -0.070199646 0.040537491 0.993341506
1341846319.350268 -0.456076175 -0.035087217 0.004013024 0.082494177 -0.069199905 0.047014259 0.993073881
1341846319.386163 -0.478173941 -0.038723625 0.002472579 0.083830900 -0.073065907 0.055302460 0.992257714
1341846319.418386 -0.470851332 -0.036373075 -0.018148649 0.084832184 -0.078844301 0.056443114 0.991665840
1341846319.453961 -0.471637338 -0.030838370 -0.016473930 0.086043097 -0.080905885 0.051972922 0.991639853
1341846319.486271 -0.489430189 -0.031340636 -0.018346366 0.085085176 -0.080439501 0.051006742 0.991810620
1341846319.554083 -0.489922255 -0.029418711 -0.009295844 0.079851583 -0.087809399 0.050715387 0.991635621
1341846319.586296 -0.506841421 -0.030365173 -0.008186854 0.080153950 -0.086659081 0.046753425 0.991907120
1341846319.622031 -0.534992456 -0.028155575 0.004195921 0.078608841 -0.089664146 0.044891305 0.991849661
1341846319.653962 -0.536196828 -0.035735317 0.019074373 0.077484168 -0.095546260 0.043792583 0.991437972
1341846319.686352 -0.547946930 -0.037704326 0.016700774 0.079328001 -0.098825164 0.045159101 0.990909338
1341846319.721992 -0.547782540 -0.034374155 -0.015871018 0.080140591 -0.102390192 0.046100151 0.990438521
1341846319.754063 -0.556166708 -0.020402312 -0.029978320 0.078184761 -0.103964850 0.044302899 0.990512788
1341846319.786397 -0.556278825 -0.028554082 -0.022223659 0.072789356 -0.104508772 0.048750155 0.990657866
1341846319.822008 -0.562873662 -0.032389291 -0.035216078 0.068883725 -0.104925424 0.053592231 0.990642965
1341846319.853917 -0.562628388 -0.017400887 -0.002661653 0.065560676 -0.107171938 0.056111950 0.990488470
1341846319.889942 -0.566095889 -0.029460842 -0.001621112 0.061761372 -0.107840374 0.061094292 0.990365326
1341846319.922039 -0.594758511 -0.040093713 -0.016679481 0.061235022 -0.109791458 0.061904665 0.990133286
1341846319.953946 -0.588852763 -0.039477617 -0.011384077 0.061860032 -0.116630316 0.058775369 0.989503026
1341846319.990054 -0.586598158 -0.039775141 -0.010412887 0.064191401 -0.119578660 0.049851138 0.989492416
1341846320.028122 -0.588081598 -0.043068178 -0.016147509 0.065868370 -0.123310179 0.049222358 0.988955557
1341846320.090047 -0.575494230 -0.029391125 -0.007748529 0.072158381 -0.131161690 0.049112961 0.987510860
1341846320.122011 -0.568705797 -0.026328571 -0.004417554 0.073093869 -0.128957227 0.049709763 0.987702489
1341846320.157952 -0.556967139 -0.031176377 0.001258105 0.073001616 -0.127087370 0.050997380 0.987886012
1341846320.190003 -0.537659824 -0.037901655 0.015993863 0.075498149 -0.124645874 0.050078209 0.988056481
1341846320.221941 -0.537612498 -0.035726756 0.009070121 0.079788387 -0.120698705 0.050832205 0.988170862
1341846320.258015 -0.529956460 -0.037126873 0.007004842 0.083939023 -0.119925953 0.053170759 0.987797976
1341846320.289887 -0.516207576 -0.051629551 0.008002102 0.087892786 -0.121271349 0.054293904 0.987228572
1341846320.321954 -0.502910078 -0.048363093 0.007796302 0.097445771 -0.122650400 0.053220168 0.986219466
1341846320.357890 -0.487251729 -0.039062776 0.014391422 0.102913737 -0.122718319 0.054887887 0.985563934
1341846320.390064 -0.475959629 -0.041401763 0.004641548 0.104255565 -0.118830428 0.054804172 0.985903978
1341846320.426544 -0.445252001 -0.038218047 0.036366418 0.107377596 -0.113107949 0.052024756 0.986392438
1341846320.458122 -0.438140601 -0.023474613 0.081948593 0.110181548 -0.106921196 0.049404465 0.986907840
1341846320.490186 -0.418298841 -0.032844737 0.059774950 0.112461619 -0.100236885 0.051476981 0.987246215
1341846320.525911 -0.403015465 -0.032348670 0.058813125 0.116049543 -0.092976198 0.049086835 0.987663090
1341846320.558091 -0.400429517 -0.028650241 0.037927233 0.117072418 -0.088362649 0.045119781 0.988155007
1341846320.594093 -0.381522328 -0.033055156 0.047890171 0.118342824 -0.083975971 0.041027162 0.988564491
1341846320.631955 -0.381725669 -0.024741407 0.055751882 0.121472359 -0.075689226 0.040907212 0.988859057
1341846320.664916 -0.367332280 -0.022952143 0.035994403 0.121049106 -0.073285520 0.038942508 0.989171267
1341846320.699927 -0.342968374 -0.032983720 0.011309363 0.120366484 -0.069681600 0.036190424 0.989619434
1341846320.731822 -0.314332485 -0.027051698 0.055678166 0.123025157 -0.064141318 0.036012545 0.989673555
1341846320.763877 -0.302527606 -0.017491110 -0.004146721 0.120502815 -0.061906736 0.034865227 0.990167141
1341846320.799999 -0.308045238 -0.025214635 -0.019092415 0.112721778 -0.063358292 0.031383343 0.991107762
1341846320.831871 -0.277949363 -0.038705468 -0.000412107 0.114211738 -0.054714013 0.026814591 0.991586149
1341846320.863887 -0.299453139 -0.004033720 -0.019514868 0.114076540 -0.043405175 0.027322061 0.992147207
1341846320.900014 -0.310990989 -0.018495928 -0.005513148 0.106949292 -0.047156505 0.031941541 0.992631733
1341846320.931889 -0.278681070 -0.027743038 -0.003859963 0.107372440 -0.048359554 0.030786753 0.992564678
1341846320.967866 -0.276504457 -0.000632804 -0.003298586 0.108659297 -0.042877827 0.028462367 0.992745936
1341846321.000017 -0.275790870 -0.008673352 -0.006768692 0.101894692 -0.042174406 0.026569268 0.993545592
1341846321.031860 -0.266413182 -0.039649785 -0.006381691 0.098236568 -0.041507401 0.024653332 0.993991375
1341846321.068047 -0.250167876 -0.025689695 0.019869484 0.099960200 -0.038152084 0.021716241 0.994022489
1341846321.099840 -0.248054966 -0.020834822 0.028046070 0.097740516 -0.037006538 0.023132531 0.994254589
1341846321.131821 -0.208894253 -0.031258531 0.038625445 0.097698987 -0.037508078 0.024299258 0.994212031
1341846321.167887 -0.211202070 -0.032076158 0.019137137 0.100085534 -0.032664478 0.024628680 0.994137466
1341846321.200042 -0.205345437 -0.026436061 0.021777585 0.100841545 -0.030243147 0.024810549 0.994133174
1341846321.231950 -0.210605532 -0.039379630 -0.006743465 0.098946787 -0.028281642 0.023279982 0.994418323
1341846321.267939 -0.193746135 -0.034636881 -0.016251676 0.099627897 -0.026605837 0.018174568 0.994502962
1341846321.299948 -0.183138072 -0.038090605 -0.010474762 0.098163433 -0.022530360 0.012624263 0.994835138
1341846321.331858 -0.183978438 -0.043433912 -0.008729862 0.098102316 -0.018986173 0.009040898 0.994954109
1341846321.367913 -0.157592043 -0.047099639 -0.004090338 0.099530146 -0.017496319 0.004580015 0.994870186
1341846321.399897 -0.146098360 -0.042039260 0.006089099 0.101698533 -0.012864387 0.003805035 0.994724810
1341846321.435994 -0.140171140 -0.043540068 0.022121325 0.103444509 -0.009273389 0.003644571 0.994585335
1341846321.467946 -0.133133024 -0.039399795 0.028210342 0.105626501 -0.006821092 0.004053582 0.994374216
1341846321.499882 -0.111738943 -0.040363438 0.026752265 0.106716208 -0.004549572 0.004222343 0.994270146
1341846321.536109 -0.082270190 -0.024451360 0.034266088 0.107815944 -0.000559689 0.002504256 0.994167507
1341846321.568960 -0.099821858 -0.019895330 0.039341494 0.104804873 0.007296245 -0.001622490 0.994464695
1341846321.603938 -0.094743416 -0.027171222 0.036780797 0.101123683 0.009547120 -0.001386377 0.994827092
1341846321.637163 -0.051463425 -0.021459170 0.018267792 0.098578334 0.012039967 -0.001270048 0.995055676
1341846321.668306 -0.072541170 -0.020792028 0.039407916 0.094030149 0.023096101 0.001041712 0.995300889
1341846321.704411 -0.088332713 -0.022947839 0.049726091 0.091119699 0.025663389 0.007838445 0.995478332
1341846321.736861 -0.075444803 -0.021594480 0.048328985 0.089995749 0.022752691 0.016084533 0.995552242
1341846321.771881 -0.059467707 -0.005322525 0.050125401 0.088363126 0.022098372 0.020884734 0.995624125
1341846321.804114 -0.055506088 -0.013698680 0.039904375 0.083211042 0.024715522 0.024712075 0.995918870
1341846321.836152 -0.057613906 -0.009575264 0.041046042 0.080498181 0.027428979 0.024917711 0.996065676
1341846321.871882 -0.058166198 -0.001828929 0.046711121 0.075656839 0.029066693 0.021374376 0.996480942
1341846321.904074 -0.051517058 -0.004481616 0.045053888 0.069029965 0.030340428 0.018250175 0.996986032
1341846321.939847 -0.033417709 -0.003779418 0.059324618 0.065557487 0.031693596 0.015654001 0.997222483
1341846322.004094 -0.051061023 -0.011710846 0.055099852 0.057957318 0.031437602 0.015493758 0.997703671
1341846322.066178 -0.031065784 -0.019968137 0.051584829 0.052831702 0.035233662 0.012741142 0.997900367
1341846322.107979 -0.036766488 -0.034406226 0.056181528 0.050105870 0.037848402 0.011131791 0.997964382
1341846322.166164 -0.036867358 -0.056939911 0.054611590 0.052871794 0.037516717 0.011222692 0.997833192
1341846322.202932 -0.034726076 -0.060271218 0.054753158 0.054281946 0.035075858 0.011605573 0.997841895
1341846322.234093 -0.035010468 -0.062275983 0.051740561 0.053452794 0.033781588 0.009391582 0.997954667
1341846322.265941 -0.036630422 -0.072595954 0.052824851 0.050728191 0.030937742 0.010681432 0.998176038
1341846322.301996 -0.025336249 -0.088537283 0.052044362 0.048406750 0.028454652 0.011412865 0.998357058
1341846322.333949 -0.033796981 -0.102669641 0.045009241 0.047394745 0.026995879 0.011121937 0.998449385
1341846322.369871 -0.023787569 -0.116556406 0.051841032 0.048001446 0.020913022 0.007855088 0.998597383
1341846322.402292 -0.009931712 -0.133194283 0.050356001 0.049689334 0.021682937 0.000838182 0.998528957
1341846322.433955 -0.012049059 -0.157759324 0.069609933 0.054116905 0.023350779 0.000012151 0.998261571
1341846322.470030 -0.015998246 -0.161949754 0.070974648 0.063196138 0.019387862 0.002596419 0.997809410
1341846322.502433 -0.003058677 -0.178502992 0.068694085 0.068709023 0.015570544 0.006082595 0.997496665
1341846322.534002 0.001168206 -0.179780111 0.071703099 0.078211129 0.015312097 0.006951984 0.996794939
1341846322.570196 -0.000499830 -0.202237278 0.069161683 0.086923778 0.015226421 0.008522417 0.996062160
1341846322.601920 -0.006969769 -0.209690973 0.059777718 0.092426129 0.012546011 0.012309503 0.995564401
1341846322.638119 0.009842848 -0.220988080 0.069393530 0.097827785 0.008240878 0.011828515 0.995098889
1341846322.669947 0.017689848 -0.224411011 0.073047534 0.102798507 0.011233686 0.011117218 0.994576633
1341846322.702026 0.004206327 -0.237514466 0.076872088 0.105586313 0.013922565 0.013249028 0.994224370
1341846322.738006 0.008722391 -0.233915865 0.068751305 0.107173063 0.010705777 0.014570628 0.994075954
1341846322.770087 0.017378744 -0.255441964 0.069965348 0.106510520 0.011124225 0.014891458 0.994137824
1341846322.806047 0.008756879 -0.267771125 0.071796328 0.110144846 0.011288205 0.016420832 0.993715763
1341846322.838063 0.003716998 -0.273868710 0.065454923 0.112008452 0.007242166 0.017948883 0.993518770
1341846322.870081 0.009224318 -0.288168460 0.077177182 0.113881312 0.001949002 0.019247713 0.993305981
1341846322.906018 0.022736289 -0.288765281 0.080807306 0.119095884 -0.000208054 0.019262282 0.992695868
1341846322.938349 0.018762376 -0.270220697 0.085688159 0.120958917 0.001176462 0.019605070 0.992463171
1341846322.970069 0.022762707 -0.282628924 0.079231158 0.115105309 0.000296525 0.022324596 0.993102312
1341846323.011820 0.024637215 -0.298026383 0.081430450 0.112382084 0.000809046 0.022236096 0.993415892
1341846323.073951 0.024150698 -0.298593968 0.086352624 0.109841444 0.000561999 0.027071919 0.993580222
1341846323.105962 0.024237294 -0.317955524 0.087135248 0.106283545 0.000743101 0.026861321 0.993972719
1341846323.138158 0.025057780 -0.318860948 0.087048478 0.107159212 0.000758655 0.023196554 0.993970931
1341846323.174092 0.021248231 -0.319388002 0.088139549 0.105388694 0.000378933 0.022234920 0.994182408
1341846323.206059 0.032866936 -0.326585770 0.086731240 0.102432400 -0.000836173 0.019873789 0.994541049
1341846323.238053 0.030828392 -0.326580614 0.090488061 0.100244999 0.002574374 0.017312860 0.994808793
1341846323.273997 0.016461203 -0.331212163 0.088323057 0.095828444 0.003276943 0.018783368 0.995215237
1341846323.305946 0.024059979 -0.340761155 0.090069950 0.090309054 -0.000891844 0.019581331 0.995720863
1341846323.342027 0.052519958 -0.359428257 0.100979954 0.087849438 -0.000636943 0.018021967 0.995970547
1341846323.374048 0.029671779 -0.366592884 0.103511542 0.088160999 0.004052164 0.019518675 0.995906770
1341846323.405987 0.011248245 -0.373349726 0.089609489 0.088523827 0.000867698 0.024311833 0.995776951
1341846323.441956 0.028767971 -0.384424239 0.097496442 0.089444645 -0.004200503 0.026747582 0.995623708
1341846323.473878 0.029247977 -0.405339152 0.093790434 0.092025772 -0.002813162 0.025536660 0.995425165
1341846323.506129 0.028788902 -0.395082802 0.089497857 0.094707623 -0.003136843 0.023677953 0.995218575
1341846323.541972 0.038786490 -0.397277206 0.088703170 0.093083389 -0.003864473 0.021934006 0.995409191
1341846323.573913 0.065213606 -0.412980795 0.093104862 0.093207344 -0.000639012 0.015593848 0.995524406
1341846323.609927 0.044824578 -0.407853395 0.096873157 0.094299957 0.006793268 0.011480735 0.995454490
1341846323.642014 0.029429413 -0.418164164 0.094320849 0.092978157 0.009272289 0.012006586 0.995552599
1341846323.674081 0.029764753 -0.428017914 0.096648596 0.092944920 0.007477317 0.014391308 0.995539188
1341846323.710069 0.030136185 -0.447457045 0.095641971 0.094217278 0.006069340 0.018579580 0.995359778
1341846323.742111 0.031015167 -0.460947812 0.091629885 0.098409876 0.004033432 0.018708277 0.994961917
1341846323.774928 0.033132844 -0.458380193 0.093823947 0.101905331 0.001623856 0.016713303 0.994652390
1341846323.810012 0.036389157 -0.460464060 0.089137644 0.103462227 0.000261864 0.013182447 0.994545996
1341846323.842207 0.037970386 -0.471782327 0.075683065 0.103212804 -0.000006806 0.009346282 0.994615376
1341846323.878019 0.033269770 -0.482274175 0.072622582 0.103615008 -0.000623924 0.005812135 0.994600296
1341846323.909826 0.036509637 -0.494756341 0.074456640 0.106865205 -0.002516356 0.001643425 0.994268954
1341846323.942459 0.030172646 -0.492061764 0.069088370 0.110982694 -0.002127900 0.000693547 0.993819773
1341846323.978055 0.025092866 -0.496251583 0.073441744 0.113226980 -0.004751825 0.002127407 0.993555486
1341846324.015934 0.034917373 -0.499959290 0.069449246 0.116879769 -0.007360088 0.002250536 0.993116260
1341846324.047722 0.037360415 -0.494058192 0.067289829 0.120309018 -0.005880742 0.001503519 0.992717922
1341846324.083904 0.035392359 -0.477237880 0.073276460 0.121314667 -0.004446120 0.000898259 0.992603719
1341846324.115968 0.040893950 -0.477976710 0.068233564 0.118662477 -0.003074320 -0.000532775 0.992929757
1341846324.151967 0.044446338 -0.472058058 0.061672263 0.118120670 -0.000070615 -0.005302122 0.992985070
1341846324.183941 0.033741288 -0.456545651 0.075340979 0.115941480 0.004571393 -0.009525760 0.993199825
1341846324.219984 0.028859338 -0.455701888 0.076007657 0.111495681 0.006437988 -0.008121066 0.993710876
1341846324.251968 0.026782103 -0.455064297 0.077905707 0.110881053 0.006546030 -0.008706687 0.993773997
1341846324.284052 0.024723426 -0.443974942 0.074924722 0.111572757 0.005895119 -0.009378320 0.993694544
1341846324.319880 0.015561168 -0.423270643 0.076533467 0.112002894 0.003334765 -0.011270744 0.993638396
1341846324.351917 0.018365609 -0.407447934 0.085931838 0.108940899 -0.000422074 -0.012294565 0.993972123
1341846324.388001 0.033829600 -0.402874321 0.075425163 0.103305258 -0.001363447 -0.014738946 0.994539559
1341846324.419908 0.022679197 -0.387721628 0.082421966 0.098844200 0.001511642 -0.018151719 0.994936168
1341846324.452027 0.021428732 -0.382238239 0.091227658 0.095486544 0.001997300 -0.018810496 0.995251000
1341846324.487928 0.018480578 -0.377123922 0.091568805 0.093989097 0.001734096 -0.016760325 0.995430648
1341846324.519985 0.006551724 -0.365636259 0.096743464 0.092994682 0.000113328 -0.012218938 0.995591640
1341846324.556001 0.005588414 -0.350251198 0.084201381 0.091127262 -0.004834651 -0.008590060 0.995790482
1341846324.587888 0.010855432 -0.343159497 0.077652887 0.087310188 -0.008109366 -0.006837369 0.996124685
1341846324.620086 0.010682145 -0.330328554 0.088329770 0.085759595 -0.010680411 -0.008297103 0.996224046
1341846324.655955 0.017495370 -0.318029314 0.089794517 0.084739208 -0.012277627 -0.009319125 0.996283948
1341846324.688082 0.011417596 -0.312466323 0.095969141 0.084076494 -0.011627685 -0.008401312 0.996356010
1341846324.755922 -0.004335389 -0.279362410 0.089446574 0.085658669 -0.014204883 -0.004829943 0.996211529
1341846324.814016 0.017816402 -0.240639985 0.091428235 0.081481315 -0.021170180 -0.007244612 0.996423662
1341846324.849979 0.002762963 -0.231675953 0.102102429 0.075685613 -0.016946776 -0.010241492 0.996935070
1341846324.881924 -0.005335206 -0.229406685 0.108865865 0.072553389 -0.018015668 -0.010319589 0.997148395
1341846324.913902 0.002241828 -0.219850600 0.106099956 0.071625695 -0.019886035 -0.006839407 0.997209847
1341846324.949999 -0.000729822 -0.222993016 0.108632937 0.071714230 -0.019773701 -0.003824032 0.997221828
1341846324.981922 -0.013418930 -0.218653038 0.114692673 0.075941622 -0.021668795 -0.000656399 0.996876538
1341846325.018013 -0.011293687 -0.204447702 0.106930748 0.080332130 -0.027042840 0.002589957 0.996397853
1341846325.050079 -0.020544425 -0.189281538 0.100326508 0.082587443 -0.031226771 0.000393261 0.996094346
1341846325.081901 -0.015507014 -0.170472860 0.097038336 0.082134373 -0.036873210 -0.001850391 0.995937169
1341846325.118531 -0.002079025 -0.154816628 0.096276775 0.078375861 -0.039303079 -0.003522689 0.996142566
1341846325.149933 -0.005515034 -0.154838741 0.103346355 0.072227813 -0.036720399 -0.005618480 0.996696115
1341846325.181925 -0.010070854 -0.149834812 0.102334499 0.068914704 -0.035341766 -0.003069716 0.996991575
1341846325.218055 -0.010170161 -0.145068139 0.105780028 0.065986186 -0.035296090 0.001117756 0.997195423
1341846325.249811 -0.014731873 -0.134905979 0.109091103 0.064211354 -0.035056904 0.004541073 0.997310042
1341846325.285925 -0.009424675 -0.125182584 0.108769640 0.061582938 -0.036030829 0.007936710 0.997419834
1341846325.317988 0.000047004 -0.129344985 0.112756245 0.058919657 -0.033926379 0.010266923 0.997633219
1341846325.349844 -0.004141709 -0.131714940 0.119124204 0.061643876 -0.028837811 0.012404379 0.997604370
1341846325.387302 -0.002982615 -0.120109506 0.116899826 0.066578917 -0.026381079 0.015059832 0.997318625
1341846325.417931 0.014277032 -0.109858364 0.122403212 0.069400609 -0.022829918 0.018628299 0.997153580
1341846325.450747 0.026543552 -0.118953496 0.130321175 0.073398978 -0.015724059 0.020575203 0.996966362
1341846325.485954 0.002979229 -0.096960075 0.131723136 0.082948186 -0.006960739 0.022154359 0.996283233
1341846325.517875 -0.000189552 -0.088097520 0.128730804 0.086412258 -0.004342630 0.024562983 0.995947123
1341846325.553859 -0.000839674 -0.080664471 0.127865106 0.089605667 -0.000526977 0.024126003 0.995684922
1341846325.585855 -0.008430011 -0.062485039 0.128611386 0.092417665 0.002871184 0.022203982 0.995468557
1341846325.617990 -0.004584434 -0.041706882 0.128532007 0.090096012 0.003915558 0.021410715 0.995695174
1341846325.653982 -0.010883374 -0.059533533 0.133420736 0.086040005 0.006443396 0.017840536 0.996111095
1341846325.685819 -0.016594155 -0.057919122 0.136667803 0.091745570 0.008413597 0.018525207 0.995574594
1341846325.717857 -0.017329020 -0.040654246 0.141353726 0.096477501 0.009218908 0.025951978 0.994954050
1341846325.754083 -0.019285353 -0.042955380 0.139185250 0.098933347 0.009287652 0.030108932 0.994595051
1341846325.786087 -0.017025888 -0.035518330 0.151495084 0.106042273 0.009919246 0.031375811 0.993816972
1341846325.821856 -0.017280135 -0.019267395 0.146454111 0.109865688 0.011586951 0.033004887 0.993330717
1341846325.853827 -0.031058989 -0.009981204 0.146792486 0.110808127 0.012925440 0.036382679 0.993091524
1341846325.885958 -0.037080258 0.002954567 0.138747558 0.111591555 0.010292761 0.042573761 0.992788374
1341846325.921984 -0.030769989 0.002447983 0.147429794 0.109839134 0.005840645 0.047233418 0.992809296
1341846325.953899 -0.019085813 0.006496549 0.152635053 0.113072760 0.005496932 0.048582189 0.992383003
1341846325.985823 -0.026106358 0.020557348 0.156338096 0.116097309 0.008981168 0.052529439 0.991807163
1341846326.021991 -0.028746637 0.020640053 0.156510174 0.118463732 0.009035151 0.058608767 0.991185963
1341846326.054055 -0.026241036 0.034827244 0.153906286 0.123973481 0.008185631 0.061987724 0.990313649
1341846326.089984 -0.021981392 0.053693164 0.154912829 0.126911774 0.010006092 0.060748946 0.990001440
1341846326.121822 -0.022213684 0.064388946 0.156922400 0.126320168 0.014065078 0.058724366 0.990149856
1341846326.154079 -0.025414422 0.065600738 0.164648205 0.126718119 0.016450414 0.057624578 0.990126908
1341846326.190178 -0.029288653 0.080648229 0.167525977 0.129360840 0.016262818 0.059888858 0.989653766
1341846326.222162 -0.032664757 0.098358944 0.168193758 0.129379287 0.014474809 0.065785177 0.989304721
1341846326.259181 -0.034492683 0.111490488 0.168563172 0.126265809 0.011972505 0.069476351 0.989488065
1341846326.322766 -0.028849175 0.132105246 0.175144166 0.118985474 0.011412922 0.068332620 0.990476072
1341846326.359773 -0.027104728 0.138718277 0.183246598 0.115043141 0.012558224 0.066819407 0.991030991
1341846326.392109 -0.023437560 0.130745828 0.186727345 0.112859309 0.014042711 0.067778975 0.991197050
1341846326.423985 -0.029244840 0.138818488 0.187880814 0.117174394 0.015311927 0.073077127 0.990300655
1341846326.459869 -0.033362065 0.155582815 0.191682845 0.119918257 0.012830027 0.076768681 0.989727974
1341846326.526163 -0.025897041 0.194569379 0.194859087 0.120679043 0.014254133 0.075348817 0.989725173
1341846326.560211 -0.024832340 0.200502306 0.204169214 0.115385853 0.017868614 0.075875439 0.990257382
1341846326.591828 -0.031201538 0.199576005 0.195694044 0.111845940 0.020723492 0.077155523 0.990508914
1341846326.627027 -0.029235892 0.211974084 0.197494537 0.111672319 0.022201698 0.076319411 0.990561306
1341846326.658442 -0.028822238 0.229378223 0.200542986 0.110167935 0.026046520 0.073968738 0.990814388
1341846326.694856 -0.036934368 0.237611562 0.204438359 0.105556890 0.030357966 0.073687591 0.991214573
1341846326.726206 -0.035537209 0.255618513 0.204122245 0.100253433 0.030777421 0.073096134 0.991795838
1341846326.762753 -0.028795108 0.269189388 0.204594582 0.094593354 0.032823257 0.069913805 0.992515385
1341846326.826821 -0.034792062 0.300860405 0.212558001 0.080320902 0.039052926 0.066016242 0.993813515
1341846326.858887 -0.032181464 0.299617648 0.233295262 0.071283728 0.040228672 0.064763248 0.994538069
1341846326.895360 -0.043180380 0.295519769 0.229207963 0.068915449 0.040640265 0.066533968 0.994571388
1341846326.926897 -0.044730768 0.302476555 0.226878181 0.070992738 0.036992297 0.068160184 0.994457543
1341846326.958888 -0.037349854 0.318918973 0.230157062 0.074077412 0.034196083 0.071481772 0.994099319
1341846326.994594 -0.039115086 0.334403694 0.224917665 0.074927926 0.035121068 0.073013879 0.993892014
1341846327.026301 -0.032983590 0.349121302 0.233787641 0.072952323 0.035899438 0.072278336 0.994064867
1341846327.063945 -0.030506682 0.347073913 0.232161552 0.069067761 0.037989505 0.069774337 0.994443536
1341846327.094662 -0.034218408 0.361622244 0.242532343 0.069035769 0.040930666 0.065835401 0.994597614
1341846327.128901 -0.038476534 0.370635092 0.243639901 0.068534113 0.041110195 0.065699741 0.994633913
1341846327.161940 -0.033321530 0.384669304 0.249506086 0.067661673 0.039553829 0.065431677 0.994774401
1341846327.193867 -0.027754944 0.389798731 0.245604724 0.066164434 0.040558770 0.062736914 0.995008230
1341846327.229885 -0.024804603 0.405744433 0.240514547 0.067492031 0.043435238 0.061170183 0.994895160
1341846327.262014 -0.016998921 0.417252034 0.253502101 0.067143112 0.047222503 0.058790211 0.994889736
1341846327.294023 -0.020369280 0.425730079 0.252566963 0.070785791 0.060825627 0.054363780 0.994149983
1341846327.330015 -0.018518675 0.445440173 0.236655653 0.072805919 0.070061490 0.049253985 0.993662298
1341846327.361939 -0.019181484 0.457052648 0.245966733 0.070397727 0.074949436 0.043992501 0.993726015
1341846327.393887 -0.022451017 0.468429029 0.259191990 0.069265157 0.077727720 0.037628300 0.993853509
1341846327.429966 -0.031344675 0.501276910 0.263114661 0.069404714 0.078113668 0.037844144 0.993805349
1341846327.461965 -0.039139479 0.513320863 0.269474149 0.060974874 0.073900625 0.037864562 0.994679332
1341846327.497931 -0.027489727 0.508865178 0.269665390 0.054857757 0.071269982 0.034878038 0.995336533
1341846327.530068 -0.070136786 0.500186980 0.266702026 0.049596079 0.079138063 0.036203764 0.994970679
1341846327.561895 -0.034608547 0.537772357 0.284043491 0.053504769 0.070023358 0.044177085 0.995129287
1341846327.598010 -0.039100647 0.537973523 0.285600603 0.053986039 0.067336813 0.048512615 0.995086849
1341846327.629945 -0.046577420 0.550929248 0.285164118 0.054152157 0.062713705 0.046538386 0.995474100
1341846327.662003 -0.041465089 0.548760533 0.286663055 0.053399045 0.059255280 0.043241918 0.995875239
1341846327.697919 -0.043524273 0.581366181 0.284498066 0.058112711 0.058588114 0.044224408 0.995607615
1341846327.730075 -0.042491652 0.604944110 0.290767044 0.054928236 0.057202715 0.045433812 0.995814502
1341846327.766017 -0.048007756 0.603126168 0.289595008 0.048559103 0.057641204 0.045894321 0.996098995
1341846327.797917 -0.043444522 0.627585113 0.292908341 0.045383662 0.056314893 0.047910035 0.996229708
1341846327.830054 -0.051366583 0.627063215 0.297999591 0.037446678 0.057269875 0.047700360 0.996515214
1341846327.865944 -0.045130264 0.636793971 0.298197597 0.033714171 0.057851378 0.047481660 0.996625364
1341846327.898010 -0.042612165 0.650161207 0.299393594 0.031869881 0.057873670 0.049784750 0.996572375
1341846327.929991 -0.046023361 0.655712605 0.300988197 0.027174443 0.056679066 0.047401305 0.996896267
1341846327.966065 -0.037531950 0.669648588 0.299601048 0.022705592 0.055722479 0.044767939 0.997183681
1341846327.998073 -0.040993400 0.679898143 0.302226275 0.016731365 0.057199869 0.042212158 0.997329593
1341846328.034045 -0.041814163 0.680803120 0.304121733 0.010183906 0.058099698 0.040576145 0.997433841
1341846328.065993 -0.045611463 0.686348855 0.302925855 0.005441766 0.059375066 0.041400716 0.997362018
1341846328.098045 -0.059711628 0.670898497 0.307822347 0.002948888 0.062263742 0.042137716 0.997165442
1341846328.133967 -0.050643437 0.671067715 0.301686764 0.006272084 0.059289310 0.046236575 0.997149765
1341846328.166023 -0.050834764 0.665389001 0.296668559 0.005166601 0.056014504 0.047299605 0.997295558
1341846328.198018 -0.048572980 0.645768940 0.296292007 0.004194085 0.053143099 0.044480175 0.997586966
1341846328.234044 -0.050187580 0.633816063 0.295040756 0.006042279 0.052012820 0.042981461 0.997702718
1341846328.265899 -0.049217675 0.624545872 0.290495306 0.007956545 0.049974918 0.044111673 0.997744143
1341846328.302051 -0.046249717 0.607676625 0.289232254 0.010747494 0.049454466 0.044605676 0.997721910
1341846328.333917 -0.050663993 0.585748553 0.290969700 0.012646423 0.050086312 0.046061896 0.997601986
1341846328.366008 -0.056694172 0.575097978 0.296129882 0.018162576 0.050273702 0.042900514 0.997648299
1341846328.402010 -0.059830684 0.560574710 0.307594806 0.031627063 0.051933676 0.047086552 0.997038364
1341846328.433920 -0.048853554 0.533827662 0.271175236 0.033290938 0.050022975 0.045813557 0.997141182
1341846328.470003 -0.039845884 0.513340175 0.269282043 0.032723594 0.047640607 0.039674524 0.997539699
1341846328.502194 -0.035900667 0.480561435 0.261893094 0.032824934 0.049796481 0.030352091 0.997758269
1341846328.534033 -0.035358243 0.457345903 0.263295829 0.032991223 0.052540537 0.027788984 0.997686744
1341846328.570125 -0.038703978 0.438749701 0.264767259 0.035604022 0.053121481 0.030188022 0.997496426
1341846328.602804 -0.042992368 0.413951337 0.261597335 0.040468521 0.048083927 0.034553185 0.997424841
1341846328.672663 -0.035180561 0.360932112 0.268320590 0.048409212 0.034973416 0.031003984 0.997733533
1341846328.702975 -0.031528667 0.351030976 0.269983053 0.051561177 0.031614743 0.030239798 0.997711122
1341846328.770129 -0.017518271 0.319456249 0.243250072 0.059771873 0.027180456 0.026446585 0.997491419
1341846328.802331 -0.021999490 0.303326100 0.250786632 0.060398579 0.025146268 0.025899891 0.997521341
1341846328.838051 -0.009159635 0.282616049 0.248667717 0.063517652 0.021546558 0.024854543 0.997438490
1341846328.869939 -0.009797772 0.288015813 0.232037544 0.064662553 0.020633224 0.022727694 0.997434974
1341846328.904486 -0.009464175 0.268007189 0.229917303 0.059578728 0.017413534 0.024045561 0.997781992
1341846328.939814 -0.000502375 0.244668424 0.244070187 0.062350761 0.013684303 0.023956938 0.997672915
1341846328.970217 -0.004113047 0.235563830 0.217558727 0.065704994 0.012724462 0.026469961 0.997406781
1341846329.006232 -0.000470569 0.224263415 0.215245426 0.066563979 0.010172052 0.030494349 0.997264206
1341846329.038243 0.003250647 0.204345167 0.217377216 0.069549032 0.009443873 0.030167185 0.997077584
1341846329.106125 0.005977992 0.204357624 0.207023531 0.073535696 0.008925824 0.028918853 0.996833265
1341846329.138340 0.006925033 0.186600134 0.206970140 0.074317403 0.008153661 0.027198246 0.996830344
1341846329.169991 0.011960427 0.185607255 0.199502185 0.076398171 0.006429551 0.026356189 0.996708214
1341846329.208656 0.016594624 0.176382795 0.197574079 0.076676294 0.005009179 0.026054343 0.996702969
1341846329.238169 0.018935664 0.173133820 0.193648413 0.076698378 0.004024626 0.025429092 0.996721864
1341846329.273827 0.015520914 0.156699389 0.179399207 0.074238434 0.003591232 0.025949936 0.996896386
1341846329.306052 0.013577842 0.156766266 0.172309726 0.075055540 0.001419633 0.024844179 0.996868849
1341846329.338104 0.017466458 0.155940205 0.173015088 0.071869485 -0.000604496 0.022595305 0.997157872
1341846329.373907 0.018979374 0.131728679 0.171620011 0.067228332 -0.001480719 0.021609798 0.997502506
1341846329.405985 0.020639997 0.124509022 0.174153864 0.068944134 -0.003040101 0.018410522 0.997446001
1341846329.442057 0.022038378 0.121147566 0.166184425 0.068297625 -0.003647131 0.015268683 0.997541487
1341846329.473950 0.019695908 0.106533974 0.168188915 0.066997103 -0.004524465 0.008933088 0.997702956
1341846329.506147 0.017832316 0.101414286 0.164365634 0.067341894 -0.006324356 0.006253987 0.997690320
1341846329.542121 0.016127735 0.086919807 0.155549273 0.065068573 -0.009106870 0.006066446 0.997820854
1341846329.574086 0.022246907 0.069092572 0.159561694 0.067047089 -0.011879719 0.004720191 0.997667968
1341846329.606387 0.021493578 0.070762269 0.153840601 0.070023619 -0.012055634 0.003359815 0.997466862
1341846329.641955 0.018481955 0.065270349 0.147969142 0.069737747 -0.013231074 0.003842777 0.997470200
1341846329.681570 0.018967625 0.053851474 0.149695843 0.068906263 -0.016349120 0.004243804 0.997480154
1341846329.748113 0.023220986 0.047571227 0.149033368 0.071116678 -0.016480388 0.001368197 0.997330904
1341846329.810175 0.020740788 0.021430466 0.148291394 0.068405695 -0.013133659 0.006149230 0.997552156
1341846329.842255 0.023760956 0.011643291 0.143725097 0.069727488 -0.013318175 0.009869367 0.997428298
1341846329.874044 0.019041527 0.004972234 0.141962379 0.071512245 -0.012886842 0.012705314 0.997275531
1341846329.910073 0.019475352 0.010480106 0.139721408 0.072206542 -0.013524164 0.015097251 0.997183740
1341846329.942009 0.016310636 0.008366328 0.139746740 0.067616314 -0.013673341 0.020532113 0.997406423
1341846329.978087 0.017531574 -0.017696319 0.140297771 0.064795792 -0.014192991 0.021823766 0.997558892
1341846330.016305 0.024010953 -0.009294692 0.137521207 0.067290157 -0.013754517 0.019705469 0.997443974
1341846330.048192 0.014532797 -0.002578201 0.136958495 0.063972473 -0.011537544 0.020663785 0.997671008
1341846330.080418 0.017314099 -0.024708759 0.133049935 0.058676049 -0.011836587 0.022985809 0.997942209
1341846330.115886 0.018141855 -0.039391864 0.135259017 0.061289169 -0.010319735 0.023577761 0.997788131
1341846330.147839 0.012000814 -0.023803707 0.128284022 0.064418279 -0.009772503 0.025174132 0.997557521
1341846330.181257 0.016841540 -0.009668945 0.130628839 0.060254429 -0.011187912 0.029211620 0.997692823
1341846330.215852 0.014819763 -0.029867865 0.129862919 0.052981280 -0.009725050 0.028213922 0.998149455
1341846330.247833 0.010978529 -0.033525471 0.128739506 0.051196877 -0.009026769 0.027069518 0.998280823
1341846330.283913 0.004952374 -0.019391909 0.127503976 0.048601493 -0.009263967 0.026921086 0.998412430
1341846330.316011 0.006574044 -0.036477834 0.129239023 0.041158181 -0.010392903 0.026869759 0.998737216
1341846330.347868 0.005233942 -0.045715868 0.126219764 0.038601708 -0.011988067 0.026035216 0.998843491
1341846330.383835 0.009890673 -0.046822660 0.125788569 0.036977384 -0.012734678 0.026575048 0.998881519
1341846330.415934 0.007408656 -0.061284389 0.130425721 0.035971407 -0.011692299 0.024271552 0.998989582
1341846330.452561 0.002893854 -0.064115107 0.125561759 0.038704462 -0.011968469 0.023542637 0.998901606
1341846330.483903 -0.001149324 -0.058516342 0.119418129 0.039125882 -0.013455500 0.025733164 0.998812258
1341846330.515970 -0.001491002 -0.066051677 0.122146063 0.037479769 -0.015756350 0.029323036 0.998742759
1341846330.552099 0.002363541 -0.068932056 0.120817281 0.038707394 -0.017360693 0.032007653 0.998586953
1341846330.583876 -0.001431085 -0.060963672 0.116334863 0.038662340 -0.017363576 0.031845033 0.998593807
1341846330.619992 -0.010965615 -0.050546512 0.112046108 0.035071101 -0.017785175 0.030755645 0.998753130
1341846330.652136 -0.006736872 -0.059342876 0.112317942 0.027970171 -0.019873930 0.029566616 0.998973727
1341846330.683796 -0.008583898 -0.065427072 0.109973639 0.022913167 -0.019732391 0.028938012 0.999123693
1341846330.719991 -0.013547365 -0.080639377 0.104274362 0.019796481 -0.021762852 0.030254809 0.999109149
1341846330.752103 -0.015393959 -0.081302665 0.098957926 0.021676468 -0.025868028 0.034366675 0.998839259
1341846330.787952 -0.023859777 -0.077445328 0.088111475 0.022918221 -0.029907733 0.037929624 0.998569787
1341846330.819823 -0.018919421 -0.074598685 0.091611959 0.022928476 -0.034627292 0.038564544 0.998392701
1341846330.852208 -0.018735962 -0.072983719 0.092421569 0.022412831 -0.035932273 0.039620787 0.998316944
1341846330.914111 -0.022450034 -0.061616842 0.089000136 0.013680982 -0.039197724 0.039437734 0.998359203
1341846330.949903 -0.027600812 -0.075554229 0.090236783 0.009915759 -0.039890006 0.039388012 0.998378217
1341846330.981986 -0.035358142 -0.074485846 0.080791011 0.010942268 -0.043960083 0.039839935 0.998178601
1341846331.014111 -0.030698713 -0.067968227 0.081375591 0.010836164 -0.048444584 0.040188748 0.997958183
1341846331.082139 -0.031647123 -0.072031677 0.073526233 0.012417040 -0.051395267 0.037192326 0.997908354
1341846331.114334 -0.032958318 -0.068676412 0.070298031 0.012246335 -0.053522859 0.037400369 0.997790813
1341846331.149989 -0.032307636 -0.077786081 0.072928391 0.012086660 -0.054338161 0.035945583 0.997802198
1341846331.181954 -0.035500888 -0.076196656 0.066860542 0.015548832 -0.054575779 0.035022680 0.997774124
1341846331.218151 -0.048161361 -0.056189749 0.058143258 0.016614297 -0.056658272 0.035466935 0.997625113
1341846331.249914 -0.034075230 -0.067483783 0.065855995 0.013665146 -0.059537727 0.034671284 0.997530162
1341846331.318141 -0.027757199 -0.064005509 0.065924093 0.024518726 -0.049994484 0.030223634 0.997990966
1341846331.349926 -0.023065332 -0.064359419 0.066583566 0.023224343 -0.047826771 0.029432364 0.998151779
1341846331.382003 -0.016432170 -0.084049009 0.063578203 0.025062507 -0.039763696 0.025904343 0.998558819
1341846331.418008 -0.010198359 -0.069810830 0.082174815 0.032827869 -0.031213935 0.028321762 0.998571932
1341846331.450327 -0.012813796 -0.062639944 0.087237284 0.034984063 -0.026581857 0.028378783 0.998631179
1341846331.486219 -0.025806827 -0.057881467 0.087103792 0.035221506 -0.023579203 0.028849103 0.998684764
1341846331.518344 -0.012291966 -0.060594659 0.089394808 0.033799693 -0.024017505 0.028347831 0.998737812
1341846331.550202 -0.005197820 -0.068004712 0.100483894 0.035629276 -0.019621329 0.027192842 0.998802364
1341846331.586139 -0.018747667 -0.054830246 0.102207489 0.038596507 -0.017169084 0.027122410 0.998739183
1341846331.617931 -0.011567115 -0.052517962 0.108781204 0.037661791 -0.017727422 0.027302045 0.998760223
1341846331.654027 -0.001704755 -0.059472054 0.122376844 0.037873261 -0.015809063 0.028146684 0.998760998
1341846331.686123 -0.012185523 -0.049417671 0.121272318 0.040616598 -0.012075745 0.029360248 0.998670340
1341846331.717954 -0.018587921 -0.036669336 0.130552098 0.038405821 -0.012764131 0.028882166 0.998763204
1341846331.754076 -0.001601894 -0.051604394 0.147522822 0.035151869 -0.013475939 0.028523104 0.998883963
1341846331.785920 -0.004327132 -0.052293032 0.153384849 0.037948530 -0.010127901 0.026818421 0.998868406
1341846331.818053 -0.010636998 -0.040180825 0.163863227 0.039092012 -0.008044202 0.027335279 0.998829246
1341846331.853849 -0.005158356 -0.049693782 0.174144819 0.037111975 -0.008192913 0.026624914 0.998922765
1341846331.885987 -0.000382172 -0.048621044 0.182232231 0.040307228 -0.005712314 0.024389675 0.998873293
1341846331.922014 -0.004656436 -0.041583151 0.196875095 0.042443361 -0.002081328 0.023241226 0.998826385
1341846331.954037 0.004932568 -0.039018404 0.209132269 0.042485781 -0.000151184 0.024339346 0.998800576
1341846331.986135 0.014369021 -0.053855028 0.225910157 0.043815114 0.004727480 0.026434673 0.998678744
1341846332.022364 0.000048043 -0.057099611 0.236098632 0.050455224 0.010793041 0.025985951 0.998329878
1341846332.054175 -0.003278685 -0.051104449 0.245153636 0.056957681 0.011182332 0.027727334 0.997928917
1341846332.086502 0.000133641 -0.045644470 0.260722280 0.060075767 0.010848231 0.029973103 0.997684777
1341846332.122051 -0.003439002 -0.041121542 0.268889427 0.062116686 0.012122708 0.027546592 0.997615039
1341846332.153983 -0.008466514 -0.026024606 0.282683015 0.061190736 0.011816345 0.026270974 0.997710347
1341846332.190165 -0.011395526 -0.025361061 0.295787513 0.054912485 0.010580969 0.023931226 0.998148263
1341846332.254145 -0.008128411 -0.046053641 0.320775390 0.053663492 0.010403791 0.021968655 0.998263180
1341846332.289948 -0.011821887 -0.039542202 0.333955228 0.056119181 0.010353445 0.023961712 0.998082817
1341846332.322172 -0.010729809 -0.040650088 0.345644683 0.056774348 0.009766526 0.025828805 0.998005092
1341846332.354003 -0.000085907 -0.045146711 0.355180293 0.058975656 0.010887464 0.023535868 0.997922599
1341846332.390180 -0.002666040 -0.033949282 0.367135465 0.061107576 0.015749220 0.020534124 0.997795641
1341846332.422055 -0.006082801 -0.034301624 0.375109345 0.058939219 0.018156147 0.017018352 0.997951388
1341846332.458114 -0.002318194 -0.038020588 0.385489315 0.058174819 0.020437876 0.013201137 0.998009920
1341846332.489993 -0.012773020 -0.032505240 0.396243066 0.059432723 0.023041006 0.014714078 0.997857928
1341846332.522130 -0.019928718 -0.022440713 0.423122168 0.059693903 0.019542659 0.020366013 0.997817636
1341846332.558114 -0.013625779 -0.028511859 0.424641132 0.059134502 0.013403615 0.027928641 0.997769237
1341846332.589874 -0.006983758 -0.017374951 0.426406443 0.059544597 0.010405408 0.032207798 0.997651696
1341846332.621889 -0.003715695 -0.008613888 0.431326509 0.056005944 0.010078834 0.032882269 0.997837901
1341846332.658202 -0.000911884 -0.016636098 0.442075163 0.051368937 0.010720287 0.031473134 0.998126149
1341846332.690001 0.002809407 -0.013388764 0.451676667 0.049674056 0.011168687 0.033662174 0.998135567
1341846332.726000 0.001678730 -0.020258943 0.458679974 0.047911763 0.010178909 0.037841789 0.998082578
1341846332.758386 0.003681268 -0.015631180 0.475360900 0.049102701 0.008007985 0.038739603 0.998010039
1341846332.789937 0.012228730 -0.008347522 0.478072941 0.048739597 0.008201427 0.037085261 0.998089135
1341846332.825925 0.016163347 -0.008208156 0.492160887 0.046530679 0.010403025 0.035929199 0.998216271
1341846332.857898 0.015080376 -0.012609925 0.505885243 0.047104396 0.011402052 0.035924431 0.998178661
1341846332.894069 0.014437959 0.001357600 0.514141500 0.047941647 0.011400930 0.036290675 0.998125553
1341846332.926029 0.022295907 0.007562730 0.525112748 0.044851147 0.011323981 0.033556882 0.998365700
1341846332.958015 0.027177598 0.007611699 0.531299353 0.041816499 0.013116519 0.031847272 0.998531461
1341846332.994073 0.029001683 0.010689940 0.540081084 0.039134372 0.014245591 0.030525338 0.998665988
1341846333.026545 0.032198660 0.011338785 0.548124552 0.036514413 0.015485353 0.028064149 0.998818934
1341846333.057998 0.041704651 0.013117149 0.557311058 0.035724327 0.016821530 0.028319107 0.998818696
1341846333.094024 0.039576076 0.014066976 0.564648092 0.035922401 0.019208975 0.030720774 0.998697519
1341846333.126095 0.048105262 0.017689146 0.561172783 0.036386702 0.020564966 0.032409169 0.998600423
1341846333.161973 0.057560578 0.029078227 0.586699903 0.036802098 0.022105712 0.034142654 0.998494506
1341846333.195660 0.057119504 0.025325418 0.591211617 0.033611156 0.024201978 0.036396530 0.998478770
1341846333.226331 0.059281968 0.030188270 0.600402355 0.032830473 0.024869738 0.035564777 0.998518288
1341846333.262056 0.062156223 0.039540619 0.607724845 0.030583281 0.025123583 0.033954270 0.998639345
1341846333.294147 0.062650822 0.034690231 0.613903582 0.026606709 0.025144387 0.033199538 0.998778045
1341846333.326100 0.066524535 0.036929555 0.618132889 0.025129003 0.023549886 0.031846952 0.998899221
1341846333.362100 0.067930229 0.044178244 0.620048940 0.022485984 0.022911204 0.030264599 0.999026239
1341846333.394119 0.066418938 0.036919594 0.626771033 0.018399069 0.022231832 0.030235784 0.999126136
1341846333.429974 0.063592598 0.035809942 0.618858576 0.017139386 0.020486023 0.030191131 0.999187171
1341846333.462115 0.062775880 0.032364931 0.619839549 0.016289325 0.021388784 0.028793531 0.999223769
1341846333.494040 0.068369523 0.032184962 0.619415700 0.017282309 0.021253347 0.027535832 0.999245405
1341846333.529953 0.075724117 0.034755718 0.621117175 0.018649165 0.021415420 0.027581129 0.999216139
1341846333.562063 0.072291158 0.038085073 0.627736926 0.019716764 0.024430646 0.028540025 0.999099553
1341846333.594090 0.062509932 0.045043692 0.629499435 0.019133998 0.025007846 0.029601865 0.999065697
1341846333.629994 0.062555499 0.046121847 0.626125395 0.015509886 0.022314671 0.028821340 0.999215066
1341846333.662127 0.065254897 0.044751473 0.624962032 0.012317247 0.020936923 0.028149989 0.999308527
1341846333.697964 0.067619078 0.038056940 0.623846352 0.009808898 0.020667709 0.028752470 0.999324739
1341846333.730092 0.067479879 0.035353553 0.620908737 0.012168476 0.021025879 0.029563487 0.999267697
1341846333.762089 0.066028506 0.039545193 0.615853369 0.014495200 0.021788377 0.031141071 0.999172330
1341846333.798006 0.064386114 0.034933835 0.611176729 0.015189014 0.022505317 0.030865280 0.999154747
1341846333.830055 0.065876260 0.033583373 0.607729614 0.017696086 0.023574874 0.028909659 0.999147296
1341846333.866045 0.062370632 0.036875211 0.604143381 0.019333592 0.025073109 0.027571527 0.999118268
1341846333.897987 0.064438164 0.029649589 0.600190699 0.020117760 0.024318475 0.026508374 0.999150217
1341846333.930099 0.063271329 0.028734582 0.595152855 0.023182103 0.025228783 0.025166109 0.999095976
1341846333.965889 0.061896503 0.028857302 0.588661194 0.025420478 0.026144227 0.025238821 0.999016166
1341846333.997985 0.058802918 0.023411486 0.583587885 0.027718373 0.027506806 0.024735203 0.998931050
1341846334.030076 0.056443971 0.025417734 0.575693488 0.030957704 0.028853137 0.025911393 0.998768091
1341846334.066000 0.053440820 0.023636859 0.569558561 0.032518208 0.028566817 0.027376134 0.998687625
1341846334.097932 0.052396260 0.022519462 0.561378419 0.034259237 0.028563205 0.026728615 0.998647094
1341846334.133884 0.047243156 0.020598408 0.555743456 0.035444573 0.029952871 0.027434902 0.998545885
1341846334.166115 0.041208081 0.022591777 0.549815834 0.036072191 0.029047130 0.028356642 0.998524368
1341846334.198072 0.039199993 0.019682050 0.544644237 0.036394026 0.027426500 0.027252343 0.998589277
1341846334.234097 0.040571954 0.020764191 0.532908440 0.036762841 0.027776811 0.025914833 0.998601675
1341846334.266045 0.034361314 0.018337145 0.527692199 0.036636587 0.029692903 0.026472583 0.998536587
1341846334.297946 0.026523363 0.018831767 0.521538496 0.037848383 0.028793657 0.028038401 0.998474956
1341846334.334036 0.027432194 0.020710591 0.513170719 0.038471241 0.026840858 0.028356226 0.998496592
1341846334.365871 0.028713448 0.021371793 0.504085660 0.037908055 0.026560323 0.026754523 0.998569846
1341846334.401845 0.025378678 0.020751588 0.497468233 0.036610082 0.027550781 0.025690356 0.998619378
1341846334.433864 0.016948195 0.015138134 0.491027951 0.036206514 0.027214317 0.026141498 0.998631597
1341846334.466105 0.017733164 0.019189607 0.481196254 0.037209798 0.025140805 0.027164539 0.998621762
1341846334.502142 0.009277304 0.021001976 0.476428837 0.036367897 0.024534293 0.027420176 0.998660922
1341846334.540153 0.011230717 0.017410997 0.462514341 0.035305422 0.022897961 0.026285918 0.998768389
1341846334.602351 0.001239514 0.026654208 0.448134750 0.031452671 0.019527216 0.019090910 0.999132097
1341846334.670161 -0.007201208 0.021734511 0.424450040 0.025931878 0.018102726 0.013534597 0.999408185
1341846334.702085 -0.019658439 0.019928653 0.421002299 0.024921648 0.016668867 0.012107586 0.999477148
1341846334.734751 -0.021440810 0.021265276 0.414370418 0.025301887 0.014111608 0.013782353 0.999485254
1341846334.770889 -0.024673617 0.020440260 0.402749032 0.025160626 0.012592247 0.016761381 0.999463558
1341846334.802194 -0.032072235 0.019211443 0.391037613 0.024603324 0.010746931 0.016812423 0.999498129
1341846334.833908 -0.028530547 0.019829113 0.380794942 0.024212813 0.008588612 0.015545085 0.999549091
1341846334.869874 -0.028797965 0.021731341 0.368770719 0.022646852 0.007839441 0.015554477 0.999591768
1341846334.902006 -0.037742514 0.020863857 0.361983478 0.021069607 0.006601397 0.016399859 0.999621689
1341846334.938010 -0.039338503 0.016022306 0.355632693 0.020188076 0.003629192 0.015355209 0.999671698
1341846334.970032 -0.034398828 0.017700449 0.345834345 0.020579008 0.002081740 0.014869749 0.999675453
1341846335.002203 -0.041519959 0.013037073 0.339683056 0.021630729 0.002889861 0.016313549 0.999628723
1341846335.037880 -0.052285373 0.013205625 0.323524833 0.024289170 0.000679508 0.018224047 0.999538600
1341846335.069990 -0.046882730 0.018720722 0.316474229 0.024928434 -0.002788375 0.018152624 0.999520540
1341846335.106038 -0.042921547 0.016230440 0.303949147 0.024963027 -0.001918899 0.016268257 0.999554157
1341846335.138045 -0.053678185 0.013175920 0.298057795 0.026493009 -0.000049178 0.015509866 0.999528646
1341846335.169900 -0.057664741 0.016882122 0.281513780 0.026886428 -0.002721419 0.015740842 0.999510825
1341846335.206091 -0.055407226 0.014768850 0.273393780 0.026045889 -0.005299559 0.014280184 0.999544740
1341846335.239365 -0.051878422 0.010840984 0.265848249 0.025733037 -0.004569699 0.011889170 0.999587715
1341846335.269948 -0.056564149 0.008594648 0.253474265 0.027184103 -0.003113201 0.010593901 0.999569476
1341846335.305972 -0.063698150 0.009941365 0.244482815 0.029295508 -0.004174812 0.011806202 0.999492347
1341846335.338012 -0.059347384 0.008272612 0.236359179 0.030732248 -0.006024203 0.013114931 0.999423444
1341846335.374005 -0.052750692 -0.000203645 0.226520553 0.034446869 -0.004718309 0.013533822 0.999303758
1341846335.406025 -0.057050668 0.000065945 0.212504238 0.040958468 -0.002042083 0.015302015 0.999041617
1341846335.438079 -0.061169229 0.008596297 0.204110458 0.046949297 -0.000984324 0.019307559 0.998710215
1341846335.473998 -0.057285290 0.013902180 0.189499602 0.049275082 0.000243749 0.020298922 0.998578906
1341846335.507038 -0.057508532 0.017933581 0.180844218 0.050497353 0.002737893 0.018445605 0.998550117
1341846335.538040 -0.064191014 0.024626851 0.174279213 0.050263040 0.005441162 0.016530372 0.998584390
1341846335.574119 -0.068764895 0.026283778 0.162948921 0.047796503 0.005538943 0.016837213 0.998699844
1341846335.605970 -0.068923183 0.020467479 0.156318486 0.045927815 0.004697179 0.016223390 0.998802006
1341846335.641978 -0.061495945 0.013850614 0.139471576 0.046106368 0.005549903 0.013495098 0.998829961
1341846335.673993 -0.067097619 0.017250555 0.130434960 0.046088781 0.006605858 0.013280114 0.998827219
1341846335.706178 -0.070284329 0.018060431 0.122112624 0.045634653 0.005264302 0.014191704 0.998843551
1341846335.741982 -0.071692869 0.018687997 0.111610390 0.046430800 0.004827304 0.013598219 0.998817265
1341846335.773960 -0.077736810 0.022785967 0.100968122 0.046811998 0.005839991 0.012862897 0.998803854
1341846335.806271 -0.074397929 0.026023217 0.092907071 0.044860668 0.004675210 0.013694773 0.998888433
1341846335.842031 -0.071931362 0.020451879 0.083756730 0.042370304 0.005153109 0.014026092 0.998990238
1341846335.873966 -0.072128288 0.019400718 0.073630117 0.043212380 0.006723126 0.013307934 0.998954654
1341846335.910005 -0.080676347 0.023988687 0.060036376 0.043049857 0.007043450 0.015226347 0.998932064
1341846335.941936 -0.081551202 0.022735953 0.051252525 0.041829970 0.004886468 0.016247999 0.998980641
1341846335.974198 -0.083615229 0.027911741 0.045215353 0.042126954 0.004449004 0.013188184 0.999015331
1341846336.010032 -0.086125508 0.027499039 0.029586511 0.041890845 0.004534550 0.011823740 0.999041975
1341846336.042129 -0.093371727 0.023906222 0.014579822 0.040428940 0.003721156 0.012173685 0.999101341
1341846336.078076 -0.093392886 0.020612461 0.005534421 0.040161114 0.001751041 0.011454850 0.999126017
1341846336.110739 -0.093854740 0.021484986 -0.000090824 0.040745206 0.001400739 0.009900985 0.999119580
1341846336.142002 -0.097664073 0.025131818 -0.014527798 0.040970068 0.001524538 0.011000193 0.999098659
1341846336.183953 -0.102059446 0.031238094 -0.020865703 0.040890537 -0.001040110 0.012073230 0.999090135
1341846336.241891 -0.104473017 0.029938929 -0.035531472 0.038895942 -0.001634768 0.011251099 0.999178588
1341846336.277946 -0.111389078 0.020417660 -0.056733023 0.038535058 -0.000912170 0.012470522 0.999179006
1341846336.309977 -0.100666389 0.020981729 -0.084172703 0.040984277 -0.004465486 0.016864458 0.999007463
1341846336.346143 -0.112638734 0.026544273 -0.077651598 0.043379180 -0.004880349 0.016487485 0.998910725
1341846336.377975 -0.111364998 0.027037820 -0.082541995 0.044128004 -0.004924961 0.015855514 0.998887956
1341846336.410032 -0.113952652 0.028495496 -0.099598818 0.044914242 -0.004055669 0.016217163 0.998850942
1341846336.446041 -0.116765112 0.033237528 -0.110754900 0.044866588 -0.004432307 0.015709817 0.998859644
1341846336.477990 -0.122966118 0.031109886 -0.104677975 0.043741774 -0.004143709 0.014843686 0.998923957
1341846336.510056 -0.126839355 0.028844398 -0.106726006 0.043940112 -0.003280090 0.015369380 0.998910546
1341846336.546024 -0.126102030 0.027259853 -0.118827157 0.044817403 -0.003373335 0.017154772 0.998842180
1341846336.578003 -0.126530364 0.034038313 -0.135784805 0.044805653 -0.003771653 0.019155672 0.998804927
1341846336.614020 -0.125803530 0.033939943 -0.135906383 0.044439100 -0.003134457 0.017480956 0.998854220
1341846336.645982 -0.131083965 0.044930257 -0.136342674 0.044080760 -0.001712629 0.018157311 0.998861492
1341846336.678036 -0.136808142 0.035823431 -0.144972965 0.041341200 -0.003573106 0.019010810 0.998957813
1341846336.714024 -0.134245634 0.032830056 -0.136627570 0.043126222 -0.005989865 0.018774128 0.998875260
1341846336.746016 -0.141197696 0.024661193 -0.149899736 0.046250515 -0.007608347 0.020990072 0.998680353
1341846336.778014 -0.144570783 0.035581224 -0.156667680 0.049574852 -0.011644197 0.024285967 0.998407185
1341846336.820006 -0.144321382 0.040199980 -0.159118205 0.050116129 -0.015679799 0.026973236 0.998255968
1341846336.882056 -0.150846690 0.038649790 -0.170692846 0.052803989 -0.017517565 0.025360143 0.998129129
1341846336.914273 -0.167303845 0.036080323 -0.152632549 0.055271018 -0.021560488 0.027958695 0.997846961
1341846336.945998 -0.153939709 0.033798534 -0.192007765 0.061310567 -0.028205030 0.028557770 0.997311354
1341846336.981980 -0.146391511 0.050626121 -0.185389295 0.065497220 -0.032157980 0.027130088 0.996965349
1341846337.014238 -0.123753019 0.077891573 -0.178987086 0.063768014 -0.035830867 0.024890507 0.997010648
1341846337.046017 -0.154701248 0.054542191 -0.184566885 0.060351755 -0.036217473 0.020837978 0.997302234
1341846337.082104 -0.157849580 0.055026006 -0.193689063 0.059598964 -0.036465973 0.017747041 0.997398257
1341846337.114317 -0.163923770 0.052732281 -0.194831178 0.057676617 -0.038380761 0.017203808 0.997448921
1341846337.150037 -0.158526286 0.051041391 -0.194568768 0.056036700 -0.040538978 0.016132278 0.997474909
1341846337.181873 -0.153699979 0.051986802 -0.197029799 0.055583552 -0.040679384 0.013213923 0.997537494
1341846337.214073 -0.160609722 0.061756264 -0.203120753 0.053693272 -0.038782030 0.010825471 0.997745335
1341846337.250087 -0.180769652 0.048228644 -0.212287620 0.050390169 -0.038883492 0.011308003 0.997908354
1341846337.282028 -0.175589293 0.053101629 -0.205376104 0.051922735 -0.043590657 0.014962132 0.997587085
1341846337.317920 -0.156511009 0.053132717 -0.213801071 0.051270075 -0.046432149 0.016599793 0.997466743
1341846337.350018 -0.148808375 0.055390261 -0.221194774 0.049825978 -0.046278477 0.016141139 0.997554541
1341846337.382159 -0.161901221 0.051049881 -0.214297414 0.047026191 -0.045008432 0.013861704 0.997782886
1341846337.417941 -0.164423451 0.044056114 -0.217256188 0.047554739 -0.044291560 0.014308169 0.997783601
1341846337.450137 -0.166702896 0.051586017 -0.230270430 0.048395526 -0.045952845 0.015123301 0.997655988
1341846337.482096 -0.160220921 0.047859877 -0.227394834 0.046601016 -0.046712637 0.016547769 0.997683525
1341846337.518008 -0.161416441 0.041972972 -0.229714707 0.047284424 -0.047204174 0.016739449 0.997625053
1341846337.549978 -0.165631458 0.053673670 -0.235853016 0.048247121 -0.047391571 0.013966785 0.997612715
1341846337.585971 -0.164050788 0.047646675 -0.232780680 0.045104884 -0.047963720 0.013335117 0.997741044
1341846337.617903 -0.162104368 0.033105358 -0.232571870 0.045592736 -0.048622146 0.013942396 0.997678697
1341846337.650141 -0.159491569 0.049334109 -0.232535139 0.048976272 -0.049070448 0.013561244 0.997501612
1341846337.686352 -0.160521507 0.052902944 -0.230982155 0.047467064 -0.048844285 0.013962123 0.997580171
1341846337.718002 -0.157512024 0.051970955 -0.222124726 0.045552526 -0.048430026 0.013787241 0.997692049
1341846337.749920 -0.154677451 0.055536091 -0.219828576 0.045534492 -0.046592519 0.012790730 0.997793674
1341846337.786157 -0.152446300 0.061769228 -0.220623851 0.042581040 -0.044061579 0.013182329 0.998033881
1341846337.817945 -0.148742735 0.055734515 -0.213813141 0.039846107 -0.042230498 0.014785330 0.998203516
1341846337.854071 -0.148375660 0.061006557 -0.207705200 0.039000779 -0.038901567 0.014270149 0.998379648
1341846337.885951 -0.153354988 0.066257283 -0.207207978 0.036024597 -0.036180891 0.012393066 0.998618841
1341846337.918223 -0.149757639 0.066227056 -0.199105501 0.031853236 -0.035164978 0.009983574 0.998823881
1341846337.954120 -0.149774641 0.061357625 -0.194104597 0.029205468 -0.033658382 0.009651241 0.998959959
1341846337.985994 -0.148327619 0.070373453 -0.188901275 0.027038746 -0.032861281 0.009479063 0.999049127
1341846338.018107 -0.144237578 0.066245489 -0.176333398 0.023387196 -0.031437252 0.010625281 0.999175608
1341846338.054055 -0.143362746 0.072216243 -0.175871074 0.021454068 -0.030032950 0.009634874 0.999272168
1341846338.085986 -0.138540640 0.068800539 -0.166080043 0.017689155 -0.027145628 0.009963798 0.999425292
1341846338.121875 -0.137971178 0.063208058 -0.155083701 0.015384134 -0.024857799 0.011595605 0.999505341
1341846338.154089 -0.141691625 0.064191200 -0.150120661 0.014656168 -0.024019891 0.014846309 0.999493778
1341846338.186029 -0.138085395 0.066239543 -0.141665787 0.013603707 -0.024647545 0.016958695 0.999459743
1341846338.222071 -0.130811572 0.070527732 -0.131406903 0.012597793 -0.023904759 0.016308298 0.999501824
1341846338.254107 -0.132633075 0.065736219 -0.121609665 0.010542442 -0.021737438 0.016858406 0.999565959
1341846338.290130 -0.130018622 0.063887089 -0.111425161 0.010852416 -0.021926345 0.018815387 0.999523640
1341846338.321952 -0.128806412 0.069547683 -0.103387408 0.011186176 -0.021042006 0.020623675 0.999503255
1341846338.354022 -0.126707062 0.067382284 -0.093070820 0.010403568 -0.020543018 0.020878904 0.999516785
1341846338.389969 -0.127470627 0.075458661 -0.085252635 0.010609125 -0.019551016 0.021194935 0.999527872
1341846338.422377 -0.127049893 0.072839580 -0.074043959 0.008664457 -0.019237682 0.021308366 0.999550283
1341846338.454010 -0.125742272 0.075274244 -0.068369389 0.007722360 -0.019686559 0.020537164 0.999565423
1341846338.489894 -0.123797439 0.072219938 -0.054340649 0.005709763 -0.020097004 0.020892961 0.999563396
1341846338.522066 -0.120798610 0.071247637 -0.043150857 0.006513350 -0.020027738 0.020449201 0.999569058
1341846338.558058 -0.124668084 0.078644805 -0.043616533 0.006237182 -0.019509815 0.019370226 0.999602556
1341846338.589842 -0.117344812 0.076358803 -0.028774656 0.004084480 -0.020364175 0.019217076 0.999599576
1341846338.622019 -0.111750454 0.070883505 -0.013400932 0.004334670 -0.019747581 0.020959988 0.999575913
1341846338.657984 -0.116949193 0.081298284 -0.007600863 0.005427273 -0.019400477 0.022372320 0.999546707
1341846338.690198 -0.113099724 0.083643012 0.000886030 0.003751540 -0.020175625 0.021385089 0.999560714
1341846338.722454 -0.103041224 0.078009538 0.017733101 0.002543988 -0.019878333 0.022464255 0.999546766
1341846338.757945 -0.112204410 0.083889708 0.021944359 0.003061901 -0.019020742 0.023818368 0.999530613
1341846338.790039 -0.106980152 0.084390059 0.035344578 0.000884853 -0.021579031 0.024326338 0.999470711
1341846338.826048 -0.096742801 0.082760550 0.053323481 0.001269950 -0.021426672 0.022755001 0.999510586
1341846338.858027 -0.104030266 0.088438228 0.050184626 0.001420183 -0.018875696 0.021849236 0.999582052
1341846338.889902 -0.102549732 0.089010395 0.064500220 -0.001071336 -0.019951576 0.021521747 0.999568701
1341846338.925948 -0.091665432 0.084330201 0.078784898 -0.002102340 -0.020250911 0.020123281 0.999590158
1341846338.958108 -0.089389518 0.083209351 0.088403083 -0.002190289 -0.018399997 0.019313687 0.999641716
1341846338.990057 -0.089168869 0.082390800 0.103861324 -0.001710159 -0.018275397 0.020396760 0.999623477
1341846339.025928 -0.082184337 0.081542253 0.117201075 0.000440845 -0.017851792 0.020576954 0.999628782
1341846339.057939 -0.081127487 0.086989954 0.120126441 0.003381567 -0.015249955 0.020468950 0.999668479
1341846339.093927 -0.088508688 0.095694453 0.124714412 0.002826878 -0.015082532 0.021400956 0.999653220
1341846339.126562 -0.079928763 0.101511866 0.138749704 0.000202636 -0.016869796 0.020319555 0.999651194
1341846339.157969 -0.075065240 0.100095801 0.153770834 -0.002319744 -0.014206508 0.017930480 0.999735594
1341846339.194113 -0.077934392 0.101003438 0.156360283 -0.004458867 -0.012861389 0.019055266 0.999725759
1341846339.228165 -0.078354210 0.106063791 0.167138264 -0.007533882 -0.014609856 0.020892609 0.999646604
1341846339.257998 -0.068021484 0.103673257 0.185672596 -0.010452596 -0.014889330 0.022322960 0.999585271
1341846339.294132 -0.068484165 0.106461748 0.188226610 -0.010320499 -0.012171708 0.022925794 0.999609768
1341846339.326577 -0.074483834 0.114647903 0.187626362 -0.013450271 -0.013225511 0.025660226 0.999492705
1341846339.362269 -0.063565016 0.110547632 0.203312337 -0.018218691 -0.016502695 0.024381254 0.999400437
1341846339.394725 -0.056047961 0.111185811 0.218939871 -0.019100865 -0.014995137 0.023622088 0.999426007
1341846339.462186 -0.052484203 0.111017421 0.237623468 -0.022596946 -0.015766276 0.023676116 0.999339879
1341846339.496743 -0.042318113 0.109592885 0.245933995 -0.019926585 -0.012632947 0.021068737 0.999499619
1341846339.562052 -0.045302235 0.108321741 0.259316146 -0.018942989 -0.009100562 0.023271525 0.999508262
1341846339.595122 -0.032659821 0.107075661 0.278054386 -0.017081304 -0.009661879 0.023227643 0.999537587
1341846339.632085 -0.033165984 0.110337675 0.284474760 -0.015367754 -0.005516253 0.020444138 0.999657631
1341846339.664568 -0.029481905 0.112112716 0.293984771 -0.014892537 -0.003071349 0.018543445 0.999712408
1341846339.698896 -0.026036495 0.106583282 0.305192798 -0.015827082 -0.002285590 0.018098606 0.999708295
1341846339.731977 -0.021809222 0.105952322 0.313455343 -0.015617573 -0.002147662 0.016276365 0.999743223
1341846339.762241 -0.017430648 0.103136219 0.319689453 -0.015568123 -0.001018963 0.016533272 0.999741614
1341846339.797873 -0.017290279 0.105041943 0.327912182 -0.015179469 -0.000485105 0.017637441 0.999729097
1341846339.830245 -0.012472618 0.103520423 0.334720671 -0.015639324 -0.001386873 0.018156201 0.999711871
1341846339.862015 -0.011814497 0.105512589 0.339684755 -0.015761375 -0.001030813 0.017741457 0.999717832
1341846339.897797 -0.005254491 0.103213489 0.349112779 -0.017109852 -0.000437337 0.017457135 0.999701142
1341846339.929916 -0.006453036 0.099674232 0.357218266 -0.017594118 0.001113554 0.018829022 0.999667287
1341846339.961960 -0.002791401 0.098463729 0.365402699 -0.016283842 0.000306217 0.019575248 0.999675691
1341846339.997845 0.003572492 0.101563290 0.366071820 -0.014668074 0.000807097 0.020047307 0.999691129
1341846340.029925 0.006128510 0.097533725 0.372752666 -0.014256652 0.003289362 0.020905735 0.999674380
1341846340.066044 0.008129903 0.095901124 0.378629625 -0.012434637 0.004544510 0.022457846 0.999660134
1341846340.098009 0.010214027 0.098163173 0.383638114 -0.011401537 0.005001992 0.023204843 0.999653220
1341846340.130102 0.013278040 0.097307570 0.390816063 -0.012145106 0.004722132 0.022483559 0.999662280
1341846340.166041 0.018612102 0.095614918 0.397510439 -0.011195743 0.006721986 0.020222042 0.999710262
1341846340.197867 0.017510684 0.096916370 0.402699083 -0.010175294 0.009372977 0.020204054 0.999700189
1341846340.229904 0.018239198 0.098667391 0.407896936 -0.011402847 0.009199251 0.020389030 0.999684751
1341846340.265859 0.024179848 0.093634345 0.421282142 -0.012256815 0.009961724 0.019173063 0.999691427
1341846340.298061 0.025648495 0.096924677 0.430950820 -0.009773522 0.012283409 0.019685593 0.999682963
1341846340.334063 0.020795632 0.099325798 0.435137898 -0.010681972 0.012112690 0.021729169 0.999633431
1341846340.366064 0.028772656 0.093285754 0.440593034 -0.012998968 0.009394695 0.021253996 0.999645472
1341846340.397995 0.032879844 0.093182161 0.444925755 -0.011029130 0.009793386 0.020648912 0.999677956
1341846340.433895 0.031029275 0.096925847 0.448639393 -0.009821619 0.010003136 0.021302937 0.999674737
1341846340.465959 0.030570429 0.095112108 0.453495562 -0.009520202 0.007855176 0.023303006 0.999652267
1341846340.501858 0.037540089 0.094001390 0.450934708 -0.008914457 0.003823045 0.023435643 0.999678314
1341846340.534329 0.043788608 0.095709257 0.450949937 -0.008271974 0.001809085 0.023370316 0.999691010
1341846340.566041 0.048211597 0.090375423 0.453491092 -0.007621312 0.000731983 0.023777938 0.999687910
1341846340.601909 0.052644823 0.092635185 0.452268541 -0.004704510 0.000017699 0.023978185 0.999701381
1341846340.634005 0.055183392 0.095846273 0.447063148 -0.003684903 -0.000552460 0.022787027 0.999733388
1341846340.666028 0.059852388 0.093422510 0.444188416 -0.004127515 -0.000553123 0.021163329 0.999767363
1341846340.701946 0.063479796 0.091890439 0.442605853 -0.002219511 0.000544762 0.019364178 0.999809861
1341846340.733954 0.064864658 0.096389674 0.439871520 -0.000738317 0.002286444 0.017184449 0.999849439
1341846340.770081 0.066533893 0.097168036 0.441140860 -0.001515905 0.002569186 0.014965171 0.999883533
1341846340.801980 0.069053076 0.094307229 0.438165188 -0.001820540 0.003489270 0.009558696 0.999946535
1341846340.833999 0.069339298 0.097226195 0.434595942 -0.001818730 0.005834915 0.005576287 0.999965787
1341846340.870013 0.067330047 0.096473619 0.438987643 -0.003201568 0.005913659 0.004362024 0.999967873
1341846340.901955 0.073396094 0.092363440 0.439187646 -0.002685506 0.004987346 0.004054361 0.999975741
1341846340.933918 0.073184624 0.094862834 0.436017901 -0.000557476 0.004320262 0.007020555 0.999965847
1341846340.970122 0.070952319 0.096189730 0.433332622 0.000927305 0.001706712 0.012126557 0.999924541
1341846341.001922 0.068502501 0.091861561 0.431166589 0.001937733 -0.001793222 0.016321031 0.999863327
1341846341.037923 0.072205648 0.094890207 0.427449703 0.003584556 -0.004773948 0.018656619 0.999808133
1341846341.070300 0.071827650 0.094235994 0.425386280 0.003911837 -0.005389770 0.018928919 0.999798656
1341846341.102028 0.067705981 0.094532989 0.421605498 0.003886536 -0.006342364 0.018936845 0.999792993
1341846341.137982 0.071046822 0.091954172 0.414832354 0.003637121 -0.008610118 0.019416967 0.999767780
1341846341.170048 0.070400119 0.092461288 0.419680357 0.004321003 -0.008839637 0.020093834 0.999749660
1341846341.202110 0.073443897 0.089099303 0.414351732 0.005332100 -0.009669376 0.022368047 0.999688804
1341846341.237996 0.074501291 0.090423062 0.412712812 0.007202794 -0.009521731 0.022770436 0.999669433
1341846341.269883 0.072244838 0.090749018 0.406745523 0.008355564 -0.008680691 0.023102557 0.999660492
1341846341.306107 0.069495484 0.091000482 0.408343852 0.009049826 -0.009042627 0.022534709 0.999664187
1341846341.338109 0.070863903 0.090295143 0.404324710 0.009895678 -0.008606975 0.019830376 0.999717295
1341846341.370120 0.070995241 0.091255724 0.404747754 0.010546303 -0.007431781 0.017480103 0.999763966
1341846341.406074 0.066301271 0.091310307 0.403967798 0.010519148 -0.006488690 0.016893407 0.999780893
1341846341.438113 0.066064335 0.085370503 0.404939145 0.011175956 -0.008435673 0.016779626 0.999761164
1341846341.470024 0.069475196 0.084956937 0.397359490 0.013831994 -0.008930471 0.015688544 0.999741375
1341846341.506077 0.067047909 0.092957735 0.398875445 0.014445608 -0.008029063 0.014883245 0.999752641
1341846341.538156 0.059862338 0.088244036 0.399784923 0.013158215 -0.008847879 0.014600589 0.999767661
1341846341.574016 0.065563791 0.089941651 0.395625859 0.014269571 -0.011888540 0.015973469 0.999699891
1341846341.612466 0.063520916 0.092526220 0.393057287 0.015090368 -0.012216196 0.016376778 0.999677360
1341846341.643972 0.060752787 0.093164369 0.393200427 0.014244796 -0.013320113 0.015446306 0.999690473
1341846341.679982 0.059216913 0.090588324 0.391273201 0.013707784 -0.014574242 0.015813546 0.999674737
1341846341.712332 0.056098048 0.092060052 0.390264481 0.014713986 -0.016452286 0.018392354 0.999587178
1341846341.744185 0.059458554 0.091455385 0.386152267 0.014911995 -0.018774278 0.020852733 0.999495029
1341846341.780061 0.060516849 0.092682205 0.383755833 0.015346811 -0.019564770 0.022898814 0.999428511
1341846341.842595 0.063499771 0.085277095 0.378217071 0.017074466 -0.020528452 0.027059767 0.999277115
1341846341.906227 0.064810418 0.084060691 0.377268195 0.020564482 -0.021330027 0.031689033 0.999058545
1341846341.942069 0.066143468 0.078560233 0.372538775 0.023355806 -0.021298518 0.033725817 0.998931110
1341846341.974775 0.066000037 0.080128968 0.366759598 0.026731789 -0.021407655 0.035479404 0.998783410
1341846342.010161 0.061341330 0.080712765 0.367643893 0.027543472 -0.022289218 0.037435714 0.998670697
1341846342.042024 0.068776399 0.074147470 0.368835390 0.028736921 -0.023713220 0.037445538 0.998603821
1341846342.080032 0.069681473 0.079673119 0.360936910 0.031407375 -0.021409247 0.037301879 0.998580873
1341846342.112265 0.064925142 0.073737375 0.364147246 0.031086620 -0.020258583 0.039354935 0.998536110
1341846342.147954 0.068119168 0.069842607 0.368760318 0.033177156 -0.021899166 0.041489236 0.998347759
1341846342.179852 0.071979567 0.071009345 0.359333038 0.036003176 -0.021666894 0.043324694 0.998176992
1341846342.211848 0.070576288 0.073152833 0.360606432 0.036831543 -0.021008836 0.043218236 0.998165429
1341846342.247920 0.070228733 0.070012920 0.357166976 0.037764765 -0.020581137 0.041556295 0.998210013
1341846342.279870 0.072316222 0.071684524 0.356667787 0.039452076 -0.020309823 0.041572236 0.998149693
1341846342.316068 0.072642855 0.071785904 0.354688495 0.040740814 -0.020189658 0.042996563 0.998040020
1341846342.347894 0.073732443 0.073113039 0.353230149 0.041161794 -0.020253088 0.042801525 0.998029828
1341846342.379953 0.074162990 0.070225358 0.352534980 0.041061059 -0.019587895 0.042755645 0.998049200
1341846342.416195 0.071862280 0.071629778 0.354676515 0.041824799 -0.019165711 0.044042818 0.997969747
