1341846313.592026 0.000000000 0.000000000 0.000000000 0.000000000 0.000000000 0.000000000 1.000000000
1341846313.654184 0.007542213 -0.002894982 0.000383766 -0.001131116 -0.003186058 0.004903835 0.999982238
1341846313.686156 0.015998460 -0.000237620 0.007628494 0.000249488 -0.005756919 0.004569964 0.999972939
1341846313.721918 0.024222307 0.006235132 0.001540348 0.000750239 -0.007533228 0.005142791 0.999958098
1341846313.753994 0.029377952 0.001888768 0.001639228 -0.000214538 -0.007855032 0.006312677 0.999949157
1341846313.789969 0.038354084 0.000590254 0.000194216 0.000752925 -0.008837642 0.004758201 0.999949336
1341846313.822075 0.048971247 0.003310212 -0.004454717 0.001046958 -0.008548384 0.004696586 0.999951899
1341846313.853928 0.057162669 0.000334930 -0.005153925 0.000013585 -0.006634524 0.003874445 0.999970496
1341846313.890011 0.060754776 0.006750279 0.000264369 0.000493620 -0.004363054 0.004413579 0.999980628
1341846313.922055 0.067521386 0.008618092 -0.003464468 -0.001589410 -0.004403324 0.005999796 0.999971032
1341846313.957927 0.106942587 0.012836365 0.009787829 -0.003022193 -0.004335316 0.006773762 0.999963045
1341846313.990058 0.091101490 0.008288543 0.003041618 -0.004872226 0.004871604 0.008260741 0.999942124
1341846314.022042 0.094230719 0.014622207 -0.005125219 -0.006540149 0.006264392 0.009921725 0.999909759
1341846314.057816 0.100658134 0.009971851 -0.003577561 -0.010371667 0.008785751 0.010354892 0.999853969
1341846314.089801 0.109781526 0.008131298 0.006281388 -0.009846136 0.014143577 0.010059232 0.999800861
1341846314.122037 0.115996905 0.020701511 -0.002605004 -0.009582627 0.017257918 0.013583072 0.999712884
1341846314.157989 0.125474185 0.012547450 0.002186198 -0.012979626 0.020027790 0.014853232 0.999604821
1341846314.190094 0.141502604 0.016050294 0.006789057 -0.012415406 0.022170272 0.016633555 0.999538660
1341846314.225969 0.142088011 0.021803873 0.000491282 -0.014433079 0.024693690 0.019991938 0.999390900
1341846314.257923 0.142276734 0.014780725 0.014070526 -0.016945496 0.027350951 0.019201990 0.999297738
1341846314.290052 0.146894410 0.015331839 0.010641791 -0.015472548 0.028566690 0.017620729 0.999316752
1341846314.325981 0.155618787 0.020900808 0.007502911 -0.015953986 0.029246416 0.016245447 0.999312818
1341846314.357905 0.163250595 0.015971204 0.017135520 -0.017180013 0.032144554 0.014818704 0.999225676
1341846314.389899 0.161545172 0.016422614 0.014249531 -0.015580939 0.035937626 0.014235762 0.999131143
1341846314.427905 0.179088175 0.018177245 -0.005416359 -0.015821924 0.036220003 0.013802596 0.999123216
1341846314.493987 0.189751342 0.013855384 0.003478330 -0.014816726 0.045787204 0.005776330 0.998824596
1341846314.526085 0.198536754 0.015535703 -0.000316221 -0.014660161 0.047440853 0.004549303 0.998756111
1341846314.558292 0.204464063 0.013998160 0.005745180 -0.016043084 0.050159156 0.004973291 0.998599946
1341846314.594085 0.219046056 0.008211426 0.001827827 -0.015097150 0.053676061 0.002879440 0.998440087
1341846314.626096 0.210274830 0.014760060 -0.009492196 -0.014028144 0.059560835 0.004240532 0.998117030
1341846314.658455 0.215016663 0.016128883 -0.007777492 -0.015893580 0.061649770 0.003230197 0.997966051
1341846314.694004 0.233972952 0.006585933 0.003426149 -0.016600423 0.063556626 0.001803126 0.997838497
1341846314.725910 0.231146544 -0.000211192 0.004720407 -0.013353246 0.067554548 0.005718546 0.997609794
1341846314.761942 0.230214790 0.003878929 0.000421120 -0.009287159 0.068299577 0.009607535 0.997575343
1341846314.794030 0.241569072 0.003063935 -0.005421288 -0.006359403 0.069877610 0.011444679 0.997469604
1341846314.826092 0.258865714 0.007400362 -0.010167561 -0.003663102 0.072602116 0.012249018 0.997279048
1341846314.862145 0.271340907 0.015368934 0.002167795 -0.002583633 0.074826106 0.013882055 0.997096598
1341846314.894072 0.278426886 0.013138474 0.006747130 -0.003203146 0.078436412 0.016016915 0.996785283
1341846314.925969 0.278973281 0.016928583 0.006071597 -0.002772357 0.081428178 0.019811496 0.996478438
1341846314.961937 0.268294811 0.033246886 0.006945949 -0.004206769 0.084089078 0.023084987 0.996181905
1341846314.994564 0.274698198 0.030653758 0.014888518 -0.007879123 0.084670603 0.022139475 0.996131837
1341846315.029900 0.287697077 0.028631050 0.018059656 -0.008169620 0.087472565 0.018498415 0.995961666
1341846315.061965 0.296762496 0.018406665 0.017954752 -0.009753712 0.088520899 0.023279862 0.995754480
1341846315.094388 0.300963312 0.017006570 0.025610909 -0.009621328 0.087690011 0.023383159 0.995826840
1341846315.129851 0.316484928 0.021783648 0.008793950 -0.007366638 0.086596206 0.024456132 0.995916009
1341846315.161941 0.309456944 0.043789316 -0.010136150 -0.007490611 0.087482624 0.025844662 0.995802522
1341846315.197984 0.314227462 0.038546763 0.000835165 -0.014747885 0.085508727 0.023052933 0.995961487
1341846315.230076 0.325287133 0.034118038 -0.000707101 -0.018678112 0.083463825 0.020409850 0.996126652
1341846315.262069 0.328730762 0.026028711 0.004310619 -0.022697901 0.080249749 0.025080105 0.996200681
1341846315.298000 0.336002916 0.022936575 0.009788144 -0.024845036 0.076322928 0.026779117 0.996413767
1341846315.329931 0.355625302 0.010731196 0.025265452 -0.022481134 0.073502406 0.028250430 0.996641278
1341846315.361981 0.349896371 0.017249359 0.020533182 -0.016567221 0.074329272 0.030255776 0.996636987
1341846315.397962 0.358623505 0.023101075 0.019525904 -0.012850827 0.073805600 0.033331759 0.996632636
1341846315.429923 0.371574581 0.026446037 0.021913424 -0.010278139 0.074419953 0.035716046 0.996534169
1341846315.466047 0.376741618 0.034998514 0.017834548 -0.008651400 0.077729948 0.035811402 0.996293545
1341846315.497883 0.376143605 0.032341171 0.018104739 -0.009693033 0.081291221 0.040649883 0.995813906
1341846315.530008 0.380171210 0.036454603 0.020011302 -0.009213052 0.082398407 0.041174527 0.995705903
1341846315.566108 0.382314265 0.032196831 0.015983880 -0.010640108 0.083876140 0.042412717 0.995516300
1341846315.597986 0.384431094 0.032666463 0.020460978 -0.010622134 0.085235730 0.041551854 0.995437324
1341846315.630109 0.383471638 0.030679015 0.020508736 -0.010751327 0.086598255 0.039814245 0.995389342
1341846315.666042 0.377585799 0.026759937 0.013541266 -0.012481124 0.088836558 0.040105011 0.995160222
1341846315.698114 0.363979310 0.039826412 0.016016811 -0.016190888 0.093914688 0.035071667 0.994830549
1341846315.733985 0.380776495 0.026720835 0.020398006 -0.019771351 0.094345137 0.040257510 0.994528770
1341846315.766041 0.372223169 0.032121502 0.016351029 -0.018783182 0.092897311 0.040528972 0.994673133
1341846315.798188 0.381254703 0.029172491 0.016887374 -0.020298226 0.091381058 0.039840184 0.994811654
1341846315.834140 0.379908592 0.021137718 0.020116352 -0.020101266 0.093863137 0.038014296 0.994656026
1341846315.866751 0.376683116 0.021486776 0.015374392 -0.017633380 0.095433101 0.037678931 0.994566202
1341846315.898492 0.377676487 0.024131097 0.022647478 -0.016100476 0.095578894 0.038095355 0.994562268
1341846315.936901 0.372223377 0.017425297 0.027042255 -0.014105016 0.097802863 0.036469400 0.994437337
1341846315.966572 0.361237347 0.019225370 0.015903987 -0.010425800 0.099954300 0.035656892 0.994298279
1341846316.034204 0.348878801 0.012934968 0.016755901 -0.007186937 0.100513324 0.034166105 0.994322956
1341846316.066113 0.343013346 0.011147086 0.016851239 -0.004980129 0.100508399 0.034396242 0.994328976
1341846316.101867 0.332149088 0.018028306 0.014262676 -0.002836364 0.099775769 0.036207311 0.994346917
1341846316.134066 0.320969701 0.024317903 0.018229984 -0.002921897 0.097363234 0.032425825 0.994716227
1341846316.202049 0.304267794 0.012481753 0.016608384 -0.003701228 0.093339719 0.028337840 0.995224059
1341846316.233979 0.308996469 0.013781420 0.004713748 -0.003204431 0.090858735 0.027050318 0.995491207
1341846316.270052 0.289200097 0.013953705 0.006390475 -0.004633136 0.094147868 0.021325387 0.995319009
1341846316.301915 0.283684641 0.009026001 0.013926830 -0.004653577 0.095175870 0.020664684 0.995235085
1341846316.334208 0.273719579 0.007734825 0.021003921 -0.003260981 0.095114835 0.021492254 0.995228946
1341846316.370006 0.273553759 0.003669561 0.014070764 -0.001405954 0.092753582 0.022723097 0.995428801
1341846316.401994 0.272551626 0.003783890 0.012132145 0.000278689 0.091393955 0.024971375 0.995501637
1341846316.438069 0.263157427 -0.001930340 0.016853433 0.002243376 0.091606580 0.027000882 0.995426595
1341846316.470076 0.258228540 -0.001502095 0.014360804 0.006848694 0.090831220 0.030790912 0.995366633
1341846316.502034 0.239710286 0.009772493 0.003865320 0.009873377 0.089313410 0.030332716 0.995492637
1341846316.537975 0.235866979 0.011144274 0.004778251 0.007425404 0.086102791 0.028602151 0.995847940
1341846316.570121 0.229733288 -0.001347427 0.004177198 0.006036166 0.086140312 0.025535012 0.995937467
1341846316.601885 0.213525370 -0.005398315 0.003972180 0.007618639 0.087043718 0.024019765 0.995885730
1341846316.638009 0.204967663 -0.007577699 0.004266478 0.009621394 0.085779279 0.025651857 0.995937407
1341846316.669925 0.202948049 -0.008919570 0.009120267 0.012017983 0.084652007 0.025262566 0.996017814
1341846316.705941 0.199688345 -0.008711852 0.011998527 0.016458226 0.084432535 0.026174072 0.995949388
1341846316.738062 0.174760327 -0.005699754 0.000196654 0.018784856 0.086284675 0.028600052 0.995682716
1341846316.770433 0.168206781 -0.000075533 0.002438724 0.018549222 0.085384734 0.028894212 0.995756209
1341846316.805932 0.161499232 -0.011140681 0.003302496 0.018006029 0.085620023 0.027741505 0.995778799
1341846316.838029 0.153022781 -0.003254660 0.008414373 0.020370644 0.084123440 0.030103320 0.995792150
1341846316.870034 0.139702514 -0.008922396 0.008131623 0.020184157 0.081490584 0.031027071 0.995986581
1341846316.906344 0.136027262 -0.008883309 0.005179152 0.021319607 0.077941664 0.030401535 0.996266186
1341846316.937940 0.132254377 -0.003526722 0.003790647 0.022007216 0.076441154 0.027640861 0.996447921
1341846316.973994 0.122211926 -0.004812822 0.004478218 0.020975906 0.075146347 0.027634334 0.996568799
1341846317.005913 0.114391007 -0.009215980 0.005821953 0.019334845 0.072436042 0.028216919 0.996786356
1341846317.037936 0.107036352 -0.011862864 0.010084544 0.019716419 0.070171639 0.027472200 0.996961653
1341846317.073972 0.104061991 -0.015892608 0.011399345 0.020362085 0.068068512 0.028728638 0.997059047
1341846317.106113 0.097466819 -0.015629854 0.012265443 0.022891143 0.066376634 0.033010527 0.996985674
1341846317.137887 0.086970001 -0.011731298 0.019565675 0.026947167 0.060756739 0.034684762 0.997185767
1341846317.173970 0.077208623 -0.011945498 0.020970736 0.028084043 0.054266170 0.035706766 0.997492611
1341846317.205887 0.075290814 -0.010777416 0.024892779 0.027930468 0.050437070 0.038721871 0.997585356
1341846317.248131 0.071890280 -0.015341524 -0.002450062 0.028522473 0.047384363 0.041527215 0.997605443
1341846317.306289 0.058229975 -0.010333695 0.012211731 0.030920109 0.041488815 0.044774104 0.997656226
1341846317.348137 0.047751781 -0.013867821 0.018796196 0.031682033 0.043642260 0.044481773 0.997553527
1341846317.410120 0.032075956 -0.009396376 0.017913077 0.033504561 0.043147389 0.051394891 0.997183144
1341846317.442569 0.025888879 -0.015346994 0.020089310 0.035513341 0.043617018 0.051966641 0.997063577
1341846317.474010 0.012667132 -0.009159408 0.025920559 0.042197686 0.045092318 0.054673705 0.996592581
1341846317.509927 0.019097324 -0.012233326 0.014900664 0.044803645 0.040742684 0.061628148 0.996260345
1341846317.542282 -0.001701668 -0.009143823 0.017635621 0.043832727 0.039917011 0.060286328 0.996419013
1341846317.573943 -0.002690100 -0.017993810 0.020230819 0.042790726 0.040509157 0.059461791 0.996489942
1341846317.610159 -0.013991889 -0.021463312 0.016730007 0.045282435 0.042921986 0.059444696 0.996279836
1341846317.643553 -0.034677424 -0.017029075 0.016359072 0.047869474 0.043573938 0.061615668 0.995998621
1341846317.677993 -0.031513598 -0.018398566 0.022503735 0.049426239 0.038901743 0.067169778 0.995756984
1341846317.709996 -0.045542389 -0.030315679 0.026270546 0.049948562 0.037734203 0.063607000 0.996009767
1341846317.741834 -0.049286317 -0.008864624 0.029514274 0.052345958 0.036068227 0.064385705 0.995898306
1341846317.777923 -0.059996165 -0.011125299 0.034509446 0.050243299 0.035297800 0.063456543 0.996093869
1341846317.810021 -0.077862971 -0.017552188 0.035505347 0.049370077 0.034916300 0.060781796 0.996317744
1341846317.841886 -0.083407670 -0.008848805 0.036085110 0.049498003 0.033656802 0.059107684 0.996455431
1341846317.878017 -0.095757596 -0.006777971 0.037025675 0.047345743 0.034005184 0.054618351 0.996804357
1341846317.909910 -0.090326205 -0.009769149 0.037737675 0.046471868 0.033709217 0.052004285 0.996995330
1341846317.946031 -0.106298909 -0.012828548 0.040919952 0.047623605 0.035678472 0.053408638 0.996798158
1341846317.978041 -0.116366036 -0.019913506 0.042571325 0.048744783 0.034644537 0.052969228 0.996803880
1341846318.009897 -0.118096396 -0.015256895 0.041847661 0.051659357 0.034596659 0.051737420 0.996723413
1341846318.045949 -0.126566514 -0.009972159 0.034924865 0.052286267 0.035650320 0.050167535 0.996733844
1341846318.078074 -0.141868562 -0.012560714 0.036196973 0.051333249 0.034802545 0.048689526 0.996886671
1341846318.109894 -0.146878794 -0.015020093 0.030976489 0.050769713 0.030242415 0.047353804 0.997128606
1341846318.145957 -0.146726966 -0.013810963 0.036071781 0.050174147 0.027660860 0.044487979 0.997365654
1341846318.178001 -0.160032183 -0.018217299 0.029971756 0.048947509 0.028652148 0.040949702 0.997550130
1341846318.214074 -0.171671718 -0.024667148 0.029374070 0.049385693 0.026914911 0.040663991 0.997588634
1341846318.245970 -0.184755266 -0.022987265 0.046137840 0.052508961 0.022404019 0.039088655 0.997603595
1341846318.278018 -0.193269163 -0.028164890 0.034957569 0.055900153 0.017204100 0.040350512 0.997472286
1341846318.313937 -0.199357271 -0.028507732 0.029566469 0.057562869 0.010633558 0.039042957 0.997521460
1341846318.345989 -0.200316131 -0.021008207 0.027193524 0.060707737 0.001385707 0.040211044 0.997344315
1341846318.382046 -0.215444297 -0.026355378 0.059923258 0.062438443 -0.004838621 0.040632769 0.997209609
1341846318.414072 -0.224400580 -0.032695845 0.067513235 0.063490570 -0.010807149 0.041097566 0.997077286
1341846318.446035 -0.234643966 -0.027939344 0.072196163 0.065891854 -0.016407382 0.039815504 0.996897042
1341846318.482196 -0.234643951 -0.029511549 0.053834006 0.066971920 -0.019696526 0.040677588 0.996730685
1341846318.514144 -0.239881635 -0.028570384 0.051919743 0.067229033 -0.021390552 0.042507317 0.996602118
1341846318.546259 -0.246537343 -0.033595432 0.053935297 0.068392143 -0.022316346 0.041811615 0.996532083
1341846318.582042 -0.263918161 -0.028292559 0.049990196 0.070120946 -0.021040581 0.040421799 0.996497095
1341846318.614115 -0.271172494 -0.026744846 0.034675319 0.069057420 -0.021975381 0.040105522 0.996563911
1341846318.650038 -0.281012952 -0.026273336 0.026687559 0.068831302 -0.022535840 0.037453763 0.996670246
1341846318.682350 -0.291839719 -0.026064912 0.030186715 0.068522103 -0.022572592 0.035033975 0.996778727
1341846318.714063 -0.300707191 -0.025217425 0.025882743 0.068071142 -0.023800477 0.034371946 0.996804118
1341846318.749905 -0.310118437 -0.037245255 0.033421103 0.068378687 -0.023779389 0.035078883 0.996758938
1341846318.782036 -0.325707853 -0.037625946 0.024625435 0.069871157 -0.023654016 0.037298001 0.996577859
1341846318.814121 -0.331618488 -0.029595312 0.048350394 0.070791706 -0.028999899 0.035725620 0.996429205
1341846318.850072 -0.344878763 -0.029406045 0.034870792 0.071116164 -0.034107406 0.033622362 0.996317565
1341846318.883516 -0.354733706 -0.032665931 0.027891058 0.073766045 -0.041681923 0.030779380 0.995928586
1341846318.918047 -0.348536551 -0.020325696 0.023111202 0.078487001 -0.055420604 0.032461930 0.994844019
1341846318.950044 -0.373701930 -0.037672181 0.028059702 0.078284055 -0.063311324 0.027940853 0.994526327
1341846318.982028 -0.388028622 -0.037729811 0.008531068 0.079675786 -0.066382721 0.024909031 0.994296074
1341846319.018123 -0.417543143 -0.036448199 0.018779300 0.079376064 -0.069777511 0.023868099 0.994113088
1341846319.050745 -0.391897410 -0.037429817 0.028600201 0.081246398 -0.079643637 0.024514716 0.993204415
1341846319.081905 -0.400803298 -0.032351535 0.014915310 0.087171607 -0.078722537 0.022050347 0.992833138
1341846319.117976 -0.422025919 -0.032990579 -0.005228605 0.088641748 -0.077170745 0.027372753 0.992692292
1341846319.150093 -0.422413230 -0.042024724 0.004549325 0.089811809 -0.082032047 0.034468960 0.991976082
1341846319.186069 -0.416984290 -0.028373744 0.016777672 0.092820920 -0.084181286 0.034939926 0.991502345
1341846319.218149 -0.414056480 -0.010197681 0.010108538 0.089920983 -0.079828382 0.033508744 0.992178798
1341846319.250034 -0.438291341 -0.013379244 0.017878518 0.084387809 -0.072258696 0.032422736 0.993280470
1341846319.286594 -0.443020642 -0.025362758 0.014750440 0.081474684 -0.069798909 0.036111422 0.993572295
1341846319.318034 -0.439481646 -0.023513453 0.012396820 0.082216561 -0.069342770 0.039818179 0.993401468
1341846319.350268 -0.458312958 -0.025731374 0.023402743 0.083180048 -0.068754427 0.047970600 0.993001878
1341846319.386163 -0.487526774 -0.027175387 0.015197970 0.085087419 -0.071089506 0.053191800 0.992409706
1341846319.418386 -0.477517813 -0.031671092 0.013245046 0.084956132 -0.078411140 0.056188539 0.991704106
1341846319.453961 -0.472236425 -0.024621664 0.014396027 0.085606873 -0.081320323 0.053013254 0.991588652
1341846319.486271 -0.481584162 -0.027624020 0.007875279 0.084098309 -0.081529945 0.053239401 0.991688430
1341846319.554083 -0.502513051 -0.025980147 0.018972300 0.079692557 -0.087170430 0.050276510 0.991727114
1341846319.586296 -0.514142632 -0.027535701 0.013339736 0.079809144 -0.086390108 0.046950981 0.991949022
1341846319.622031 -0.534630895 -0.025924094 0.003425710 0.078298144 -0.089128830 0.044333149 0.991947591
1341846319.653962 -0.539759338 -0.035568766 0.016582035 0.077396713 -0.094030149 0.041937839 0.991669953
1341846319.686352 -0.546123147 -0.036720544 0.011258505 0.079086579 -0.097666465 0.043757167 0.991106391
1341846319.721992 -0.553999424 -0.033021353 -0.000579208 0.080037422 -0.101531610 0.043789346 0.990640163
1341846319.754063 -0.562837064 -0.017737733 -0.000173375 0.078051716 -0.103385508 0.042604409 0.990658462
1341846319.786397 -0.563646853 -0.023763090 0.014217243 0.073144287 -0.104087152 0.047367506 0.990743220
1341846319.822008 -0.569783628 -0.020825170 0.010810122 0.070489913 -0.104574718 0.050494466 0.990729868
1341846319.853917 -0.572119713 -0.021972535 0.003856242 0.065303706 -0.105598144 0.054949708 0.990739644
1341846319.889942 -0.576179326 -0.030080350 0.013662644 0.061877850 -0.106314510 0.059159480 0.990640461
1341846319.922039 -0.588024914 -0.038879070 0.009809487 0.060905017 -0.109953664 0.060902070 0.990197837
1341846319.953946 -0.587321758 -0.041863617 0.017284960 0.061493978 -0.116523460 0.057147793 0.989633739
1341846319.990054 -0.583708346 -0.039595492 0.014971510 0.064399160 -0.119605720 0.049884930 0.989473999
1341846320.028122 -0.584897399 -0.040477574 0.016112447 0.066443376 -0.123454161 0.049689259 0.988875806
1341846320.090047 -0.572513163 -0.028187674 0.020662829 0.072610192 -0.131312519 0.049469288 0.987439930
1341846320.122011 -0.564563751 -0.028960723 0.027349055 0.073021881 -0.129351646 0.050958466 0.987592638
1341846320.157952 -0.554353237 -0.029853372 0.020610854 0.073247232 -0.127097115 0.050725784 0.987880647
1341846320.190003 -0.542269230 -0.021399954 0.035983741 0.076888710 -0.124929614 0.049884982 0.987923205
1341846320.221941 -0.541139305 -0.024936384 0.042046919 0.080993615 -0.120936595 0.050629776 0.988054156
1341846320.258015 -0.530764937 -0.030470712 0.043706410 0.084687896 -0.120423511 0.053609163 0.987649798
1341846320.289887 -0.523600578 -0.057556972 0.034919836 0.088114277 -0.120194383 0.054005060 0.987356365
1341846320.321954 -0.514992774 -0.042376839 0.034455091 0.097951882 -0.121835455 0.053422485 0.986259401
1341846320.357890 -0.500223160 -0.033191375 0.037015729 0.103357151 -0.121734746 0.054707468 0.985649526
1341846320.390064 -0.478958100 -0.028378867 0.042882986 0.105901882 -0.118621461 0.054236572 0.985785067
1341846320.426544 -0.455158561 -0.033386450 0.039258994 0.107760735 -0.111210950 0.051317465 0.986603379
1341846320.458122 -0.433292091 -0.038910188 0.030485645 0.108376473 -0.105327174 0.047880054 0.987354159
1341846320.490186 -0.429592907 -0.050230317 0.022475861 0.110942788 -0.097143218 0.049293928 0.987838507
1341846320.525911 -0.424773037 -0.036023073 0.044903122 0.115697749 -0.090169325 0.047026873 0.988064766
1341846320.558091 -0.418118238 -0.030526420 0.038853921 0.116829842 -0.086087078 0.042062126 0.988519371
1341846320.594093 -0.413017988 -0.027659355 0.031957366 0.118994676 -0.079820462 0.036687672 0.989001036
1341846320.631955 -0.393717736 -0.025667517 0.050706841 0.121432759 -0.073358491 0.037504960 0.989174426
1341846320.664916 -0.383252263 -0.021720240 0.044811323 0.121499188 -0.071448080 0.035437576 0.989382267
1341846320.699927 -0.371030331 -0.029872188 0.054362651 0.121280327 -0.068318322 0.033277124 0.989705145
1341846320.731822 -0.344347060 -0.035106190 0.040140223 0.122432493 -0.062188651 0.032939095 0.989978731
1341846320.763877 -0.300185502 -0.027780771 -0.065956533 0.118598744 -0.061441459 0.035086010 0.990418196
1341846320.799999 -0.301110834 -0.027809381 0.014622275 0.113058016 -0.063640803 0.030643500 0.991074502
1341846320.831871 -0.269854635 -0.037484620 0.006735247 0.114438213 -0.054455392 0.025540542 0.991607904
1341846320.863887 -0.312818587 -0.018474191 0.019160166 0.114247955 -0.042181961 0.025354715 0.992232442
1341846320.900014 -0.306777418 -0.034647353 0.032116029 0.106564768 -0.047461595 0.030948680 0.992690086
1341846320.931889 -0.275644541 -0.042355157 0.025123924 0.107214794 -0.048620526 0.030379476 0.992581546
1341846320.967866 -0.283812642 -0.015567309 0.026967261 0.107823052 -0.042346220 0.027033553 0.992899835
1341846321.000017 -0.284086853 -0.021339696 0.025156653 0.101403408 -0.041735489 0.024817668 0.993659675
1341846321.031860 -0.255072027 -0.032479566 0.028783286 0.098454200 -0.041979074 0.023138156 0.993986487
1341846321.068047 -0.249109656 -0.016772086 0.048339002 0.100556538 -0.037772305 0.020384209 0.994005084
1341846321.099840 -0.253586262 -0.019287683 0.032044221 0.097833782 -0.035626054 0.020756347 0.994348288
1341846321.131821 -0.231170878 -0.032591905 0.032266881 0.097312182 -0.034798197 0.022267425 0.994396091
1341846321.167887 -0.227763385 -0.027697470 0.030472422 0.100254536 -0.030630475 0.022496896 0.994235754
1341846321.200042 -0.222610116 -0.021273369 0.032048527 0.101055585 -0.027947383 0.022344917 0.994237065
1341846321.231950 -0.217068434 -0.033545256 0.023767566 0.099532545 -0.026718602 0.021067511 0.994452417
1341846321.267939 -0.193263784 -0.024155401 0.026358813 0.100682527 -0.025595766 0.016467815 0.994452953
1341846321.299948 -0.187030762 -0.032259107 0.025887288 0.098857634 -0.021135930 0.009949817 0.994827330
1341846321.331858 -0.186063275 -0.035040241 0.025903497 0.098920189 -0.017820472 0.006110969 0.994917035
1341846321.367913 -0.166921198 -0.041862831 0.023568274 0.099916756 -0.016106812 0.002145538 0.994863093
1341846321.399897 -0.162244007 -0.036185730 0.022732707 0.102225557 -0.010597884 0.000690313 0.994704545
1341846321.435994 -0.158280030 -0.041164659 0.024655927 0.103393249 -0.007131632 0.000326873 0.994614899
1341846321.467946 -0.141886339 -0.039228484 0.035817474 0.105292305 -0.005415843 0.001437822 0.994425535
1341846321.499882 -0.129582256 -0.039306626 0.032697648 0.106687143 -0.002679256 0.001638268 0.994287670
1341846321.536109 -0.099365614 -0.027138911 0.028608644 0.107305303 0.001351436 -0.001268960 0.994224370
1341846321.568960 -0.113769174 -0.015904337 0.049914658 0.104902320 0.009291274 -0.004338774 0.994429708
1341846321.603938 -0.109118156 -0.026294798 0.049878668 0.100933462 0.011508698 -0.004227723 0.994817674
1341846321.637163 -0.068715826 -0.019927489 0.024750100 0.098404042 0.014565654 -0.003698309 0.995033085
1341846321.668306 -0.080131553 -0.015264562 0.055684548 0.094474435 0.025032453 -0.000531897 0.995212376
1341846321.704411 -0.104775257 -0.018633151 0.057181269 0.091304220 0.028241822 0.006200147 0.995403171
1341846321.736861 -0.085421585 -0.016127873 0.065505646 0.090439327 0.024390293 0.014259314 0.995501161
1341846321.771881 -0.064190783 0.000639202 0.059691820 0.088752985 0.023017712 0.019763112 0.995591521
1341846321.804114 -0.059901256 -0.005399378 0.064492986 0.084132269 0.025632773 0.021515418 0.995892465
1341846321.836152 -0.064402536 0.003715019 0.067597009 0.081867240 0.028908519 0.022369104 0.995972753
1341846321.871882 -0.057843059 0.010177365 0.066561922 0.076884098 0.029795470 0.020390823 0.996386111
1341846321.904074 -0.054717150 0.008209552 0.071370661 0.070274889 0.031485256 0.016242828 0.996898353
1341846321.939847 -0.050429977 0.002540985 0.073730871 0.065965086 0.034501258 0.013800469 0.997129798
1341846322.004094 -0.054697327 -0.002532805 0.081530020 0.059032042 0.032741666 0.013523872 0.997627378
1341846322.066178 -0.035722315 -0.009077071 0.081480861 0.054282174 0.036597122 0.010009171 0.997804582
1341846322.107979 -0.043718748 -0.025349300 0.084137246 0.051181104 0.039613277 0.008712854 0.997865438
1341846322.166164 -0.042158198 -0.049193498 0.081397183 0.053760927 0.039097197 0.008854685 0.997748852
1341846322.202932 -0.038234372 -0.052042417 0.081153259 0.055321950 0.036420815 0.009099213 0.997762680
1341846322.234093 -0.038682230 -0.052880086 0.079170324 0.054651685 0.035066079 0.006969944 0.997865260
1341846322.265941 -0.035862949 -0.066034444 0.071587406 0.051387381 0.031597175 0.008401128 0.998143435
1341846322.301996 -0.025997613 -0.080885254 0.071732074 0.049235474 0.029107727 0.009345769 0.998319209
1341846322.333949 -0.032877434 -0.091882601 0.074659109 0.048723347 0.027710378 0.009300916 0.998384535
1341846322.369871 -0.024224531 -0.106293105 0.072721720 0.049473912 0.022100508 0.005697504 0.998514593
1341846322.402292 -0.007133226 -0.120764479 0.072989218 0.051139187 0.022185959 -0.000111426 0.998445034
1341846322.433955 -0.036532946 -0.165471062 0.080581911 0.053324167 0.025677972 -0.003221458 0.998241842
1341846322.470030 -0.043440137 -0.164529935 0.085185021 0.062264998 0.022116199 -0.000124569 0.997814596
1341846322.502433 -0.020524045 -0.179368317 0.054909945 0.067759149 0.017305706 0.004782381 0.997540116
1341846322.534002 -0.012271328 -0.201232880 0.055150118 0.074848369 0.016570561 0.006414895 0.997036636
1341846322.570196 -0.020552784 -0.201864362 0.055759143 0.085568503 0.017450644 0.008215731 0.996145546
1341846322.601920 -0.029402563 -0.209278151 0.054696381 0.091629989 0.014605510 0.010668860 0.995628834
1341846322.638119 -0.010708092 -0.226973787 0.054592364 0.096362270 0.010325124 0.010770362 0.995234489
1341846322.669947 -0.003618658 -0.227160454 0.060651653 0.101814553 0.013111666 0.009453788 0.994672060
1341846322.702026 -0.012595803 -0.244069636 0.060438104 0.103603095 0.015102945 0.011732693 0.994434834
1341846322.738006 -0.009966398 -0.237711459 0.060809467 0.106197707 0.012342468 0.012949760 0.994184077
1341846322.770087 -0.001481159 -0.258935750 0.066309966 0.105702057 0.012816947 0.013027552 0.994229913
1341846322.806047 -0.009546925 -0.271872491 0.072648220 0.109090582 0.013103689 0.014718489 0.993836522
1341846322.838063 -0.011427728 -0.271855891 0.073241919 0.111775212 0.008703851 0.016968623 0.993550539
1341846322.870081 -0.005313175 -0.287926078 0.082288340 0.113245592 0.003160337 0.018466139 0.993390381
1341846322.906018 0.005913109 -0.289993316 0.083795935 0.118413843 0.001164601 0.018304881 0.992794931
1341846322.938349 0.002151167 -0.275941789 0.071326450 0.119703442 0.002644033 0.018568138 0.992632568
1341846322.970069 0.005161310 -0.285163403 0.063244700 0.114312917 0.002269522 0.020089606 0.993239045
1341846323.011820 0.008599989 -0.301771104 0.075016066 0.111512952 0.002414976 0.020571465 0.993547082
1341846323.073951 0.003756868 -0.300120831 0.074155807 0.109246649 0.002700137 0.024579069 0.993707061
1341846323.105962 0.007478196 -0.320873559 0.086802110 0.105573595 0.002411208 0.025621327 0.994078457
1341846323.138158 0.007364805 -0.323848814 0.087327644 0.106162310 0.002399244 0.021905979 0.994104624
1341846323.174092 0.004271857 -0.322250187 0.084604919 0.104485013 0.002128384 0.020511394 0.994312644
1341846323.206059 0.013101632 -0.328283906 0.084319279 0.101505615 0.001106460 0.018339457 0.994665325
1341846323.238053 0.015928701 -0.328615397 0.085089728 0.099343009 0.004051900 0.015886044 0.994918168
1341846323.273997 -0.005658244 -0.328928500 0.087935328 0.095419377 0.005422654 0.017098904 0.995275557
1341846323.305946 -0.000146663 -0.338251084 0.090953216 0.089864194 0.001055091 0.018657347 0.995778680
1341846323.342027 0.030480308 -0.356116980 0.095304087 0.087340362 0.000952311 0.016768074 0.996036947
1341846323.374048 0.005342388 -0.362065136 0.094699919 0.088090956 0.006181059 0.017923670 0.995931983
1341846323.405987 -0.012214768 -0.372186303 0.081130087 0.088095114 0.003127947 0.022383751 0.995855629
1341846323.441956 0.016067784 -0.385090709 0.081352152 0.088562354 -0.002654568 0.024561696 0.995764256
1341846323.473878 0.016921384 -0.400157154 0.080067933 0.092296079 -0.001019980 0.022563316 0.995475411
1341846323.506129 0.011829186 -0.386610210 0.093535751 0.095858157 -0.001080223 0.020957990 0.995173752
1341846323.541972 0.022094527 -0.386596233 0.089795403 0.094530530 -0.001755579 0.019213326 0.995334983
1341846323.573913 0.042033073 -0.411652982 0.072849497 0.092706405 0.001513237 0.012741490 0.995610774
1341846323.609927 0.028486280 -0.405101120 0.090440206 0.093812495 0.008292188 0.010326693 0.995501816
1341846323.642014 0.014852075 -0.413683504 0.089822248 0.092760220 0.010513778 0.010973407 0.995572507
1341846323.674081 0.014450194 -0.425740778 0.089104623 0.092575416 0.008826800 0.013410848 0.995576203
1341846323.710069 0.016588135 -0.442595214 0.085922487 0.093889453 0.007481826 0.017358109 0.995403171
1341846323.742111 0.014405405 -0.455595195 0.085714228 0.098202333 0.005653971 0.017801296 0.994991124
1341846323.774928 0.017560290 -0.450353652 0.084933817 0.101913668 0.003266466 0.015580899 0.994665802
1341846323.810012 0.017011523 -0.456007957 0.082912922 0.103289135 0.002277402 0.011534965 0.994581819
1341846323.842207 0.021393532 -0.459978849 0.077139311 0.104532935 0.001918874 0.006660280 0.994497240
1341846323.878019 0.012092020 -0.473188907 0.075783804 0.105058663 0.001763108 0.002534701 0.994461179
1341846323.909826 0.016471680 -0.484464884 0.075511076 0.108166598 -0.000158420 -0.001701549 0.994131267
1341846323.942459 0.013318896 -0.482673854 0.072263353 0.112112947 0.000015870 -0.001698466 0.993693948
1341846323.978055 0.009458151 -0.484403431 0.071639754 0.114710592 -0.002798367 0.000103570 0.993394971
1341846324.015934 0.018410260 -0.488326937 0.071651042 0.118213750 -0.005357346 -0.000054859 0.992973685
1341846324.047722 0.020704465 -0.479277730 0.072119907 0.121982247 -0.003839803 -0.000917767 0.992524385
1341846324.083904 0.018963138 -0.462971151 0.073507614 0.122702502 -0.002466192 -0.001723906 0.992438912
1341846324.115968 0.019761859 -0.467484504 0.072485574 0.119815432 -0.000774346 -0.003527068 0.992789626
1341846324.151967 0.025541618 -0.459899515 0.071233600 0.119737349 0.001963905 -0.007969414 0.992771626
1341846324.183941 0.018539714 -0.448330998 0.073354013 0.117133155 0.006564113 -0.011999795 0.993021965
1341846324.219984 0.013131540 -0.444118291 0.077048905 0.112986699 0.008421416 -0.010950610 0.993500412
1341846324.251968 0.011772683 -0.445127487 0.078665979 0.112203732 0.008432846 -0.011175847 0.993586540
1341846324.284052 0.006826906 -0.431375176 0.078793794 0.113106407 0.007988214 -0.012198465 0.993475854
1341846324.319880 0.000556869 -0.415558100 0.074890718 0.112206250 0.004948911 -0.012989676 0.993587673
1341846324.351917 0.008100739 -0.396102130 0.080348492 0.109374575 0.001003566 -0.013954708 0.993902147
1341846324.388001 0.016816344 -0.391626686 0.077672303 0.104767933 0.000844398 -0.017801071 0.994336963
1341846324.419908 0.009445040 -0.381536961 0.073020227 0.099725842 0.003505651 -0.021444894 0.994777679
1341846324.452027 0.006685631 -0.383645386 0.075931840 0.094699793 0.003758361 -0.021158528 0.995273888
1341846324.487928 0.004345796 -0.381050378 0.073309056 0.092862755 0.003482631 -0.019064616 0.995490313
1341846324.519985 -0.009977833 -0.368497998 0.073879868 0.092002824 0.002106378 -0.015268286 0.995639443
1341846324.556001 -0.007650981 -0.351032764 0.072518021 0.090457223 -0.003083891 -0.010818256 0.995836794
1341846324.587888 -0.002924917 -0.337999165 0.077622503 0.087142445 -0.006519006 -0.008410486 0.996138990
1341846324.620086 -0.004784874 -0.334839940 0.079508215 0.084789693 -0.008867056 -0.011121275 0.996297359
1341846324.655955 0.000262075 -0.323440909 0.075496860 0.083535083 -0.010152964 -0.012196443 0.996378481
1341846324.688082 -0.003275804 -0.320583671 0.084828183 0.082721442 -0.009804034 -0.011251635 0.996460974
1341846324.755922 -0.021651907 -0.281885028 0.083606690 0.084614538 -0.012320925 -0.007204509 0.996311486
1341846324.814016 0.000749404 -0.246180251 0.082678251 0.080165207 -0.019141007 -0.009937059 0.996548235
1341846324.849979 -0.007956430 -0.238182306 0.090501845 0.074128322 -0.015535649 -0.012290477 0.997051954
1341846324.881924 -0.015881242 -0.234504133 0.092336796 0.071025215 -0.016517127 -0.012260878 0.997262359
1341846324.913902 -0.009991264 -0.226040691 0.092463486 0.069910869 -0.018189007 -0.009295091 0.997344077
1341846324.949999 -0.013885310 -0.229104877 0.096144818 0.070082515 -0.018050382 -0.006850755 0.997354388
1341846324.981922 -0.027690999 -0.222327322 0.101987854 0.074527614 -0.019772848 -0.003444009 0.997016966
1341846325.018013 -0.025517520 -0.210415617 0.092733249 0.078745477 -0.025116444 -0.000701673 0.996578097
1341846325.050079 -0.028021559 -0.194568962 0.093592212 0.080866508 -0.030296979 -0.001159386 0.996263683
1341846325.081901 -0.027500758 -0.172310591 0.085669234 0.080832221 -0.035344023 -0.003741564 0.996093869
1341846325.118531 -0.016891651 -0.157313749 0.089609310 0.077086546 -0.037608538 -0.005601790 0.996299088
1341846325.149933 -0.019482495 -0.154596016 0.097991973 0.071141422 -0.035001464 -0.007782841 0.996821523
1341846325.181925 -0.023295283 -0.152294695 0.092423946 0.067497693 -0.033684779 -0.005398763 0.997135997
1341846325.218055 -0.022783827 -0.143505275 0.099230088 0.065095171 -0.033796608 -0.001392124 0.997305572
1341846325.249811 -0.027681474 -0.135099143 0.101558156 0.063108735 -0.033445820 0.002485825 0.997442961
1341846325.285925 -0.024084873 -0.125805765 0.107083783 0.060572661 -0.034267977 0.005267493 0.997561455
1341846325.317988 -0.010173902 -0.128959656 0.110566832 0.057901599 -0.032768384 0.008044747 0.997751951
1341846325.349844 -0.016012710 -0.132319227 0.114897676 0.060782257 -0.027378498 0.010497487 0.997720301
1341846325.387302 -0.015306789 -0.120461576 0.115134016 0.065425143 -0.024746818 0.012716715 0.997469544
1341846325.417931 -0.004272657 -0.112659134 0.117546469 0.068473369 -0.020495422 0.016055293 0.997313142
1341846325.450747 0.003342998 -0.121798798 0.121202171 0.072481781 -0.012700217 0.018070992 0.997125089
1341846325.485954 -0.018251913 -0.098861553 0.123054929 0.081904583 -0.004267476 0.019253064 0.996445000
1341846325.517875 -0.016327148 -0.091900326 0.118406594 0.085329145 -0.002065788 0.022038717 0.996106923
1341846325.553859 -0.015641965 -0.086197160 0.119243853 0.088186882 0.001363707 0.021205515 0.995877266
1341846325.585855 -0.021737438 -0.065323703 0.117590755 0.091322303 0.004656305 0.019462027 0.995620310
1341846325.617990 -0.024191098 -0.045914870 0.121016391 0.088823266 0.006573105 0.018509345 0.995853722
1341846325.653982 -0.024857543 -0.062825769 0.125623703 0.084855556 0.008300575 0.015165748 0.996243238
1341846325.685819 -0.025923440 -0.060066484 0.128131524 0.090381987 0.009678049 0.017268568 0.995710373
1341846325.717857 -0.032551177 -0.046406128 0.131456614 0.095057808 0.011214842 0.023596756 0.995128810
1341846325.754083 -0.034302950 -0.046761855 0.129580811 0.097830370 0.011265541 0.027777607 0.994751513
1341846325.786087 -0.032920182 -0.037783206 0.130531430 0.104771160 0.011985667 0.028843815 0.994005680
1341846325.821856 -0.032887988 -0.020735795 0.131988779 0.108701244 0.013459927 0.030466380 0.993516266
1341846325.853827 -0.040671196 -0.017541189 0.129734829 0.108921416 0.014566286 0.033910271 0.993364990
1341846325.885958 -0.049836967 -0.002292844 0.127685934 0.109924130 0.012288882 0.039756279 0.993068457
1341846325.921984 -0.043075100 0.002089599 0.134418935 0.108935945 0.007816023 0.044427272 0.993024647
1341846325.953899 -0.031190507 0.005958667 0.140243888 0.112095706 0.007463250 0.045750111 0.992615581
1341846325.985823 -0.037333690 0.018638847 0.138354287 0.114907786 0.010868547 0.050445192 0.992034912
1341846326.021991 -0.042272706 0.020866500 0.141350493 0.117435738 0.011082228 0.056349333 0.991418540
1341846326.054055 -0.039658237 0.032998137 0.144018188 0.122644722 0.010359991 0.058989484 0.990641773
1341846326.089984 -0.032926545 0.054212742 0.144165248 0.125867933 0.011814904 0.058211427 0.990267158
1341846326.121822 -0.035418041 0.065333582 0.148080394 0.125567541 0.016068222 0.055974945 0.990374386
1341846326.154079 -0.037343480 0.063468397 0.152944893 0.125302762 0.018403554 0.054975476 0.990423262
1341846326.190178 -0.041288178 0.076751433 0.154407054 0.128090292 0.018036641 0.057561934 0.989926338
1341846326.222162 -0.044295978 0.093559161 0.153475329 0.127602816 0.016253849 0.064231925 0.989609778
1341846326.259181 -0.050121449 0.108634070 0.162783772 0.125161156 0.014117897 0.066875190 0.989779294
1341846326.322766 -0.043074176 0.128298834 0.164325520 0.117690034 0.013465676 0.065991454 0.990763724
1341846326.359773 -0.040334787 0.133350134 0.171174839 0.113693923 0.014529056 0.064327203 0.991324663
1341846326.392109 -0.039583437 0.127115563 0.172972560 0.111500032 0.016588774 0.065125480 0.991489351
1341846326.423985 -0.048227791 0.135888204 0.177058339 0.116261505 0.018142151 0.069466203 0.990620255
1341846326.459869 -0.048755787 0.151570976 0.175921708 0.118640296 0.015399425 0.073077120 0.990124762
1341846326.526163 -0.038633507 0.183919460 0.185380444 0.119260527 0.016417995 0.072594211 0.990069389
1341846326.560211 -0.041615441 0.191038370 0.188016519 0.113845736 0.020591879 0.073401779 0.990569115
1341846326.591828 -0.044487722 0.195530891 0.190737918 0.110688210 0.022977998 0.074042328 0.990826845
1341846326.627027 -0.041832779 0.207459047 0.194172338 0.110623263 0.024204638 0.073717579 0.990829051
1341846326.658442 -0.039108504 0.226921141 0.198230922 0.108951427 0.027731244 0.072182477 0.991034925
1341846326.694856 -0.046377555 0.237197250 0.201937973 0.105381332 0.031635288 0.072153717 0.991306126
1341846326.726206 -0.049204096 0.250962883 0.199541986 0.100024424 0.033031154 0.069864847 0.991979301
1341846326.762753 -0.039689243 0.265685171 0.203640714 0.094126143 0.034857638 0.067287408 0.992671907
1341846326.826821 -0.043809194 0.295007586 0.211569563 0.079589814 0.040613189 0.064485721 0.993910193
1341846326.858887 -0.050877247 0.300023884 0.220658466 0.071404956 0.042753387 0.062054019 0.994596720
1341846326.895360 -0.052378170 0.294254780 0.218285799 0.068222024 0.042443898 0.063326463 0.994753182
1341846326.926897 -0.054938696 0.300480008 0.218790412 0.070000954 0.038885899 0.065225698 0.994652331
1341846326.958888 -0.045675237 0.316727400 0.221686274 0.073051646 0.035720102 0.068914823 0.994302869
1341846326.994594 -0.041224349 0.333812475 0.215631992 0.074404307 0.035865258 0.070769742 0.994067013
1341846327.026301 -0.043998867 0.348422498 0.232978210 0.072861142 0.036972225 0.070781924 0.994139969
1341846327.063945 -0.041254260 0.349786818 0.243065059 0.069397479 0.039200306 0.067992978 0.994497001
1341846327.094662 -0.044873167 0.359148234 0.247134328 0.068886831 0.041744150 0.065488197 0.994597077
1341846327.128901 -0.043570466 0.367850512 0.247337952 0.067968585 0.041739531 0.065071255 0.994687796
1341846327.161940 -0.045444041 0.383739322 0.238832399 0.067327313 0.040662467 0.064092703 0.994839549
1341846327.193867 -0.045429755 0.384719878 0.240904927 0.065420717 0.042862386 0.061337538 0.995048046
1341846327.229885 -0.032386538 0.394856811 0.245640919 0.066649452 0.044114936 0.060103819 0.994987071
1341846327.262014 -0.061845668 0.402077228 0.229558438 0.065134518 0.053904857 0.051796753 0.995072246
1341846327.294023 -0.012060175 0.423233598 0.254221618 0.070788652 0.059213299 0.054074317 0.994262874
1341846327.330015 -0.021408383 0.444384903 0.245583445 0.073223963 0.070469826 0.047684196 0.993679225
1341846327.361939 -0.026657052 0.458613396 0.254975230 0.071192622 0.076136239 0.043224681 0.993612885
1341846327.393887 -0.038044952 0.457965612 0.260273844 0.067984052 0.080093943 0.035453547 0.993834078
1341846327.429966 -0.038256064 0.494102031 0.247839659 0.068264380 0.078574710 0.037024472 0.993878841
1341846327.461965 -0.035385832 0.487598598 0.253739536 0.057371624 0.073214792 0.037639733 0.994952917
1341846327.497931 -0.036913484 0.494440943 0.267608643 0.052310139 0.073115349 0.033142034 0.995399117
1341846327.530068 -0.043536946 0.515671968 0.271679223 0.052656878 0.073960528 0.035984062 0.995219707
1341846327.561895 -0.046216965 0.531856179 0.282548010 0.052427780 0.071846366 0.042966895 0.995109677
1341846327.598010 -0.048119634 0.534639359 0.282370985 0.053429753 0.068614975 0.047395963 0.995083332
1341846327.629945 -0.058947891 0.550886571 0.282957971 0.053886097 0.064420126 0.046196170 0.995395541
1341846327.662003 -0.053255726 0.550583124 0.291304588 0.053264111 0.061220475 0.043438226 0.995755017
1341846327.697919 -0.049691610 0.577026308 0.291466147 0.057368241 0.059743460 0.045012515 0.995546818
1341846327.730075 -0.049244083 0.608285308 0.289485961 0.054942213 0.058143783 0.044807676 0.995787621
1341846327.766017 -0.072159618 0.606547952 0.294442028 0.048806906 0.061704747 0.045403372 0.995865941
1341846327.797917 -0.055108376 0.626368821 0.294150174 0.045093402 0.058091063 0.046532661 0.996206164
1341846327.830054 -0.045934200 0.631382346 0.295804650 0.038025297 0.056349967 0.045943320 0.996628284
1341846327.865944 -0.048628494 0.631445169 0.296731472 0.033330012 0.057360958 0.048766419 0.996604562
1341846327.898010 -0.055609990 0.640501916 0.302185595 0.030369082 0.059182521 0.050928246 0.996484578
1341846327.929991 -0.055570766 0.650158882 0.304205120 0.026151525 0.057729371 0.048714984 0.996800005
1341846327.966065 -0.052277017 0.673050463 0.306891441 0.024183137 0.057008769 0.047459610 0.996951759
1341846327.998073 -0.054070950 0.683297098 0.302965403 0.017603831 0.057978611 0.045107845 0.997142851
1341846328.034045 -0.051272970 0.691786647 0.305712163 0.011750671 0.058790021 0.042304929 0.997304320
1341846328.065993 -0.072639622 0.689302742 0.310784787 0.005837832 0.062824637 0.042663883 0.997095168
1341846328.098045 -0.056418624 0.659555316 0.302245796 -0.000115972 0.061014682 0.043765415 0.997176945
1341846328.133967 -0.060267217 0.667964101 0.303121537 0.004988087 0.060489535 0.047257364 0.997037053
1341846328.166023 -0.063742965 0.657737374 0.298604041 0.004160210 0.057726379 0.048326388 0.997153401
1341846328.198018 -0.057754420 0.650154531 0.299525678 0.003946076 0.053871047 0.046040170 0.997478127
1341846328.234044 -0.058298580 0.628008664 0.297802716 0.004985805 0.053041197 0.042637732 0.997669160
1341846328.265899 -0.059676211 0.627355397 0.294108659 0.007823261 0.051317349 0.044127744 0.997676313
1341846328.302051 -0.052839417 0.613799214 0.281518996 0.009871898 0.050564181 0.042539410 0.997765601
1341846328.333917 -0.062270947 0.598718405 0.288817137 0.013601987 0.051709902 0.045717821 0.997522414
1341846328.366008 -0.056308486 0.578176081 0.289817452 0.019206438 0.050279398 0.043747202 0.997591734
1341846328.402010 -0.058382619 0.564837635 0.287836939 0.032405280 0.052337859 0.046306729 0.997028768
1341846328.433920 -0.059712484 0.536249101 0.283322364 0.034760427 0.050897688 0.045935784 0.997041166
1341846328.470003 -0.053485215 0.511647761 0.279941112 0.033999797 0.049234167 0.038637847 0.997460306
1341846328.502194 -0.042340204 0.489133656 0.275499582 0.035544097 0.050164174 0.030957771 0.997628093
1341846328.534033 -0.037729900 0.467101514 0.271396875 0.035792071 0.052477237 0.028135419 0.997583807
1341846328.570125 -0.045318969 0.437441081 0.260158956 0.034935042 0.054277252 0.028858257 0.997497201
1341846328.602804 -0.061928369 0.406466484 0.266516656 0.039137825 0.050592054 0.032720424 0.997415721
1341846328.672663 -0.038983099 0.369521022 0.250528336 0.049435489 0.035443779 0.028992159 0.997727096
1341846328.702975 -0.035996903 0.352599710 0.242456347 0.051531486 0.032501426 0.027617229 0.997760236
1341846328.770129 -0.027854428 0.322339505 0.243285581 0.060003962 0.028683156 0.025514200 0.997459710
1341846328.802331 -0.027856961 0.301890552 0.226651296 0.059772927 0.026448261 0.024002511 0.997572780
1341846328.838051 -0.023639325 0.282145292 0.220565960 0.063130505 0.024275249 0.020886881 0.997491300
1341846328.869939 -0.023046464 0.288049400 0.218201399 0.064467102 0.023098931 0.019913258 0.997453630
1341846328.904486 -0.021372374 0.267056704 0.220507398 0.059199359 0.019575778 0.020702669 0.997839451
1341846328.939814 -0.020999402 0.249347076 0.242499486 0.062930182 0.016535709 0.021158798 0.997656584
1341846328.970217 -0.014619458 0.244897857 0.226551920 0.066539139 0.014276600 0.024559282 0.997379363
1341846329.006232 -0.011079418 0.231710121 0.229139641 0.067290321 0.011286481 0.030128008 0.997214556
1341846329.038243 -0.011506996 0.218744040 0.230557978 0.071714483 0.011093221 0.028478229 0.996956825
1341846329.106125 -0.005381506 0.213219821 0.211997867 0.074345835 0.010127452 0.028476005 0.996774435
1341846329.138340 -0.004750530 0.182844251 0.193863139 0.073767118 0.010317884 0.024217675 0.996927977
1341846329.169991 -0.005292844 0.182519391 0.187152892 0.076057896 0.009254075 0.023910692 0.996773660
1341846329.208656 0.000209218 0.172233835 0.190203905 0.076380067 0.007723636 0.022898071 0.996785879
1341846329.238169 0.001591181 0.172047481 0.185368419 0.076360196 0.006654851 0.022757998 0.996798277
1341846329.273827 0.002501721 0.154820874 0.184475660 0.073758908 0.005485611 0.023718713 0.996978879
1341846329.306052 0.001267188 0.155038357 0.176991701 0.074707076 0.003295590 0.022491042 0.996946394
1341846329.338104 0.005652740 0.152534574 0.175716326 0.071221851 0.001331507 0.020804042 0.997242570
1341846329.373907 0.005232512 0.129867122 0.177473322 0.067196526 0.000631139 0.018887367 0.997560740
1341846329.405985 0.005662729 0.119123518 0.170724899 0.068160564 -0.000725193 0.015923763 0.997546971
1341846329.442057 0.004879742 0.116823189 0.165286794 0.067764938 -0.000874631 0.012180502 0.997626543
1341846329.473950 0.003205224 0.101082318 0.164367244 0.066289596 -0.001946383 0.006449691 0.997777641
1341846329.506147 0.003424388 0.098080590 0.160053447 0.066900730 -0.003911995 0.003234808 0.997746706
1341846329.542121 -0.000072181 0.083469227 0.159459457 0.064570479 -0.006779720 0.003734703 0.997883081
1341846329.574086 0.006209042 0.065829679 0.157587707 0.066527925 -0.009419457 0.002187580 0.997737646
1341846329.606387 0.007283401 0.066415779 0.150034264 0.069242641 -0.010020114 0.000857323 0.997549117
1341846329.641955 0.001279283 0.061733123 0.144422591 0.069145985 -0.010782087 0.001515673 0.997547090
1341846329.681570 0.001044356 0.050483286 0.149201468 0.068329565 -0.013765764 0.001489204 0.997566700
1341846329.748113 0.007048081 0.046284955 0.145158648 0.070560560 -0.014084068 -0.001144377 0.997407377
1341846329.810175 0.004471723 0.018045271 0.144064292 0.067977235 -0.010758228 0.003748213 0.997621775
1341846329.842255 0.003122665 0.009774085 0.146310717 0.069488987 -0.010443266 0.006735266 0.997505248
1341846329.874044 -0.001285881 0.003994120 0.142974854 0.071312420 -0.010091142 0.009940488 0.997353375
1341846329.910073 0.002006083 0.008692531 0.140525088 0.071887158 -0.011054640 0.012812401 0.997269154
1341846329.942009 0.001967427 0.005331470 0.142748103 0.067255512 -0.011533704 0.018377345 0.997499883
1341846329.978087 0.001444431 -0.019919474 0.141010910 0.064426512 -0.011759228 0.019199807 0.997668386
1341846330.016305 0.006465049 -0.010618221 0.137007475 0.067102320 -0.011156283 0.017160455 0.997536123
1341846330.048192 -0.000938746 -0.006681184 0.134962201 0.063319579 -0.009205362 0.018813202 0.997773468
1341846330.080418 0.002115852 -0.027223527 0.136089176 0.058403656 -0.009553872 0.020616233 0.998034358
1341846330.115886 0.003411456 -0.040441182 0.137653992 0.061138857 -0.008121992 0.021329785 0.997868299
1341846330.147839 -0.003323940 -0.024416054 0.132172123 0.064301975 -0.007523153 0.023097828 0.997634768
1341846330.181257 -0.001397590 -0.011159455 0.130161151 0.060193252 -0.008439424 0.025869723 0.997815728
1341846330.215852 -0.001102241 -0.028349791 0.131481081 0.053157724 -0.007393072 0.025794715 0.998225510
1341846330.247833 -0.005145647 -0.035242353 0.132681876 0.051102474 -0.006673034 0.024443928 0.998371899
1341846330.283913 -0.010327728 -0.018815158 0.129644185 0.048741154 -0.006808355 0.024654662 0.998483896
1341846330.316011 -0.013173190 -0.036599137 0.131997511 0.041387372 -0.007375704 0.023929507 0.998829305
1341846330.347868 -0.009408160 -0.044911373 0.127927497 0.038730033 -0.009771142 0.023905396 0.998915911
1341846330.383835 -0.005088225 -0.047189482 0.130034208 0.037031543 -0.010512448 0.024205493 0.998965561
1341846330.415934 -0.006411150 -0.062758721 0.131963938 0.035932403 -0.009520815 0.022039428 0.999065757
1341846330.452561 -0.009767538 -0.064522684 0.128433049 0.038694963 -0.009918151 0.021132192 0.998978317
1341846330.483903 -0.014509555 -0.059684552 0.122916803 0.038906977 -0.011488040 0.024017440 0.998888075
1341846330.515970 -0.014708824 -0.068592221 0.123685978 0.037147351 -0.013667295 0.026994094 0.998851597
1341846330.552099 -0.012272155 -0.072423086 0.123174429 0.038361903 -0.015149296 0.029954851 0.998699903
1341846330.583876 -0.018096108 -0.061851475 0.118251786 0.038567171 -0.014903172 0.029775765 0.998701036
1341846330.619992 -0.028274335 -0.050139867 0.112878703 0.035212006 -0.015202811 0.028397527 0.998860598
1341846330.652136 -0.019493666 -0.060562052 0.113331102 0.027895141 -0.017923171 0.027954770 0.999059081
1341846330.683796 -0.023010416 -0.065422066 0.111330748 0.022940738 -0.017433828 0.026726624 0.999227405
1341846330.719991 -0.028369579 -0.082412191 0.105538681 0.019446529 -0.019502491 0.028005499 0.999228239
1341846330.752103 -0.032195471 -0.086512625 0.102568679 0.021235377 -0.023424452 0.032275148 0.998978794
1341846330.787952 -0.038931228 -0.080627523 0.090102084 0.022419900 -0.027636925 0.035626054 0.998731375
1341846330.819823 -0.031868003 -0.078461975 0.095783740 0.022371296 -0.032890636 0.037101913 0.998519480
1341846330.852208 -0.031501055 -0.070702270 0.088275470 0.022268275 -0.034471422 0.037812486 0.998441815
1341846330.914111 -0.036759488 -0.059078328 0.085330009 0.013717729 -0.037594866 0.037138268 0.998508453
1341846330.949903 -0.043009393 -0.072611935 0.084942535 0.009818909 -0.038157314 0.037135597 0.998533189
1341846330.981986 -0.052332655 -0.070210554 0.078847826 0.010982790 -0.041969568 0.037460450 0.998355925
1341846331.014111 -0.047791954 -0.064049840 0.078990810 0.010799982 -0.046510544 0.038140014 0.998130918
1341846331.082139 -0.048713744 -0.069284759 0.070359021 0.012230108 -0.049333435 0.035368782 0.998080969
1341846331.114334 -0.048990045 -0.065725438 0.069108196 0.012116943 -0.051672369 0.034991715 0.997977316
1341846331.149989 -0.048830375 -0.071648933 0.072774276 0.012397397 -0.052494731 0.033666216 0.997976542
1341846331.181954 -0.051127888 -0.073649228 0.063158818 0.015391839 -0.052680515 0.033053834 0.997945487
1341846331.218151 -0.051394563 -0.061463702 0.062816724 0.015716199 -0.056424696 0.035383176 0.997655869
1341846331.249914 -0.037017837 -0.072632313 0.070349492 0.012779292 -0.059233833 0.034071539 0.997580647
1341846331.318141 -0.033754736 -0.069969900 0.069273978 0.023644669 -0.049343444 0.029729303 0.998059273
1341846331.349926 -0.029194608 -0.068626076 0.068738513 0.022681626 -0.047180425 0.028789142 0.998213768
1341846331.382003 0.019459687 -0.087976456 0.084152967 0.024099456 -0.045653805 0.031368673 0.998173833
1341846331.418008 -0.013175791 -0.079020955 0.074320316 0.031625148 -0.031335719 0.027947964 0.998617470
1341846331.450327 -0.018431157 -0.069351897 0.081521414 0.034103159 -0.026340811 0.027604904 0.998689711
1341846331.486219 -0.031450763 -0.063162230 0.087498084 0.034580637 -0.023169616 0.028291447 0.998732686
1341846331.518344 -0.019389320 -0.063971184 0.089289375 0.033399466 -0.023486327 0.027827663 0.998778462
1341846331.550202 -0.012029483 -0.072106719 0.100032255 0.035252225 -0.019334551 0.026489118 0.998840213
1341846331.586139 -0.023540650 -0.058139354 0.102625981 0.038048811 -0.016960651 0.026314011 0.998785377
1341846331.617931 -0.020560624 -0.056947567 0.111248225 0.037009638 -0.016907634 0.026271518 0.998826385
1341846331.654027 -0.012317056 -0.062165819 0.122348122 0.037423201 -0.014724163 0.026374333 0.998842895
1341846331.686123 -0.019350555 -0.053566381 0.123171426 0.040094040 -0.011452229 0.028561505 0.998721957
1341846331.717954 -0.027297117 -0.040293008 0.130767882 0.038000662 -0.011917256 0.028294059 0.998805940
1341846331.754076 -0.011029679 -0.055018462 0.145406738 0.034689896 -0.012757032 0.027772447 0.998930752
1341846331.785920 -0.009748699 -0.057237059 0.154055625 0.037237067 -0.009877785 0.026339615 0.998910427
1341846331.818053 -0.016181111 -0.044263355 0.166205093 0.038417738 -0.007560866 0.026659930 0.998877466
1341846331.853849 -0.013715714 -0.053499788 0.176876709 0.036453143 -0.007422043 0.025738483 0.998976290
1341846331.885987 -0.004351528 -0.053175680 0.187671512 0.039510157 -0.005656024 0.024157742 0.998911083
1341846331.922014 -0.009546570 -0.046395406 0.202674448 0.041707348 -0.001863462 0.022833230 0.998867154
1341846331.954037 -0.010253062 -0.042674303 0.234637931 0.042172551 0.000928131 0.022834647 0.998848915
1341846331.986135 -0.005553547 -0.053829126 0.237433434 0.043784648 0.006129729 0.024157414 0.998730063
1341846332.022364 -0.013301052 -0.057352763 0.253629625 0.050535303 0.011874436 0.024574945 0.998349249
1341846332.054175 -0.019404460 -0.053453859 0.275499254 0.056822132 0.012147250 0.025755862 0.997978091
1341846332.086502 -0.015767697 -0.049650326 0.285528809 0.059791919 0.011925916 0.027590405 0.997758210
1341846332.122051 -0.007305912 -0.049021125 0.271279633 0.060956035 0.012286085 0.027688047 0.997680664
1341846332.153983 -0.022809455 -0.025672309 0.290353239 0.061042421 0.013553076 0.022998588 0.997778118
1341846332.190165 -0.024503235 -0.027887922 0.326064825 0.054704349 0.011385891 0.022227045 0.998190224
1341846332.254145 -0.023867730 -0.047491163 0.349053711 0.053609975 0.011787892 0.019429890 0.998303294
1341846332.289948 -0.025189687 -0.040922664 0.360108137 0.055885058 0.011428908 0.021681782 0.998136282
1341846332.322172 -0.024396451 -0.042833362 0.374781966 0.056577969 0.011060330 0.023647610 0.998056769
1341846332.354003 -0.016923940 -0.048419666 0.377293974 0.058715891 0.012424478 0.021180732 0.997972667
1341846332.390180 -0.016470773 -0.034944989 0.388458699 0.061208718 0.016833520 0.018209919 0.997816861
1341846332.422055 -0.022712292 -0.030223032 0.399339974 0.059619978 0.019692123 0.014333672 0.997923911
1341846332.458114 -0.014218360 -0.034543842 0.391173691 0.058680415 0.021586103 0.010613970 0.997986972
1341846332.489993 -0.020597348 -0.028400326 0.405250788 0.059993841 0.023721507 0.012417016 0.997839570
1341846332.522130 -0.028055009 -0.025037065 0.416583300 0.059491709 0.020512987 0.018540187 0.997845769
1341846332.558114 -0.025158685 -0.029930713 0.423309773 0.059006792 0.014833169 0.026079247 0.997806609
1341846332.589874 -0.013348185 -0.016248628 0.428102374 0.059926964 0.010953273 0.029921787 0.997694075
1341846332.621889 -0.013393140 -0.008890945 0.438312650 0.056182135 0.011268862 0.031395964 0.997863114
1341846332.658202 -0.010224286 -0.013348177 0.450394511 0.052153561 0.011832779 0.029521096 0.998132527
1341846332.690001 -0.007848663 -0.010820411 0.460220665 0.050228946 0.012578546 0.031455468 0.998162985
1341846332.726000 -0.012055104 -0.016066456 0.467394531 0.048788022 0.012062501 0.035380051 0.998109460
1341846332.758386 -0.005618709 -0.012420699 0.478300691 0.049751788 0.008986685 0.036444549 0.998055995
1341846332.789937 0.001723778 -0.005810808 0.482685596 0.049211420 0.009435897 0.034767885 0.998138487
1341846332.825925 0.004886933 -0.007899087 0.499433756 0.046705965 0.011701669 0.033766635 0.998269200
1341846332.857898 0.009118041 -0.008159667 0.507310152 0.047724333 0.012516903 0.033716649 0.998212874
1341846332.894069 0.010269833 0.004790608 0.517836273 0.048421606 0.012186188 0.033670999 0.998184919
1341846332.926029 0.013375740 0.006805055 0.536346674 0.044631694 0.012721584 0.031735659 0.998418272
1341846332.958015 0.014875337 0.011163101 0.547249496 0.042173453 0.015275914 0.028677292 0.998581827
1341846332.994073 0.016752258 0.011422325 0.553013861 0.038938913 0.016408371 0.027526660 0.998727560
1341846333.026545 0.021591187 0.012449466 0.559219301 0.036329176 0.017231930 0.024829427 0.998882771
1341846333.057998 0.030023320 0.012773499 0.568547726 0.035225861 0.018815966 0.025707355 0.998871505
1341846333.094024 0.033243366 0.012198418 0.575054288 0.035634533 0.020024480 0.030359469 0.998702884
1341846333.126095 0.039653216 0.018882822 0.580695629 0.036840923 0.021097925 0.031587791 0.998598933
1341846333.161973 0.040882900 0.022938773 0.585234880 0.035487842 0.024217371 0.032228719 0.998556674
1341846333.195660 0.049226783 0.023729410 0.587213635 0.033234593 0.024795661 0.037227366 0.998446167
1341846333.226331 0.052274931 0.027804662 0.594364226 0.032425512 0.025236692 0.036625862 0.998483956
1341846333.262056 0.054888219 0.034833174 0.596386969 0.029658685 0.025381757 0.035129316 0.998620093
1341846333.294147 0.053956375 0.030199364 0.605700672 0.025808305 0.025636004 0.034756597 0.998733521
1341846333.326100 0.060885783 0.033553317 0.609728932 0.024635803 0.023385527 0.033466429 0.998862445
1341846333.362100 0.065065764 0.041540585 0.609055758 0.021960251 0.022263821 0.031769283 0.999005914
1341846333.394119 0.052916221 0.033230893 0.610370696 0.017221658 0.023724703 0.029024102 0.999148726
1341846333.429974 0.053169787 0.035899751 0.615694940 0.016762916 0.022211749 0.028209474 0.999214649
1341846333.462115 0.059649851 0.033381023 0.618345201 0.016412843 0.021800056 0.027236847 0.999256492
1341846333.494040 0.063929729 0.035175867 0.618781447 0.017449943 0.021937665 0.026221473 0.999263108
1341846333.529953 0.068784371 0.035321314 0.618362010 0.018434357 0.022649137 0.025948618 0.999236643
1341846333.562063 0.065125182 0.036826376 0.620863616 0.019303316 0.025449919 0.027493699 0.999111474
1341846333.594090 0.055367552 0.043768167 0.620342851 0.018674361 0.025808159 0.028642232 0.999081969
1341846333.629994 0.056076661 0.044875048 0.621619523 0.014912738 0.023162046 0.027723091 0.999235988
1341846333.662127 0.056752801 0.042477142 0.620418429 0.011404865 0.022065127 0.027295187 0.999318779
1341846333.697964 0.062400416 0.035125747 0.618918538 0.009093772 0.021219259 0.027860349 0.999345183
1341846333.730092 0.056872141 0.032283850 0.615914226 0.011211736 0.022563029 0.028363066 0.999280155
1341846333.762089 0.055745017 0.035061609 0.612851739 0.013155427 0.023373036 0.030036885 0.999188900
1341846333.798006 0.050900962 0.032134172 0.607984245 0.014165286 0.024510715 0.029809864 0.999154627
1341846333.830055 0.053040996 0.033470497 0.603888333 0.017178928 0.025298510 0.028056698 0.999138474
1341846333.866045 0.047995098 0.033135794 0.598687530 0.018179758 0.027128784 0.026182272 0.999123633
1341846333.897987 0.044765413 0.027593678 0.594604850 0.019230120 0.027562892 0.025124870 0.999119222
1341846333.930099 0.046293259 0.025418375 0.589735806 0.022152683 0.028047148 0.023684336 0.999080420
1341846333.965889 0.043360651 0.027192103 0.583275616 0.024532881 0.029136244 0.023759902 0.998991847
1341846333.997985 0.045942023 0.024473734 0.576322794 0.027288916 0.029683830 0.022987107 0.998922288
1341846334.030076 0.041198328 0.021350190 0.576394141 0.029848443 0.030730972 0.024671970 0.998777211
1341846334.066000 0.035362091 0.022275042 0.570617318 0.031788561 0.030908646 0.026320221 0.998669803
1341846334.097932 0.035882395 0.018251278 0.563807666 0.033252653 0.030733600 0.025836429 0.998640180
1341846334.133884 0.034366496 0.019632164 0.554384053 0.034817990 0.031672090 0.026252476 0.998546660
1341846334.166115 0.026638074 0.017994892 0.549228728 0.034717333 0.030947534 0.027388133 0.998542368
1341846334.198072 0.024490282 0.017215237 0.542578995 0.035453495 0.029472796 0.026104094 0.998595476
1341846334.234097 0.025751125 0.018106710 0.532371581 0.035861161 0.029972464 0.024713842 0.998601437
1341846334.266045 0.018881874 0.017769299 0.530701995 0.036121603 0.031765558 0.025356308 0.998520553
1341846334.297946 0.013551172 0.013504274 0.518353045 0.036509249 0.030691780 0.026673408 0.998505712
1341846334.334036 0.014382102 0.016723000 0.512921512 0.037400972 0.028439103 0.027090719 0.998528183
1341846334.365871 0.014251020 0.018703505 0.503253043 0.036997553 0.028491061 0.025677107 0.998579025
1341846334.401845 0.009866770 0.016850386 0.499181002 0.035551880 0.029704718 0.024078866 0.998636007
1341846334.433864 0.000872834 0.012239993 0.493069559 0.035509121 0.029241811 0.024546256 0.998639822
1341846334.466105 0.002342906 0.016710889 0.486522436 0.036655791 0.027136659 0.025586722 0.998631716
1341846334.502142 -0.005799202 0.016826198 0.478425115 0.035323244 0.026442358 0.026499948 0.998674572
1341846334.540153 -0.007155834 0.015360877 0.468734831 0.034755681 0.025258934 0.024885461 0.998766601
1341846334.602351 -0.014979376 0.026041176 0.453219563 0.031047614 0.021571010 0.018528489 0.999113321
1341846334.670161 -0.018991670 0.019163243 0.441176713 0.025353879 0.018843234 0.011447420 0.999435365
1341846334.702085 -0.028358459 0.013751397 0.430304021 0.023699868 0.017262688 0.011654699 0.999502122
1341846334.734751 -0.027335241 0.012853095 0.421992481 0.023567934 0.014309752 0.013977706 0.999522090
1341846334.770889 -0.033502758 0.012901483 0.416276783 0.023883820 0.012956650 0.016483508 0.999494851
1341846334.802194 -0.041614696 0.014103930 0.402741224 0.023439426 0.011172394 0.017678415 0.999506533
1341846334.833908 -0.037091255 0.018171299 0.392523438 0.023580927 0.008936441 0.015912242 0.999555349
1341846334.869874 -0.040861174 0.018837852 0.382104218 0.021969961 0.008627784 0.015961878 0.999593914
1341846334.902006 -0.049988173 0.014225906 0.373599768 0.019917762 0.007595681 0.016111242 0.999642968
1341846334.938010 -0.053927075 0.014244587 0.363567591 0.019438872 0.004788459 0.016275115 0.999667108
1341846334.970032 -0.046542738 0.013785485 0.357984424 0.019549912 0.003047875 0.015093966 0.999690294
1341846335.002203 -0.054570686 0.008967440 0.348317921 0.020857714 0.004199802 0.016410997 0.999638915
1341846335.037880 -0.057370689 0.009255196 0.333460271 0.023147877 0.000558282 0.019315753 0.999545276
1341846335.069990 -0.057964049 0.015061655 0.324692905 0.024050467 -0.001974210 0.018662473 0.999534607
1341846335.106038 -0.052461244 0.011203042 0.315122366 0.023960926 -0.001527338 0.016763628 0.999571204
1341846335.138045 -0.061997157 0.008564739 0.305383474 0.025516165 0.000337047 0.016099380 0.999544740
1341846335.169900 -0.067560196 0.010132942 0.287013888 0.025555125 -0.002077342 0.016400412 0.999536753
1341846335.206091 -0.062463377 0.012498677 0.283550918 0.025272284 -0.004575779 0.014102124 0.999570668
1341846335.239365 -0.060755793 0.008666421 0.272651434 0.024921546 -0.003644267 0.011394214 0.999617875
1341846335.269948 -0.065973632 0.007580072 0.261417836 0.026584590 -0.002002394 0.010076352 0.999593794
1341846335.305972 -0.070628583 0.005876953 0.251740694 0.028302670 -0.003486976 0.011257224 0.999529958
1341846335.338012 -0.068779953 0.004077412 0.243860379 0.029637873 -0.005048592 0.012640564 0.999468029
1341846335.374005 -0.064288221 -0.007442835 0.234036669 0.033186011 -0.003430027 0.013335030 0.999354362
1341846335.406025 -0.068062887 -0.003707750 0.224083990 0.040290814 -0.000895718 0.015546643 0.999066651
1341846335.438079 -0.071367800 0.005286105 0.211926416 0.046046168 0.000108099 0.018506667 0.998767912
1341846335.473998 -0.068491817 0.008765930 0.202448875 0.048192315 0.001300582 0.019649500 0.998643935
1341846335.507038 -0.069922574 0.012973581 0.190121248 0.049497474 0.004175317 0.017473210 0.998612642
1341846335.538040 -0.075160526 0.019395703 0.183278114 0.049219381 0.006664173 0.015703207 0.998642325
1341846335.574119 -0.081191435 0.026026182 0.173290357 0.047075678 0.006828547 0.016014528 0.998739600
1341846335.605970 -0.078465827 0.017154181 0.164561257 0.044841118 0.005628024 0.015787231 0.998853564
1341846335.641978 -0.075053558 0.019926157 0.152085558 0.046226341 0.006422337 0.013177328 0.998823404
1341846335.673993 -0.080704078 0.021892793 0.143784314 0.046025470 0.007457116 0.012834875 0.998829961
1341846335.706178 -0.084127299 0.022234116 0.132657364 0.045513723 0.006194080 0.013759078 0.998849750
1341846335.741982 -0.079744399 0.019693706 0.120742753 0.045727517 0.005727890 0.013043578 0.998852372
1341846335.773960 -0.088173255 0.024211293 0.113633290 0.046358585 0.006919618 0.012068463 0.998827994
1341846335.806271 -0.089314580 0.029644104 0.104617611 0.044689734 0.006072310 0.012441222 0.998905003
1341846335.842031 -0.086028591 0.022064980 0.091373049 0.042136189 0.006601681 0.012175849 0.999015868
1341846335.873966 -0.086311311 0.020508211 0.081980564 0.042989396 0.008095615 0.011171133 0.998980284
1341846335.910005 -0.092352308 0.026746729 0.063062876 0.042929966 0.008628174 0.013396527 0.998951018
1341846335.941936 -0.095783189 0.026642712 0.051922981 0.041920166 0.006903466 0.013970019 0.998999417
1341846335.974198 -0.095806263 0.026401946 0.039869897 0.041705582 0.006094662 0.011780495 0.999041915
1341846336.010032 -0.098291978 0.027782802 0.028617742 0.041501522 0.006093433 0.010366474 0.999066055
1341846336.042129 -0.103605933 0.026761517 0.017923588 0.040488962 0.004962263 0.010909235 0.999108076
1341846336.078076 -0.103926525 0.022860833 0.009906968 0.040197119 0.002947293 0.009759903 0.999139726
1341846336.110739 -0.102774933 0.027854960 0.001680741 0.041170552 0.002637018 0.008805671 0.999109805
1341846336.142002 -0.110597521 0.024726460 -0.011160969 0.040591870 0.002914942 0.009986688 0.999121666
1341846336.183953 -0.115268297 0.025946740 -0.021400146 0.040263880 0.000456529 0.010899133 0.999129534
1341846336.241891 -0.115351833 0.030459091 -0.029424077 0.038798876 -0.000471883 0.010123688 0.999195635
1341846336.277946 -0.123994440 0.021871502 -0.039754428 0.038687196 0.000386569 0.011429530 0.999185920
1341846336.309977 -0.125507176 0.023338391 -0.047976591 0.041410498 -0.002254342 0.015151636 0.999024749
1341846336.346143 -0.127421409 0.030610895 -0.052996013 0.043766890 -0.003580058 0.015816156 0.998910129
1341846336.377975 -0.126864225 0.029271260 -0.061468441 0.044391129 -0.003484773 0.015204584 0.998892426
1341846336.410032 -0.129568711 0.032746326 -0.071174204 0.045489471 -0.002727512 0.015388740 0.998842537
1341846336.446041 -0.131913409 0.037273098 -0.084423199 0.045285583 -0.003086059 0.015093571 0.998855293
1341846336.477990 -0.133017167 0.033987869 -0.089687780 0.044061888 -0.002967199 0.014368087 0.998921096
1341846336.510056 -0.131299391 0.032715812 -0.094931766 0.044245321 -0.002758966 0.015463403 0.998897254
1341846336.546024 -0.134655446 0.033429276 -0.100573473 0.045247044 -0.002627125 0.017233858 0.998823702
1341846336.578003 -0.139022633 0.041097216 -0.108372368 0.045498326 -0.002649344 0.018807180 0.998783886
1341846336.614020 -0.134786725 0.043251749 -0.108327910 0.045055475 -0.002353091 0.017631484 0.998826146
1341846336.645982 -0.141375929 0.047256038 -0.118073426 0.043979213 -0.000771647 0.017792132 0.998873711
1341846336.678036 -0.145161256 0.039378814 -0.126236752 0.041658022 -0.002742892 0.018066062 0.998964787
1341846336.714024 -0.149269029 0.032053854 -0.123542108 0.042867042 -0.004548415 0.017692685 0.998913765
1341846336.746016 -0.153914914 0.032139581 -0.131847113 0.046634354 -0.006473236 0.019801773 0.998694777
1341846336.778014 -0.157910064 0.037013460 -0.156002998 0.049321096 -0.010240045 0.023467947 0.998454750
1341846336.820006 -0.158342347 0.039992005 -0.155485496 0.050107155 -0.014012091 0.025468228 0.998320758
1341846336.882056 -0.163135439 0.036793083 -0.171108186 0.052494962 -0.015952822 0.024130730 0.998202145
1341846336.914273 -0.166101471 0.029575936 -0.181226224 0.054443724 -0.020349797 0.026010612 0.997970581
1341846336.945998 -0.162486836 0.029943369 -0.172858864 0.060935792 -0.027420113 0.028589044 0.997355282
1341846336.981980 -0.167945474 0.051785767 -0.182495847 0.065207414 -0.030638069 0.026201902 0.997057080
1341846337.014238 -0.163997233 0.056589939 -0.193110675 0.062290698 -0.033705778 0.024675192 0.997183502
1341846337.046017 -0.167580798 0.055049289 -0.176768258 0.060157008 -0.034795754 0.019682111 0.997388065
1341846337.082104 -0.166207239 0.053198360 -0.192562908 0.059243042 -0.035352647 0.016727144 0.997477114
1341846337.114317 -0.175241306 0.052089173 -0.191938475 0.057531640 -0.037094779 0.016233675 0.997522235
1341846337.150037 -0.165128917 0.053112000 -0.194260716 0.055902850 -0.039633747 0.015065437 0.997535527
1341846337.181873 -0.164167583 0.050244980 -0.195987016 0.055222556 -0.039450880 0.011883571 0.997623622
1341846337.214073 -0.167481318 0.057436328 -0.199534401 0.053181496 -0.037968446 0.010336381 0.997809231
1341846337.250087 -0.188672632 0.044580184 -0.217596456 0.049824700 -0.037918314 0.010276522 0.997985005
1341846337.282028 -0.174577147 0.046420876 -0.210587889 0.051223699 -0.043335073 0.014919150 0.997635007
1341846337.317920 -0.166851729 0.050198454 -0.202676997 0.051074926 -0.045286667 0.015083157 0.997553468
1341846337.350018 -0.172686636 0.056995802 -0.214391068 0.049814157 -0.044120569 0.014686838 0.997675419
1341846337.382159 -0.169393882 0.052674770 -0.209783673 0.046899144 -0.043980721 0.012780644 0.997849107
1341846337.417941 -0.174619049 0.045406953 -0.213348284 0.047500543 -0.043085143 0.013265442 0.997853398
1341846337.450137 -0.173373193 0.050835423 -0.228816405 0.048092961 -0.045019705 0.014336450 0.997724771
1341846337.482096 -0.172690168 0.048938341 -0.221271023 0.046541844 -0.045314126 0.015254086 0.997771442
1341846337.518008 -0.174838081 0.042628899 -0.219464079 0.047339380 -0.045622807 0.014860054 0.997725785
1341846337.549978 -0.175194696 0.053171024 -0.235146224 0.047959875 -0.046264444 0.013014711 0.997692347
1341846337.585971 -0.174677148 0.048972778 -0.229211926 0.045048211 -0.046713851 0.012118260 0.997818410
1341846337.617903 -0.172423020 0.036031004 -0.221211895 0.045629550 -0.047472350 0.013080661 0.997744083
1341846337.650141 -0.169489995 0.049533643 -0.230318636 0.048890673 -0.047946155 0.012339905 0.997576356
1341846337.686352 -0.170156538 0.052001595 -0.229648471 0.047078945 -0.047516070 0.012408208 0.997683227
1341846337.718002 -0.166459173 0.049483046 -0.220863447 0.045275021 -0.047420248 0.012487234 0.997770309
1341846337.749920 -0.162965685 0.053316243 -0.220345378 0.045110054 -0.045614097 0.011952871 0.997868538
1341846337.786157 -0.161118165 0.060483031 -0.217828691 0.042221237 -0.043086585 0.012450973 0.998101115
1341846337.817945 -0.159467638 0.054673128 -0.209660515 0.039735861 -0.041021690 0.013935422 0.998270571
1341846337.854071 -0.158856377 0.060695156 -0.207027063 0.038731743 -0.037666362 0.013163481 0.998452723
1341846337.885951 -0.164812252 0.065889090 -0.201585144 0.035867430 -0.034872435 0.011127130 0.998685956
1341846337.918223 -0.161344439 0.065089367 -0.195744008 0.031580955 -0.033794764 0.008784375 0.998891056
1341846337.954120 -0.160518155 0.062044878 -0.190471351 0.029091885 -0.032365546 0.008188012 0.999019086
1341846337.985994 -0.158956870 0.070309214 -0.184608251 0.026883144 -0.031574205 0.008260624 0.999105632
1341846338.018107 -0.154967517 0.065480426 -0.174019754 0.023167536 -0.030187093 0.009492433 0.999230683
1341846338.054055 -0.152685478 0.071502395 -0.169048443 0.021228610 -0.028805539 0.008476681 0.999323606
1341846338.085986 -0.146781772 0.069048405 -0.155230999 0.017496485 -0.026124598 0.008623848 0.999468386
1341846338.121875 -0.150483191 0.064432979 -0.148140892 0.015459774 -0.023548460 0.010264110 0.999550462
1341846338.154089 -0.154746071 0.063929714 -0.145491958 0.014530789 -0.022428695 0.013245539 0.999555051
1341846338.186029 -0.152990937 0.064378895 -0.137772337 0.013382470 -0.022802284 0.015555230 0.999529421
1341846338.222071 -0.142467424 0.067969114 -0.131436467 0.012192455 -0.022477422 0.015246600 0.999556720
1341846338.254107 -0.144993603 0.065927200 -0.117170066 0.010463645 -0.020279862 0.015702976 0.999616265
1341846338.290130 -0.142347842 0.062733933 -0.109379373 0.010673692 -0.020463595 0.017663384 0.999577582
1341846338.321952 -0.141875640 0.069273219 -0.104747981 0.011114532 -0.019480443 0.019395830 0.999560297
1341846338.354022 -0.139866501 0.067060597 -0.092348039 0.010431136 -0.019088292 0.019603090 0.999571204
1341846338.389969 -0.139275163 0.073063843 -0.083035223 0.010345791 -0.018028805 0.019971630 0.999584436
1341846338.422377 -0.138677865 0.070287690 -0.070017427 0.008276206 -0.017773762 0.020551883 0.999596536
1341846338.454010 -0.136699304 0.073024035 -0.065672696 0.007339817 -0.018254269 0.019524084 0.999615788
1341846338.489894 -0.135214955 0.070176639 -0.054200191 0.005418222 -0.018741831 0.019896451 0.999611676
1341846338.522066 -0.132697523 0.069265522 -0.042643353 0.006277885 -0.018431541 0.019109782 0.999627769
1341846338.558058 -0.135387212 0.075702719 -0.044510640 0.005781100 -0.018186795 0.018410968 0.999648333
1341846338.589842 -0.125786379 0.076268889 -0.022559505 0.003787665 -0.019274125 0.018381348 0.999638081
1341846338.622019 -0.122215971 0.073203534 -0.010355642 0.004467033 -0.018328179 0.020098940 0.999620020
1341846338.657984 -0.126933187 0.078529164 -0.005274585 0.005023557 -0.018120851 0.021603536 0.999589741
1341846338.690198 -0.122639745 0.081197158 0.004156437 0.003138132 -0.018996503 0.020805990 0.999598145
1341846338.722454 -0.114658654 0.075884707 0.021204934 0.002177162 -0.018503379 0.021482624 0.999595582
1341846338.757945 -0.121803947 0.080896094 0.023386648 0.002572663 -0.017782658 0.023033617 0.999573231
1341846338.790039 -0.119883694 0.082056604 0.034887116 0.000482219 -0.019925436 0.023414060 0.999527156
1341846338.826048 -0.108480312 0.081052721 0.049267624 0.000940458 -0.020006994 0.021989929 0.999557555
1341846338.858027 -0.112297244 0.087493084 0.053706914 0.001153923 -0.018053977 0.021317977 0.999609053
1341846338.889902 -0.111013435 0.085347146 0.065511703 -0.001568159 -0.018932523 0.020835876 0.999602437
1341846338.925948 -0.102708727 0.084789768 0.080718689 -0.002181601 -0.018866142 0.019040857 0.999638319
1341846338.958108 -0.103591003 0.084639907 0.089128338 -0.001912050 -0.016668189 0.017946402 0.999698162
1341846338.990057 -0.100748837 0.080910750 0.099370517 -0.001897176 -0.016832113 0.019396536 0.999668360
1341846339.025928 -0.093341634 0.080406561 0.116178416 0.000140344 -0.016473584 0.019612504 0.999671876
1341846339.057939 -0.096063666 0.090085357 0.121121004 0.003765179 -0.013557593 0.019248184 0.999715686
1341846339.093927 -0.101940684 0.094686478 0.124945402 0.002584004 -0.013532247 0.020294599 0.999699116
1341846339.126562 -0.092365988 0.099013418 0.138463184 -0.000251832 -0.015205684 0.018888554 0.999705911
1341846339.157969 -0.085992992 0.096218839 0.152839184 -0.002994265 -0.012864603 0.017293384 0.999763191
1341846339.194113 -0.089450017 0.096302241 0.156246826 -0.005189628 -0.011407641 0.018394103 0.999752283
1341846339.228165 -0.088685915 0.104754657 0.167321220 -0.007853255 -0.013484218 0.020374918 0.999670625
1341846339.257998 -0.078093067 0.099994719 0.185423493 -0.010998347 -0.013638551 0.021727173 0.999610364
1341846339.294132 -0.076448910 0.103485674 0.192279249 -0.010962246 -0.011229217 0.023043532 0.999611259
1341846339.326577 -0.084639139 0.112836815 0.188520923 -0.013894645 -0.012018674 0.025158418 0.999514639
1341846339.362269 -0.073922366 0.106408298 0.204249188 -0.019053062 -0.015079157 0.023500720 0.999428511
1341846339.394725 -0.065123074 0.107508309 0.217196226 -0.019773195 -0.013862922 0.022991067 0.999443948
1341846339.462186 -0.061811958 0.106875211 0.239433706 -0.023400180 -0.014612167 0.023009403 0.999354541
1341846339.496743 -0.052956898 0.107087508 0.246939346 -0.020433169 -0.011319573 0.020434109 0.999518275
1341846339.562052 -0.053772621 0.103798099 0.262428761 -0.019515939 -0.007868641 0.022360099 0.999528527
1341846339.595122 -0.044527903 0.105494410 0.269800633 -0.017377531 -0.007901070 0.021806931 0.999579966
1341846339.632085 -0.039702192 0.108592324 0.281080365 -0.015886005 -0.004826619 0.020177113 0.999658525
1341846339.664568 -0.039432410 0.107740022 0.288158208 -0.015651973 -0.001754803 0.018121421 0.999711692
1341846339.698896 -0.037313715 0.105780125 0.300418824 -0.015901089 -0.000740428 0.017120883 0.999726713
1341846339.731977 -0.035172299 0.105042107 0.308976620 -0.015727239 -0.000320152 0.015177487 0.999761045
1341846339.762241 -0.028146410 0.100544430 0.311782777 -0.016129212 0.000283721 0.015701372 0.999746561
1341846339.797873 -0.028651834 0.103165872 0.320176750 -0.015649337 0.001030605 0.016626377 0.999738753
1341846339.830245 -0.022145450 0.100774541 0.330143958 -0.016198374 -0.000054345 0.016907630 0.999725819
1341846339.862015 -0.020184256 0.100752436 0.335613430 -0.016640754 0.000233215 0.017081156 0.999715567
1341846339.897797 -0.015084486 0.100538097 0.344090641 -0.017634928 0.001029215 0.016055249 0.999715030
1341846339.929916 -0.013869927 0.096052513 0.353460938 -0.018353233 0.002345748 0.017459385 0.999676347
1341846339.961960 -0.013386045 0.097157866 0.363370031 -0.016758263 0.001915032 0.018231679 0.999691486
1341846339.997845 -0.005729759 0.098709032 0.364444464 -0.015196688 0.002434878 0.018205268 0.999715805
1341846340.029925 -0.002892475 0.096614867 0.370253354 -0.014539891 0.004758641 0.019209901 0.999698400
1341846340.066044 -0.000274732 0.093537755 0.377554268 -0.012927641 0.005793275 0.021474496 0.999669015
1341846340.098009 -0.000008865 0.094949901 0.386645406 -0.011869931 0.006529783 0.021993654 0.999666333
1341846340.130102 0.001799956 0.096130617 0.392824948 -0.012408245 0.006365772 0.021438107 0.999672890
1341846340.166041 0.007413253 0.094377108 0.397390515 -0.011546462 0.008391550 0.018776488 0.999721825
1341846340.197867 0.008358148 0.091723442 0.399387091 -0.011004782 0.010640401 0.019318255 0.999696195
1341846340.229904 0.008783931 0.095588267 0.409838200 -0.011862071 0.010565915 0.019116947 0.999691069
1341846340.265859 0.014221734 0.092749894 0.419674724 -0.012546864 0.011371507 0.018206231 0.999690831
1341846340.298061 0.015395729 0.092287578 0.428989112 -0.010534159 0.013749775 0.018350661 0.999681592
1341846340.334063 0.012451006 0.097628258 0.430231750 -0.011183750 0.013433576 0.020340992 0.999640286
1341846340.366064 0.021845687 0.093278021 0.442167908 -0.013090597 0.010151134 0.020459311 0.999653459
1341846340.397995 0.022345504 0.095235907 0.448883146 -0.010717275 0.011323374 0.019207029 0.999693930
1341846340.433895 0.024544355 0.095018744 0.450736135 -0.010310219 0.010730389 0.020679109 0.999675393
1341846340.465959 0.024122719 0.094157845 0.455755979 -0.009875168 0.008533637 0.022355327 0.999664903
1341846340.501858 0.029055094 0.093739688 0.454229325 -0.009046843 0.004729917 0.022961911 0.999684215
1341846340.534329 0.035907939 0.094574153 0.452961504 -0.008565467 0.002769454 0.022551015 0.999705195
1341846340.566041 0.038467072 0.091734186 0.454347372 -0.007435434 0.002008585 0.023012202 0.999705493
1341846340.601909 0.041872080 0.091759123 0.452941418 -0.004897407 0.001419878 0.023546625 0.999709725
1341846340.634005 0.045819111 0.096398704 0.448710114 -0.003737813 0.000529391 0.022518421 0.999739289
1341846340.666028 0.051145993 0.092817590 0.444378436 -0.004389897 0.000543678 0.020384327 0.999782443
1341846340.701946 0.054779775 0.091799371 0.444843024 -0.002435864 0.001693280 0.018090844 0.999831915
1341846340.733954 0.055012848 0.095131323 0.442914873 -0.001159960 0.003552227 0.016299143 0.999860168
1341846340.770081 0.055725601 0.096615829 0.440655828 -0.001723047 0.004077865 0.013775525 0.999895334
1341846340.801980 0.061571196 0.093904637 0.437636316 -0.002041289 0.004473885 0.008611743 0.999950826
1341846340.833999 0.059664883 0.097469866 0.436913908 -0.001875793 0.007026042 0.004715601 0.999962449
1341846340.870013 0.057228249 0.096106961 0.439373225 -0.003377357 0.007282578 0.002744288 0.999963999
1341846340.901955 0.060740486 0.093218431 0.441032737 -0.002541591 0.006714425 0.002390407 0.999971330
1341846340.933918 0.057909407 0.092880830 0.434896499 -0.000795512 0.006441094 0.005608195 0.999963224
1341846340.970122 0.055448454 0.095512919 0.434453845 0.000850765 0.003861452 0.009931494 0.999942839
1341846341.001922 0.056023270 0.093511425 0.430987090 0.002134955 -0.000175431 0.014952187 0.999885917
1341846341.037923 0.061823245 0.093464203 0.424719244 0.003186362 -0.003473915 0.017528534 0.999835253
1341846341.070300 0.062673680 0.093285270 0.424423784 0.003682781 -0.004259421 0.017529977 0.999830484
1341846341.102028 0.059205692 0.092066109 0.420555681 0.003381619 -0.005235785 0.017684147 0.999824166
1341846341.137982 0.061970022 0.091462284 0.419985503 0.003403226 -0.007589063 0.018014137 0.999803126
1341846341.170048 0.061919373 0.090855345 0.419014364 0.003877099 -0.007767566 0.018859779 0.999784410
1341846341.202110 0.059258737 0.087054454 0.415145099 0.004988850 -0.007767911 0.020468982 0.999747813
1341846341.237996 0.061845601 0.089085802 0.411308080 0.007049224 -0.007738239 0.021202816 0.999720395
1341846341.269883 0.059589062 0.089836165 0.407557994 0.008211251 -0.006999814 0.021676822 0.999706805
1341846341.306107 0.059229232 0.089855984 0.405441552 0.008706881 -0.007765497 0.020908948 0.999713302
1341846341.338109 0.059954535 0.090270311 0.402132988 0.009767246 -0.007236745 0.018699652 0.999751210
1341846341.370120 0.060125325 0.090100266 0.402006507 0.010242122 -0.006037003 0.016221831 0.999797702
1341846341.406074 0.057419956 0.089817494 0.400682837 0.010181839 -0.005440398 0.015689045 0.999810278
1341846341.438113 0.054684032 0.084027052 0.402335823 0.011017364 -0.006999393 0.015696011 0.999791563
1341846341.470024 0.058145788 0.084671646 0.396448821 0.013685444 -0.007379668 0.013983761 0.999781311
1341846341.506077 0.055315107 0.092135131 0.396961868 0.014230316 -0.006506127 0.013735704 0.999783218
1341846341.538156 0.051911268 0.085898452 0.398171395 0.012711566 -0.007914618 0.013782010 0.999792874
1341846341.574016 0.053601459 0.088017859 0.395151615 0.014020676 -0.010216879 0.014289003 0.999747396
1341846341.612466 0.055153411 0.091841608 0.389662206 0.014852041 -0.011049222 0.014859238 0.999718189
1341846341.643972 0.050810952 0.093412310 0.391229540 0.014139181 -0.012027999 0.013884970 0.999731302
1341846341.679982 0.048809711 0.089878365 0.387546182 0.013531849 -0.013154926 0.014280001 0.999719918
1341846341.712332 0.046981666 0.090822384 0.386935532 0.014386534 -0.015276284 0.017392484 0.999628484
1341846341.744185 0.049184553 0.089251503 0.386950165 0.014595501 -0.017438801 0.019672250 0.999547839
1341846341.780061 0.049019549 0.092453092 0.383978337 0.015365596 -0.018043205 0.020746632 0.999503851
1341846341.842595 0.052623950 0.084310263 0.379774511 0.016821343 -0.019228116 0.025956025 0.999336541
1341846341.906227 0.053750649 0.081798732 0.374800384 0.020083819 -0.019907933 0.030701552 0.999128520
1341846341.942069 0.054707449 0.077532694 0.372428000 0.023226228 -0.019908015 0.032227419 0.999012291
1341846341.974775 0.055102259 0.078471690 0.370913774 0.026488395 -0.020166885 0.034475695 0.998850882
1341846342.010161 0.050716870 0.079509407 0.365086496 0.027219348 -0.020811871 0.035958584 0.998765707
1341846342.042024 0.053981382 0.072239511 0.368573517 0.028405253 -0.021766761 0.035488516 0.998729110
1341846342.080032 0.057355236 0.078546107 0.366960198 0.031193541 -0.019796390 0.035493974 0.998686731
1341846342.112265 0.052262217 0.071012445 0.363853782 0.030730106 -0.018618189 0.037736651 0.998641551
1341846342.147954 0.056225274 0.068007477 0.362683117 0.032908417 -0.020240281 0.040008478 0.998452127
1341846342.179852 0.059188403 0.070050091 0.356266618 0.036052205 -0.019943113 0.041153774 0.998302996
1341846342.211848 0.059153035 0.072213605 0.358370781 0.036679931 -0.019383790 0.041298281 0.998285174
1341846342.247920 0.059602827 0.068651646 0.356866479 0.037527967 -0.019108804 0.039573725 0.998328805
1341846342.279870 0.060118772 0.069293730 0.354111522 0.039094962 -0.018666353 0.040315468 0.998247325
1341846342.316068 0.062508993 0.070047148 0.354686350 0.040456004 -0.019000413 0.041668788 0.998131275
1341846342.347894 0.063581958 0.072289288 0.351615191 0.040938683 -0.018906333 0.041610837 0.998115778
1341846342.379953 0.062936455 0.070370212 0.351945817 0.040882006 -0.018139746 0.041637708 0.998131216
1341846342.416195 0.060642362 0.070131436 0.353393972 0.041527174 -0.017702548 0.042678442 0.998068452
