1341846313.592026 0.000000000 0.000000000 0.000000000 0.000000000 0.000000000 0.000000000 1.000000000
1341846313.654184 0.007543317 -0.002781859 0.000398628 -0.001111974 -0.003186738 0.004911078 0.999982238
1341846313.686156 0.015774190 -0.000074339 0.007461363 0.000278287 -0.005712807 0.004577503 0.999973178
1341846313.721918 0.021476375 0.002404221 0.000133071 0.000459985 -0.006555415 0.004785390 0.999966979
1341846313.753994 0.027531395 0.000609660 0.009797582 -0.000290617 -0.007210789 0.006331312 0.999953926
1341846313.789969 0.037156604 -0.001235707 0.007146895 0.000599732 -0.008255029 0.004929004 0.999953568
1341846313.822075 0.042789537 0.005404549 -0.004991874 0.001169189 -0.007143147 0.003834396 0.999966443
1341846313.853928 0.050822586 0.001923545 -0.006498707 0.000054021 -0.005227618 0.003038789 0.999981701
1341846313.890011 0.061271600 0.004099321 -0.006441109 0.000326742 -0.003965592 0.003713512 0.999985218
1341846313.922055 0.070683829 0.009571854 -0.011284016 -0.001245298 -0.004370549 0.005138287 0.999976456
1341846313.957927 0.100940481 0.008503052 -0.013012355 -0.003785980 -0.003276183 0.005796217 0.999970675
1341846313.990058 0.092527606 0.008785413 -0.000224142 -0.005275696 0.005166362 0.007847685 0.999941945
1341846314.022042 0.096176885 0.019450638 -0.010551164 -0.005489529 0.006195865 0.009215202 0.999923289
1341846314.057816 0.103938997 0.013583109 0.002593264 -0.009857323 0.008996676 0.009719539 0.999863684
1341846314.089801 0.104640789 0.010168988 0.009803398 -0.009684779 0.015479424 0.008664818 0.999795735
1341846314.122037 0.118708089 0.025297254 -0.001348666 -0.008912082 0.017374165 0.013289443 0.999720991
1341846314.157989 0.129491195 0.013854025 0.004796198 -0.012488506 0.019017531 0.014934988 0.999629557
1341846314.190094 0.121314816 0.016567418 0.003274244 -0.011831355 0.024830831 0.014751204 0.999512792
1341846314.225969 0.117583051 0.022935878 -0.003922961 -0.013587108 0.028011980 0.016424077 0.999380291
1341846314.257923 0.143397078 0.021653725 0.011655319 -0.015959490 0.027677685 0.017972931 0.999327898
1341846314.290052 0.141034096 0.024751280 0.011567444 -0.014090331 0.029868525 0.015881402 0.999328315
1341846314.325981 0.145003572 0.031967886 0.013121923 -0.014404163 0.031309251 0.013426308 0.999315739
1341846314.357905 0.168308735 0.022858759 0.016783923 -0.016261401 0.031839203 0.013688950 0.999266922
1341846314.389899 0.165548787 0.023563292 0.020334398 -0.014609992 0.035782762 0.013557948 0.999160826
1341846314.427905 0.179622740 0.026309703 0.003965446 -0.014529235 0.036059875 0.012279316 0.999168575
1341846314.493987 0.191036448 0.025038403 0.012104314 -0.013129495 0.045522708 0.003948146 0.998869240
1341846314.526085 0.193811536 0.028180582 0.007889073 -0.012654697 0.047841854 0.001718663 0.998773277
1341846314.558292 0.198986083 0.030388281 0.017291490 -0.013560466 0.051007785 0.000566434 0.998606026
1341846314.594085 0.222059384 0.016579850 0.013546603 -0.013712308 0.052466821 0.002691098 0.998524904
1341846314.626096 0.213996068 0.017739981 -0.001722490 -0.013336947 0.057961755 0.003874275 0.998222172
1341846314.658455 0.217836469 0.018307239 0.001979964 -0.015241768 0.060349926 0.003296839 0.998055458
1341846314.694004 0.233659029 0.015644135 0.015307063 -0.015069084 0.062936828 0.000701078 0.997903526
1341846314.725910 0.238212168 0.008493885 0.017395135 -0.011641556 0.065871239 0.006520667 0.997738898
1341846314.761942 0.237661064 0.006394668 0.009701779 -0.008748812 0.066525005 0.010612906 0.997689962
1341846314.794030 0.256217480 0.014216755 0.017466918 -0.004581389 0.067639507 0.012166623 0.997625113
1341846314.826092 0.258849740 0.013633291 0.009839293 -0.002705254 0.072243296 0.012847255 0.997300625
1341846314.862145 0.263151348 0.013337871 0.003168102 -0.002645641 0.075848594 0.014010412 0.997017443
1341846314.894072 0.275848299 0.011476816 0.007805564 -0.003272098 0.078827381 0.015842685 0.996757030
1341846314.925969 0.283514231 0.024419786 0.002130713 -0.002073559 0.080333181 0.020351779 0.996558130
1341846314.961937 0.284100682 0.027251635 -0.009645965 -0.004610602 0.081699364 0.023824805 0.996361554
1341846314.994564 0.295434028 0.024498045 0.002532065 -0.008429432 0.081593871 0.022963189 0.996365428
1341846315.029900 0.306590557 0.022299375 0.011355001 -0.008600875 0.084505819 0.019470857 0.996195614
1341846315.061965 0.298136622 0.020222370 0.008703161 -0.009416670 0.088245571 0.023348626 0.995780528
1341846315.094388 0.300819904 0.019298090 0.012730494 -0.009181350 0.087593600 0.022883970 0.995851099
1341846315.129851 0.314309239 0.017544620 0.009783518 -0.007646762 0.086559422 0.022349399 0.995966613
1341846315.161941 0.322134942 0.048931450 -0.000723783 -0.007063389 0.085778989 0.028252274 0.995888472
1341846315.197984 0.320184112 0.044617519 0.007342715 -0.014079347 0.084345177 0.023537781 0.996059060
1341846315.230076 0.320969909 0.042083096 0.012301672 -0.017702628 0.083916873 0.019060701 0.996133149
1341846315.262069 0.324268311 0.042800240 0.020781979 -0.020807521 0.081373736 0.022779200 0.996206045
1341846315.298000 0.343039900 0.030874671 0.022108026 -0.024097754 0.075730748 0.024435237 0.996537566
1341846315.329931 0.347732663 0.031378355 0.033697255 -0.020692507 0.074694492 0.023836587 0.996706784
1341846315.361981 0.350597858 0.029003467 0.022734899 -0.015611995 0.073994175 0.027488515 0.996757507
1341846315.397962 0.362866104 0.023174075 0.017048012 -0.013535951 0.073101059 0.032035429 0.996717989
1341846315.429923 0.371002018 0.027751446 0.012636166 -0.009688060 0.074085213 0.033041131 0.996657312
1341846315.466047 0.379910380 0.033654153 0.013010655 -0.008247118 0.076866359 0.034062218 0.996425271
1341846315.497883 0.373243064 0.033085633 0.011498738 -0.009317996 0.081260301 0.038586136 0.995902121
1341846315.530008 0.379617900 0.032097075 0.015702374 -0.009444663 0.082067750 0.039897591 0.995783031
1341846315.566108 0.379442513 0.033088233 0.015076414 -0.010093270 0.083835594 0.040669482 0.995598197
1341846315.597986 0.384434402 0.032102868 0.020242810 -0.010316266 0.084609352 0.040702470 0.995529056
1341846315.630109 0.392200321 0.034477826 0.023979791 -0.010500743 0.084875800 0.040242080 0.995523155
1341846315.666042 0.393507719 0.039743479 0.015058488 -0.010832299 0.086560369 0.039202988 0.995416045
1341846315.698114 0.404459149 0.041331142 -0.008387297 -0.014854708 0.088542745 0.039556194 0.995175779
1341846315.733985 0.397493988 0.022252969 0.011766508 -0.019821413 0.092188708 0.042011235 0.994657457
1341846315.766041 0.397056550 0.023027591 0.003383681 -0.019426558 0.089885302 0.043286793 0.994821310
1341846315.798188 0.401518971 0.025945200 0.005373783 -0.020088160 0.088571802 0.042742297 0.994949579
1341846315.834140 0.396769017 0.030079260 0.018730178 -0.018255562 0.091337085 0.040736914 0.994818926
1341846315.866751 0.396130681 0.017736454 0.006902449 -0.017570302 0.092783444 0.040132057 0.994722009
1341846315.898492 0.384564757 0.024871111 0.022788487 -0.015964704 0.094724573 0.037192330 0.994680405
1341846315.936901 0.380712837 0.021129183 0.029131539 -0.013675953 0.096364424 0.036159426 0.994595110
1341846315.966572 0.372923017 0.019727759 0.025792703 -0.010375177 0.098342925 0.035655703 0.994459510
1341846316.034204 0.359292924 0.011771821 0.011443257 -0.007514846 0.098642901 0.033030849 0.994546175
1341846316.066113 0.351935506 0.012112301 0.018230312 -0.005151645 0.099027142 0.032187924 0.994550645
1341846316.101867 0.334210813 0.013367062 0.009837769 -0.003627499 0.099735603 0.032992244 0.994460225
1341846316.134066 0.336834669 0.017311299 0.012644455 -0.004098883 0.095396802 0.031575624 0.994929969
1341846316.202049 0.311122477 0.009285077 0.010835018 -0.004279173 0.092300460 0.027514979 0.995341778
1341846316.233979 0.310643494 0.011172437 0.006138586 -0.003620595 0.090638816 0.025856331 0.995541573
1341846316.270052 0.306155652 0.011645036 0.000773676 -0.004820799 0.091591001 0.022687087 0.995526552
1341846316.301915 0.294938803 0.002347958 0.006172400 -0.005311888 0.093382955 0.020366305 0.995407760
1341846316.334208 0.285932213 0.006249026 0.013195742 -0.003289557 0.093387723 0.022366287 0.995373130
1341846316.370006 0.291916907 0.007971302 0.015546758 -0.001061403 0.090492703 0.023823980 0.995611548
1341846316.401994 0.275878161 0.003730102 0.009340081 0.000179430 0.091248296 0.025581727 0.995499492
1341846316.438069 0.259530544 0.005500345 0.018016674 0.003134161 0.092264265 0.024380203 0.995431125
1341846316.470076 0.245746404 0.001207673 0.021317456 0.007098139 0.092517503 0.026658040 0.995328844
1341846316.502034 0.243557349 0.010734301 -0.002572086 0.009929040 0.089186989 0.030611021 0.995494902
1341846316.537975 0.237718403 0.012779541 -0.000895210 0.007380006 0.086382836 0.028227502 0.995834708
1341846316.570121 0.232760727 0.000432701 0.001775946 0.006064795 0.086237863 0.025500564 0.995929718
1341846316.601885 0.227684051 -0.000569678 -0.005872201 0.007971141 0.085262164 0.024294857 0.996030390
1341846316.638009 0.215827972 -0.006874999 -0.005609622 0.009676700 0.084775478 0.025153214 0.996035576
1341846316.669925 0.210842252 -0.007824406 0.000818849 0.012201902 0.084011838 0.024665181 0.996084690
1341846316.705941 0.202876702 -0.014311126 0.003456138 0.015814947 0.084397994 0.025702383 0.995975018
1341846316.738062 0.182536617 -0.005482816 -0.008071275 0.018910112 0.085157342 0.027989037 0.995794773
1341846316.770433 0.178280070 -0.001014882 -0.002498886 0.018419249 0.084051639 0.028590580 0.995880842
1341846316.805932 0.170547158 -0.011075913 0.002996864 0.018276513 0.084297553 0.027485460 0.995893776
1341846316.838029 0.166114643 -0.000278875 0.007652655 0.020469291 0.082561314 0.028967502 0.995954573
1341846316.870034 0.148926020 -0.011140861 0.001439391 0.019816341 0.080094047 0.030785978 0.996114671
1341846316.906344 0.137480959 -0.007882928 -0.000241661 0.021063006 0.077577807 0.027404364 0.996387005
1341846316.937940 0.145983607 -0.005013085 -0.008529996 0.021533566 0.074545950 0.029058008 0.996561468
1341846316.973994 0.135792136 -0.007210067 0.001752984 0.020497154 0.073396079 0.028390694 0.996687949
1341846317.005913 0.129162088 -0.002845846 0.009989262 0.019990718 0.070716113 0.027578121 0.996914744
1341846317.037936 0.119551949 -0.007422682 0.022734182 0.020243624 0.068772294 0.027016014 0.997061014
1341846317.073972 0.110893689 -0.010472048 0.029846992 0.020756753 0.067542627 0.027731691 0.997114897
1341846317.106113 0.110348299 -0.017416311 0.048828747 0.023081819 0.065806672 0.032220632 0.997044921
1341846317.137887 0.077604607 -0.020443298 0.038612634 0.025908306 0.062436171 0.033484492 0.997150540
1341846317.173970 0.073754333 -0.006758443 0.027558023 0.028058339 0.054290228 0.036366336 0.997468233
1341846317.205887 0.079782583 -0.013645494 0.029389963 0.027814437 0.050312124 0.038950596 0.997586012
1341846317.248131 0.065258496 -0.014665468 0.026874017 0.028797925 0.048840839 0.039488453 0.997610092
1341846317.306289 0.044055942 -0.019038696 0.003899843 0.030056586 0.043126605 0.043774761 0.997657478
1341846317.348137 0.036397934 -0.024006121 0.000948231 0.030536273 0.044464841 0.043953210 0.997576356
1341846317.410120 0.011821712 -0.023180643 -0.005484679 0.031705555 0.045163598 0.048978616 0.997274339
1341846317.442569 0.002714883 -0.032980427 0.000062220 0.033152655 0.046214752 0.049982373 0.997129321
1341846317.474010 -0.005103717 -0.029751707 -0.000414026 0.039599333 0.046981927 0.053522952 0.996674418
1341846317.509927 -0.010526965 -0.019451139 0.004522789 0.043750677 0.043918911 0.058525793 0.996359229
1341846317.542282 -0.010926211 -0.018079484 -0.002381710 0.042910431 0.040397659 0.060411181 0.996432245
1341846317.573943 -0.012695773 -0.022431085 -0.001605677 0.042516381 0.041311797 0.058321208 0.996536136
1341846317.610159 -0.023868224 -0.023526082 0.009003693 0.045384113 0.043742504 0.059012633 0.996265233
1341846317.643553 -0.035930548 -0.017024349 0.013112457 0.048219852 0.043470863 0.062788375 0.995913029
1341846317.677993 -0.045420691 -0.017379485 0.025339667 0.048998475 0.040776391 0.063998140 0.995911956
1341846317.709996 -0.054232061 -0.020454578 0.020411495 0.051069986 0.038883507 0.063213527 0.995933712
1341846317.741834 -0.054971807 -0.009634060 0.019683767 0.052406430 0.037069120 0.064326465 0.995862186
1341846317.777923 -0.065737627 -0.013021334 0.023382604 0.050310906 0.036241554 0.063390493 0.996060729
1341846317.810021 -0.070688345 -0.016356587 0.027269242 0.049863342 0.034225967 0.062448304 0.996214092
1341846317.841886 -0.076807179 -0.009901579 0.024675639 0.049715813 0.033220086 0.060648013 0.996366680
1341846317.878017 -0.091982484 -0.009752308 0.022665549 0.047147658 0.033962976 0.055461440 0.996768594
1341846317.909910 -0.098226845 -0.013803080 0.030129539 0.045930255 0.035504177 0.051519275 0.996983230
1341846317.946031 -0.105923362 -0.016948808 0.031267818 0.047133382 0.036096152 0.054075286 0.996770501
1341846317.978041 -0.119768217 -0.021116897 0.038205963 0.048754629 0.035520926 0.052830938 0.996779859
1341846318.009897 -0.117302321 -0.014166467 0.037168846 0.051821586 0.034802232 0.051785830 0.996705353
1341846318.045949 -0.135086641 -0.010404455 0.040401116 0.052364487 0.037348904 0.049024798 0.996724427
1341846318.078074 -0.149769157 -0.012567542 0.031978514 0.051170327 0.036370065 0.047571830 0.996893048
1341846318.109894 -0.154785901 -0.015086065 0.032825503 0.050748646 0.031782929 0.046076655 0.997141600
1341846318.145957 -0.158063129 -0.015981423 0.038536049 0.049919523 0.029670235 0.043586928 0.997360468
1341846318.178001 -0.169667900 -0.020825760 0.018012445 0.048697095 0.030147363 0.040469445 0.997537911
1341846318.214074 -0.184373200 -0.023065144 0.027468748 0.049230263 0.028801201 0.040209107 0.997562051
1341846318.245970 -0.194616258 -0.029921016 0.038142078 0.052235715 0.023503471 0.041199863 0.997507691
1341846318.278018 -0.199067995 -0.033523750 0.020174978 0.055331368 0.018077504 0.042590320 0.997395456
1341846318.313937 -0.208852351 -0.032154240 0.016473018 0.057139967 0.012571217 0.040707331 0.997456729
1341846318.345989 -0.214788377 -0.032681629 0.022933953 0.058710016 0.003503389 0.040708728 0.997438550
1341846318.382046 -0.223963514 -0.032523580 0.027643925 0.060851209 -0.003150133 0.039792020 0.997348368
1341846318.414072 -0.254761189 -0.036987390 0.034827225 0.061759125 -0.006232179 0.038191363 0.997340679
1341846318.446035 -0.254671991 -0.029915379 0.045622006 0.065147884 -0.013748341 0.039196882 0.997010708
1341846318.482196 -0.261817366 -0.028915659 0.043403424 0.066292122 -0.015675182 0.038381170 0.996938586
1341846318.514144 -0.271224767 -0.028079733 0.041681886 0.066627480 -0.016709177 0.039661486 0.996849298
1341846318.546259 -0.268340319 -0.030286510 0.052285567 0.067760468 -0.018830428 0.039007738 0.996760905
1341846318.582042 -0.274851978 -0.025588594 0.046247713 0.069762133 -0.019298324 0.039817296 0.996581852
1341846318.614115 -0.285727203 -0.028314546 0.045532219 0.069011562 -0.019192761 0.038705412 0.996679962
1341846318.650038 -0.295073152 -0.032686744 0.040113870 0.067897938 -0.019623181 0.035027154 0.996884108
1341846318.682350 -0.314759076 -0.030016575 0.035489332 0.068015210 -0.019221140 0.033545513 0.996934891
1341846318.714063 -0.329949081 -0.029954856 0.023495987 0.067803405 -0.019746073 0.033225052 0.996949792
1341846318.749905 -0.329516023 -0.039695933 0.020109259 0.067265041 -0.020471161 0.033307727 0.996968865
1341846318.782036 -0.347971320 -0.037778232 0.014723029 0.068868153 -0.020348387 0.034716513 0.996813893
1341846318.814121 -0.360587955 -0.043081447 0.009812923 0.069446273 -0.025355065 0.037028786 0.996575713
1341846318.850072 -0.373082578 -0.042731754 0.012220340 0.069458030 -0.030345213 0.033151943 0.996571958
1341846318.883516 -0.395033449 -0.037792258 0.029376846 0.072696887 -0.035547376 0.029516183 0.996283233
1341846318.918047 -0.420343727 -0.043667242 0.011179145 0.075775407 -0.044368662 0.030805634 0.995660841
1341846318.950044 -0.417201549 -0.055367488 0.004815429 0.076184697 -0.057490762 0.028252663 0.995033920
1341846318.982028 -0.415731996 -0.047898166 -0.004485734 0.079432525 -0.062969781 0.028246481 0.994448304
1341846319.018123 -0.429240704 -0.045749281 0.019462675 0.078375086 -0.068251617 0.025918834 0.994247079
1341846319.050745 -0.426681548 -0.062430892 -0.010416240 0.077985816 -0.074865118 0.024225488 0.993844330
1341846319.081905 -0.417710394 -0.050588772 0.009605736 0.085002363 -0.076042548 0.022492282 0.993220150
1341846319.117976 -0.428684026 -0.040650781 0.021592267 0.088141344 -0.075809591 0.027672336 0.992833436
1341846319.150093 -0.414379328 -0.040721454 -0.019007772 0.089368872 -0.080093853 0.033979964 0.992191255
1341846319.186069 -0.434767425 -0.033900782 -0.003729224 0.091893524 -0.081168927 0.034120124 0.991868436
1341846319.218149 -0.427981108 -0.019390514 0.002994068 0.088800840 -0.077264413 0.034646366 0.992443562
1341846319.250034 -0.442513794 -0.006323913 0.029196210 0.084022857 -0.070990093 0.032646708 0.993395567
1341846319.286594 -0.461872876 -0.028347636 0.010950789 0.080847807 -0.066927679 0.035990417 0.993825436
1341846319.318034 -0.432519853 -0.023727890 -0.001311868 0.081152499 -0.067998312 0.040180154 0.993567348
1341846319.350268 -0.472437531 -0.034412228 -0.000131831 0.082678892 -0.064875871 0.042545233 0.993551850
1341846319.386163 -0.491678953 -0.034015011 0.007517502 0.084274463 -0.069344357 0.050973624 0.992718995
1341846319.418386 -0.495094091 -0.007078496 -0.005268298 0.085877404 -0.075190611 0.055466950 0.991914749
1341846319.453961 -0.540034115 -0.021598749 0.001931317 0.086797133 -0.074673921 0.049147069 0.992206931
1341846319.486271 -0.569340348 -0.009666096 0.013365477 0.086568147 -0.074245453 0.048974890 0.992267609
1341846319.554083 -0.534380138 -0.032599993 0.003399670 0.079432145 -0.082869083 0.048677605 0.992196381
1341846319.586296 -0.552681804 -0.032521289 -0.006194726 0.079823107 -0.081355132 0.044379231 0.992491841
1341846319.622031 -0.571461737 -0.030079458 -0.014705814 0.078513034 -0.083946139 0.041675076 0.992497802
1341846319.653962 -0.559670210 -0.038076706 0.000067092 0.077280343 -0.090545721 0.040758070 0.992052436
1341846319.686352 -0.564602733 -0.035993569 0.009917364 0.079366803 -0.094610922 0.042342465 0.991441786
1341846319.721992 -0.583253384 -0.025811723 0.008472577 0.080668189 -0.097584926 0.043150470 0.991013527
1341846319.754063 -0.588796377 -0.008320969 0.005662851 0.078802206 -0.099937379 0.042598013 0.990953147
1341846319.786397 -0.586651504 -0.014747804 0.025126427 0.073936827 -0.100811444 0.047008596 0.991040170
1341846319.822008 -0.599925041 -0.010110397 0.012942009 0.070960842 -0.100675687 0.050772611 0.991085827
1341846319.853917 -0.617883980 -0.019109908 -0.005810358 0.065518573 -0.100528553 0.054458577 0.991279781
1341846319.889942 -0.610070467 -0.027881324 0.013822936 0.062456436 -0.102267615 0.059714120 0.990996838
1341846319.922039 -0.622102678 -0.037762620 -0.000532687 0.061300233 -0.105757907 0.061098449 0.990618289
1341846319.953946 -0.612937748 -0.045712732 0.004081324 0.060888041 -0.112609148 0.057516564 0.990102828
1341846319.990054 -0.614429355 -0.037020192 0.010370746 0.064591803 -0.115952060 0.051171400 0.989830554
1341846320.028122 -0.617516041 -0.039688490 0.007440463 0.066742040 -0.119099230 0.049634874 0.989392340
1341846320.090047 -0.587475300 -0.021559885 0.029877365 0.073519818 -0.129114464 0.049749333 0.987648368
1341846320.122011 -0.578110337 -0.018486962 0.035284996 0.074549019 -0.127385393 0.050739348 0.987745345
1341846320.157952 -0.578973234 -0.023722289 0.034374878 0.074323907 -0.123921655 0.051299319 0.988173962
1341846320.190003 -0.567201257 -0.035039477 0.042090088 0.076073639 -0.120801523 0.050084539 0.988489449
1341846320.221941 -0.565627456 -0.034039650 0.039721444 0.080271892 -0.117004372 0.050879762 0.988573551
1341846320.258015 -0.557717204 -0.042069454 0.036299311 0.083772443 -0.116173439 0.053677849 0.988233089
1341846320.289887 -0.544727743 -0.045684606 0.036738381 0.088737942 -0.117443480 0.054603055 0.987598658
1341846320.321954 -0.531326056 -0.049600326 0.031443365 0.097574487 -0.118725710 0.053866763 0.986651838
1341846320.357890 -0.508881927 -0.041460879 0.028151467 0.102195881 -0.119223945 0.056035426 0.986002862
1341846320.390064 -0.460362166 -0.026370041 0.069514215 0.105085492 -0.118566513 0.056261476 0.985765517
1341846320.426544 -0.444217741 -0.029448416 0.071490414 0.108036011 -0.110539541 0.051434230 0.986642659
1341846320.458122 -0.440982759 -0.034951746 0.021136381 0.108007081 -0.102867007 0.049753517 0.987561345
1341846320.490186 -0.439046264 -0.052238487 0.037861414 0.110354565 -0.095803447 0.049320403 0.988033950
1341846320.525911 -0.446531564 -0.039168064 0.065785021 0.115517713 -0.087335400 0.047373310 0.988323808
1341846320.558091 -0.418526441 -0.037642926 0.024855152 0.115902819 -0.083828203 0.042828962 0.988789678
1341846320.594093 -0.411554605 -0.040806908 0.062833212 0.117482565 -0.079288557 0.039467268 0.989117563
1341846320.631955 -0.400220126 -0.039366499 0.041707940 0.119852163 -0.071215101 0.038388103 0.989489913
1341846320.664916 -0.391941398 -0.036324367 0.027831033 0.119999461 -0.068816379 0.036355749 0.989718497
1341846320.699927 -0.359581232 -0.041209087 0.036922920 0.119482793 -0.067070700 0.035363376 0.989936769
1341846320.731822 -0.350378841 -0.039941080 0.033238694 0.121613324 -0.060063168 0.034302004 0.990164638
1341846320.763877 -0.366937816 -0.020486645 0.012409776 0.119854957 -0.056957517 0.034900028 0.990541577
1341846320.799999 -0.346327990 -0.032598678 0.031544644 0.112705514 -0.059848674 0.029692480 0.991379857
1341846320.831871 -0.234130770 -0.028812893 0.010468250 0.114550993 -0.052875336 0.024267556 0.991712332
1341846320.863887 -0.345874697 -0.025781568 -0.001080912 0.113035329 -0.038601007 0.026141558 0.992496610
1341846320.900014 -0.327622026 -0.030332468 0.031815931 0.106535815 -0.043519169 0.029786892 0.992909312
1341846320.931889 -0.296552271 -0.032543927 0.047360748 0.107465491 -0.045074157 0.030297728 0.992724299
1341846320.967866 -0.293837219 -0.002687616 0.041802444 0.108615674 -0.038653389 0.025388567 0.993007541
1341846321.000017 -0.314966977 -0.027867753 -0.001365826 0.100513794 -0.036865983 0.022881683 0.993989110
1341846321.031860 -0.272666752 -0.036913894 0.023979794 0.098151922 -0.038609084 0.022491742 0.994167805
1341846321.068047 -0.269282967 -0.027272820 0.012902044 0.099197127 -0.034602128 0.019760177 0.994269669
1341846321.099840 -0.253300041 -0.024045222 0.037863094 0.097349197 -0.034042079 0.021189805 0.994442225
1341846321.131821 -0.234245360 -0.039180532 0.029887121 0.096602052 -0.033015974 0.022094738 0.994529963
1341846321.167887 -0.233140573 -0.033038378 0.024384480 0.099579148 -0.028527314 0.022575287 0.994364381
1341846321.200042 -0.227529153 -0.028010674 0.029835256 0.100319169 -0.026015192 0.022441585 0.994361997
1341846321.231950 -0.221455842 -0.037031971 0.029972220 0.099263720 -0.025057871 0.021251060 0.994518578
1341846321.267939 -0.199006274 -0.031137954 0.031442363 0.100116536 -0.024031939 0.017086245 0.994538665
1341846321.299948 -0.192380562 -0.033975206 0.032573767 0.098637402 -0.019630443 0.011198214 0.994866788
1341846321.331858 -0.196098730 -0.040368058 0.026725469 0.098302670 -0.015814759 0.007186966 0.995004952
1341846321.367913 -0.174791262 -0.041176796 0.033161208 0.099737324 -0.013892611 0.002676968 0.994913220
1341846321.399897 -0.165902674 -0.038195178 0.029673936 0.101774447 -0.009583442 0.003788964 0.994754136
1341846321.435994 -0.157943532 -0.038248062 0.042028818 0.103983730 -0.006285377 0.003989326 0.994551122
1341846321.467946 -0.157497302 -0.039919287 0.033283964 0.105684415 -0.003169565 0.004117467 0.994386137
1341846321.499882 -0.133287489 -0.036032412 0.039168455 0.107355416 -0.001183455 0.004432422 0.994210124
1341846321.536109 -0.106226943 -0.028515004 0.040573422 0.107158236 0.003118810 0.001524223 0.994235933
1341846321.568960 -0.125267625 -0.026201256 0.046651386 0.103967659 0.011485981 -0.001678604 0.994512916
1341846321.603938 -0.114402540 -0.032878280 0.047693208 0.100446709 0.013237436 -0.001356336 0.994853437
1341846321.637163 -0.075481780 -0.015373608 0.039306108 0.098693520 0.016387893 -0.002828056 0.994978905
1341846321.668306 -0.098000787 -0.017326070 0.066770084 0.093986340 0.028024433 0.000280242 0.995178938
1341846321.704411 -0.114004850 -0.022559034 0.062366515 0.090649731 0.029890677 0.007434571 0.995406389
1341846321.736861 -0.101450898 -0.019169834 0.065781295 0.089948185 0.027038451 0.015554834 0.995457828
1341846321.771881 -0.088136569 -0.005153959 0.064139046 0.088154688 0.026709665 0.019970283 0.995548368
1341846321.804114 -0.078096069 -0.010780950 0.061231308 0.083429292 0.028573748 0.023786629 0.995819926
1341846321.836152 -0.080413342 -0.003340229 0.064547978 0.080965430 0.031465329 0.023624133 0.995939970
1341846321.871882 -0.069790892 0.004814253 0.073783100 0.076483898 0.031963639 0.022298386 0.996308863
1341846321.904074 -0.062877245 -0.000195233 0.073258579 0.069653355 0.033251967 0.019062432 0.996834636
1341846321.939847 -0.067010447 -0.002451553 0.076163635 0.065736972 0.036592864 0.016307138 0.997032464
1341846322.004094 -0.070496738 -0.009165684 0.073536910 0.058104195 0.035175148 0.014820351 0.997580588
1341846322.066178 -0.051660009 -0.015611053 0.069929332 0.053234920 0.039175604 0.011786399 0.997743666
1341846322.107979 -0.056730650 -0.031029377 0.071525902 0.050259419 0.041699372 0.010434216 0.997810721
1341846322.166164 -0.056980640 -0.053901788 0.068718165 0.052813210 0.041529521 0.010914298 0.997680783
1341846322.202932 -0.054829724 -0.058431193 0.066783801 0.054280553 0.039266318 0.010628265 0.997696757
1341846322.234093 -0.054884043 -0.061073355 0.072438166 0.053516198 0.037621401 0.008826648 0.997818947
1341846322.265941 -0.055503625 -0.068834469 0.073243156 0.051118396 0.034693483 0.009583242 0.998043776
1341846322.301996 -0.046879224 -0.085274123 0.068287790 0.048813630 0.032479342 0.010532678 0.998224139
1341846322.333949 -0.053836163 -0.101640671 0.063682638 0.047383841 0.031132132 0.010243523 0.998338938
1341846322.369871 -0.044888187 -0.114349611 0.069985561 0.048286431 0.025320036 0.005889012 0.998495221
1341846322.402292 -0.030288557 -0.123592176 0.069236815 0.050732266 0.025320083 0.001496661 0.998390138
1341846322.433955 -0.041194815 -0.149419412 0.077353932 0.054684326 0.027506268 -0.003130136 0.998119831
1341846322.470030 -0.039691616 -0.151039034 0.079912782 0.063705146 0.022699596 0.000487540 0.997710466
1341846322.502433 -0.033627555 -0.168962911 0.087579235 0.068804689 0.020047136 0.003598788 0.997422218
1341846322.534002 -0.027520323 -0.188854024 0.077262640 0.076492026 0.019499624 0.004570832 0.996869028
1341846322.570196 -0.030012527 -0.189002007 0.079123452 0.087026380 0.019577581 0.006958005 0.995989323
1341846322.601920 -0.037352260 -0.195390284 0.075134814 0.092786551 0.016997853 0.011024250 0.995479941
1341846322.638119 -0.022026733 -0.211748898 0.075558558 0.097728156 0.012904910 0.010407468 0.995075047
1341846322.669947 -0.007590713 -0.219865859 0.075521432 0.102036305 0.015060642 0.009277764 0.994623423
1341846322.702026 -0.023049438 -0.232979089 0.076363079 0.104850076 0.017875660 0.010888969 0.994267762
1341846322.738006 -0.019438235 -0.226866275 0.081066132 0.107048579 0.015148610 0.012789547 0.994056106
1341846322.770087 -0.007947881 -0.248198792 0.082560904 0.106243551 0.015170168 0.012826348 0.994141698
1341846322.806047 -0.010726049 -0.259647489 0.081461459 0.110181130 0.014515587 0.016940193 0.993661165
1341846322.838063 -0.013452757 -0.265042484 0.078458026 0.112221539 0.010442586 0.018739786 0.993451595
1341846322.870081 -0.008625494 -0.277512997 0.087565884 0.114023447 0.005147960 0.019810364 0.993267179
1341846322.906018 0.005319740 -0.284630030 0.090766959 0.118656732 0.002795654 0.020088872 0.992728174
1341846322.938349 0.003544218 -0.265851498 0.093966514 0.120609693 0.003791394 0.021273967 0.992464781
1341846322.970069 0.003087467 -0.274510920 0.098308548 0.115190282 0.003616433 0.023246758 0.993064821
1341846323.011820 0.008608595 -0.290976942 0.097847521 0.112241782 0.003622527 0.023702743 0.993391573
1341846323.073951 0.006684955 -0.290138870 0.096731499 0.109851398 0.003567964 0.028253488 0.993539989
1341846323.105962 0.008300568 -0.309141517 0.098974332 0.106426850 0.003597651 0.028135747 0.993915856
1341846323.138158 0.009247718 -0.310341179 0.103048190 0.107223488 0.003354507 0.024783000 0.993920326
1341846323.174092 0.003711018 -0.310875356 0.101769127 0.105441704 0.003366945 0.023204304 0.994149029
1341846323.206059 0.015801022 -0.321371555 0.098078966 0.101974867 0.001976194 0.021161031 0.994559884
1341846323.238053 0.020213006 -0.320375443 0.101833098 0.099829800 0.004986919 0.018787997 0.994814634
1341846323.273997 -0.003814542 -0.323813647 0.098380998 0.095723122 0.006665976 0.019640530 0.995191872
1341846323.305946 0.005736498 -0.334118336 0.099197976 0.090121903 0.002120160 0.020598354 0.995715439
1341846323.342027 0.029639132 -0.351623863 0.108037032 0.087521099 0.002108020 0.018459089 0.995989382
1341846323.374048 0.006075541 -0.357806832 0.104789436 0.088128269 0.007521956 0.019873338 0.995882511
1341846323.405987 -0.003747385 -0.371624649 0.095149703 0.087796189 0.003757878 0.025194569 0.995812774
1341846323.441956 0.011507742 -0.381109029 0.099934854 0.088682659 -0.001098010 0.027342515 0.995684028
1341846323.473878 0.014251359 -0.388550490 0.109150819 0.093129784 0.000265197 0.025827603 0.995318890
1341846323.506129 0.008868644 -0.380967885 0.110693321 0.096238874 0.000391581 0.023689864 0.995076239
1341846323.541972 0.016289445 -0.380335391 0.110283330 0.094834864 0.000083830 0.021393791 0.995263100
1341846323.573913 0.034980178 -0.394965231 0.110171080 0.093967676 0.003045063 0.016182017 0.995439053
1341846323.609927 0.027258329 -0.396888137 0.100458644 0.093903907 0.009626780 0.013026149 0.995449483
1341846323.642014 0.014011954 -0.409501195 0.102253616 0.092592813 0.011782398 0.013674753 0.995540440
1341846323.674081 0.010902086 -0.419631422 0.098749131 0.092837207 0.010300637 0.015741730 0.995503604
1341846323.710069 0.010102553 -0.437817484 0.102498569 0.093968183 0.009297362 0.019937452 0.995332062
1341846323.742111 0.007592482 -0.449062139 0.107073218 0.098420314 0.007509159 0.020436408 0.994906723
1341846323.774928 0.009068962 -0.445600480 0.100270748 0.101913229 0.005282302 0.017966690 0.994616985
1341846323.810012 0.015062083 -0.451215267 0.095832638 0.103103437 0.003628028 0.014761362 0.994554460
1341846323.842207 0.015265859 -0.458043307 0.096954428 0.104345784 0.003669758 0.009586638 0.994488060
1341846323.878019 0.007847846 -0.467820436 0.095179111 0.105195425 0.003479751 0.004636066 0.994434655
1341846323.909826 0.012874650 -0.481432438 0.098335899 0.107953236 0.001401479 0.001302500 0.994154096
1341846323.942459 0.008137147 -0.482994854 0.093877397 0.111910149 0.001629994 0.000148435 0.993716955
1341846323.978055 0.008687387 -0.490496010 0.083372608 0.113617875 -0.001104528 0.002689628 0.993520260
1341846324.015934 0.014082347 -0.486852050 0.089873031 0.117875561 -0.003729745 0.001899131 0.993019521
1341846324.047722 0.019803613 -0.482545048 0.083211578 0.121521644 -0.002382154 0.000781356 0.992585599
1341846324.083904 0.020925790 -0.472127140 0.082840867 0.121753372 -0.001188913 0.000788002 0.992559314
1341846324.115968 0.028274037 -0.469448179 0.072572574 0.119237915 0.000230245 -0.000439878 0.992865562
1341846324.151967 0.029442139 -0.455004185 0.079560988 0.119533844 0.003003525 -0.005196265 0.992811978
1341846324.183941 0.013732618 -0.434717208 0.095998779 0.117873058 0.008073654 -0.009818233 0.992947280
1341846324.219984 0.012531823 -0.436612725 0.095765673 0.112950884 0.009613329 -0.007758592 0.993523777
1341846324.251968 0.002274952 -0.438979983 0.098641045 0.112260669 0.010400061 -0.008699572 0.993586242
1341846324.284052 0.001452880 -0.424407184 0.098629914 0.113223016 0.009682790 -0.009219053 0.993479609
1341846324.319880 -0.003178942 -0.411681145 0.094735004 0.111853324 0.006598563 -0.009888801 0.993653595
1341846324.351917 -0.001094715 -0.395367622 0.096548371 0.109026760 0.002973561 -0.011003718 0.993973494
1341846324.388001 0.013154445 -0.386720300 0.092085749 0.104438402 0.002266843 -0.014890841 0.994417310
1341846324.419908 0.006902373 -0.372539669 0.101899125 0.100154206 0.004775030 -0.017415876 0.994808018
1341846324.452027 0.001593847 -0.374848306 0.103224084 0.095291853 0.005259665 -0.017797846 0.995276332
1341846324.487928 0.000661483 -0.371864289 0.102697916 0.093453720 0.004936195 -0.015473577 0.995491147
1341846324.519985 -0.011725903 -0.356319427 0.100132331 0.092433237 0.003116895 -0.010751876 0.995655954
1341846324.556001 -0.010284570 -0.336964250 0.100070387 0.091349863 -0.002083170 -0.006369834 0.995796323
1341846324.587888 -0.008258302 -0.323645443 0.102212377 0.087940119 -0.005152632 -0.004524875 0.996102154
1341846324.620086 -0.009109144 -0.318115115 0.101177134 0.085780770 -0.007549605 -0.007122017 0.996259987
1341846324.655955 -0.004933409 -0.305906653 0.104987361 0.084690414 -0.008865359 -0.008295180 0.996333361
1341846324.688082 -0.007175755 -0.306084692 0.108768553 0.083565518 -0.008615242 -0.007329397 0.996438086
1341846324.755922 -0.024606723 -0.281848133 0.090362713 0.085075662 -0.010745535 -0.005543057 0.996301115
1341846324.814016 -0.001921013 -0.244956359 0.082425274 0.080636285 -0.017577816 -0.008243311 0.996554494
1341846324.849979 -0.014247546 -0.238704145 0.090444498 0.074583039 -0.013605488 -0.011157008 0.997059584
1341846324.881924 -0.021352218 -0.235493615 0.094341874 0.071421795 -0.014614849 -0.011086956 0.997277498
1341846324.913902 -0.017526008 -0.226727307 0.092522681 0.070341401 -0.016275661 -0.007996909 0.997358143
1341846324.949999 -0.020148817 -0.229658097 0.102853000 0.070668072 -0.016351568 -0.005060480 0.997353017
1341846324.981922 -0.033602275 -0.222563833 0.104571015 0.075196482 -0.018072961 -0.001687122 0.997003496
1341846325.018013 -0.033233568 -0.209077671 0.098554224 0.079639994 -0.023096086 0.000288001 0.996556044
1341846325.050079 -0.032011718 -0.194922879 0.093952231 0.081658289 -0.028454380 -0.000593562 0.996253908
1341846325.081901 -0.035911486 -0.177157998 0.093338102 0.081175424 -0.033370558 -0.002760420 0.996137202
1341846325.118531 -0.020618381 -0.156401023 0.092774346 0.077973597 -0.035987686 -0.004654652 0.996294796
1341846325.149933 -0.023271322 -0.160472810 0.098458506 0.071514122 -0.033444859 -0.006323448 0.996858656
1341846325.181925 -0.026774930 -0.155063853 0.099123426 0.068134964 -0.032286391 -0.003603299 0.997147024
1341846325.218055 -0.026341466 -0.148796022 0.100507654 0.065342456 -0.032258790 0.000655603 0.997341156
1341846325.249811 -0.030981872 -0.142005801 0.104791358 0.063212760 -0.032015111 0.004271302 0.997477293
1341846325.285925 -0.027031653 -0.129939541 0.104116663 0.060955942 -0.032845337 0.007092629 0.997574687
1341846325.317988 -0.011639530 -0.135238260 0.104610808 0.058047514 -0.031412873 0.009820199 0.997771144
1341846325.349844 -0.019216247 -0.137457639 0.108406805 0.060836624 -0.025998369 0.011826701 0.997739017
1341846325.387302 -0.017665446 -0.127022088 0.110662624 0.065485545 -0.023582064 0.014825491 0.997464657
1341846325.417931 -0.008725816 -0.103632756 0.136471674 0.069168627 -0.019150825 0.018071167 0.997257471
1341846325.450747 -0.000690858 -0.111198276 0.135005549 0.073353313 -0.011570814 0.020611221 0.997025847
1341846325.485954 -0.021482386 -0.091569848 0.141611069 0.082930468 -0.003204973 0.021919046 0.996309102
1341846325.517875 -0.023059851 -0.082225636 0.141294628 0.086535938 -0.000595362 0.024001876 0.995959342
1341846325.553859 -0.018226175 -0.092977218 0.117221482 0.088406391 0.002833741 0.023343101 0.995806932
1341846325.585855 -0.028470868 -0.068849653 0.123462521 0.091920294 0.006602791 0.020497676 0.995533466
1341846325.617990 -0.031334631 -0.046791427 0.121252321 0.089653328 0.008630626 0.019385554 0.995746911
1341846325.653982 -0.034011722 -0.061775148 0.127106294 0.085830346 0.010490158 0.016346063 0.996120393
1341846325.685819 -0.030625906 -0.062109776 0.126775876 0.091022015 0.011491697 0.018021492 0.995619476
1341846325.717857 -0.034007102 -0.047536753 0.132087603 0.095956743 0.012630519 0.024264332 0.995009542
1341846325.754083 -0.040464107 -0.049428325 0.129108250 0.098391570 0.013173541 0.028524378 0.994651675
1341846325.786087 -0.035075624 -0.042337526 0.130438671 0.104946658 0.013316568 0.030397357 0.993923962
1341846325.821856 -0.040036902 -0.023419123 0.133230895 0.109399445 0.015308350 0.031382155 0.993384361
1341846325.853827 -0.046035163 -0.017368324 0.135314405 0.110149205 0.016336786 0.034614418 0.993177772
1341846325.885958 -0.052216969 -0.003605114 0.134738937 0.110794060 0.013677422 0.040730048 0.992914200
1341846325.921984 -0.051318444 -0.000429226 0.138945222 0.109679498 0.009752634 0.045551259 0.992874801
1341846325.953899 -0.040113263 0.002205854 0.143045992 0.112591088 0.009443528 0.046916593 0.992488205
1341846325.985823 -0.044473834 0.015779657 0.145594075 0.115640402 0.012726286 0.050405778 0.991929710
1341846326.021991 -0.049765248 0.017273620 0.147101074 0.118011296 0.013020352 0.056389153 0.991324425
1341846326.054055 -0.046324197 0.033078924 0.150879160 0.123828046 0.012002804 0.059893265 0.990421772
1341846326.089984 -0.040523067 0.048993517 0.144727945 0.126339480 0.013673141 0.059215460 0.990123689
1341846326.121822 -0.043244068 0.060020264 0.150810435 0.126043051 0.017885108 0.056861099 0.990232348
1341846326.154079 -0.049765091 0.060499866 0.157293335 0.126375854 0.020808969 0.054696690 0.990254700
1341846326.190178 -0.053113714 0.080679692 0.179010883 0.129007548 0.020589329 0.057068903 0.989785969
1341846326.222162 -0.057215493 0.100727588 0.179807648 0.129118264 0.018996423 0.062942438 0.989447296
1341846326.259181 -0.061292827 0.112175450 0.180160820 0.126105994 0.016743030 0.066097133 0.989670694
1341846326.322766 -0.054976590 0.132967681 0.190771267 0.118705355 0.016012527 0.065003112 0.990670085
1341846326.359773 -0.050504353 0.140182942 0.200462177 0.114593431 0.016663734 0.065090351 0.991137683
1341846326.392109 -0.047972001 0.131971166 0.205766112 0.112377867 0.018474035 0.066032209 0.991296947
1341846326.423985 -0.054459654 0.137732178 0.206537023 0.116510525 0.019727953 0.071064234 0.990447402
1341846326.459869 -0.058945224 0.154716402 0.209733784 0.119151339 0.017326437 0.075006217 0.989887297
1341846326.526163 -0.049666323 0.188874602 0.211724997 0.120167106 0.018533487 0.073944747 0.989822507
1341846326.560211 -0.051512793 0.197186604 0.223520860 0.114961371 0.022499634 0.074026108 0.990352333
1341846326.591828 -0.054071009 0.198883370 0.206145361 0.111591659 0.024898164 0.074234366 0.990664721
1341846326.627027 -0.051653028 0.212124646 0.204715878 0.111426994 0.026276063 0.073908240 0.990672112
1341846326.658442 -0.048780236 0.230448157 0.209232882 0.109798968 0.030011328 0.071764499 0.990905344
1341846326.694856 -0.055182159 0.238126710 0.215584695 0.105667397 0.033716306 0.072938673 0.991149604
1341846326.726206 -0.055936866 0.253682226 0.218581498 0.100675732 0.034753837 0.070765242 0.991790712
1341846326.762753 -0.047962707 0.265750885 0.214069486 0.094744988 0.036629930 0.068066582 0.992496133
1341846326.826821 -0.051686771 0.311854661 0.226295531 0.081499606 0.042700659 0.064255223 0.993682921
1341846326.858887 -0.053919338 0.310313463 0.241072848 0.072165415 0.044513613 0.061208609 0.994517088
1341846326.895360 -0.062285248 0.308328897 0.249559820 0.069777302 0.044887990 0.062468406 0.994592309
1341846326.926897 -0.062699385 0.309359968 0.251156986 0.071323022 0.040705118 0.065571405 0.994462907
1341846326.958888 -0.055052266 0.326489717 0.248392522 0.074811175 0.037814129 0.068492733 0.994123816
1341846326.994594 -0.052212723 0.338742256 0.244532853 0.075494766 0.038005378 0.071486205 0.993854046
1341846327.026301 -0.056627359 0.344117820 0.236742482 0.072915047 0.040152136 0.069149718 0.994127512
1341846327.063945 -0.054280214 0.350019664 0.241804510 0.069763444 0.042562731 0.066064045 0.994463146
1341846327.094662 -0.055856988 0.359572500 0.245243713 0.069540009 0.044869628 0.064049274 0.994509220
1341846327.128901 -0.058990937 0.367554575 0.252190769 0.068525754 0.045295127 0.062282119 0.994672537
1341846327.161940 -0.057966657 0.389146626 0.252342135 0.068549640 0.044015914 0.061662760 0.994766951
1341846327.193867 -0.085076176 0.394482911 0.241414875 0.067848809 0.050013959 0.055970933 0.994868040
1341846327.229885 -0.049673554 0.408129662 0.254462719 0.068435192 0.048202273 0.058031708 0.994799197
1341846327.262014 -0.036038458 0.414779395 0.277833313 0.067005865 0.052105885 0.055521965 0.994842947
1341846327.294023 -0.038704127 0.423226058 0.261850059 0.070991755 0.064714640 0.051281884 0.994053483
1341846327.330015 -0.037611488 0.450253129 0.248941272 0.073784977 0.074464276 0.045403767 0.993453264
1341846327.361939 -0.046027221 0.455735534 0.270034194 0.069967099 0.080750786 0.038936161 0.993512869
1341846327.393887 -0.045864549 0.463409305 0.267016530 0.068344042 0.082872160 0.032947306 0.993667841
1341846327.429966 -0.047856364 0.524864495 0.276281416 0.071350105 0.081318207 0.036534794 0.993459463
1341846327.461965 -0.050395045 0.528673828 0.275300026 0.062552378 0.076828845 0.035606522 0.994442880
1341846327.497931 -0.045003086 0.536328316 0.277000666 0.058193494 0.074856870 0.032256015 0.994972110
1341846327.530068 -0.066204496 0.537429333 0.284369439 0.055739652 0.079131097 0.032909926 0.994760394
1341846327.561895 -0.122968748 0.527205467 0.302896857 0.050728887 0.086600937 0.037776671 0.994233310
1341846327.598010 -0.108117402 0.610499144 0.314506799 0.067709178 0.082255282 0.039046392 0.993541598
1341846327.629945 -0.160250664 0.609015882 0.308434695 0.065511450 0.085337296 0.037769467 0.993478358
1341846327.662003 -0.227388561 0.594078422 0.331796467 0.062173977 0.094791681 0.034663595 0.992948830
1341846327.697919 -0.283107728 0.599934518 0.328795731 0.062486265 0.102789521 0.032247741 0.992214620
1341846327.730075 -0.325836509 0.612552822 0.323947847 0.058874298 0.107157007 0.033344641 0.991937160
1341846327.766017 -0.388135701 0.609605253 0.342456490 0.052105110 0.117946953 0.032791860 0.991109610
1341846327.797917 -0.430321336 0.624965370 0.341054320 0.048387889 0.123337276 0.033698097 0.990611434
1341846327.830054 -0.476628661 0.623243988 0.365235776 0.040368933 0.132278904 0.033455450 0.989824951
1341846327.865944 -0.508779168 0.629964888 0.379477799 0.036798611 0.139511883 0.032676324 0.988996744
1341846327.898010 -0.548266053 0.643222690 0.388777405 0.034315586 0.147156194 0.031628810 0.988011718
1341846327.929991 -0.562223673 0.649328649 0.398067474 0.029879041 0.148464859 0.028855320 0.988044918
1341846327.966065 -0.567727029 0.655043066 0.396938443 0.024050681 0.150046661 0.024661457 0.988078654
1341846327.998073 -0.565440416 0.677951753 0.398970783 0.020901117 0.150507659 0.021863369 0.988146007
1341846328.034045 -0.578777313 0.683084488 0.403259873 0.015217836 0.154112235 0.022556864 0.987678587
1341846328.065993 -0.592250705 0.686476469 0.411106110 0.010363529 0.157508880 0.023009516 0.987195075
1341846328.098045 -0.572290242 0.661966860 0.405841649 0.005935991 0.154712647 0.023555117 0.987660825
1341846328.133967 -0.576640606 0.672969460 0.409835815 0.011770796 0.154545560 0.025623083 0.987583220
1341846328.166023 -0.573559642 0.664999843 0.403631330 0.010244696 0.150288239 0.027723417 0.988200366
1341846328.198018 -0.564192474 0.635172844 0.397986710 0.005770770 0.145375103 0.028628072 0.988945484
1341846328.234044 -0.561332703 0.616155148 0.392261744 0.006892730 0.142832771 0.029615263 0.989279628
1341846328.265899 -0.549817264 0.602211118 0.389561117 0.008057815 0.138947874 0.033096116 0.989713728
1341846328.302051 -0.575844765 0.573691010 0.420074075 0.008444257 0.144920439 0.037635230 0.988691270
1341846328.333917 -0.598161638 0.530184209 0.437315583 0.007109304 0.149812296 0.045057222 0.987661660
1341846328.366008 -0.647369802 0.530706227 0.428531408 0.016012862 0.153174177 0.048893679 0.986858964
1341846328.402010 -0.695856988 0.498309195 0.445489109 0.026996158 0.163436159 0.055312116 0.984632134
1341846328.433920 -0.731551826 0.453185588 0.455865741 0.026639203 0.167058960 0.061154734 0.983687818
1341846328.470003 -0.770347357 0.427063912 0.480722368 0.024125943 0.173279360 0.058537625 0.982835472
1341846328.502194 -0.833030820 0.427453846 0.493914783 0.030013237 0.187477201 0.046803132 0.980694115
1341846328.534033 -0.837813079 0.402966142 0.499355614 0.029782236 0.192093357 0.043684077 0.979951441
1341846328.570125 -0.850263357 0.370999664 0.500077009 0.029502993 0.194740698 0.045457695 0.979356527
1341846328.602804 -0.843362868 0.325467467 0.490583539 0.033023208 0.187427893 0.047843121 0.980556607
1341846328.672663 -0.850633740 0.314682364 0.497759998 0.048247330 0.177206457 0.045067929 0.981956661
1341846328.702975 -0.871158302 0.288636267 0.498524606 0.048613638 0.179233000 0.041408148 0.981731951
1341846328.770129 -0.820505023 0.268378139 0.454796374 0.056818996 0.166885346 0.037509728 0.983622849
1341846328.802331 -0.831584752 0.260989696 0.463128507 0.059565488 0.166351646 0.036303800 0.983596027
1341846328.838051 -0.828751922 0.255074650 0.455156386 0.064581782 0.164339930 0.032394569 0.983754098
1341846328.869939 -0.817519248 0.246809214 0.445358962 0.062612243 0.160933822 0.032571875 0.984438419
1341846328.904486 -0.830345690 0.240465939 0.449558169 0.061108563 0.160214812 0.031102581 0.984697700
1341846328.939814 -0.796468019 0.212019518 0.451871008 0.062898628 0.152711481 0.032516584 0.985731006
1341846328.970217 -0.821227908 0.192890689 0.449327171 0.063676402 0.155230075 0.037233740 0.985120595
1341846329.006232 -0.801136196 0.170099661 0.448995203 0.063428506 0.150006592 0.042339556 0.985739410
1341846329.038243 -0.804990888 0.164359778 0.438499629 0.069941200 0.150056899 0.035823993 0.985549450
1341846329.106125 -0.811498523 0.145688176 0.435410559 0.069801375 0.150822848 0.033519659 0.985523522
1341846329.138340 -0.808819950 0.142142698 0.432775617 0.073248997 0.149727359 0.031931218 0.985493124
1341846329.169991 -0.813315749 0.133006245 0.424776316 0.074445918 0.149301156 0.030865232 0.985502064
1341846329.208656 -0.813994110 0.127075583 0.420087665 0.074991599 0.148763523 0.030964345 0.985538900
1341846329.238169 -0.814006925 0.129736021 0.416137278 0.075477675 0.147797808 0.030549625 0.985660017
1341846329.273827 -0.804738462 0.108201444 0.409800440 0.071885340 0.145371020 0.032399099 0.986230195
1341846329.306052 -0.802191436 0.125852495 0.406199574 0.076531321 0.142070770 0.029929290 0.986439586
1341846329.338104 -0.808816433 0.132273033 0.410886347 0.074045345 0.142011538 0.028556405 0.986678541
1341846329.373907 -0.799476683 0.104491524 0.407258004 0.069077745 0.139706209 0.028333167 0.987374127
1341846329.405985 -0.790638626 0.079633318 0.396982729 0.066700637 0.136606589 0.023813326 0.988090396
1341846329.442057 -0.805031836 0.083457828 0.401807666 0.066647761 0.138800010 0.021024602 0.987851501
1341846329.473950 -0.805128992 0.067012474 0.397941768 0.064261228 0.137395233 0.014846385 0.988318086
1341846329.506147 -0.800981045 0.039629553 0.385571450 0.060390994 0.134566754 0.012743227 0.988980472
1341846329.542121 -0.802827716 0.032327227 0.383485377 0.059234917 0.131643653 0.012616079 0.989445329
1341846329.574086 -0.805594325 0.029487494 0.386558950 0.064025909 0.130529776 0.009786347 0.989326477
1341846329.606387 -0.807846129 0.025689937 0.380883038 0.066053092 0.130064353 0.008943690 0.989262462
1341846329.641955 -0.806129456 0.014717126 0.375724733 0.064463325 0.128071561 0.009998783 0.989617169
1341846329.681570 -0.807575464 -0.004463874 0.384560168 0.062815994 0.125628695 0.010618730 0.990029693
1341846329.748113 -0.808306634 -0.005622547 0.385444164 0.065445840 0.126730010 0.008463506 0.989739716
1341846329.810175 -0.807499230 -0.017650593 0.384730577 0.066110596 0.129448116 0.013590057 0.989286542
1341846329.842255 -0.805693209 -0.026730208 0.382367790 0.067834221 0.129121110 0.017114386 0.989157915
1341846329.874044 -0.807770133 -0.032151200 0.381798327 0.070306726 0.129154399 0.019738076 0.988932014
1341846329.910073 -0.808470786 -0.035167575 0.378013253 0.069985822 0.128729478 0.021898063 0.988964677
1341846329.942009 -0.810106277 -0.053162992 0.378744662 0.063146606 0.128488600 0.028081091 0.989300072
1341846329.978087 -0.816363752 -0.060594361 0.378730983 0.063546561 0.129252255 0.027792582 0.989183128
1341846330.016305 -0.807930768 -0.082133353 0.365944386 0.060850527 0.129173532 0.023782067 0.989467442
1341846330.048192 -0.810962439 -0.076536722 0.365861535 0.057784121 0.130564436 0.027661266 0.989367843
1341846330.080418 -0.810411632 -0.108614124 0.372425079 0.051069289 0.131001487 0.029949388 0.989612818
1341846330.115886 -0.812644005 -0.112241998 0.367931008 0.055310741 0.132799506 0.029423211 0.989160895
1341846330.147839 -0.810702443 -0.094385743 0.359858453 0.059356324 0.131435558 0.031389166 0.989048123
1341846330.181257 -0.807593942 -0.077186912 0.353727221 0.056687199 0.130018577 0.034678105 0.989282131
1341846330.215852 -0.812910855 -0.106381394 0.362538308 0.046892107 0.132519081 0.035173811 0.989445627
1341846330.247833 -0.813889563 -0.108329579 0.364548951 0.045336951 0.132637903 0.034466799 0.989527047
1341846330.283913 -0.819559574 -0.094442695 0.357673079 0.043366842 0.132183328 0.037022654 0.989583850
1341846330.316011 -0.809179604 -0.099872217 0.364998460 0.037550900 0.129809812 0.037034877 0.990135252
1341846330.347868 -0.809471190 -0.109130941 0.366812110 0.034928605 0.127936974 0.036756039 0.990485311
1341846330.383835 -0.811813235 -0.113395847 0.366330087 0.032867111 0.128501773 0.037973966 0.990436792
1341846330.415934 -0.821113050 -0.125764713 0.368073642 0.032097239 0.130770832 0.033866230 0.990314007
1341846330.452561 -0.821919978 -0.136683360 0.366076648 0.033288263 0.129884839 0.035265058 0.990342438
1341846330.483903 -0.829816878 -0.124998294 0.363900065 0.034953598 0.129065961 0.034817148 0.990408003
1341846330.515970 -0.824864388 -0.135355681 0.360935748 0.033391558 0.126044318 0.038427711 0.990717471
1341846330.552099 -0.823230088 -0.140033558 0.359495312 0.034624085 0.124641769 0.040639095 0.990764380
1341846330.583876 -0.833919823 -0.128825203 0.360296071 0.035053998 0.125549048 0.040210847 0.990652204
1341846330.619992 -0.842536390 -0.114940390 0.357355207 0.032158308 0.124936283 0.039998282 0.990836442
1341846330.652136 -0.837513447 -0.127930298 0.352732152 0.024175603 0.122523561 0.040153552 0.991358280
1341846330.683796 -0.837895453 -0.130385309 0.349558204 0.019526752 0.122281954 0.040193953 0.991488934
1341846330.719991 -0.846218646 -0.151529208 0.351947844 0.015556439 0.120858118 0.041666709 0.991672933
1341846330.752103 -0.855414450 -0.156097084 0.348781645 0.017817650 0.117453918 0.045751095 0.991863847
1341846330.787952 -0.866142809 -0.150534913 0.345663905 0.019812010 0.113673314 0.048541907 0.992133796
1341846330.819823 -0.867276371 -0.152267948 0.341157317 0.019271705 0.109358154 0.048414726 0.992635608
1341846330.852208 -0.866755784 -0.147180602 0.334695965 0.019141458 0.107495658 0.050173182 0.992754221
1341846330.914111 -0.873192191 -0.129409730 0.325073183 0.011480462 0.103711113 0.051858209 0.993188262
1341846330.949903 -0.878676414 -0.143576458 0.327938318 0.007643344 0.102957562 0.052307788 0.993280053
1341846330.981986 -0.881122768 -0.140326247 0.323849916 0.008840453 0.098120578 0.052686583 0.993739545
1341846331.014111 -0.878993034 -0.135858968 0.324399143 0.008789456 0.094004378 0.053413860 0.994099021
1341846331.082139 -0.884025395 -0.140332818 0.316463888 0.009868567 0.091376349 0.049743552 0.994524240
1341846331.114334 -0.884222627 -0.137360245 0.314805180 0.009823937 0.088947766 0.049893044 0.994737387
1341846331.149989 -0.881202877 -0.145135969 0.318630695 0.009473569 0.088130817 0.049536936 0.994831264
1341846331.181954 -0.889289558 -0.144424617 0.314787030 0.012656588 0.088596992 0.047386456 0.994859219
1341846331.218151 -0.895905197 -0.131168604 0.305530101 0.013538394 0.085315026 0.049427476 0.995035172
1341846331.249914 -0.884224594 -0.145232856 0.308125496 0.009797416 0.083014786 0.047606315 0.995362341
1341846331.318141 -0.875830948 -0.137367517 0.310684323 0.020194625 0.092149556 0.041358799 0.994680882
1341846331.349926 -0.866946816 -0.138760000 0.303679645 0.018922597 0.093755797 0.041479375 0.994550765
1341846331.382003 -0.848599970 -0.174534142 0.289209306 0.017930597 0.100822948 0.038582411 0.993994296
1341846331.418008 -0.862995803 -0.172872812 0.290482402 0.023564188 0.111283191 0.039220881 0.992734849
1341846331.450327 -0.857573330 -0.136780381 0.326564282 0.029929677 0.115608141 0.038419358 0.992100298
1341846331.486219 -0.863861978 -0.138044536 0.330902636 0.029428363 0.118162900 0.038900707 0.991795480
1341846331.518344 -0.851943910 -0.141880259 0.327319801 0.027670592 0.118017651 0.037976317 0.991899192
1341846331.550202 -0.841916978 -0.147133991 0.335668981 0.029502507 0.122276537 0.036262065 0.991394520
1341846331.586139 -0.853648722 -0.133517280 0.344977826 0.032550678 0.124838218 0.036577608 0.990968168
1341846331.617931 -0.843567789 -0.130384102 0.349098623 0.031819429 0.124013111 0.037079450 0.991076887
1341846331.654027 -0.830431342 -0.137435332 0.355340779 0.031993002 0.125882342 0.037322238 0.990826488
1341846331.686123 -0.838828027 -0.124720246 0.363781571 0.035308030 0.129449278 0.038886659 0.990193903
1341846331.717954 -0.842419267 -0.111583248 0.370977581 0.033240385 0.128700450 0.038862497 0.990364075
1341846331.754076 -0.823997378 -0.129936948 0.380177259 0.029262433 0.128129348 0.038230080 0.990588248
1341846331.785920 -0.822454572 -0.129822701 0.386858135 0.031915810 0.131123662 0.036683798 0.990172863
1341846331.818053 -0.825277805 -0.115703888 0.400903821 0.033372138 0.133327842 0.036789630 0.989826500
1341846331.853849 -0.817868710 -0.126989514 0.410260260 0.030948047 0.133282676 0.036220528 0.989932299
1341846331.885987 -0.809761167 -0.125145361 0.419748664 0.033734139 0.135601148 0.033253871 0.989630520
1341846331.922014 -0.818479359 -0.114314124 0.416976988 0.035694316 0.139729604 0.029482454 0.989106834
1341846331.954037 -0.816660047 -0.113335714 0.418728888 0.035581660 0.142390385 0.029224500 0.988739014
1341846331.986135 -0.802697957 -0.127502382 0.423664093 0.036541741 0.146633551 0.029804511 0.988066316
1341846332.022364 -0.801267266 -0.123666696 0.465455234 0.045141313 0.152408585 0.031159602 0.986794293
1341846332.054175 -0.798043072 -0.114234239 0.481082439 0.052254692 0.152275428 0.033199355 0.986397207
1341846332.086502 -0.793276787 -0.109225392 0.492765427 0.055606730 0.152285263 0.034557641 0.986165702
1341846332.122051 -0.792323053 -0.102980085 0.503189921 0.057451006 0.153496623 0.033077158 0.985922933
1341846332.153983 -0.792547762 -0.087281048 0.517476559 0.056894287 0.153089926 0.031237477 0.986078441
1341846332.190165 -0.794132888 -0.082277648 0.534651637 0.050786700 0.152226195 0.029541038 0.986597776
1341846332.254145 -0.782705486 -0.104827821 0.558641791 0.048661243 0.151946992 0.028440220 0.986780286
1341846332.289948 -0.781316519 -0.099430054 0.568844855 0.051098071 0.151619241 0.030359745 0.986650348
1341846332.322172 -0.780030668 -0.102006704 0.577906370 0.051830538 0.151521906 0.031440333 0.986593246
1341846332.354003 -0.775382638 -0.107380234 0.576936603 0.053277701 0.153651521 0.025833048 0.986349523
1341846332.390180 -0.774964452 -0.094970033 0.586742401 0.054884069 0.158427104 0.022197375 0.985594153
1341846332.422055 -0.773574054 -0.092230543 0.600076973 0.052646820 0.160687134 0.019897765 0.985399425
1341846332.458114 -0.765038550 -0.097311512 0.605514526 0.050753951 0.162141323 0.015890881 0.985333264
1341846332.489993 -0.765875101 -0.090067320 0.618862450 0.053062584 0.163932979 0.019302599 0.984854162
1341846332.522130 -0.776844501 -0.083279118 0.635574818 0.053939007 0.161963090 0.023439357 0.985042691
1341846332.558114 -0.767157376 -0.089309722 0.639771104 0.054337710 0.155734003 0.031404682 0.985803246
1341846332.589874 -0.757229745 -0.073848039 0.643775344 0.056093514 0.152499035 0.035019211 0.986088812
1341846332.621889 -0.757025898 -0.074208647 0.647244215 0.051174350 0.152626216 0.037019406 0.986263633
1341846332.658202 -0.753267884 -0.073647365 0.659521937 0.047520921 0.153413832 0.035193503 0.986391127
1341846332.690001 -0.740008235 -0.070918791 0.672799468 0.045923110 0.153131545 0.038540058 0.986385584
1341846332.726000 -0.737769723 -0.072867185 0.681007266 0.045761123 0.152020678 0.042971428 0.986381829
1341846332.758386 -0.732175708 -0.072739303 0.687439680 0.046500422 0.149448738 0.044405743 0.986676693
1341846332.789937 -0.725075901 -0.061888464 0.693541527 0.046139307 0.150216267 0.041793175 0.986691236
1341846332.825925 -0.716386557 -0.066056475 0.704743743 0.043098968 0.152084678 0.041552965 0.986552656
1341846332.857898 -0.711157441 -0.065212317 0.710563600 0.044062857 0.153001800 0.041043580 0.986389577
1341846332.894069 -0.712586761 -0.051682521 0.720201373 0.045147866 0.153696343 0.040630333 0.986249626
1341846332.926029 -0.703496158 -0.049204387 0.722915232 0.040962178 0.153398052 0.038582101 0.986560941
1341846332.958015 -0.696354270 -0.044701874 0.736543775 0.038131792 0.155628115 0.036903001 0.986389399
1341846332.994073 -0.694378257 -0.045016531 0.740533292 0.034455061 0.156942651 0.035674885 0.986361563
1341846333.026545 -0.685498118 -0.046631694 0.743306994 0.031252880 0.157119870 0.034460276 0.986483216
1341846333.057998 -0.674923182 -0.044102028 0.748427153 0.030479597 0.158448368 0.035122506 0.986271560
1341846333.094024 -0.670954943 -0.040650155 0.755582929 0.032829434 0.160269856 0.040483359 0.985696137
1341846333.126095 -0.664291859 -0.032841861 0.761977911 0.034519602 0.161721051 0.042191468 0.985329688
1341846333.161973 -0.661889255 -0.029558519 0.765587509 0.033065297 0.164758414 0.043121099 0.984835982
1341846333.195660 -0.660411358 -0.028670017 0.771298885 0.030776512 0.166726574 0.045224287 0.984484553
1341846333.226331 -0.657266855 -0.029973570 0.771651924 0.028847409 0.167030171 0.044910651 0.984505832
1341846333.262056 -0.655279279 -0.017530754 0.777289271 0.026740380 0.167480826 0.043062329 0.984571338
1341846333.294147 -0.652655482 -0.021868965 0.787841558 0.022853443 0.167792618 0.043059848 0.984616280
1341846333.326100 -0.649558842 -0.019909158 0.792379200 0.021167118 0.166608602 0.041794255 0.984909534
1341846333.362100 -0.661622703 -0.014629290 0.782340884 0.018226149 0.167561695 0.038400631 0.984944820
1341846333.394119 -0.667430818 -0.022627298 0.789766431 0.013822174 0.167932004 0.038517796 0.984948814
1341846333.429974 -0.655479431 -0.018721703 0.786893249 0.014588890 0.164103597 0.039917722 0.985527158
1341846333.462115 -0.673008323 -0.028571784 0.787391305 0.011879550 0.166969955 0.037396960 0.985180914
1341846333.494040 -0.573591948 0.018349208 0.809237957 0.024253597 0.154859304 0.037090275 0.986942053
1341846333.529953 -0.598176956 0.003334276 0.807565212 0.019852491 0.160295442 0.033405766 0.986303866
1341846333.562063 -0.614180148 0.000129858 0.795472741 0.021108722 0.163577154 0.037394971 0.985595524
1341846333.594090 -0.645205915 0.002901139 0.798158765 0.020561708 0.167053372 0.039259952 0.984951258
1341846333.629994 -0.671432734 -0.000596154 0.801495433 0.015486674 0.168631703 0.037663270 0.984837532
1341846333.662127 -0.689034998 -0.007786741 0.795001626 0.010317785 0.169653848 0.037460659 0.984737456
1341846333.697964 -0.710550547 -0.014881529 0.800949395 0.007354940 0.173371151 0.037725318 0.984106243
1341846333.730092 -0.739729941 -0.030382359 0.812205553 0.005940274 0.179331243 0.039302465 0.982985437
1341846333.762089 -0.765193820 -0.034616962 0.813898921 0.005989826 0.183824092 0.039086357 0.982163489
1341846333.798006 -0.783902943 -0.047440317 0.848357618 0.005879726 0.191513091 0.039693367 0.980669439
1341846333.830055 -0.807942390 -0.059277736 0.857972324 0.004556633 0.197593004 0.036173459 0.979605913
1341846333.866045 -0.833683193 -0.067528278 0.866695642 0.003712783 0.203514099 0.035331856 0.978427231
1341846333.897987 -0.851782143 -0.070434526 0.867769480 0.004905964 0.205677733 0.034291085 0.978006482
1341846333.930099 -0.873808742 -0.075445473 0.865970492 0.005980829 0.209014013 0.032972552 0.977338314
1341846333.965889 -0.895898402 -0.076077230 0.864302099 0.007713772 0.213102013 0.031151047 0.976502776
1341846333.997985 -0.914419293 -0.094024077 0.881150126 0.007476224 0.217490718 0.033133235 0.975471258
1341846334.030076 -0.933654428 -0.090923026 0.874937892 0.010903125 0.220499128 0.032599397 0.974781275
1341846334.066000 -0.924921513 -0.097571865 0.891273201 0.013939714 0.221370429 0.036514316 0.974406242
1341846334.097932 -0.922430515 -0.092964932 0.887360275 0.016716421 0.220313981 0.036199577 0.974613726
1341846334.133884 -0.924790084 -0.092708692 0.881387591 0.018474327 0.220918477 0.036258087 0.974442959
1341846334.166115 -0.935862660 -0.095956065 0.876408935 0.018333944 0.220639959 0.037401628 0.974465489
1341846334.198072 -0.936230838 -0.106760107 0.870104790 0.016694931 0.218329579 0.037653826 0.975005448
1341846334.234097 -0.938352466 -0.099544547 0.868477285 0.018139319 0.218678594 0.036154468 0.974958181
1341846334.266045 -0.945586264 -0.109520040 0.864394188 0.016670844 0.220593601 0.037684318 0.974494994
1341846334.297946 -0.956137180 -0.109904908 0.859756470 0.018229777 0.219904467 0.039343491 0.974557221
1341846334.334036 -0.956220746 -0.115484193 0.849792600 0.017412603 0.217637956 0.039646823 0.975068569
1341846334.365871 -0.957296491 -0.112131886 0.845621109 0.017118640 0.217092916 0.038324077 0.975248158
1341846334.401845 -0.961566985 -0.113310248 0.841513395 0.015520059 0.217857406 0.037629578 0.975131452
1341846334.433864 -0.961712778 -0.130430534 0.826810539 0.013818248 0.215553418 0.040113427 0.975569904
1341846334.466105 -0.970923424 -0.126729548 0.827892005 0.015209489 0.214990914 0.040515672 0.975656748
1341846334.502142 -0.983322501 -0.124902040 0.827586532 0.014537320 0.214909390 0.041764665 0.975632250
1341846334.540153 -0.988411248 -0.124931172 0.821874917 0.014035563 0.213719279 0.041319013 0.975919962
1341846334.602351 -1.014525890 -0.123609677 0.810142696 0.007124219 0.211704969 0.035210095 0.976673186
1341846334.670161 -1.024405479 -0.121438622 0.798746049 0.001890543 0.208938673 0.030063761 0.977464736
1341846334.702085 -1.031554222 -0.128007933 0.787086248 0.000281675 0.206383467 0.031494036 0.977964163
1341846334.734751 -1.034229040 -0.133295387 0.779199600 -0.000076530 0.203628242 0.033199809 0.978485227
1341846334.770889 -1.030140162 -0.130362079 0.779298604 0.001633254 0.201010734 0.036803886 0.978896022
1341846334.802194 -1.031246662 -0.131511584 0.765973330 0.001211080 0.197374478 0.038542986 0.979569435
1341846334.833908 -1.033146739 -0.130797580 0.750087798 0.000425340 0.195280507 0.037400100 0.980033994
1341846334.869874 -1.034694791 -0.134007841 0.733929157 -0.001627157 0.193710625 0.038250506 0.980311394
1341846334.902006 -1.032244802 -0.123174042 0.716498435 -0.001257584 0.190062642 0.039855454 0.980961859
1341846334.938010 -1.019042253 -0.121066391 0.700837016 -0.001203325 0.183193669 0.040290885 0.982250094
1341846334.970032 -1.005426407 -0.117896929 0.689828634 -0.000844609 0.179484725 0.039395239 0.982971251
1341846335.002203 -0.992521942 -0.111395180 0.678385258 0.002725725 0.176825568 0.041471906 0.983364284
1341846335.037880 -0.985419571 -0.108554348 0.659254789 0.006245400 0.171509132 0.042437673 0.984248281
1341846335.069990 -0.976914048 -0.103377879 0.650797486 0.006933417 0.167126447 0.041980382 0.985016942
1341846335.106038 -0.959973514 -0.105377369 0.643206835 0.006507012 0.164970160 0.040674478 0.985437989
1341846335.138045 -0.964430630 -0.100496024 0.632405639 0.008913556 0.165397108 0.039832741 0.985382020
1341846335.169900 -0.980840206 -0.103737317 0.615416646 0.008532251 0.163982183 0.040932503 0.985576749
1341846335.206091 -0.975323856 -0.100143552 0.609236181 0.007796346 0.160673618 0.039156094 0.986199737
1341846335.239365 -0.968983710 -0.108054928 0.603020906 0.005987588 0.160339996 0.037149835 0.986344337
1341846335.269948 -0.965209126 -0.096870586 0.594523251 0.010033306 0.159864441 0.035014316 0.986466765
1341846335.305972 -0.967859030 -0.099780634 0.591912985 0.011594458 0.158534825 0.035531618 0.986645758
1341846335.338012 -0.973201931 -0.132157326 0.574707150 0.008019327 0.156727970 0.038494263 0.986858785
1341846335.374005 -0.985386074 -0.124239206 0.573053002 0.013146941 0.160378292 0.036996149 0.986274421
1341846335.406025 -0.971741438 -0.140831158 0.551268458 0.018306235 0.159438387 0.040794447 0.986194730
1341846335.438079 -0.936237872 -0.147193745 0.526915669 0.022164907 0.153590307 0.042773664 0.986959517
1341846335.473998 -0.934399247 -0.153597608 0.517295718 0.022783013 0.154380873 0.043832127 0.986775696
1341846335.507038 -0.937045813 -0.145538971 0.507695317 0.023847971 0.156656399 0.040667806 0.986527324
1341846335.538040 -0.939440370 -0.138263315 0.497890681 0.023850858 0.157923654 0.038377713 0.986416936
1341846335.574119 -0.960250676 -0.126106247 0.499473572 0.023914048 0.161139622 0.038973697 0.985871792
1341846335.605970 -0.953529894 -0.136324599 0.492480963 0.020878449 0.158988625 0.038731582 0.986299455
1341846335.641978 -0.951430678 -0.142012194 0.483268917 0.020485803 0.159350842 0.036254942 0.986343384
1341846335.673993 -0.963118613 -0.136722520 0.474149048 0.021091437 0.160762310 0.037032355 0.986072600
1341846335.706178 -0.963035285 -0.163950413 0.458339155 0.016748767 0.158075854 0.039621618 0.986489534
1341846335.741982 -0.957683623 -0.162276387 0.446958810 0.017530100 0.156835318 0.038261220 0.986727655
1341846335.773960 -0.968163848 -0.160014987 0.440863609 0.017508561 0.157931998 0.038003650 0.986563027
1341846335.806271 -0.973754287 -0.154085696 0.427971005 0.015941622 0.157201260 0.038313124 0.986694336
1341846335.842031 -0.969179988 -0.164761350 0.422620296 0.013152005 0.156862602 0.039777029 0.986731470
1341846335.873966 -0.972046077 -0.163009524 0.414729953 0.014294800 0.158333510 0.038611349 0.986526906
1341846335.910005 -0.985387564 -0.161742598 0.405148506 0.014108032 0.159176812 0.040538009 0.986316562
1341846335.941936 -0.983150125 -0.159848452 0.396027982 0.013724548 0.156043470 0.041040674 0.986801744
1341846335.974198 -0.988766849 -0.159006640 0.384071797 0.013503507 0.155298412 0.038288042 0.987032950
1341846336.010032 -0.995216668 -0.160129994 0.376986265 0.012827845 0.155367017 0.037302192 0.987068951
1341846336.042129 -1.004464865 -0.162315413 0.362717867 0.011980637 0.154256165 0.037726030 0.987237692
1341846336.078076 -1.015269995 -0.166631475 0.344081670 0.011652160 0.152987003 0.036889538 0.987470686
1341846336.110739 -1.021603942 -0.164685041 0.336236238 0.012130729 0.153493121 0.035261344 0.987445891
1341846336.142002 -1.027811646 -0.170002997 0.326949596 0.011461663 0.152964398 0.037480716 0.987454176
1341846336.183953 -1.034739494 -0.171661511 0.311382681 0.011177670 0.150654405 0.038019989 0.987791896
1341846336.241891 -1.038954496 -0.175848290 0.298898369 0.008907795 0.149768561 0.034533963 0.988077641
1341846336.277946 -1.045826077 -0.178539574 0.299038112 0.009349236 0.150309384 0.037257671 0.987892509
1341846336.309977 -1.054594159 -0.191451877 0.288575888 0.011051550 0.148305431 0.042199247 0.987979054
1341846336.346143 -1.022942066 -0.178583920 0.253837347 0.014272322 0.141495451 0.042385504 0.988928139
1341846336.377975 -0.957244158 -0.167123199 0.241768286 0.016286641 0.131129354 0.040650889 0.990397573
1341846336.410032 -0.721082747 -0.090415381 0.177261770 0.026750041 0.093659520 0.038370833 0.994504929
1341846336.446041 -0.744423926 -0.095283195 0.175776541 0.025447138 0.096539050 0.039413966 0.994222939
1341846336.477990 -0.720886528 -0.073661201 0.173311323 0.027483888 0.092772357 0.037895396 0.994586289
1341846336.510056 -0.905331016 -0.166034624 0.227100343 0.015646992 0.122406907 0.041517396 0.991487801
1341846336.546024 -0.738612890 -0.066401184 0.167707890 0.030308332 0.095072970 0.041323792 0.994150341
1341846336.578003 -0.757604241 -0.079470508 0.163679495 0.027953427 0.097300805 0.044227365 0.993878841
1341846336.614020 -0.721898973 -0.081067316 0.155105546 0.026524223 0.092701681 0.043583877 0.994385898
1341846336.645982 -0.757587492 -0.085435212 0.153493568 0.024958476 0.098626725 0.043433193 0.993862867
1341846336.678036 -0.777167499 -0.099152029 0.152738318 0.021251328 0.099391304 0.045019709 0.993802309
1341846336.714024 -0.759848297 -0.103588425 0.156071395 0.022281907 0.094764516 0.044794999 0.994241714
1341846336.746016 -0.770865262 -0.108191997 0.152385280 0.025752224 0.094118431 0.046545748 0.994138837
1341846336.778014 -0.778593421 -0.103963874 0.145048916 0.029343601 0.091056839 0.050757922 0.994118333
1341846336.820006 -0.774323404 -0.103048846 0.146163970 0.030472966 0.086787812 0.052445270 0.994378567
1341846336.882056 -0.778093338 -0.101903118 0.136072531 0.032857586 0.085112914 0.051167902 0.994513929
1341846336.914273 -0.782296896 -0.096307412 0.124629676 0.036471441 0.080438025 0.054904331 0.994577825
1341846336.945998 -0.820184052 -0.110274337 0.139929518 0.041783642 0.080344707 0.054961398 0.994373202
1341846336.981980 -0.790098786 -0.111436464 0.129767865 0.044263113 0.071647495 0.053836480 0.994991958
1341846337.014238 -0.875140905 -0.146504804 0.131469801 0.036761217 0.080062911 0.053846624 0.994655252
1341846337.046017 -0.817618012 -0.134432569 0.124961771 0.035117600 0.070707768 0.049586304 0.995644689
1341846337.082104 -0.773597300 -0.128760561 0.116165861 0.034633458 0.064704739 0.044006702 0.996331871
1341846337.114317 -0.739043951 -0.121669285 0.113986008 0.033628967 0.058122322 0.042904846 0.996819973
1341846337.150037 -0.697147191 -0.110075980 0.111184344 0.033281799 0.050654143 0.040710319 0.997331023
1341846337.181873 -0.667728245 -0.104418851 0.114196092 0.033312533 0.047293495 0.036419574 0.997660875
1341846337.214073 -0.642905653 -0.090878636 0.108477645 0.032445755 0.045305010 0.033255477 0.997892141
1341846337.250087 -0.622073293 -0.085853659 0.114625916 0.030768048 0.041857000 0.032892793 0.998107910
1341846337.282028 -0.590860128 -0.087147489 0.110817850 0.031337321 0.033690486 0.033815634 0.998368382
1341846337.317920 -0.563475430 -0.077590890 0.107650109 0.032770831 0.028603133 0.035269413 0.998430789
1341846337.350018 -0.545871496 -0.078026906 0.103191301 0.030960757 0.026976032 0.034675632 0.998554587
1341846337.382159 -0.529308081 -0.081754513 0.106149517 0.027515285 0.024954395 0.033089906 0.998761833
1341846337.417941 -0.522580922 -0.087749831 0.104930401 0.027664479 0.025022436 0.032712556 0.998768449
1341846337.450137 -0.519840598 -0.090483077 0.092273861 0.027202109 0.023244284 0.032813530 0.998820841
1341846337.482096 -0.521271288 -0.085766330 0.103269018 0.027030323 0.022756750 0.034191590 0.998790503
1341846337.518008 -0.521723926 -0.082862392 0.105067670 0.028424205 0.022521172 0.034349050 0.998751700
1341846337.549978 -0.518656373 -0.073832013 0.099269107 0.029729420 0.021198707 0.032341361 0.998809695
1341846337.585971 -0.513624310 -0.073464058 0.102627449 0.027101032 0.020227212 0.031578854 0.998929024
1341846337.617903 -0.507685065 -0.077406876 0.109603211 0.027946509 0.018986801 0.031528026 0.998931646
1341846337.650141 -0.493542165 -0.071997166 0.099068575 0.030892450 0.016486092 0.030568680 0.998919129
1341846337.686352 -0.489162326 -0.069653332 0.102021642 0.029513545 0.016264834 0.031148545 0.998946548
1341846337.718002 -0.478806734 -0.067238487 0.108262740 0.028106591 0.015481204 0.030940980 0.999006033
1341846337.749920 -0.465283096 -0.061601259 0.112017401 0.028601596 0.015776688 0.029471833 0.999031723
1341846337.786157 -0.451104939 -0.053488433 0.113435864 0.026457163 0.016743245 0.028980114 0.999089479
1341846337.817945 -0.435533762 -0.050075743 0.122840188 0.024859736 0.016713375 0.030649429 0.999081194
1341846337.854071 -0.420901835 -0.044224642 0.121173188 0.024241626 0.018047260 0.029267974 0.999114633
1341846337.885951 -0.424710423 -0.043201134 0.117494628 0.020999864 0.021164736 0.027180748 0.999185801
1341846337.918223 -0.416138768 -0.043411613 0.122759394 0.016753729 0.021247966 0.024730084 0.999327898
1341846337.954120 -0.400545388 -0.046877071 0.126753315 0.013978112 0.020773835 0.024061624 0.999396861
1341846337.985994 -0.380823642 -0.037844248 0.127733320 0.012479856 0.019214861 0.023202321 0.999468207
1341846338.018107 -0.362168163 -0.035081305 0.137901500 0.009785686 0.018502804 0.024105659 0.999490261
1341846338.054055 -0.335122645 -0.023103790 0.139222488 0.008957131 0.016420724 0.022467230 0.999572575
1341846338.085986 -0.327866852 -0.026095377 0.147774905 0.005155964 0.018772999 0.021853281 0.999571621
1341846338.121875 -0.341598213 -0.024072202 0.150648311 0.003749220 0.023216587 0.023406254 0.999449372
1341846338.154089 -0.348343760 -0.022883549 0.153788134 0.003360569 0.024686206 0.026963435 0.999325871
1341846338.186029 -0.341671050 -0.016020676 0.160582498 0.003243301 0.023608642 0.028882470 0.999298751
1341846338.222071 -0.328916907 0.009585761 0.167479858 0.005763588 0.023201842 0.027272308 0.999342144
1341846338.254107 -0.330251276 0.005193244 0.177151591 0.003659750 0.025318163 0.028290808 0.999272346
1341846338.290130 -0.324437320 0.015067426 0.185449570 0.005861146 0.024790810 0.029372063 0.999243855
1341846338.321952 -0.324441522 0.022678528 0.188098386 0.006925662 0.025754778 0.031012874 0.999163091
1341846338.354022 -0.320128143 0.026936593 0.198703125 0.007069240 0.025949769 0.030857699 0.999161839
1341846338.389969 -0.316539794 0.041942526 0.202747524 0.008733462 0.026413342 0.030986803 0.999132574
1341846338.422377 -0.313564241 0.047584169 0.213154346 0.007956284 0.026410673 0.031427652 0.999125361
1341846338.454010 -0.312147796 0.050811373 0.214371115 0.007323642 0.025912642 0.030245339 0.999179721
1341846338.489894 -0.312464058 0.056219224 0.225536481 0.006799147 0.025737343 0.030357055 0.999184549
1341846338.522066 -0.309119940 0.055353012 0.231805086 0.007523666 0.025773197 0.029590558 0.999201417
1341846338.558058 -0.305690736 0.063229829 0.230953053 0.007722876 0.025278643 0.028724376 0.999237835
1341846338.589842 -0.304005414 0.062034301 0.236729681 0.005440668 0.024931997 0.028244218 0.999275267
1341846338.622019 -0.297639936 0.064047866 0.249849692 0.006919735 0.025488710 0.029037625 0.999229312
1341846338.657984 -0.300890565 0.076001696 0.251652181 0.009183116 0.025890574 0.030922154 0.999144197
1341846338.690198 -0.290602475 0.098987475 0.258425593 0.010412114 0.023684066 0.029465299 0.999230921
1341846338.722454 -0.287004203 0.105162360 0.263131917 0.010947580 0.023435405 0.028984431 0.999245107
1341846338.757945 -0.290360868 0.107663184 0.273287356 0.011554296 0.025016492 0.031010799 0.999139130
1341846338.790039 -0.283486873 0.108474970 0.282067776 0.009631831 0.022462882 0.031053910 0.999218822
1341846338.826048 -0.258320928 0.115912758 0.293432921 0.011129613 0.019554814 0.029244870 0.999319017
1341846338.858027 -0.252797663 0.125136867 0.291589707 0.012465329 0.019555822 0.030030718 0.999279916
1341846338.889902 -0.256640613 0.149396196 0.310748994 0.013942597 0.020057609 0.027555494 0.999321759
1341846338.925948 -0.252891153 0.144844264 0.315410256 0.012333618 0.020646909 0.024806056 0.999402940
1341846338.958108 -0.251337707 0.152864650 0.321317762 0.014058798 0.022470837 0.023765313 0.999366105
1341846338.990057 -0.250325382 0.153076857 0.329973698 0.014989981 0.022393879 0.024819510 0.999328673
1341846339.025928 -0.221782684 0.161822885 0.345206618 0.018455816 0.019369030 0.023865394 0.999357164
1341846339.057939 -0.216789618 0.166828737 0.348108798 0.021875443 0.020761933 0.024017416 0.999256492
1341846339.093927 -0.221964106 0.179476917 0.348930806 0.022548277 0.021172157 0.025843270 0.999187410
1341846339.126562 -0.204909474 0.183828920 0.354079515 0.019764526 0.017625419 0.024193870 0.999356449
1341846339.157969 -0.198445067 0.186769411 0.368224591 0.018147977 0.019713948 0.021976264 0.999399304
1341846339.194113 -0.190705031 0.186392352 0.376873672 0.015704274 0.019115543 0.024838753 0.999385297
1341846339.228165 -0.179801345 0.203944504 0.382167906 0.014811760 0.015387224 0.027042527 0.999406099
1341846339.257998 -0.171950340 0.202244043 0.393962026 0.012289927 0.015576602 0.025755234 0.999471366
1341846339.294132 -0.164640412 0.198710442 0.399977773 0.011112310 0.016879210 0.028577309 0.999387264
1341846339.326577 -0.158733234 0.208415553 0.404686749 0.008720492 0.013235372 0.032913957 0.999332488
1341846339.362269 -0.155207366 0.203789875 0.411502123 0.004042458 0.011843055 0.028575625 0.999513268
1341846339.394725 -0.149562821 0.196856081 0.418271571 0.001946307 0.013381461 0.028048275 0.999515057
1341846339.462186 -0.098996133 0.230998546 0.445327669 0.004464129 0.003955146 0.025878001 0.999647319
1341846339.496743 -0.082416877 0.240856051 0.459591568 0.009083688 0.005814036 0.023764208 0.999659419
1341846339.562052 -0.081771821 0.236317992 0.471473277 0.009945039 0.009153681 0.026217289 0.999564886
1341846339.595122 -0.074277923 0.245155364 0.484925628 0.013486653 0.009324080 0.025224108 0.999547362
1341846339.632085 -0.068282694 0.255245715 0.494980007 0.016597113 0.012266005 0.022351323 0.999537110
1341846339.664568 -0.056709994 0.264984787 0.497348875 0.018916827 0.013110150 0.019016188 0.999554217
1341846339.698896 -0.059795160 0.256349444 0.504204571 0.017225703 0.015131173 0.018773474 0.999560833
1341846339.731977 -0.057774629 0.262607157 0.516624510 0.019091630 0.015728422 0.016815336 0.999552548
1341846339.762241 -0.054548305 0.256105900 0.524146855 0.018415900 0.017200995 0.016751695 0.999542058
1341846339.797873 -0.056112289 0.249814928 0.531831980 0.017268915 0.018106433 0.018599832 0.999513865
1341846339.830245 -0.041818749 0.256721079 0.537041485 0.018875947 0.015350387 0.018110197 0.999539971
1341846339.862015 -0.033109114 0.254188150 0.543822706 0.018067274 0.014374780 0.017870542 0.999573708
1341846339.897797 -0.028037585 0.256621391 0.550745070 0.017727483 0.015280820 0.017038414 0.999580860
1341846339.929916 -0.032376520 0.252813876 0.561525762 0.017330304 0.017362183 0.019347703 0.999511838
1341846339.961960 -0.034166638 0.240822330 0.566849113 0.016487397 0.017501095 0.020074138 0.999509335
1341846339.997845 -0.024848159 0.250902951 0.572037041 0.019723035 0.017742224 0.019369308 0.999460340
1341846340.029925 -0.021365602 0.249763474 0.576127410 0.020390816 0.019694284 0.019392896 0.999409974
1341846340.066044 -0.012971742 0.252233207 0.584443033 0.023222327 0.019970734 0.020498941 0.999320626
1341846340.098009 -0.014911123 0.266688943 0.592383862 0.026771976 0.021071581 0.020863280 0.999201655
1341846340.130102 -0.013655700 0.249744609 0.592036486 0.022929555 0.021167653 0.020522788 0.999302208
1341846340.166041 -0.011374809 0.236035556 0.594083309 0.021555714 0.023691865 0.018960616 0.999307036
1341846340.197867 -0.009080760 0.246921808 0.604209960 0.024639076 0.025735730 0.018086426 0.999201417
1341846340.229904 -0.002175786 0.261394590 0.621010363 0.026317263 0.024797741 0.017444029 0.999193728
1341846340.265859 -0.002786599 0.245910034 0.620612323 0.022992805 0.026525889 0.015927015 0.999256730
1341846340.298061 -0.004042078 0.249721482 0.626366794 0.025998894 0.029486602 0.017324779 0.999076784
1341846340.334063 -0.004638884 0.248660773 0.633444965 0.024375383 0.028407734 0.020353585 0.999091864
1341846340.366064 -0.000936780 0.241772786 0.640432358 0.021969294 0.026716778 0.018421788 0.999231756
1341846340.397995 -0.000003297 0.242298156 0.642463326 0.024159465 0.027565883 0.018223910 0.999161780
1341846340.433895 0.006136309 0.243829370 0.648626745 0.024864418 0.026057046 0.020334939 0.999144256
1341846340.465959 0.008673871 0.248491257 0.651377141 0.026569732 0.023424463 0.021452336 0.999142230
1341846340.501858 0.020584537 0.252006322 0.661857426 0.027927509 0.018973548 0.020285286 0.999224007
1341846340.534329 0.032339033 0.261630535 0.672005653 0.030653497 0.015965920 0.019286450 0.999216437
1341846340.566041 0.036789425 0.268701047 0.683193684 0.034075070 0.014630822 0.019513356 0.999121666
1341846340.601909 0.060051057 0.289735228 0.690984726 0.041354701 0.009385012 0.019568641 0.998908818
1341846340.634005 0.026412416 0.252770454 0.648257375 0.033029608 0.016244173 0.018770549 0.999146044
1341846340.666028 0.033687536 0.247736737 0.646839917 0.031669281 0.015779730 0.016983872 0.999229491
1341846340.701946 0.041256312 0.243100911 0.638472855 0.032656152 0.016096873 0.015129219 0.999222457
1341846340.733954 0.039131559 0.248778164 0.633201122 0.034536473 0.018546242 0.013924191 0.999134302
1341846340.770081 0.043745771 0.249866903 0.638112783 0.033844728 0.018464195 0.011550828 0.999189734
1341846340.801980 0.044224203 0.245761156 0.627538323 0.033169795 0.019909812 0.005635558 0.999235511
1341846340.833999 0.045838304 0.249191687 0.626784801 0.033214085 0.021961516 0.003018967 0.999202371
1341846340.870013 0.038105249 0.247120962 0.629404604 0.031656165 0.023216201 0.001672423 0.999227762
1341846340.901955 0.042759020 0.248318195 0.630400002 0.033120573 0.022267424 0.001362642 0.999202371
1341846340.933918 0.040640119 0.246790394 0.628851950 0.034638561 0.021894138 0.003880033 0.999152541
1341846340.970122 0.039597720 0.250680566 0.621431351 0.036410064 0.018990479 0.007601326 0.999127567
1341846341.001922 0.040577672 0.248043805 0.622100770 0.037460960 0.014708938 0.012731766 0.999108732
1341846341.037923 0.042569827 0.248610690 0.613933861 0.038798276 0.011921019 0.015309223 0.999058664
1341846341.070300 0.042349458 0.247295424 0.609317482 0.038945183 0.011281187 0.015271088 0.999060929
1341846341.102028 0.040544420 0.247995079 0.607588708 0.039006170 0.009801667 0.016617574 0.999052703
1341846341.137982 0.042741474 0.243225515 0.604246020 0.038178965 0.007747099 0.016251823 0.999108732
1341846341.170048 0.041677102 0.245325774 0.606432676 0.039269965 0.007752137 0.016479177 0.999062657
1341846341.202110 0.046865351 0.238427937 0.600057006 0.039654557 0.006221516 0.019354727 0.999006629
1341846341.237996 0.048065685 0.244109929 0.599219322 0.042397760 0.006314863 0.019261492 0.998895168
1341846341.269883 0.044275410 0.240702301 0.598371446 0.042864345 0.007274955 0.019463157 0.998864770
1341846341.306107 0.043553196 0.246681035 0.598934114 0.044354774 0.006746404 0.017593427 0.998838127
1341846341.338109 0.046210393 0.242736682 0.598221123 0.044567071 0.006991807 0.015900657 0.998855412
1341846341.370120 0.048268661 0.244170114 0.597270906 0.045137256 0.007798092 0.013229088 0.998862743
1341846341.406074 0.041939665 0.245517492 0.596638680 0.045503721 0.008974488 0.013127875 0.998837590
1341846341.438113 0.044684254 0.238562450 0.596224189 0.045976054 0.006554360 0.013645322 0.998827815
1341846341.470024 0.049029965 0.241226971 0.593705058 0.049012117 0.005973464 0.011343986 0.998715878
1341846341.506077 0.043129664 0.245009080 0.593930483 0.048946522 0.007654454 0.010684248 0.998714924
1341846341.538156 0.035087015 0.239947900 0.592188835 0.047525287 0.006994379 0.010975131 0.998785257
1341846341.574016 0.043204471 0.237724021 0.589114726 0.048208877 0.003601181 0.011097747 0.998769104
1341846341.612466 0.040920742 0.245176166 0.588259220 0.049555682 0.002940295 0.012676426 0.998686612
1341846341.643972 0.038212452 0.246265411 0.587296128 0.048884656 0.002012873 0.010726720 0.998744786
1341846341.679982 0.037684835 0.245182797 0.587391913 0.048630457 0.000491273 0.011831878 0.998746634
1341846341.712332 0.028695872 0.242562681 0.573746860 0.048645798 -0.000127049 0.012547604 0.998737276
1341846341.744185 0.033882044 0.244456410 0.574134052 0.049482703 -0.002838268 0.014352855 0.998667777
1341846341.780061 0.038516589 0.242743850 0.570443988 0.049417049 -0.004167560 0.015828237 0.998644114
1341846341.842595 0.037157007 0.235806257 0.568812013 0.051017191 -0.004816013 0.020998904 0.998465359
1341846341.906227 0.041104469 0.231358096 0.564781189 0.054070011 -0.006274928 0.026237944 0.998172641
1341846341.942069 0.038701385 0.217346847 0.558256030 0.055235106 -0.005691283 0.026652191 0.998101413
1341846341.974775 0.035850544 0.215299696 0.555139542 0.057936136 -0.005346884 0.028201180 0.997907579
1341846342.010161 0.034333576 0.220435411 0.556451321 0.059465159 -0.007012904 0.030940389 0.997726142
1341846342.042024 0.042231463 0.211584672 0.555210471 0.060301453 -0.008345787 0.029158184 0.997719347
1341846342.080032 0.040224615 0.214385316 0.547106862 0.062434107 -0.005356461 0.029101074 0.997610390
1341846342.112265 0.034341056 0.218724355 0.552441061 0.064158708 -0.004321849 0.033352941 0.997372806
1341846342.147954 0.037104495 0.218036264 0.556269288 0.066867426 -0.006132796 0.035789903 0.997100890
1341846342.179852 0.038672518 0.226294965 0.550048351 0.071175732 -0.005490093 0.036102876 0.996795058
1341846342.211848 0.040561303 0.226290435 0.551600099 0.071455553 -0.005395945 0.036988754 0.996743083
1341846342.247920 0.045812387 0.207481056 0.538546979 0.068856828 -0.005958486 0.032287665 0.997086108
1341846342.279870 0.052570771 0.207393542 0.538250446 0.070350178 -0.006607634 0.033116348 0.996950567
1341846342.316068 0.053653352 0.211803794 0.536254585 0.072292037 -0.006690778 0.033992130 0.996781647
1341846342.347894 0.055984747 0.218002677 0.536635399 0.073626980 -0.007172575 0.033584479 0.996694386
1341846342.379953 0.052905817 0.209995598 0.532444358 0.072438322 -0.005599341 0.033577602 0.996791780
1341846342.416195 0.044505175 0.217485577 0.540286720 0.074672222 -0.004120026 0.035806157 0.996556580
