1341846313.592026 0.000000000 0.000000000 0.000000000 0.000000000 0.000000000 0.000000000 1.000000000
1341846313.654184 0.007426100 -0.002709837 0.000258560 -0.001099454 -0.003174136 0.004870070 0.999982476
1341846313.686156 0.015889227 -0.000220027 0.007428317 0.000252050 -0.005729718 0.004586517 0.999973059
1341846313.721918 0.020254325 0.003242648 0.005277218 0.000796521 -0.006514344 0.005439670 0.999963641
1341846313.753994 0.030524630 0.005594423 0.016269827 0.000153964 -0.008229574 0.007209057 0.999940157
1341846313.789969 0.038320031 0.006091561 0.016354894 0.001457877 -0.009047054 0.005470141 0.999943078
1341846313.822075 0.049518712 0.008621471 0.012894439 0.001563267 -0.008640900 0.004867223 0.999949574
1341846313.853928 0.056648452 0.003285999 0.011233523 0.000127259 -0.006240465 0.003123315 0.999975622
1341846313.890011 0.058735173 0.004993344 0.005960406 0.000149259 -0.003819291 0.003416739 0.999986887
1341846313.922055 0.076299541 0.013133139 -0.010396875 -0.000673059 -0.005350319 0.006481119 0.999964476
1341846313.957927 0.111893170 0.012519867 0.002872355 -0.003076567 -0.004164073 0.007361490 0.999959469
1341846313.990058 0.095299661 0.012988782 0.006927218 -0.004257262 0.004940751 0.008262049 0.999944627
1341846314.022042 0.091831878 0.022537764 0.015820278 -0.004942833 0.006804394 0.009121863 0.999922991
1341846314.057816 0.103598654 0.021380855 0.023459978 -0.008349818 0.008713418 0.010372412 0.999873400
1341846314.089801 0.110307567 0.017415011 0.029834310 -0.007845379 0.014262587 0.010004569 0.999817431
1341846314.122037 0.114851370 0.028422549 0.021326888 -0.008017710 0.017510094 0.013931633 0.999717474
1341846314.157989 0.126198575 0.021459851 0.022675697 -0.011125663 0.019974152 0.014231316 0.999637306
1341846314.190094 0.131272927 0.025006890 0.032436244 -0.010256132 0.023583423 0.015582736 0.999547780
1341846314.225969 0.131695703 0.030964606 0.026180148 -0.012266939 0.026051765 0.018757040 0.999409318
1341846314.257923 0.133842379 0.021651477 0.036132891 -0.015006887 0.028516848 0.018397344 0.999311328
1341846314.290052 0.137989357 0.023013141 0.034079865 -0.013582580 0.029773876 0.017343117 0.999313891
1341846314.325981 0.145799905 0.031157661 0.032613482 -0.013593507 0.030571863 0.015556791 0.999319017
1341846314.357905 0.155293703 0.022747187 0.037461229 -0.015302603 0.033141945 0.014523532 0.999227941
1341846314.389899 0.178987905 0.019383106 0.013360094 -0.015193444 0.033238593 0.015748518 0.999207854
1341846314.427905 0.187419683 0.026257498 0.011410675 -0.014587651 0.034497119 0.014282115 0.999196231
1341846314.493987 0.199265540 0.019781321 0.015907267 -0.013955233 0.043899003 0.006602960 0.998916686
1341846314.526085 0.206421971 0.022364449 0.008909455 -0.013555081 0.045724392 0.004670309 0.998851180
1341846314.558292 0.212256059 0.020054564 0.012558533 -0.015089053 0.048579007 0.005421294 0.998690605
1341846314.594085 0.216252699 0.011093947 0.026881540 -0.014262464 0.053363994 0.002603759 0.998469830
1341846314.626096 0.206495970 0.016751964 0.015687464 -0.013593820 0.058937114 0.004013508 0.998161077
1341846314.658455 0.216461107 0.024186641 0.007248480 -0.014891238 0.061062474 0.004520400 0.998012602
1341846314.694004 0.234144330 0.015195950 0.018381340 -0.015593681 0.063207716 0.003586536 0.997872114
1341846314.725910 0.236821055 -0.007564489 0.023519922 -0.014383258 0.066435434 0.005920991 0.997669458
1341846314.761942 0.238320023 -0.008917790 0.020639483 -0.011206644 0.066909961 0.010064318 0.997645319
1341846314.794030 0.249156862 -0.005113786 0.019184824 -0.007437622 0.068483531 0.010818720 0.997565866
1341846314.826092 0.267388284 -0.000186209 0.008812416 -0.005013619 0.071261883 0.012736674 0.997363746
1341846314.862145 0.278353602 0.007351159 0.009468447 -0.004142799 0.074142851 0.014094025 0.997139454
1341846314.894072 0.289072841 0.001306170 0.011761975 -0.005390841 0.077242032 0.017374478 0.996846437
1341846314.925969 0.289527446 0.003812551 0.003686197 -0.004960333 0.080270894 0.020509223 0.996549726
1341846314.961937 0.290541470 0.012254559 0.004194353 -0.006995487 0.081095427 0.024519216 0.996380150
1341846314.994564 0.294068396 0.011331076 0.011793945 -0.010467993 0.082313888 0.022798916 0.996290624
1341846315.029900 0.318801641 0.011396298 0.011376489 -0.010789695 0.083441444 0.021622142 0.996219695
1341846315.061965 0.315726131 0.008324103 0.014453463 -0.011658713 0.086395726 0.025886035 0.995856285
1341846315.094388 0.309490621 0.004960835 0.015304070 -0.011663375 0.086805910 0.024538865 0.995854735
1341846315.129851 0.312134445 0.020496521 0.022060618 -0.007553918 0.087162651 0.024543364 0.995863080
1341846315.161941 0.305068612 0.044320039 0.009135537 -0.007353641 0.087909117 0.025638165 0.995771348
1341846315.197984 0.308135062 0.041083392 0.012888648 -0.014578516 0.086149298 0.022915995 0.995911956
1341846315.230076 0.325011939 0.032234721 0.015561271 -0.019050049 0.083355650 0.020813713 0.996120334
1341846315.262069 0.328998119 0.037090197 0.030001502 -0.021747382 0.080748536 0.024811491 0.996188283
1341846315.298000 0.330131918 0.026534315 0.036497585 -0.024517309 0.077584676 0.025398158 0.996360600
1341846315.329931 0.337296367 0.012550851 0.034420352 -0.022399740 0.075895123 0.025615001 0.996535063
1341846315.361981 0.351376355 0.019087879 0.028929330 -0.016486511 0.073812239 0.028877342 0.996717632
1341846315.397962 0.358535588 0.024287460 0.028810501 -0.013029360 0.073571838 0.032588717 0.996672153
1341846315.429923 0.367247462 0.028590944 0.026456527 -0.009834273 0.074840300 0.033416178 0.996586978
1341846315.466047 0.396942347 0.038185380 0.025819715 -0.008119920 0.074975461 0.039145224 0.996383667
1341846315.497883 0.391562253 0.035062641 0.027928710 -0.009605741 0.078859881 0.043392744 0.995894551
1341846315.530008 0.389405072 0.034752596 0.025898159 -0.009511259 0.080920450 0.043976676 0.995704532
1341846315.566108 0.391751826 0.037462246 0.026758894 -0.010052098 0.082394958 0.045206137 0.995523214
1341846315.597986 0.394644201 0.035559233 0.030066058 -0.010398461 0.083471559 0.044579390 0.995458186
1341846315.630109 0.395966202 0.035094626 0.031128854 -0.010380808 0.084648050 0.043725584 0.995396912
1341846315.666042 0.399805158 0.041223343 0.018426448 -0.010563025 0.085833527 0.042738006 0.995336354
1341846315.698114 0.400815755 0.043329597 -0.002099909 -0.015230980 0.089121699 0.040363040 0.995086014
1341846315.733985 0.389227509 0.024115697 0.010680616 -0.020000234 0.093727857 0.041756436 0.994520724
1341846315.766041 0.383100033 0.022047810 0.001532212 -0.019830134 0.091806270 0.044165913 0.994599283
1341846315.798188 0.386797488 0.023489496 0.003502831 -0.020932045 0.090764120 0.042062603 0.994763494
1341846315.834140 0.384158880 0.015237026 0.008926183 -0.020711824 0.093247667 0.040633250 0.994597852
1341846315.866751 0.379121810 0.015474282 0.007882871 -0.018238625 0.095300131 0.039341085 0.994503677
1341846315.898492 0.373514801 0.022786452 0.033915669 -0.016469866 0.096139051 0.038096294 0.994502246
1341846315.936901 0.372146845 0.013404058 0.028701290 -0.014856937 0.097421296 0.037980746 0.994407237
1341846315.966572 0.364568710 0.017616646 0.025994658 -0.010733961 0.099291250 0.037242264 0.994303286
1341846316.034204 0.353661060 0.012136768 0.019310497 -0.007508178 0.099266507 0.037210610 0.994336545
1341846316.066113 0.340204865 0.014155742 0.032874167 -0.004736232 0.100742720 0.034624889 0.994298518
1341846316.101867 0.325720698 0.015973553 0.030687243 -0.003333070 0.100654662 0.035644978 0.994277120
1341846316.134066 0.325729430 0.027867408 0.027202964 -0.002506967 0.096927673 0.032448843 0.994759142
1341846316.202049 0.309539557 0.017799990 0.030574329 -0.003191654 0.092859820 0.027899608 0.995283127
1341846316.233979 0.309039354 0.017320227 0.013176028 -0.002668203 0.091253757 0.026086286 0.995482385
1341846316.270052 0.300343663 0.013301405 0.021597322 -0.004641854 0.092714734 0.023168376 0.995412290
1341846316.301915 0.296618104 0.008113799 0.028543189 -0.004765120 0.093541816 0.021604504 0.995369494
1341846316.334208 0.283188343 0.005602745 0.028228257 -0.003430406 0.093780413 0.023961898 0.995298564
1341846316.370006 0.279466569 0.010765413 0.024739239 -0.000283892 0.091984019 0.023793176 0.995476127
1341846316.401994 0.276783973 0.013690368 0.019636851 0.001850545 0.090807125 0.026427371 0.995516062
1341846316.438069 0.265763104 0.003520714 0.026716921 0.003209788 0.091244325 0.028137114 0.995425761
1341846316.470076 0.251714498 -0.003030128 0.026593179 0.007016848 0.091501214 0.030017616 0.995327711
1341846316.502034 0.250819683 0.005110422 0.011634849 0.009126230 0.088191032 0.032912262 0.995517850
1341846316.537975 0.231809303 0.014523780 0.019566447 0.007753733 0.086717092 0.030231779 0.995743990
1341846316.570121 0.224460930 0.001418255 0.023977239 0.006316587 0.086912438 0.027049206 0.995828629
1341846316.601885 0.215502307 -0.002465125 0.023427621 0.008029572 0.086720325 0.025592739 0.995871544
1341846316.638009 0.220508561 -0.007369761 0.022519179 0.009631302 0.083769843 0.028159240 0.996040583
1341846316.669925 0.218519956 -0.001129472 0.022878133 0.013037756 0.082654878 0.028290683 0.996091247
1341846316.705941 0.215874553 -0.002098652 0.024499007 0.017301723 0.082457513 0.028382126 0.996040106
1341846316.738062 0.200093061 0.005022563 0.013912503 0.020342387 0.082608804 0.031641204 0.995871842
1341846316.770433 0.188057646 0.009120625 0.016612953 0.019761233 0.082412340 0.032126524 0.995884359
1341846316.805932 0.183445975 -0.008994705 0.011708220 0.018585561 0.082479887 0.030129272 0.995963812
1341846316.838029 0.171166182 -0.001468944 0.020163495 0.020824341 0.081722870 0.031417947 0.995942116
1341846316.870034 0.163268775 -0.008402641 0.018777350 0.020583609 0.078119956 0.033775151 0.996159077
1341846316.906344 0.156735048 -0.011475719 0.017701266 0.021383967 0.075239927 0.032225087 0.996415198
1341846316.937940 0.147540629 -0.009668966 0.009867879 0.021352915 0.074295267 0.029734403 0.996564150
1341846316.973994 0.143060178 -0.006068835 0.012853228 0.021051945 0.072014019 0.029905312 0.996732891
1341846317.005913 0.130550295 -0.010738518 0.011396030 0.019408913 0.069935411 0.030412164 0.996898949
1341846317.037936 0.129506022 -0.003326483 0.028177883 0.020829229 0.066881366 0.029702064 0.997101247
1341846317.073972 0.129976571 -0.004080734 0.022695981 0.022073701 0.064310104 0.031466469 0.997189462
1341846317.106113 0.111389652 -0.005765669 0.031220142 0.024401767 0.064542398 0.034822971 0.997008622
1341846317.137887 0.094257444 -0.003218647 0.024313454 0.027746376 0.059294220 0.038461629 0.997113407
1341846317.173970 0.083344191 -0.003056189 0.030533209 0.028880166 0.053113487 0.040455565 0.997350574
1341846317.205887 0.082164608 -0.005033361 0.027955847 0.028629437 0.049649555 0.041373994 0.997498631
1341846317.248131 0.076956786 -0.006033514 0.028725289 0.029960338 0.046587024 0.043546338 0.997514844
1341846317.306289 0.070308745 -0.003283137 0.031317431 0.031855509 0.039898690 0.048273183 0.997528493
1341846317.348137 0.065763995 -0.007427890 0.029295746 0.032552347 0.040875521 0.048764382 0.997442544
1341846317.410120 0.041910302 -0.012009312 0.020516807 0.033573035 0.041763257 0.052630514 0.997175336
1341846317.442569 0.043507420 -0.018729616 0.019145537 0.035876121 0.041082419 0.054998744 0.996995628
1341846317.474010 0.023487501 -0.018591577 0.024314513 0.041601103 0.043485433 0.057471834 0.996531665
1341846317.509927 0.015587428 -0.010375990 0.016841300 0.044917442 0.041132309 0.062025502 0.996214569
1341846317.542282 0.009257970 -0.007092234 0.024058321 0.044383794 0.038703658 0.062029820 0.996335506
1341846317.573943 0.003650113 -0.015202050 0.024163710 0.043469846 0.039500933 0.060199078 0.996456802
1341846317.610159 -0.009374187 -0.017543085 0.028868949 0.046248276 0.042229220 0.060455583 0.996204257
1341846317.643553 -0.025754873 -0.014436894 0.022377199 0.048399460 0.042524580 0.063208841 0.995918572
1341846317.677993 -0.026679447 -0.020802440 0.031540848 0.048843458 0.038486075 0.065698110 0.995900035
1341846317.709996 -0.029181983 -0.022396581 0.032079913 0.051318076 0.035628229 0.066135816 0.995853007
1341846317.741834 -0.034889195 -0.005078477 0.030568412 0.052783176 0.034031585 0.066282995 0.995822430
1341846317.777923 -0.053719122 -0.011750113 0.030700563 0.050324757 0.034537517 0.064228743 0.996066868
1341846317.810021 -0.057103675 -0.015433553 0.037163593 0.049845435 0.032465991 0.063238069 0.996224046
1341846317.841886 -0.071379267 -0.005007026 0.030948665 0.050003693 0.032168698 0.059988532 0.996426702
1341846317.878017 -0.073728807 -0.007688642 0.038306195 0.047277376 0.031308666 0.056210134 0.996807396
1341846317.909910 -0.073349319 -0.015852313 0.037736751 0.045612842 0.032060169 0.053872727 0.996990144
1341846317.946031 -0.094878100 -0.018583002 0.028490763 0.046531979 0.034369715 0.054330092 0.996845901
1341846317.978041 -0.103210710 -0.019092551 0.045611657 0.048920099 0.032983068 0.053834856 0.996805251
1341846318.009897 -0.103617094 -0.016328014 0.047159478 0.051536500 0.032382645 0.053647049 0.996703207
1341846318.045949 -0.111821890 -0.008902382 0.048343830 0.052500162 0.033384860 0.052580245 0.996676743
1341846318.078074 -0.133924618 -0.012199621 0.043828238 0.051248327 0.033449966 0.050316088 0.996856570
1341846318.109894 -0.140695736 -0.013833602 0.042952627 0.050899021 0.029180186 0.048494093 0.997098863
1341846318.145957 -0.147257224 -0.013440479 0.045063417 0.050057013 0.027392158 0.045486156 0.997333944
1341846318.178001 -0.158246309 -0.021259593 0.035772949 0.048445638 0.028112121 0.041786879 0.997555315
1341846318.214074 -0.162021264 -0.018731009 0.021969896 0.049326025 0.025734846 0.041295055 0.997596800
1341846318.245970 -0.172692940 -0.023085386 0.038153805 0.052378863 0.020320781 0.043089315 0.997490287
1341846318.278018 -0.172687560 -0.022734068 0.040355224 0.056334250 0.015032965 0.043181822 0.997364402
1341846318.313937 -0.197310716 -0.026362780 0.022222161 0.057639491 0.010169537 0.042465910 0.997382045
1341846318.345989 -0.172976732 -0.013906037 0.063163087 0.061401322 -0.001043498 0.041305479 0.997257531
1341846318.382046 -0.213397220 -0.021334708 0.073142946 0.062276974 -0.004326665 0.037230175 0.997354865
1341846318.414072 -0.230233535 -0.028358398 0.062617160 0.062772073 -0.010011744 0.036881682 0.997295976
1341846318.446035 -0.260934353 -0.031898320 0.042093523 0.064251557 -0.014664155 0.036491334 0.997158527
1341846318.482196 -0.230787605 -0.024048749 0.028601386 0.066721916 -0.020559024 0.041049641 0.996714771
1341846318.514144 -0.235136181 -0.024108421 0.033520013 0.066888675 -0.022237400 0.042830307 0.996592641
1341846318.546259 -0.245376512 -0.035824008 0.034950897 0.067537427 -0.023284784 0.040769510 0.996611416
1341846318.582042 -0.254037470 -0.032818116 0.042098176 0.069177136 -0.022810522 0.040200207 0.996533036
1341846318.614115 -0.267742544 -0.023838976 0.038000017 0.069773033 -0.022446092 0.039445397 0.996529937
1341846318.650038 -0.274260253 -0.028270470 0.038292047 0.068978876 -0.023289941 0.037311099 0.996648073
1341846318.682350 -0.279760152 -0.026353449 0.042110570 0.068832450 -0.024138911 0.034846660 0.996727228
1341846318.714063 -0.293875098 -0.024939829 0.037717756 0.068625346 -0.024504123 0.033225387 0.996787906
1341846318.749905 -0.294051439 -0.030417603 0.043651298 0.068969704 -0.025291359 0.035992090 0.996648431
1341846318.782036 -0.312539697 -0.031091226 0.037415758 0.070595935 -0.025015099 0.037668779 0.996479571
1341846318.814121 -0.329140693 -0.033073150 0.026528170 0.070426911 -0.029625066 0.035920531 0.996429682
1341846318.850072 -0.331628412 -0.036032498 0.045473553 0.070761934 -0.035814129 0.033880733 0.996274114
1341846318.883516 -0.345563531 -0.040456947 0.020233549 0.073628910 -0.042935606 0.031989295 0.995847344
1341846318.918047 -0.330376357 -0.042112306 0.022081733 0.076280214 -0.056923769 0.033084936 0.994910240
1341846318.950044 -0.357190251 -0.045452170 0.030096229 0.078254566 -0.065269455 0.030606514 0.994323611
1341846318.982028 -0.369314969 -0.049362563 0.003183980 0.078952171 -0.068592571 0.027646095 0.994131386
1341846319.018123 -0.376631200 -0.049565304 0.006816290 0.078436576 -0.074040547 0.027584484 0.993783057
1341846319.050745 -0.378886521 -0.056005053 0.003684036 0.079611048 -0.080764972 0.026653130 0.993191183
1341846319.081905 -0.371396780 -0.048718892 0.007549264 0.085812531 -0.081773885 0.025225194 0.992629349
1341846319.117976 -0.400352895 -0.042873111 0.001127325 0.088213325 -0.079364575 0.029375400 0.992500246
1341846319.150093 -0.399348497 -0.051988866 0.005542472 0.089046985 -0.084941946 0.038333230 0.991658270
1341846319.186069 -0.394727856 -0.027640369 -0.002735145 0.092397168 -0.086135447 0.037474822 0.991281509
1341846319.218149 -0.399463177 -0.007098112 -0.004366737 0.090074368 -0.081020914 0.034834590 0.992022574
1341846319.250034 -0.418376833 -0.008583850 0.005871650 0.084748052 -0.074094057 0.033253927 0.993087113
1341846319.286594 -0.428518504 -0.029340681 0.000378270 0.080816060 -0.070513085 0.038744375 0.993476450
1341846319.318034 -0.430669039 -0.030715983 -0.009746201 0.081600659 -0.070010804 0.041789256 0.993324459
1341846319.350268 -0.446422070 -0.033862650 -0.009885192 0.082264766 -0.068951704 0.048011873 0.993062437
1341846319.386163 -0.467440605 -0.038700268 -0.011605747 0.083717227 -0.072522573 0.055533797 0.992294252
1341846319.418386 -0.461198628 -0.029695153 -0.009883393 0.085567676 -0.079114415 0.054822441 0.991672099
1341846319.453961 -0.459847808 -0.025991000 -0.027874056 0.085940182 -0.081677631 0.052013602 0.991583407
1341846319.486271 -0.478829384 -0.024446486 -0.033578653 0.085400440 -0.080861859 0.049912006 0.991804898
1341846319.554083 -0.493998200 -0.024019793 -0.018156141 0.080543227 -0.087300315 0.048606746 0.991730213
1341846319.586296 -0.504263520 -0.031437844 -0.031864099 0.079995200 -0.086506106 0.045839120 0.991975904
1341846319.622031 -0.521251738 -0.032063406 -0.052975964 0.078195967 -0.089301236 0.042825084 0.992006361
1341846319.653962 -0.526490808 -0.040941399 -0.027686529 0.077021033 -0.094805501 0.042864390 0.991585732
1341846319.686352 -0.534765601 -0.043518770 -0.032008141 0.078594774 -0.098309606 0.044621114 0.991043448
1341846319.721992 -0.539910674 -0.033581011 -0.038101234 0.079987317 -0.102498993 0.045072317 0.990486979
1341846319.754063 -0.545630515 -0.018640103 -0.037627615 0.077867597 -0.104828961 0.043924373 0.990463614
1341846319.786397 -0.548100889 -0.022906195 -0.030201219 0.073552877 -0.104856417 0.047691368 0.990616262
1341846319.822008 -0.557879448 -0.021480877 -0.034964897 0.070466042 -0.105294883 0.051738374 0.990591049
1341846319.853917 -0.559793115 -0.021256085 -0.035829745 0.065248825 -0.106462672 0.056216989 0.990579605
1341846319.889942 -0.562986910 -0.034074266 -0.030366115 0.061191730 -0.107231416 0.061448105 0.990444899
1341846319.922039 -0.573538721 -0.035936877 -0.014745325 0.060930360 -0.111313730 0.062656231 0.989934862
1341846319.953946 -0.569514394 -0.038243786 -0.001873240 0.061502866 -0.118156195 0.059589542 0.989295542
1341846319.990054 -0.569867313 -0.035125852 -0.005932048 0.064582609 -0.120885924 0.052173190 0.989188373
1341846320.028122 -0.570629060 -0.038829252 -0.013504915 0.066213392 -0.124648765 0.051704474 0.988637984
1341846320.090047 -0.557288349 -0.023361787 0.001266792 0.072781295 -0.132702976 0.051242650 0.987150967
1341846320.122011 -0.547547162 -0.022779427 0.003109917 0.073368996 -0.130838171 0.052586403 0.987285674
1341846320.157952 -0.542159438 -0.027363839 0.003833383 0.073239774 -0.128105640 0.053553604 0.987601578
1341846320.190003 -0.522299886 -0.028076548 0.009907760 0.076526299 -0.125641987 0.051695444 0.987767875
1341846320.221941 -0.522418022 -0.037528690 0.006300889 0.079179205 -0.121971257 0.053052709 0.987946928
1341846320.258015 -0.511647880 -0.043770041 0.006430008 0.082748137 -0.121337250 0.055593044 0.987592757
1341846320.289887 -0.503258228 -0.044007882 0.002409443 0.088640116 -0.121980295 0.055420484 0.987011790
1341846320.321954 -0.487838179 -0.047337167 -0.001175031 0.097282387 -0.123749152 0.055143915 0.985992610
1341846320.357890 -0.476110935 -0.031660412 0.003116645 0.103524715 -0.123392791 0.056234211 0.985339820
1341846320.390064 -0.454476386 -0.036181346 0.003318943 0.104350343 -0.120307781 0.056746300 0.985604882
1341846320.426544 -0.445964009 -0.031336136 0.033423647 0.108431101 -0.113080509 0.052057028 0.986278653
1341846320.458122 -0.446830004 -0.037017293 0.041528299 0.108582340 -0.105823912 0.050815959 0.987131655
1341846320.490186 -0.414678037 -0.043585718 0.048647225 0.111174807 -0.099938072 0.051747002 0.987408102
1341846320.525911 -0.404613525 -0.030656043 -0.008516617 0.116107531 -0.090688661 0.047620382 0.987940729
1341846320.558091 -0.398637891 -0.038920302 -0.014799487 0.115998283 -0.086818822 0.044081163 0.988465369
1341846320.594093 -0.384781182 -0.043400090 0.003958672 0.117216438 -0.082389779 0.040615082 0.988849163
1341846320.631955 -0.374195009 -0.041100826 -0.005578723 0.119830459 -0.074205130 0.039551530 0.989226937
1341846320.664916 -0.359299541 -0.038292054 -0.014522109 0.119558007 -0.072338782 0.038122710 0.989454269
1341846320.699927 -0.335875928 -0.037378013 0.033183131 0.120479129 -0.069904834 0.034900945 0.989636302
1341846320.731822 -0.330617875 -0.032707356 0.030690994 0.122747257 -0.062977724 0.033882484 0.989858031
1341846320.763877 -0.326353580 -0.011336199 0.013750266 0.120934784 -0.061688274 0.035921212 0.990090370
1341846320.799999 -0.317547321 -0.029430497 0.008542269 0.113002591 -0.063137509 0.030547073 0.991116047
1341846320.831871 -0.258522958 -0.030933842 -0.032528535 0.114757448 -0.054477930 0.024993874 0.991583705
1341846320.863887 -0.307639539 -0.016423240 -0.013328622 0.114395007 -0.042426847 0.026213314 0.992182732
1341846320.900014 -0.294315577 -0.033106279 -0.014250094 0.106396034 -0.048319474 0.032699313 0.992610633
1341846320.931889 -0.262021840 -0.047517262 -0.019910829 0.106559314 -0.048966847 0.031199584 0.992609739
1341846320.967866 -0.267640680 -0.017235348 -0.016173122 0.107827760 -0.042768434 0.027387530 0.992871583
1341846321.000017 -0.265798777 -0.024520386 -0.013935311 0.101402804 -0.042303555 0.025942856 0.993606985
1341846321.031860 -0.243431658 -0.034845702 -0.018057529 0.098910324 -0.042547300 0.024275113 0.993889928
1341846321.068047 -0.235896066 -0.025954530 -0.015181780 0.099803858 -0.038912971 0.021385983 0.994015932
1341846321.099840 -0.233094707 -0.026099849 -0.015230900 0.097403541 -0.037496675 0.022162210 0.994291425
1341846321.131821 -0.211285725 -0.038102310 -0.015833741 0.097158447 -0.036770876 0.024083884 0.994297743
1341846321.167887 -0.204022154 -0.032547884 -0.010686545 0.100160643 -0.032589402 0.024259446 0.994141459
1341846321.200042 -0.201885357 -0.028958580 -0.015045606 0.100535303 -0.029774474 0.023853140 0.994201839
1341846321.231950 -0.190254182 -0.037086748 -0.016833376 0.099382602 -0.029146118 0.022902848 0.994358599
1341846321.267939 -0.173245937 -0.034053668 -0.028037183 0.099753335 -0.027601114 0.018221522 0.994462371
1341846321.299948 -0.164443120 -0.037601680 -0.019054966 0.098338701 -0.023106603 0.012172133 0.994810224
1341846321.331858 -0.161846504 -0.039678510 -0.015466209 0.098584376 -0.019945679 0.008230197 0.994894743
1341846321.367913 -0.140035182 -0.045915447 -0.018422402 0.099737309 -0.018346202 0.004765127 0.994833231
1341846321.399897 -0.136863410 -0.039444670 -0.011175683 0.102063708 -0.012872183 0.003226500 0.994689345
1341846321.435994 -0.132000327 -0.042533278 -0.009045649 0.103417352 -0.009406496 0.002630824 0.994590104
1341846321.467946 -0.120994173 -0.041158717 0.006413816 0.104878120 -0.007242606 0.004064209 0.994450450
1341846321.499882 -0.109522164 -0.039537746 0.005249470 0.106299423 -0.004510901 0.004382746 0.994314313
1341846321.536109 -0.091286838 -0.032466475 -0.008284806 0.106326535 0.000334577 0.001636746 0.994329870
1341846321.568960 -0.094608232 -0.022278078 0.012474659 0.103899829 0.007423419 -0.001579268 0.994558811
1341846321.603938 -0.091193110 -0.030321654 0.008086756 0.100020334 0.009952195 -0.001335346 0.994934738
1341846321.637163 -0.045693558 -0.022941206 -0.007076979 0.097671628 0.012414068 -0.001085052 0.995140672
1341846321.668306 -0.061651684 -0.022292145 0.020585448 0.093122400 0.023267528 0.001771682 0.995381176
1341846321.704411 -0.084570609 -0.026336068 0.025618076 0.089943342 0.025971210 0.008500350 0.995571971
1341846321.736861 -0.070122249 -0.024302946 0.028082840 0.089028001 0.022756161 0.016928269 0.995625257
1341846321.771881 -0.057499066 -0.008356125 0.023904588 0.087422505 0.022765731 0.021042760 0.995688856
1341846321.804114 -0.051365890 -0.013346133 0.056712791 0.083158478 0.024314465 0.025168860 0.995921671
1341846321.836152 -0.055342909 -0.004977799 0.057351746 0.080690630 0.027540695 0.024694687 0.996052563
1341846321.871882 -0.049448688 0.003695616 0.063388057 0.076096162 0.028458612 0.022786532 0.996433735
1341846321.904074 -0.038308989 -0.001171166 0.064980552 0.069318525 0.029067909 0.019935478 0.996971726
1341846321.939847 -0.035837021 -0.007241226 0.070613571 0.064804509 0.032133926 0.016904514 0.997237206
1341846322.004094 -0.043245245 -0.010666241 0.073229328 0.058058303 0.030604104 0.016708612 0.997704089
1341846322.066178 -0.026662042 -0.017186070 0.070719823 0.052975953 0.034879979 0.013630573 0.997893333
1341846322.107979 -0.029634902 -0.034451328 0.073384620 0.049930833 0.037238415 0.012471370 0.997980297
1341846322.166164 -0.031027080 -0.055598885 0.070385069 0.052918125 0.036996037 0.012824645 0.997830868
1341846322.202932 -0.026557136 -0.061432853 0.066267505 0.054123305 0.034446117 0.013075143 0.997854292
1341846322.234093 -0.028527413 -0.062484011 0.068024002 0.053369921 0.033131499 0.010615386 0.997968554
1341846322.265941 -0.026312854 -0.070964128 0.067110837 0.050794840 0.029920710 0.011705056 0.998192191
1341846322.301996 -0.018514521 -0.086608395 0.066588327 0.048640389 0.027879370 0.012646954 0.998347044
1341846322.333949 -0.028152376 -0.101334095 0.061528675 0.047461003 0.026564039 0.011649267 0.998451829
1341846322.369871 -0.017034853 -0.115917243 0.065905668 0.048233546 0.020451298 0.009035233 0.998585820
1341846322.402292 -0.005032468 -0.129787132 0.064660579 0.049923472 0.021344628 0.002540932 0.998521686
1341846322.433955 -0.024395207 -0.152036965 0.073498592 0.054654293 0.024181960 -0.001959970 0.998210549
1341846322.470030 -0.022640400 -0.157765180 0.080872551 0.063258097 0.019543037 0.001861473 0.997804105
1341846322.502433 -0.009368698 -0.174657375 0.076942794 0.068838313 0.015641876 0.005387176 0.997490644
1341846322.534002 -0.004407531 -0.190467447 0.078601815 0.077403486 0.015435860 0.006300947 0.996860445
1341846322.570196 -0.006017253 -0.196852446 0.080035627 0.087088928 0.015095738 0.009593786 0.996039987
1341846322.601920 -0.013301728 -0.204490945 0.071592137 0.092721596 0.012536392 0.013245997 0.995525062
1341846322.638119 0.002052451 -0.216172233 0.080015413 0.098118223 0.008399212 0.012676986 0.995058656
1341846322.669947 0.012908241 -0.219916061 0.080934994 0.103118815 0.010994569 0.012399145 0.994531035
1341846322.702026 0.005244629 -0.235150531 0.079436406 0.105359040 0.013073129 0.014951510 0.994235933
1341846322.738006 0.005026895 -0.231801763 0.079501107 0.107275397 0.010373451 0.015680159 0.994051576
1341846322.770087 0.014535416 -0.250905365 0.080872610 0.106923565 0.010788075 0.015816448 0.994082868
1341846322.806047 0.004123734 -0.264329016 0.083431557 0.110317037 0.011138417 0.017445607 0.993680954
1341846322.838063 -0.002519695 -0.266682446 0.083610371 0.112735324 0.007136131 0.019012842 0.993417561
1341846322.870081 0.001325413 -0.285394073 0.089839980 0.113901787 0.001851911 0.020997193 0.993268430
1341846322.906018 0.013359256 -0.289389402 0.090559512 0.119195856 -0.000267322 0.020246008 0.992664337
1341846322.938349 0.017882291 -0.270898491 0.096032903 0.120600618 0.000481045 0.021594817 0.992466092
1341846322.970069 0.020349393 -0.278063864 0.091979608 0.115547448 0.000028411 0.023206446 0.993030846
1341846323.011820 0.024414765 -0.294922352 0.097133130 0.112526037 0.000192434 0.024076862 0.993357003
1341846323.073951 0.021988679 -0.292581320 0.100815430 0.110319674 0.000045415 0.028324086 0.993492484
1341846323.105962 0.023107622 -0.314159960 0.104766011 0.106660135 0.000237198 0.028011810 0.993900895
1341846323.138158 0.024904514 -0.316564977 0.105861746 0.107200198 0.000049161 0.024854505 0.993926764
1341846323.174092 0.019443475 -0.315720409 0.102932088 0.105517946 0.000045658 0.022951454 0.994152486
1341846323.206059 0.032523144 -0.324880272 0.095637187 0.102239855 -0.001220222 0.021029072 0.994536757
1341846323.238053 0.035143457 -0.324057102 0.101300173 0.100136675 0.001743996 0.018605631 0.994798183
1341846323.273997 0.011992769 -0.325044096 0.098991506 0.096342228 0.003234762 0.019769631 0.995146692
1341846323.305946 0.019850675 -0.334452420 0.102575973 0.090919226 -0.001151609 0.020784160 0.995640755
1341846323.342027 0.048914269 -0.351882458 0.113751248 0.088268586 -0.001216183 0.019394513 0.995907128
1341846323.374048 0.022013953 -0.359368145 0.111617982 0.088533662 0.004233515 0.020085765 0.995861650
1341846323.405987 0.009044866 -0.377118409 0.090238288 0.087849818 0.000478270 0.024551818 0.995831013
1341846323.441956 0.027843866 -0.382634938 0.110901229 0.089489408 -0.004630737 0.027794959 0.995589137
1341846323.473878 0.028879847 -0.392518282 0.110122897 0.093561165 -0.002982064 0.025738275 0.995276332
1341846323.506129 0.026707571 -0.384155095 0.108251095 0.096651107 -0.003184963 0.023641899 0.995032370
1341846323.541972 0.034638308 -0.387608767 0.104705833 0.094933376 -0.003627946 0.021530343 0.995244145
1341846323.573913 0.056216154 -0.405562818 0.097091213 0.093685076 -0.000765134 0.016544476 0.995464146
1341846323.609927 0.044097874 -0.404342264 0.103794903 0.094398238 0.006100961 0.012670953 0.995435178
1341846323.642014 0.031630848 -0.414360791 0.102116287 0.093246117 0.008218282 0.013426676 0.995518625
1341846323.674081 0.031008199 -0.427518308 0.097516581 0.092962183 0.006583487 0.015641667 0.995525002
1341846323.710069 0.030692756 -0.443344176 0.095198333 0.094283834 0.005361449 0.019575441 0.995338440
1341846323.742111 0.029758237 -0.456485897 0.099398553 0.098416708 0.003509946 0.020864205 0.994920373
1341846323.774928 0.030085078 -0.450488240 0.095020667 0.102442876 0.001293232 0.017876340 0.994577408
1341846323.810012 0.031296011 -0.452008009 0.097771376 0.104171455 0.000168976 0.014096014 0.994459450
1341846323.842207 0.034859993 -0.456386179 0.095939636 0.105513297 0.000031216 0.009410200 0.994373381
1341846323.878019 0.027117075 -0.467695951 0.092126638 0.105978332 -0.000327037 0.005277007 0.994354367
1341846323.909826 0.030658567 -0.482706606 0.092312470 0.108795919 -0.002114972 0.000877033 0.994061470
1341846323.942459 0.029456263 -0.482612193 0.085222863 0.112700209 -0.002143567 0.001058564 0.993626177
1341846323.978055 0.022862803 -0.486495137 0.081963122 0.114808179 -0.004660609 0.002423824 0.993373811
1341846324.015934 0.030076446 -0.485340059 0.090767510 0.119098157 -0.007071830 0.002132023 0.992855012
1341846324.047722 0.034708787 -0.478841692 0.083620794 0.122564785 -0.005858187 0.001247431 0.992442489
1341846324.083904 0.032562707 -0.464567304 0.086886741 0.123125128 -0.004329871 0.000670278 0.992381454
1341846324.115968 0.034470901 -0.464698523 0.086470336 0.120677948 -0.002645615 -0.001012914 0.992687702
1341846324.151967 0.041606121 -0.457348704 0.082970239 0.120342769 -0.000119880 -0.005397963 0.992717743
1341846324.183941 0.031181002 -0.444681793 0.089006007 0.117938265 0.004674874 -0.009714981 0.992962480
1341846324.219984 0.029612914 -0.441908002 0.089120656 0.113662519 0.006200811 -0.008026375 0.993467689
1341846324.251968 0.026241155 -0.444762886 0.087610058 0.112641975 0.006536043 -0.008555966 0.993577361
1341846324.284052 0.020993549 -0.429823965 0.092988826 0.113778949 0.006052715 -0.009723889 0.993440092
1341846324.319880 0.016126484 -0.418453187 0.085195899 0.112148166 0.002839553 -0.010226574 0.993634760
1341846324.351917 0.019575968 -0.403104335 0.089460380 0.109176353 -0.000629169 -0.011471340 0.993956029
1341846324.388001 0.030411873 -0.393683314 0.088571221 0.105069607 -0.001098492 -0.015001126 0.994351089
1341846324.419908 0.020353969 -0.382480890 0.096135207 0.100076176 0.001777695 -0.018646801 0.994803429
1341846324.452027 0.019512258 -0.384209722 0.094338059 0.095135167 0.001811660 -0.018363856 0.995293319
1341846324.487928 0.016475582 -0.377897859 0.099176094 0.093719065 0.001513221 -0.016035361 0.995468378
1341846324.519985 0.004469211 -0.363950878 0.104201600 0.092800803 -0.000155441 -0.011498063 0.995618284
1341846324.556001 0.002907579 -0.342407823 0.103088818 0.091865279 -0.005027213 -0.007454506 0.995730877
1341846324.587888 0.008946177 -0.330058217 0.107748657 0.088523477 -0.008520161 -0.005191418 0.996024132
1341846324.620086 0.009889955 -0.327562511 0.106678933 0.086028114 -0.011061936 -0.007810604 0.996200681
1341846324.655955 0.013226895 -0.318741232 0.105143175 0.084379487 -0.012345958 -0.009344563 0.996313393
1341846324.688082 0.011414449 -0.314709961 0.112563759 0.083734661 -0.012154805 -0.008185838 0.996380329
1341846324.755922 -0.006704759 -0.280936986 0.099390447 0.085198261 -0.014368717 -0.004799492 0.996248841
1341846324.814016 0.011090763 -0.245268747 0.106478095 0.080940083 -0.021134142 -0.007686595 0.996465266
1341846324.849979 0.002061898 -0.232234553 0.115166679 0.075525686 -0.017446138 -0.010320501 0.996937871
1341846324.881924 -0.007186898 -0.229469284 0.120440565 0.072309971 -0.018365642 -0.010127761 0.997161746
1341846324.913902 -0.000780855 -0.223110408 0.118248105 0.071033381 -0.020112282 -0.006929426 0.997247159
1341846324.949999 -0.002174435 -0.227707058 0.120273821 0.070897557 -0.020190326 -0.003862392 0.997271836
1341846324.981922 -0.017069941 -0.222083211 0.132207200 0.075414717 -0.021983745 -0.000665303 0.996909738
1341846325.018013 -0.013540058 -0.211235344 0.115927115 0.079456441 -0.027401328 0.002084299 0.996459544
1341846325.050079 -0.018746484 -0.194437459 0.110542551 0.081755944 -0.032164134 0.000827073 0.996132970
1341846325.081901 -0.015778394 -0.169104278 0.115215451 0.082082488 -0.037411388 -0.001823512 0.995921433
1341846325.118531 -0.004466828 -0.157184452 0.114809394 0.077812150 -0.039697219 -0.002940200 0.996173084
1341846325.149933 -0.005544129 -0.155248433 0.115880221 0.071929030 -0.037176501 -0.005227960 0.996703029
1341846325.181925 -0.009044355 -0.151051551 0.117275141 0.068515435 -0.036039654 -0.002433293 0.996995986
1341846325.218055 -0.011437465 -0.144526228 0.120129444 0.065915480 -0.035691205 0.001521788 0.997185588
1341846325.249811 -0.015948454 -0.134493887 0.123832747 0.064036667 -0.035637490 0.005106281 0.997298002
1341846325.285925 -0.012738436 -0.124765076 0.126459643 0.061608378 -0.036393385 0.007727670 0.997406781
1341846325.317988 0.005139045 -0.128532767 0.128599077 0.058707170 -0.035268057 0.011075414 0.997590661
1341846325.349844 -0.002332524 -0.132579267 0.131864071 0.061396033 -0.029766196 0.012562407 0.997590482
1341846325.387302 -0.001557796 -0.118828259 0.133233964 0.066455826 -0.027097497 0.015789278 0.997296393
1341846325.417931 0.007466114 -0.112320557 0.134288743 0.069128953 -0.022452435 0.018690117 0.997179925
1341846325.450747 0.025361113 -0.125205070 0.134806156 0.072512232 -0.015797557 0.021647833 0.997007430
1341846325.485954 -0.002899657 -0.098838896 0.146178782 0.082754761 -0.006841895 0.022146096 0.996300340
1341846325.517875 -0.005044854 -0.090664007 0.142183349 0.086232014 -0.004075225 0.024732810 0.995959759
1341846325.553859 -0.003812574 -0.084160045 0.140942708 0.089289360 -0.000502553 0.023978006 0.995716989
1341846325.585855 -0.012203212 -0.065162577 0.140817001 0.092070192 0.002853496 0.022159856 0.995501876
1341846325.617990 -0.013302071 -0.044388764 0.138937935 0.089763701 0.004726286 0.020767709 0.995735347
1341846325.653982 -0.008981084 -0.061073963 0.143862590 0.085254051 0.006245746 0.018367490 0.996170342
1341846325.685819 -0.009913843 -0.059501216 0.141416609 0.090464316 0.007513855 0.020100584 0.995668471
1341846325.717857 -0.015880805 -0.045555703 0.146651626 0.095349967 0.008931533 0.026718047 0.995045125
1341846325.754083 -0.019540872 -0.045675687 0.147836015 0.098135978 0.009190138 0.030203504 0.994672120
1341846325.786087 -0.012689942 -0.040855329 0.146218315 0.104568996 0.009092465 0.032450125 0.993946493
1341846325.821856 -0.019588668 -0.021351369 0.151915222 0.109301455 0.011131516 0.033438794 0.993383706
1341846325.853827 -0.024345158 -0.013758007 0.150101677 0.109589510 0.012125549 0.036855001 0.993219435
1341846325.885958 -0.032250997 -0.001431381 0.141373858 0.110192671 0.009666765 0.043101311 0.992928207
1341846325.921984 -0.028561024 0.003118154 0.152380094 0.109277301 0.005612437 0.047356643 0.992866755
1341846325.953899 -0.016881734 0.006404672 0.162696332 0.112428457 0.005443548 0.049017746 0.992435098
1341846325.985823 -0.022129910 0.018868856 0.157460660 0.115191437 0.008664854 0.053330820 0.991872787
1341846326.021991 -0.026687568 0.022691485 0.160509229 0.117742777 0.008943308 0.058858648 0.991257906
1341846326.054055 -0.021551214 0.035872679 0.160768300 0.123065248 0.007787167 0.062480140 0.990399182
1341846326.089984 -0.015464617 0.052481741 0.161774144 0.125794888 0.009183683 0.061781809 0.990087986
1341846326.121822 -0.017874341 0.062860347 0.166412637 0.125414759 0.013473296 0.059152041 0.990247726
1341846326.154079 -0.023175430 0.064092025 0.173470557 0.125683099 0.016232105 0.057414941 0.990274608
1341846326.190178 -0.026509577 0.075859696 0.173296764 0.128378332 0.015899498 0.060018208 0.989779770
1341846326.222162 -0.031197384 0.096257180 0.173704565 0.128519669 0.014193440 0.066143796 0.989396870
1341846326.259181 -0.033164751 0.105737627 0.176741347 0.125149682 0.011796580 0.069561750 0.989625931
1341846326.322766 -0.026323345 0.130913481 0.186057061 0.118185177 0.010890385 0.068486862 0.990567148
1341846326.359773 -0.026773740 0.137740463 0.190801442 0.114362076 0.012515142 0.066259094 0.991148055
1341846326.392109 -0.023025727 0.127714798 0.197072119 0.111974448 0.014026040 0.067654848 0.991306126
1341846326.423985 -0.028044533 0.134000883 0.195220068 0.116231970 0.015252455 0.072948374 0.990422130
1341846326.459869 -0.031221330 0.151973441 0.195653915 0.119019620 0.012710662 0.076523848 0.989857018
1341846326.526163 -0.024110207 0.182730407 0.199238360 0.119492404 0.014259502 0.075042501 0.989892364
1341846326.560211 -0.024858786 0.189495832 0.204622492 0.114065863 0.018268839 0.075966902 0.990396023
1341846326.591828 -0.030496100 0.194895416 0.212041497 0.111141451 0.020548008 0.076848231 0.990615785
1341846326.627027 -0.025703173 0.206190258 0.213187426 0.110761583 0.021566845 0.076649360 0.990652144
1341846326.658442 -0.023262614 0.228935048 0.209779754 0.109181784 0.025371956 0.075394727 0.990833580
1341846326.694856 -0.033001408 0.237680748 0.215470269 0.105450325 0.029498274 0.075066954 0.991148353
1341846326.726206 -0.034536988 0.253106415 0.217444450 0.099700265 0.030575091 0.073432639 0.991832972
1341846326.762753 -0.030638605 0.266746521 0.221898794 0.094549149 0.032565814 0.071225151 0.992434800
1341846326.826821 -0.032835461 0.301957101 0.226572335 0.080171466 0.038640119 0.066350006 0.993819475
1341846326.858887 -0.037772503 0.303715438 0.237940118 0.072069757 0.040695969 0.064602599 0.994472861
1341846326.895360 -0.041774631 0.297111571 0.232227787 0.069033332 0.040335391 0.066705897 0.994564116
1341846326.926897 -0.046828143 0.300290883 0.242830828 0.070853204 0.037069276 0.067936800 0.994479895
1341846326.958888 -0.040548149 0.316508561 0.243595317 0.073812030 0.034521505 0.071043290 0.994139254
1341846326.994594 -0.032131799 0.331397682 0.234678477 0.074703559 0.033896644 0.073677920 0.993902385
1341846327.026301 -0.036144067 0.345456243 0.237168252 0.072838709 0.035768598 0.072484873 0.994062901
1341846327.063945 -0.032238081 0.347469091 0.242571339 0.069396935 0.037680443 0.069929466 0.994421482
1341846327.094662 -0.035948098 0.355072647 0.247329041 0.069057778 0.040463600 0.066966645 0.994539678
1341846327.128901 -0.039234631 0.369253129 0.253951162 0.068622380 0.041125733 0.065567516 0.994635880
1341846327.161940 -0.038157489 0.383368909 0.255272627 0.068131752 0.039524607 0.064882718 0.994779408
1341846327.193867 -0.023707459 0.387210727 0.254094809 0.066212125 0.039568506 0.064119712 0.994956732
1341846327.229885 -0.025419483 0.400431067 0.247521043 0.067045845 0.043036260 0.062260926 0.994875014
1341846327.262014 -0.017726270 0.407116354 0.263283283 0.065547943 0.047392819 0.057211574 0.995079994
1341846327.294023 -0.031162005 0.413421184 0.250271559 0.068846516 0.061417576 0.052314200 0.994359732
1341846327.330015 -0.023914982 0.437051207 0.238973767 0.071607143 0.070079945 0.047353961 0.993840456
1341846327.361939 -0.017866358 0.454368532 0.271439910 0.070347764 0.074823543 0.043886609 0.993743718
1341846327.393887 -0.020426329 0.464314669 0.270502537 0.068990275 0.077057660 0.037616607 0.993925273
1341846327.429966 -0.028454250 0.495710909 0.260689288 0.068577006 0.077433579 0.036945365 0.993949831
1341846327.461965 -0.043558054 0.512015998 0.276865423 0.061687533 0.074943781 0.036858309 0.994595170
1341846327.497931 -0.030789707 0.503595352 0.280518353 0.054077756 0.071283989 0.035284955 0.995363832
1341846327.530068 -0.031997759 0.521335781 0.286618382 0.053705983 0.071789764 0.040143300 0.995163500
1341846327.561895 -0.034806069 0.531799555 0.289202154 0.052630775 0.070102215 0.043185037 0.995213926
1341846327.598010 -0.037914611 0.531197369 0.290365487 0.053071667 0.067210697 0.046437982 0.995243549
1341846327.629945 -0.042625390 0.547043085 0.289006323 0.054035868 0.062339049 0.045950506 0.995531321
1341846327.662003 -0.041595191 0.545334637 0.289942145 0.052885797 0.059091568 0.042312454 0.995952308
1341846327.697919 -0.043375179 0.574403584 0.292229414 0.056985591 0.058524776 0.044041116 0.995684624
1341846327.730075 -0.050047137 0.592597604 0.297071874 0.053469092 0.058663152 0.043708950 0.995886147
1341846327.766017 -0.044999585 0.594606936 0.297327876 0.047974274 0.057176981 0.044763859 0.996205568
1341846327.797917 -0.039184190 0.627436936 0.297081381 0.046145391 0.055462427 0.048439648 0.996216893
1341846327.830054 -0.039983995 0.630726397 0.303831518 0.038656384 0.055011436 0.049320064 0.996517420
1341846327.865944 -0.039777838 0.625240088 0.301826894 0.032731500 0.056364194 0.048830576 0.996678114
1341846327.898010 -0.043575041 0.640505433 0.309680223 0.031332329 0.057830270 0.050899096 0.996535599
1341846327.929991 -0.040201992 0.654393792 0.310200691 0.027174622 0.055739954 0.048260357 0.996908009
1341846327.966065 -0.039454430 0.665989518 0.306533277 0.023023633 0.055822399 0.046420228 0.997095227
1341846327.998073 -0.038410649 0.679408848 0.308677793 0.017295362 0.056432173 0.044244077 0.997275651
1341846328.034045 -0.040935386 0.678315341 0.308821529 0.010470761 0.057762161 0.041460231 0.997414172
1341846328.065993 -0.043198060 0.674516916 0.311146021 0.004080880 0.058971409 0.041633699 0.997382760
1341846328.098045 -0.043497846 0.658937156 0.316409081 0.001150314 0.059687268 0.041756034 0.997342765
1341846328.133967 -0.044031750 0.661671162 0.319261521 0.005167194 0.058305759 0.045875825 0.997230768
1341846328.166023 -0.048467182 0.659506679 0.313952684 0.004860125 0.055923820 0.047058113 0.997313619
1341846328.198018 -0.046898101 0.640133560 0.311443090 0.003023389 0.052954573 0.044050615 0.997620285
1341846328.234044 -0.048116237 0.628448188 0.305111587 0.005367530 0.051710222 0.042844817 0.997728229
1341846328.265899 -0.045816116 0.632540166 0.300360382 0.008989145 0.049367059 0.044231474 0.997760355
1341846328.302051 -0.043999262 0.613523424 0.287100196 0.010077035 0.048996016 0.044373173 0.997761965
1341846328.333917 -0.045532815 0.603257060 0.297847331 0.015335639 0.048836946 0.047769587 0.997545898
1341846328.366008 -0.049705606 0.575688601 0.295886785 0.018950662 0.049639285 0.042458203 0.997684360
1341846328.402010 -0.038212575 0.553773642 0.284689516 0.031782802 0.049830325 0.047886673 0.997102618
1341846328.433920 -0.037458617 0.541545391 0.277340680 0.034492891 0.047691241 0.048221018 0.997101068
1341846328.470003 -0.028532743 0.519565642 0.271778136 0.034428444 0.045866169 0.040014993 0.997551858
1341846328.502194 -0.030794224 0.481597722 0.265469700 0.033460140 0.049008369 0.030951984 0.997757733
1341846328.534033 -0.030283457 0.456621200 0.267098993 0.033156626 0.051898669 0.027914329 0.997711360
1341846328.570125 -0.039008830 0.435860187 0.274155945 0.035224706 0.053316686 0.029847682 0.997509718
1341846328.602804 -0.047918901 0.405307561 0.267879009 0.039527532 0.048895173 0.035767708 0.997380316
1341846328.672663 -0.031138953 0.365294635 0.261213005 0.048931323 0.034471173 0.031387750 0.997713566
1341846328.702975 -0.021688648 0.353194177 0.263170600 0.051826198 0.030248376 0.030417655 0.997734368
1341846328.770129 -0.011543700 0.319384724 0.249729484 0.060072929 0.026734311 0.025943737 0.997498631
1341846328.802331 -0.012565401 0.302683294 0.250621289 0.060657118 0.023814220 0.026717778 0.997516811
1341846328.838051 -0.006881241 0.286015928 0.242724791 0.064089037 0.021512108 0.023070222 0.997445524
1341846328.869939 -0.009659234 0.289377868 0.237873316 0.065099001 0.020916196 0.022301486 0.997410297
1341846328.904486 -0.008163728 0.269122243 0.239781082 0.060215678 0.017620446 0.022707837 0.997771502
1341846328.939814 -0.002024925 0.236907333 0.243138507 0.061678514 0.014448342 0.021738283 0.997754693
1341846328.970217 0.001755619 0.236129761 0.230803415 0.065892689 0.012339383 0.025631312 0.997421145
1341846329.006232 0.006664142 0.224375919 0.229128659 0.066749349 0.009470645 0.030696664 0.997252464
1341846329.038243 0.007479108 0.205401912 0.233841255 0.070440978 0.009023719 0.029755719 0.997031212
1341846329.106125 0.007302102 0.203819931 0.216263726 0.073823802 0.009044969 0.028967053 0.996809483
1341846329.138340 0.013088113 0.184175894 0.223454565 0.074617930 0.007427338 0.027482623 0.996805727
1341846329.169991 0.011731449 0.181355044 0.213710785 0.076872401 0.006643554 0.026339166 0.996670842
1341846329.208656 0.012619460 0.170582429 0.205024183 0.076787136 0.005769684 0.025445297 0.996706069
1341846329.238169 0.018340949 0.172089294 0.203718901 0.076648109 0.003975213 0.025971133 0.996711969
1341846329.273827 0.017125353 0.155844972 0.199187487 0.074433677 0.003331859 0.026344333 0.996872365
1341846329.306052 0.015654506 0.154870316 0.193235189 0.075164564 0.001142186 0.025653930 0.996840417
1341846329.338104 0.020166541 0.156529307 0.188820451 0.072233252 -0.000717571 0.023931459 0.997100353
1341846329.373907 0.021670159 0.129532754 0.190369844 0.067506425 -0.001839328 0.022415617 0.997465312
1341846329.405985 0.023209697 0.118929751 0.184783801 0.068612330 -0.003251140 0.019610638 0.997445345
1341846329.442057 0.021796154 0.118926480 0.183874786 0.068510391 -0.003445736 0.015622094 0.997522116
1341846329.473950 0.020110581 0.103196688 0.180431128 0.067053415 -0.004449238 0.009565545 0.997693598
1341846329.506147 0.019792318 0.099328563 0.175485000 0.067467518 -0.006406471 0.007230263 0.997674704
1341846329.542121 0.017269334 0.085850604 0.170924067 0.065246746 -0.009236624 0.006859899 0.997802854
1341846329.574086 0.024621528 0.067886598 0.173108980 0.067061804 -0.012079454 0.006203496 0.997656405
1341846329.606387 0.023072820 0.067646608 0.165218353 0.069865584 -0.012226709 0.004144641 0.997472882
1341846329.641955 0.019781159 0.062869243 0.161728904 0.069827586 -0.013304383 0.004717235 0.997459173
1341846329.681570 0.019185144 0.050473098 0.165465489 0.068735525 -0.016315974 0.004996208 0.997488976
1341846329.748113 0.026461570 0.046728715 0.163698420 0.071202032 -0.016723786 0.002123738 0.997319400
1341846329.810175 0.023612980 0.019952608 0.159743413 0.068508834 -0.013254704 0.007302178 0.997535706
1341846329.842255 0.023387212 0.010793556 0.159339964 0.070053861 -0.013326752 0.010603023 0.997397840
1341846329.874044 0.023078840 0.003950275 0.157339066 0.071776241 -0.013357673 0.013968552 0.997233510
1341846329.910073 0.021134896 0.008311497 0.154370472 0.072234415 -0.013589399 0.015773132 0.997170329
1341846329.942009 0.019241627 0.006672096 0.158754468 0.067908317 -0.014055582 0.021072051 0.997369945
1341846329.978087 0.019294783 -0.018452115 0.155386597 0.064996377 -0.014254662 0.022190595 0.997536898
1341846330.016305 0.025711551 -0.010417378 0.149170965 0.067439564 -0.013826038 0.019942669 0.997428179
1341846330.048192 0.016187157 -0.002943926 0.149933562 0.064152546 -0.011617910 0.021372873 0.997643530
1341846330.080418 0.019138804 -0.027455870 0.150222480 0.058685463 -0.012040226 0.023631914 0.997924149
1341846330.115886 0.022326482 -0.040698245 0.146747291 0.061161492 -0.010761169 0.024778765 0.997762263
1341846330.147839 0.014297452 -0.026909202 0.143512443 0.064394638 -0.010000596 0.025991434 0.997535825
1341846330.181257 0.012200689 -0.013839175 0.143691912 0.060349956 -0.010453348 0.028373569 0.997719169
1341846330.215852 0.015514116 -0.030291639 0.145516545 0.053169448 -0.009844735 0.029134970 0.998111844
1341846330.247833 0.011951783 -0.036273144 0.142220363 0.051057901 -0.009181127 0.028141944 0.998256922
1341846330.283913 0.006315856 -0.019369511 0.136336401 0.048806746 -0.009132804 0.027377741 0.998391211
1341846330.316011 0.007344244 -0.038636383 0.141189784 0.041167043 -0.010371639 0.027951796 0.998707354
1341846330.347868 0.007476465 -0.047804430 0.141089171 0.038623556 -0.012267747 0.027140243 0.998809814
1341846330.383835 0.010132874 -0.048869234 0.141959414 0.036989905 -0.012723438 0.027372666 0.998859704
1341846330.415934 0.006044655 -0.064935789 0.145834550 0.036250092 -0.011833321 0.025419811 0.998949349
1341846330.452561 0.007527595 -0.066845044 0.138748541 0.038652092 -0.012517390 0.025058137 0.998860061
1341846330.483903 0.001144082 -0.059432924 0.132274777 0.039266460 -0.013803088 0.027278911 0.998760998
1341846330.515970 -0.000699867 -0.069265731 0.138480544 0.037614398 -0.016240358 0.030307997 0.998700619
1341846330.552099 -0.000139396 -0.072534360 0.136581659 0.038999844 -0.017374529 0.032770105 0.998550653
1341846330.583876 0.001433463 -0.062497221 0.128536776 0.038697299 -0.017691351 0.033312958 0.998538852
1341846330.619992 -0.012213949 -0.054113522 0.126722068 0.035216913 -0.017979328 0.031666555 0.998716056
1341846330.652136 -0.007314306 -0.062742002 0.127896711 0.028038034 -0.020087801 0.030069001 0.998952627
1341846330.683796 -0.011360870 -0.066586256 0.124245271 0.023374474 -0.019585300 0.029203912 0.999108255
1341846330.719991 -0.015872942 -0.082953982 0.117980234 0.020030538 -0.021734688 0.030913914 0.999084949
1341846330.752103 -0.016482346 -0.084745556 0.118638270 0.022060672 -0.026092565 0.035109207 0.998799264
1341846330.787952 -0.019952616 -0.082348481 0.110216096 0.022946978 -0.030657237 0.039263431 0.998494864
1341846330.819823 -0.018060833 -0.079110272 0.110588133 0.023093099 -0.035195000 0.039429445 0.998335302
1341846330.852208 -0.019518763 -0.071759470 0.103450656 0.022851123 -0.036553159 0.040524691 0.998248219
1341846330.914111 -0.025324963 -0.059517838 0.097988643 0.014339210 -0.039643522 0.039717436 0.998321295
1341846330.949903 -0.028203331 -0.072357386 0.100915082 0.010617718 -0.040626615 0.039702814 0.998328865
1341846330.981986 -0.034805689 -0.072387040 0.094856299 0.011516874 -0.044964179 0.040664572 0.998094201
1341846331.014111 -0.033718470 -0.065321751 0.093923755 0.011412409 -0.049017448 0.040929493 0.997893751
1341846331.082139 -0.034694411 -0.069928251 0.084592052 0.012970015 -0.051856481 0.037662063 0.997859836
1341846331.114334 -0.036919933 -0.065884180 0.084261760 0.013009480 -0.053924251 0.037324436 0.997762442
1341846331.149989 -0.034620948 -0.074446112 0.083022214 0.012833640 -0.054737605 0.035968363 0.997770190
1341846331.181954 -0.037420500 -0.073631473 0.080202229 0.016141707 -0.055122662 0.035205558 0.997728229
1341846331.218151 -0.048449997 -0.055608749 0.080230884 0.017259795 -0.057509154 0.035575140 0.997561634
1341846331.249914 -0.032635868 -0.070719369 0.085114196 0.013903845 -0.060493767 0.035276316 0.997448146
1341846331.318141 -0.028529439 -0.065957449 0.082441390 0.024806280 -0.050686099 0.030791612 0.997931600
1341846331.349926 -0.022146007 -0.067441083 0.074778594 0.023335695 -0.048635442 0.029754439 0.998100579
1341846331.382003 0.024227479 -0.088332534 0.093818404 0.024389960 -0.045859627 0.029716838 0.998207867
1341846331.418008 0.003363386 -0.073827915 0.095553599 0.032898169 -0.033646777 0.027989997 0.998499930
1341846331.450327 -0.015946237 -0.065850332 0.102950841 0.035175040 -0.027278572 0.028571893 0.998600185
1341846331.486219 -0.026773384 -0.060524244 0.107301593 0.035309196 -0.024309509 0.028932350 0.998661757
1341846331.518344 -0.012985772 -0.061110120 0.110044271 0.034130696 -0.024769276 0.028081898 0.998715699
1341846331.550202 -0.006079420 -0.069007605 0.116504639 0.036058918 -0.020320132 0.026984889 0.998778641
1341846331.586139 -0.018781897 -0.056616049 0.118199445 0.038785990 -0.018074960 0.027097508 0.998716533
1341846331.617931 -0.013285441 -0.052404635 0.126717895 0.038091306 -0.018472588 0.027383072 0.998728216
1341846331.654027 -0.003206257 -0.059092425 0.135658056 0.038295269 -0.016465526 0.028166769 0.998733699
1341846331.686123 -0.011776627 -0.049837746 0.139600277 0.040958658 -0.013049419 0.029961383 0.998626292
1341846331.717954 -0.018212661 -0.037616782 0.147239730 0.038816463 -0.013690600 0.029521845 0.998716354
1341846331.754076 -0.005199298 -0.053571507 0.160843655 0.035334095 -0.013885194 0.028412757 0.998875082
1341846331.785920 -0.004886811 -0.053460527 0.174815193 0.038198084 -0.011037489 0.027620373 0.998827457
1341846331.818053 -0.007683000 -0.041333705 0.182755649 0.039388221 -0.009273937 0.027532306 0.998801589
1341846331.853849 -0.005259782 -0.049132962 0.194389090 0.037646484 -0.009120915 0.027124444 0.998881280
1341846331.885987 0.002052366 -0.049173832 0.205062822 0.040685907 -0.006953090 0.024757070 0.998841047
1341846331.922014 -0.002191121 -0.043125112 0.215804726 0.042717893 -0.003364702 0.023860471 0.998796582
1341846331.954037 0.005858014 -0.042854883 0.222871363 0.042389166 -0.001350644 0.024633108 0.998796582
1341846331.986135 0.013398843 -0.053356059 0.237744629 0.044426512 0.004039574 0.026429549 0.998654842
1341846332.022364 -0.002675002 -0.051356629 0.255161673 0.051774126 0.010072420 0.026063323 0.998267889
1341846332.054175 -0.003565805 -0.048679523 0.270860851 0.057873171 0.009991350 0.028276926 0.997873425
1341846332.086502 0.000101584 -0.043030567 0.283382416 0.061063055 0.009516242 0.029830234 0.997642696
1341846332.122051 0.003195115 -0.041359298 0.287516087 0.062191781 0.010711924 0.028739693 0.997592866
1341846332.153983 -0.004544786 -0.025140325 0.300797433 0.061256740 0.010778990 0.026258860 0.997718334
1341846332.190165 -0.007774092 -0.023361057 0.320838004 0.055193707 0.009442342 0.023976766 0.998143077
1341846332.254145 -0.005840244 -0.045139950 0.342631727 0.053875234 0.009527530 0.022120439 0.998257160
1341846332.289948 -0.008012210 -0.041102033 0.352410197 0.055929232 0.009298713 0.024152543 0.998099267
1341846332.322172 -0.004343561 -0.041809306 0.365785569 0.056650668 0.008453498 0.026993655 0.997993290
1341846332.354003 0.005231224 -0.045796338 0.371286154 0.058974873 0.009617742 0.024100840 0.997922182
1341846332.390180 -0.000514716 -0.034971870 0.385708869 0.061176293 0.014857069 0.020485314 0.997806132
1341846332.422055 -0.004392257 -0.034511119 0.395854801 0.059168834 0.017403137 0.016893882 0.997953296
1341846332.458114 -0.000911446 -0.037951082 0.403261453 0.058358561 0.019648507 0.012949863 0.998018265
1341846332.489993 -0.008571029 -0.029351404 0.419578582 0.059904404 0.021849090 0.014946300 0.997853041
1341846332.522130 -0.017521722 -0.027744701 0.428302854 0.059168633 0.018927569 0.019976342 0.997868598
1341846332.558114 -0.012849795 -0.029466627 0.438901007 0.059290413 0.012753198 0.027977247 0.997767150
1341846332.589874 -0.004423864 -0.022320326 0.441312522 0.059060954 0.009610597 0.031643253 0.997706413
1341846332.621889 0.000940697 -0.012862720 0.448981375 0.055743244 0.008971112 0.033756405 0.997834027
1341846332.658202 0.004598279 -0.018709606 0.460210830 0.051449426 0.009384647 0.032432739 0.998104692
1341846332.690001 0.007757325 -0.017472284 0.472292840 0.049525347 0.010052758 0.033953790 0.998144925
1341846332.726000 0.006025763 -0.022329910 0.478993654 0.048109490 0.009088577 0.038204703 0.998069763
1341846332.758386 0.008768938 -0.018675348 0.490661919 0.049069270 0.006735961 0.038973004 0.998012006
1341846332.789937 0.019373758 -0.010633636 0.496539682 0.048832674 0.006647267 0.038095322 0.998058081
1341846332.825925 0.020397052 -0.012468804 0.510803521 0.046263378 0.009378726 0.036561474 0.998215914
1341846332.857898 0.021112371 -0.015243102 0.517309010 0.046756353 0.010623558 0.035785452 0.998208582
1341846332.894069 0.020677127 -0.000766639 0.529947519 0.047744986 0.010696865 0.036049183 0.998151541
1341846332.926029 0.026517019 0.004684240 0.537215948 0.044601861 0.010971543 0.033582043 0.998379946
1341846332.958015 0.032503717 0.005686063 0.542653620 0.041713074 0.012434140 0.032337941 0.998528779
1341846332.994073 0.033153258 0.006416027 0.553933859 0.038485631 0.013719840 0.030093865 0.998711646
1341846333.026545 0.034877922 0.007983658 0.560354471 0.035993468 0.015253067 0.027122930 0.998867452
1341846333.057998 0.047573701 0.008963153 0.565624714 0.035222821 0.015850695 0.028395465 0.998850226
1341846333.094024 0.055772182 0.008479513 0.577577889 0.035235427 0.016438568 0.031829789 0.998736739
1341846333.126095 0.060787749 0.012016751 0.585061193 0.035817947 0.017888255 0.033633694 0.998632014
1341846333.161973 0.065551385 0.019403804 0.588028193 0.035050925 0.020210916 0.035166044 0.998562157
1341846333.195660 0.062329546 0.018414319 0.597626150 0.032256898 0.023024442 0.036676385 0.998541057
1341846333.226331 0.064903505 0.019700982 0.599680245 0.031044902 0.023315838 0.036372542 0.998583853
1341846333.262056 0.065790042 0.027258147 0.603931427 0.028489260 0.023857625 0.035132337 0.998691618
1341846333.294147 0.069628328 0.023235573 0.610352516 0.024694031 0.023212502 0.034264620 0.998838007
1341846333.326100 0.070393391 0.025425257 0.616284609 0.023202753 0.022099139 0.032956772 0.998943031
1341846333.362100 0.076006450 0.033434443 0.615042329 0.020621819 0.020673763 0.031417806 0.999079704
1341846333.394119 0.073269263 0.025390420 0.621290326 0.016446648 0.020168392 0.030846266 0.999185264
1341846333.429974 0.077581070 0.029317373 0.625583112 0.016260581 0.017922271 0.030997088 0.999226511
1341846333.462115 0.075123228 0.035642505 0.626563191 0.016926255 0.019211231 0.029442020 0.999238551
1341846333.494040 0.076492622 0.035922457 0.627668142 0.017912455 0.019955207 0.028109536 0.999245107
1341846333.529953 0.082784668 0.038018864 0.628263652 0.019101018 0.020449977 0.027944542 0.999217749
1341846333.562063 0.080572948 0.040950097 0.630203187 0.020298684 0.022997066 0.029443044 0.999095738
1341846333.594090 0.070286296 0.047009252 0.633963168 0.019477159 0.023487225 0.030707579 0.999062598
1341846333.629994 0.070003986 0.049343221 0.630408108 0.016134899 0.020913390 0.029548382 0.999214292
1341846333.662127 0.070776373 0.045204647 0.627808630 0.012385585 0.019855721 0.028780505 0.999311805
1341846333.697964 0.074403122 0.039325591 0.628999591 0.010107923 0.019429624 0.029350463 0.999329209
1341846333.730092 0.071644470 0.037220616 0.624441266 0.012507716 0.020184077 0.030265810 0.999259830
1341846333.762089 0.072399288 0.040122852 0.622346282 0.014508735 0.020761333 0.031349435 0.999187529
1341846333.798006 0.070219025 0.036304556 0.619185507 0.015511521 0.021517029 0.031347640 0.999156535
1341846333.830055 0.071073689 0.035723370 0.612055719 0.018100264 0.022491202 0.029551268 0.999146283
1341846333.866045 0.067408063 0.037645862 0.609566987 0.019485118 0.024176218 0.028126748 0.999122024
1341846333.897987 0.064156406 0.032063767 0.605491817 0.020597411 0.024548288 0.026714848 0.999129355
1341846333.930099 0.062100399 0.029912867 0.599036694 0.023391748 0.025569277 0.025579989 0.999071956
1341846333.965889 0.061740227 0.028910974 0.591988087 0.025431590 0.026384348 0.025397725 0.999005556
1341846333.997985 0.059094898 0.024744399 0.586821079 0.027809806 0.027599415 0.024255773 0.998937726
1341846334.030076 0.054530658 0.026280165 0.580178142 0.030854948 0.029090807 0.025640653 0.998771369
1341846334.066000 0.050144486 0.024709038 0.572335005 0.032503471 0.029140830 0.026757682 0.998688340
1341846334.097932 0.050109453 0.024353594 0.565772474 0.034477979 0.029133422 0.026279274 0.998634994
1341846334.133884 0.046283454 0.024595171 0.559340537 0.036044106 0.030270938 0.026864678 0.998530269
1341846334.166115 0.039574374 0.023704398 0.553496838 0.036256254 0.029384410 0.027399387 0.998534560
1341846334.198072 0.037642390 0.021751568 0.545195580 0.036629446 0.027935324 0.026303422 0.998592019
1341846334.234097 0.039284289 0.023713879 0.537374973 0.037147403 0.028170651 0.025394414 0.998589814
1341846334.266045 0.032885939 0.021462638 0.533097744 0.037055254 0.030222494 0.025948299 0.998519003
1341846334.297946 0.024611233 0.021684807 0.526720107 0.038369372 0.029387558 0.027233385 0.998460054
1341846334.334036 0.027676437 0.022840206 0.519700587 0.038892679 0.026900819 0.027996659 0.998488784
1341846334.365871 0.027088000 0.023947302 0.509167790 0.038366865 0.026960004 0.026271781 0.998554409
1341846334.401845 0.021513328 0.022185110 0.504156947 0.036925454 0.028300408 0.025015051 0.998603940
1341846334.433864 0.014844694 0.018625248 0.496082067 0.036860917 0.027706621 0.025361603 0.998614252
1341846334.466105 0.017336801 0.021953024 0.488541394 0.037664227 0.025349880 0.026569109 0.998615444
1341846334.502142 0.011605972 0.024705157 0.480133921 0.036821343 0.024582420 0.027096255 0.998651922
1341846334.540153 0.008654781 0.021732062 0.473053545 0.036048245 0.023515513 0.026042361 0.998733878
1341846334.602351 -0.002240423 0.026498733 0.452812225 0.031632643 0.020074259 0.019695988 0.999103844
1341846334.670161 -0.003407537 0.021913912 0.435697526 0.026189094 0.016956631 0.013263023 0.999425173
1341846334.702085 -0.011207121 0.017349774 0.428029209 0.024640592 0.015188749 0.013575554 0.999488831
1341846334.734751 -0.011609338 0.015759185 0.421725512 0.024842612 0.012372172 0.015047614 0.999501586
1341846334.770889 -0.013897716 0.017426822 0.411702991 0.024993032 0.010822043 0.017825991 0.999470115
1341846334.802194 -0.020278588 0.017462645 0.399200529 0.024428176 0.008701340 0.018438876 0.999493659
1341846334.833908 -0.019249802 0.018818757 0.388957560 0.024103530 0.006859787 0.016831854 0.999544203
1341846334.869874 -0.021847729 0.019830242 0.380587161 0.022698544 0.006518241 0.016582621 0.999583602
1341846334.902006 -0.029705256 0.016645821 0.370494455 0.020819262 0.005395051 0.017116109 0.999622166
1341846334.938010 -0.030083679 0.014592521 0.358046949 0.020161778 0.002048236 0.016690359 0.999655306
1341846334.970032 -0.025945185 0.014876385 0.348333031 0.020179845 0.000748251 0.015778353 0.999671578
1341846335.002203 -0.033116221 0.012363272 0.342857480 0.021703133 0.001666042 0.017128399 0.999616325
1341846335.037880 -0.040883802 0.011996198 0.324549198 0.024139831 -0.000859329 0.019202186 0.999523818
1341846335.069990 -0.038398780 0.016203947 0.321810424 0.024636820 -0.004281708 0.019319478 0.999500632
1341846335.106038 -0.033737339 0.013016203 0.309695631 0.024659349 -0.003623169 0.017707264 0.999532521
1341846335.138045 -0.043790396 0.012423627 0.302824259 0.026559452 -0.001583885 0.016942238 0.999502420
1341846335.169900 -0.045284674 0.013509389 0.283439606 0.026461402 -0.004560058 0.017284520 0.999490023
1341846335.206091 -0.044263363 0.013264066 0.280598134 0.025665136 -0.006688717 0.015068837 0.999534667
1341846335.239365 -0.041344441 0.008129688 0.269334942 0.025282562 -0.005883735 0.012426511 0.999585807
1341846335.269948 -0.045181911 0.007642966 0.257694066 0.026940001 -0.004422506 0.011212551 0.999564409
1341846335.305972 -0.049494959 0.007833052 0.244761273 0.028915726 -0.005757176 0.012325364 0.999489307
1341846335.338012 -0.046872396 0.006066747 0.238434955 0.030206731 -0.007599795 0.013801192 0.999419510
1341846335.374005 -0.046562158 -0.005418403 0.222433209 0.033418868 -0.005199665 0.014243743 0.999326408
1341846335.406025 -0.052012295 -0.003524647 0.213909015 0.040312428 -0.002193324 0.016614661 0.999046564
1341846335.438079 -0.051837385 0.004307093 0.201088816 0.045933828 -0.001679446 0.019829532 0.998746216
1341846335.473998 -0.052673936 0.007701466 0.191617697 0.048136584 -0.000040326 0.020946730 0.998621047
1341846335.507038 -0.053196363 0.011451079 0.181382865 0.049253330 0.002497912 0.018984802 0.998602748
1341846335.538040 -0.059391551 0.016245566 0.173678547 0.048903845 0.005278373 0.016613277 0.998651385
1341846335.574119 -0.065380767 0.019774737 0.163622141 0.046602037 0.005356179 0.017149121 0.998751938
1341846335.605970 -0.063329443 0.012891475 0.156528190 0.044638384 0.004335080 0.016426647 0.998858750
1341846335.641978 -0.059671033 0.016702961 0.144457117 0.046104088 0.005174152 0.013965935 0.998825610
1341846335.673993 -0.066495307 0.018608350 0.131249800 0.045844790 0.006285264 0.014087718 0.998829484
1341846335.706178 -0.069159620 0.017358128 0.122681409 0.045301177 0.004914461 0.014617062 0.998854339
1341846335.741982 -0.064646773 0.014182322 0.113220938 0.045394547 0.004357913 0.013904686 0.998862863
1341846335.773960 -0.071894780 0.023069449 0.107187636 0.046379134 0.005390754 0.012917955 0.998825788
1341846335.806271 -0.071221612 0.026676323 0.096869931 0.044502370 0.004313328 0.013120180 0.998913765
1341846335.842031 -0.069054104 0.019878287 0.086166941 0.042028192 0.005106478 0.013429455 0.999013066
1341846335.873966 -0.069664270 0.019030606 0.076505490 0.042930167 0.006600658 0.012688010 0.998975694
1341846335.910005 -0.078146107 0.022977678 0.064165667 0.042690765 0.007074265 0.014426516 0.998959124
1341846335.941936 -0.080954038 0.023907447 0.052753124 0.041637044 0.005171172 0.015122878 0.999004960
1341846335.974198 -0.080986135 0.022384331 0.038710508 0.041318808 0.004412529 0.012584844 0.999056995
1341846336.010032 -0.084446706 0.026641598 0.033923827 0.041457325 0.004370797 0.011460394 0.999064982
1341846336.042129 -0.090771675 0.024334799 0.019352280 0.040273424 0.003555045 0.011642898 0.999114513
1341846336.078076 -0.090614960 0.021973651 0.009910803 0.040093325 0.001549258 0.010684641 0.999137640
1341846336.110739 -0.094578713 0.023896184 0.004043338 0.040808361 0.001526356 0.009589934 0.999119818
1341846336.142002 -0.099007539 0.023318220 -0.012900010 0.040522486 0.001626950 0.010899627 0.999117851
1341846336.183953 -0.101474397 0.027504969 -0.027619977 0.040294521 -0.001051010 0.012354555 0.999110937
1341846336.241891 -0.101675428 0.028447837 -0.033849496 0.038531136 -0.001783780 0.011362918 0.999191165
1341846336.277946 -0.110242590 0.021625144 -0.038165286 0.038536385 -0.001145966 0.013343495 0.999167442
1341846336.309977 -0.113656402 0.020395368 -0.046917550 0.041164048 -0.003653639 0.016074656 0.999016404
1341846336.346143 -0.114262290 0.027180981 -0.053403746 0.043389037 -0.005010518 0.017200172 0.998897612
1341846336.377975 -0.113206521 0.026153740 -0.061947200 0.044099204 -0.004979777 0.016405370 0.998880088
1341846336.410032 -0.121150561 0.032602806 -0.068408705 0.045753062 -0.003675454 0.016651371 0.998807192
1341846336.446041 -0.124472864 0.038307216 -0.073517554 0.045679823 -0.004087619 0.016119396 0.998817682
1341846336.477990 -0.123269409 0.036783587 -0.076374330 0.044508766 -0.004355019 0.016021254 0.998871028
1341846336.510056 -0.123590671 0.030870853 -0.088918731 0.044405125 -0.003796309 0.016908515 0.998863280
1341846336.546024 -0.123747215 0.032073218 -0.095693268 0.045470174 -0.003895583 0.018832695 0.998780549
1341846336.578003 -0.125839934 0.040495310 -0.102627911 0.045782942 -0.004341966 0.020198531 0.998737752
1341846336.614020 -0.123800784 0.041045740 -0.104307845 0.044935454 -0.003841167 0.019319428 0.998795688
1341846336.645982 -0.132477343 0.046736661 -0.112190142 0.044309683 -0.001926184 0.018732745 0.998840332
1341846336.678036 -0.137372002 0.039783500 -0.117552400 0.041892447 -0.003621018 0.019016340 0.998934567
1341846336.714024 -0.138493195 0.032850549 -0.120762162 0.043059219 -0.005811473 0.019002859 0.998874903
1341846336.746016 -0.140655771 0.025701743 -0.140329853 0.046289157 -0.007731352 0.020750390 0.998682618
1341846336.778014 -0.147838250 0.035241809 -0.155672520 0.049479593 -0.011212277 0.024123423 0.998420835
1341846336.820006 -0.147564873 0.039270237 -0.153552547 0.050255984 -0.015188557 0.025994459 0.998282492
1341846336.882056 -0.154853195 0.037065148 -0.158720151 0.052839737 -0.017127324 0.025402950 0.998132885
1341846336.914273 -0.158252791 0.038186196 -0.172614738 0.055283636 -0.021210575 0.026658695 0.997889340
1341846336.945998 -0.153266937 0.030269111 -0.167059869 0.061461437 -0.028623970 0.029229019 0.997270703
1341846336.981980 -0.158920079 0.053024102 -0.181555063 0.065421931 -0.031962778 0.028158661 0.996948063
1341846337.014238 -0.158069372 0.059530910 -0.192158669 0.062684603 -0.034541480 0.026006754 0.997096360
1341846337.046017 -0.154206455 0.052151408 -0.173767000 0.060059801 -0.036447790 0.021302419 0.997301638
1341846337.082104 -0.160401657 0.055173814 -0.182681158 0.059640914 -0.036306534 0.017617567 0.997403860
1341846337.114317 -0.162554875 0.051215857 -0.189576969 0.057651669 -0.038667429 0.017472630 0.997434616
1341846337.150037 -0.156116232 0.052796572 -0.186835632 0.056074712 -0.040778935 0.016144896 0.997462809
1341846337.181873 -0.154391780 0.050735496 -0.181628466 0.055628072 -0.040710144 0.013005080 0.997536480
1341846337.214073 -0.160927087 0.058824204 -0.193748713 0.053643242 -0.038832616 0.010866458 0.997745633
1341846337.250087 -0.169205576 0.046157930 -0.205763906 0.050219070 -0.039926004 0.012064698 0.997866929
1341846337.282028 -0.168243453 0.047106899 -0.202704221 0.051639147 -0.044320524 0.015634978 0.997559309
1341846337.317920 -0.159414411 0.050421741 -0.201700851 0.051406454 -0.046284880 0.016043389 0.997475684
1341846337.350018 -0.162277311 0.057292596 -0.209985390 0.050144967 -0.045294415 0.015803540 0.997589171
1341846337.382159 -0.157392666 0.050280400 -0.206528828 0.047041569 -0.045399867 0.013946116 0.997763216
1341846337.417941 -0.163599461 0.041916057 -0.211595014 0.047460500 -0.044390813 0.014525829 0.997780502
1341846337.450137 -0.165699378 0.052304212 -0.219690070 0.048481405 -0.046137955 0.015337337 0.997640014
1341846337.482096 -0.165016636 0.050625183 -0.213409141 0.047005739 -0.046359979 0.015965210 0.997690499
1341846337.518008 -0.163220450 0.043047875 -0.218155369 0.047497924 -0.046977613 0.016363939 0.997631848
1341846337.549978 -0.164756998 0.052664910 -0.224113002 0.048270546 -0.047600862 0.014336921 0.997596383
1341846337.585971 -0.164540827 0.047891352 -0.219798803 0.045285333 -0.048029464 0.013609774 0.997726023
1341846337.617903 -0.160602033 0.035322055 -0.214671865 0.045886096 -0.048806179 0.014179194 0.997652948
1341846337.650141 -0.159100428 0.048756048 -0.220859215 0.049057741 -0.049169831 0.013676381 0.997491181
1341846337.686352 -0.160272717 0.053680018 -0.218728140 0.047533285 -0.048870433 0.013868359 0.997577071
1341846337.718002 -0.155862108 0.050204098 -0.214693740 0.045471057 -0.048745912 0.014110971 0.997675836
1341846337.749920 -0.153844461 0.055150419 -0.207694694 0.045503426 -0.046962749 0.013255099 0.997771621
1341846337.786157 -0.153764725 0.060556717 -0.205914244 0.042615972 -0.044074245 0.013408015 0.998028815
1341846337.817945 -0.151316792 0.053727210 -0.197162226 0.039939340 -0.042188454 0.014799387 0.998201370
1341846337.854071 -0.148630142 0.060416043 -0.198640227 0.039028954 -0.038938414 0.014025211 0.998380601
1341846337.885951 -0.153354123 0.063566945 -0.196066320 0.036004320 -0.036234092 0.012391989 0.998617649
1341846337.918223 -0.150187999 0.064195849 -0.187186331 0.031778306 -0.035173692 0.009844323 0.998827338
1341846337.954120 -0.149339288 0.061393157 -0.180571049 0.029355943 -0.033830892 0.009558112 0.998950601
1341846337.985994 -0.146162212 0.070681483 -0.175962716 0.027205039 -0.033191305 0.009879259 0.999029815
1341846338.018107 -0.144908339 0.065909833 -0.167673379 0.023548059 -0.031498842 0.010680692 0.999169290
1341846338.054055 -0.141323477 0.071428336 -0.162309155 0.021533553 -0.030202879 0.009635288 0.999265373
1341846338.085986 -0.136980429 0.068636142 -0.150460854 0.017855579 -0.027375106 0.009854265 0.999417186
1341846338.121875 -0.139339894 0.063461006 -0.142225400 0.015583795 -0.024800079 0.011422074 0.999505699
1341846338.154089 -0.142320722 0.063712291 -0.138747320 0.014758205 -0.023977898 0.014754412 0.999494612
1341846338.186029 -0.140513033 0.065549068 -0.126920015 0.013727452 -0.024444424 0.016941959 0.999463320
1341846338.222071 -0.131469697 0.070694193 -0.120320812 0.012756631 -0.023858789 0.016563388 0.999496698
1341846338.254107 -0.132193267 0.066613510 -0.108043991 0.010809765 -0.021886427 0.017014399 0.999557197
1341846338.290130 -0.131314486 0.062839009 -0.099968150 0.011016604 -0.021794710 0.018661212 0.999527574
1341846338.321952 -0.130159244 0.069409162 -0.092780329 0.011408915 -0.021052431 0.020714471 0.999498665
1341846338.354022 -0.128919333 0.066036940 -0.082206853 0.010551814 -0.020504052 0.020918945 0.999515176
1341846338.389969 -0.127660796 0.073286586 -0.074480399 0.010535604 -0.019629834 0.021435235 0.999521971
1341846338.422377 -0.129584268 0.071893722 -0.063260958 0.008683462 -0.018964844 0.021422451 0.999552906
1341846338.454010 -0.126571551 0.073925480 -0.057947636 0.007731952 -0.019665949 0.020486245 0.999566793
1341846338.489894 -0.121423289 0.073487572 -0.042864930 0.005975703 -0.020390287 0.021022180 0.999553204
1341846338.522066 -0.119346641 0.072750136 -0.033252720 0.006877193 -0.020181537 0.020530097 0.999561846
1341846338.558058 -0.120675929 0.077166684 -0.030222671 0.006076651 -0.020091882 0.019875985 0.999582052
1341846338.589842 -0.117087170 0.077431336 -0.014201961 0.004209138 -0.020342663 0.019173868 0.999600351
1341846338.622019 -0.109981261 0.076191202 0.002708954 0.005187255 -0.019890476 0.020776497 0.999572814
1341846338.657984 -0.117925853 0.080074951 0.001385546 0.005466099 -0.019336555 0.022156877 0.999552548
1341846338.690198 -0.113053933 0.082049988 0.011530164 0.003519482 -0.020270102 0.021533499 0.999556422
1341846338.722454 -0.101564430 0.076624885 0.028132644 0.002472220 -0.020231795 0.022524178 0.999538481
1341846338.757945 -0.112957448 0.083738744 0.028760770 0.003231115 -0.019067381 0.023617057 0.999534011
1341846338.790039 -0.111433737 0.083962508 0.042333037 0.001092145 -0.021092834 0.023987325 0.999489129
1341846338.826048 -0.098530732 0.082084984 0.057401374 0.001324691 -0.021327436 0.023042154 0.999506056
1341846338.858027 -0.101607963 0.088021494 0.060466297 0.001474466 -0.019340845 0.021738444 0.999575496
1341846338.889902 -0.100866653 0.086705737 0.073089048 -0.001157883 -0.020283526 0.021662027 0.999558866
1341846338.925948 -0.091683105 0.083450586 0.087206036 -0.001987900 -0.020423463 0.019816006 0.999593019
1341846338.958108 -0.092497900 0.084554791 0.094883151 -0.001741758 -0.018110437 0.018709516 0.999659419
1341846338.990057 -0.090007402 0.080659553 0.106703609 -0.001732200 -0.018218637 0.020106399 0.999630332
1341846339.025928 -0.084196754 0.078565560 0.119569585 0.000117289 -0.017690510 0.020510882 0.999633133
1341846339.057939 -0.082942858 0.085052140 0.126672968 0.003324810 -0.015214394 0.020307608 0.999672472
1341846339.093927 -0.090800464 0.095804080 0.137711555 0.002925228 -0.014933971 0.021116177 0.999661207
1341846339.126562 -0.082150698 0.098181725 0.150179252 0.000022105 -0.016583331 0.020214533 0.999658108
1341846339.157969 -0.073917657 0.098455437 0.161966294 -0.002308377 -0.014548400 0.018375643 0.999722600
1341846339.194113 -0.077667736 0.098876961 0.166847467 -0.004548674 -0.013058593 0.019769337 0.999708951
1341846339.228165 -0.080091566 0.106389351 0.175190330 -0.007247897 -0.014615232 0.021501951 0.999635696
1341846339.257998 -0.069795504 0.102880739 0.192694739 -0.010310068 -0.014805338 0.022392681 0.999586403
1341846339.294132 -0.069593236 0.105202056 0.200888187 -0.010219928 -0.012102310 0.023061749 0.999608576
1341846339.326577 -0.076007567 0.118863389 0.204084456 -0.012864855 -0.013312485 0.026075337 0.999488533
1341846339.362269 -0.064145066 0.109104618 0.213749155 -0.018526904 -0.016628632 0.024101205 0.999399483
1341846339.394725 -0.059149660 0.112174466 0.226445928 -0.018800408 -0.014751192 0.023203628 0.999445081
1341846339.462186 -0.054308895 0.111967832 0.248066872 -0.022364078 -0.015763821 0.022899028 0.999363303
1341846339.496743 -0.047163501 0.113278605 0.255463034 -0.019258015 -0.012388974 0.020691976 0.999523640
1341846339.562052 -0.045570776 0.107685514 0.272770286 -0.018897643 -0.009316685 0.023369098 0.999504864
1341846339.595122 -0.033927433 0.109325051 0.284418434 -0.016692717 -0.009589539 0.022858616 0.999553323
1341846339.632085 -0.032445028 0.112358987 0.291457295 -0.015177048 -0.005839054 0.020808112 0.999651253
1341846339.664568 -0.027829792 0.108352453 0.298688143 -0.015387297 -0.003505522 0.018963847 0.999695599
1341846339.698896 -0.027004721 0.105759203 0.305847645 -0.015678847 -0.002277706 0.018255748 0.999707818
1341846339.731977 -0.024817018 0.106422640 0.317348689 -0.015374536 -0.001929762 0.015957575 0.999752581
1341846339.762241 -0.018368011 0.104675665 0.325950444 -0.015211369 -0.001120009 0.016202027 0.999752402
1341846339.797873 -0.018532010 0.102363288 0.331102610 -0.015477955 -0.000511024 0.017791837 0.999721766
1341846339.830245 -0.013533712 0.101461373 0.341426730 -0.015945137 -0.001343046 0.018084941 0.999708414
1341846339.862015 -0.011176067 0.102502033 0.347685784 -0.016125605 -0.001201760 0.017642111 0.999713600
1341846339.897797 -0.005072603 0.103298552 0.355382681 -0.017024152 -0.000532514 0.017055281 0.999709487
1341846339.929916 -0.005174421 0.096277878 0.360922694 -0.017991940 0.000816685 0.018790083 0.999661207
1341846339.961960 -0.001141259 0.096058108 0.373433232 -0.016521256 -0.000051167 0.019720986 0.999669015
1341846339.997845 0.004329300 0.097335458 0.374747068 -0.015146624 0.000703888 0.019501049 0.999694824
1341846340.029925 0.006947461 0.095336497 0.382570326 -0.014511779 0.003009194 0.020989722 0.999669850
1341846340.066044 0.009589730 0.093708187 0.389266551 -0.012551568 0.004149986 0.022427777 0.999661088
1341846340.098009 0.010601648 0.095438138 0.390350997 -0.011614619 0.004719230 0.023515800 0.999644816
1341846340.130102 0.014073705 0.096776091 0.402201742 -0.012047716 0.004341163 0.022225931 0.999670923
1341846340.166041 0.020443214 0.092842206 0.407121211 -0.011628720 0.006141634 0.020207679 0.999709308
1341846340.197867 0.017818255 0.095145456 0.413359582 -0.010273793 0.009156442 0.019923931 0.999706805
1341846340.229904 0.020000689 0.097977437 0.422481835 -0.011310128 0.008650629 0.020464690 0.999689162
1341846340.265859 0.024313431 0.092215277 0.430161059 -0.012572127 0.009497071 0.019476544 0.999686122
1341846340.298061 0.024698172 0.094939269 0.436293632 -0.010006933 0.011996808 0.019691825 0.999684036
1341846340.334063 0.022651386 0.100412801 0.442215949 -0.010527517 0.011442674 0.022020964 0.999636590
1341846340.366064 0.027926210 0.093675345 0.448807985 -0.012973890 0.009213833 0.021003511 0.999652743
1341846340.397995 0.031991228 0.093587793 0.453742981 -0.010827214 0.009516893 0.020590030 0.999684095
1341846340.433895 0.033592232 0.095782600 0.459265023 -0.010076717 0.009259295 0.021644810 0.999672055
1341846340.465959 0.032326255 0.092279270 0.460025966 -0.009964174 0.007271631 0.023097953 0.999657094
1341846340.501858 0.039822068 0.093405634 0.458046883 -0.008934476 0.003113271 0.023902128 0.999669492
1341846340.534329 0.044914886 0.095296726 0.459583402 -0.008328503 0.001383146 0.023525719 0.999687552
1341846340.566041 0.048986245 0.091901176 0.463721275 -0.007323943 0.000392290 0.024079658 0.999683142
1341846340.601909 0.053808566 0.093648344 0.463059187 -0.004544923 -0.000419563 0.024590483 0.999687195
1341846340.634005 0.056372497 0.095410146 0.457531899 -0.003767610 -0.001038160 0.023367582 0.999719322
1341846340.666028 0.060050152 0.092940941 0.453048766 -0.004217559 -0.000841187 0.021143459 0.999767184
1341846340.701946 0.064089641 0.090780966 0.455491871 -0.002431849 0.000270838 0.019073671 0.999815047
1341846340.733954 0.065492474 0.095179923 0.449760795 -0.001014369 0.001928689 0.017427502 0.999845743
1341846340.770081 0.065980516 0.096675374 0.447667629 -0.001635831 0.002361170 0.015441939 0.999876618
1341846340.801980 0.069757022 0.094018295 0.447588027 -0.001810809 0.003099173 0.009780121 0.999945700
1341846340.833999 0.069841310 0.096992485 0.445682079 -0.001686243 0.005468375 0.005776040 0.999966919
1341846340.870013 0.066369586 0.095635101 0.447162241 -0.003228756 0.005897110 0.003786091 0.999970257
1341846340.901955 0.070387036 0.093094267 0.449560255 -0.002431216 0.005164813 0.003730499 0.999976754
1341846340.933918 0.068532467 0.093888953 0.443268895 -0.000424168 0.004716255 0.006571355 0.999967158
1341846340.970122 0.066290028 0.098427370 0.441607654 0.001412536 0.002125509 0.011082644 0.999935329
1341846341.001922 0.066406108 0.094018131 0.438881874 0.002360850 -0.001867690 0.016079701 0.999866188
1341846341.037923 0.070058681 0.094498299 0.431580335 0.003525062 -0.004749530 0.018941971 0.999803066
1341846341.070300 0.069781601 0.093176447 0.430812210 0.003725660 -0.005458892 0.019200278 0.999793828
1341846341.102028 0.067091435 0.092557117 0.431728870 0.003734288 -0.006553847 0.019239888 0.999786437
1341846341.137982 0.069078639 0.092104003 0.426327646 0.003695875 -0.008676840 0.019411137 0.999767065
1341846341.170048 0.069869414 0.089477129 0.426100194 0.003893755 -0.009108080 0.020518351 0.999740422
1341846341.202110 0.069322519 0.088735774 0.420841575 0.005312471 -0.009282971 0.022203956 0.999696255
1341846341.237996 0.071081765 0.090863116 0.417405814 0.007336361 -0.009366004 0.023179263 0.999660552
1341846341.269883 0.068890907 0.091523796 0.414809078 0.008511464 -0.008684669 0.023445599 0.999651134
1341846341.306107 0.067459971 0.091407515 0.413695931 0.009168073 -0.009041222 0.021968614 0.999675751
1341846341.338109 0.068611108 0.091919445 0.410841703 0.010228760 -0.008647735 0.020322422 0.999703765
1341846341.370120 0.071862735 0.090698622 0.408498377 0.010473981 -0.007921389 0.018170692 0.999748647
1341846341.406074 0.065407880 0.090561062 0.407614738 0.010587335 -0.006758381 0.017226635 0.999772727
1341846341.438113 0.066558614 0.085757196 0.408866465 0.011332313 -0.008841404 0.017368292 0.999745846
1341846341.470024 0.068011269 0.086082108 0.403918445 0.013944420 -0.008988881 0.016004652 0.999734282
1341846341.506077 0.063982926 0.093080483 0.402400672 0.014581752 -0.007763727 0.014723419 0.999755144
1341846341.538156 0.059906200 0.089070790 0.407736540 0.013261075 -0.009305057 0.015478376 0.999748945
1341846341.574016 0.065342985 0.090148032 0.404756397 0.014523661 -0.012024712 0.015584455 0.999700785
1341846341.612466 0.063764028 0.093778133 0.403088033 0.015387999 -0.012443614 0.016080612 0.999674857
1341846341.643972 0.061129201 0.093941852 0.400728434 0.014384619 -0.013559386 0.015136343 0.999689996
1341846341.679982 0.060092300 0.089982100 0.399471730 0.013752932 -0.014869165 0.015546651 0.999673963
1341846341.712332 0.057589129 0.092623159 0.396747470 0.014758160 -0.016919300 0.018384475 0.999578893
1341846341.744185 0.059097096 0.091026448 0.395458281 0.015065390 -0.018977271 0.020717727 0.999491692
1341846341.780061 0.059467446 0.091693103 0.390372694 0.015463161 -0.019528186 0.021759031 0.999452889
1341846341.842595 0.066290379 0.084873579 0.382886112 0.017016400 -0.021134241 0.027208401 0.999261498
1341846341.906227 0.063973151 0.083508313 0.384189188 0.020418154 -0.021534314 0.032058764 0.999045372
1341846341.942069 0.066027895 0.078414924 0.378126383 0.023411019 -0.021685261 0.034017485 0.998911679
1341846341.974775 0.066480055 0.080621153 0.376245737 0.026906701 -0.021889159 0.035802305 0.998756766
1341846342.010161 0.061217368 0.081059508 0.376026899 0.027568458 -0.022549098 0.037574958 0.998658895
1341846342.042024 0.068977535 0.074771896 0.372815311 0.028800996 -0.023871483 0.037369251 0.998601139
1341846342.080032 0.068888001 0.078683436 0.368190080 0.031258717 -0.021420470 0.037158545 0.998590648
1341846342.112265 0.063695148 0.073647678 0.371392995 0.031074947 -0.020373048 0.039452579 0.998530328
1341846342.147954 0.067060754 0.070144892 0.372149259 0.033381455 -0.021911917 0.042066168 0.998316586
1341846342.179852 0.069489501 0.070682101 0.364985853 0.036085594 -0.021464879 0.042431112 0.998216748
1341846342.211848 0.069656089 0.073713832 0.368093461 0.037115976 -0.020951610 0.042587865 0.998183191
1341846342.247920 0.069020301 0.070845604 0.366491228 0.037979025 -0.020573432 0.040865276 0.998230636
1341846342.279870 0.070801623 0.070315279 0.364859134 0.039348215 -0.020223560 0.041549407 0.998156488
1341846342.316068 0.072455995 0.070734203 0.361543506 0.040598225 -0.020372298 0.043113429 0.998037040
1341846342.347894 0.073494025 0.072841063 0.361499488 0.041205436 -0.020415954 0.042868786 0.998021841
1341846342.379953 0.073004283 0.071515217 0.360130489 0.041242473 -0.019577317 0.042597290 0.998048723
1341846342.416195 0.070815988 0.071920060 0.361448139 0.041855741 -0.019181924 0.043671962 0.997984409
