1341846313.592026 0.000000000 0.000000000 0.000000000 0.000000000 0.000000000 0.000000000 1.000000000
1341846313.654184 0.007542338 -0.002758753 0.000405177 -0.001109916 -0.003186963 0.004914532 0.999982238
1341846313.686156 0.015892798 -0.000194801 0.007511648 0.000256793 -0.005734622 0.004583973 0.999972999
1341846313.721918 0.021538785 0.003910170 0.004020075 0.000627570 -0.006730880 0.005386602 0.999962628
1341846313.753994 0.027362322 -0.001779876 0.000631641 -0.000339821 -0.007664647 0.006672259 0.999948323
1341846313.789969 0.037002914 -0.003656897 -0.002121116 0.000550147 -0.008726808 0.005287480 0.999947786
1341846313.822075 0.048348818 0.007857074 -0.000482008 0.001506832 -0.007954949 0.004802567 0.999955654
1341846313.853928 0.056537997 0.004678259 -0.001154828 0.000422834 -0.006071310 0.004020591 0.999973357
1341846313.890011 0.066728212 0.007190744 -0.001050485 0.000719798 -0.005056928 0.004635602 0.999976218
1341846313.922055 0.076228544 0.012780686 -0.005431402 -0.000841223 -0.005480211 0.006060862 0.999966264
1341846313.957927 0.100642256 0.005647820 -0.019602003 -0.003720411 -0.003423646 0.006530304 0.999965906
1341846313.990058 0.092310160 0.006020044 -0.004872830 -0.005182599 0.004974964 0.008571603 0.999937415
1341846314.022042 0.095227815 0.015973922 -0.010242624 -0.005954085 0.006312786 0.009188665 0.999920130
1341846314.057816 0.110288039 0.018518880 0.008071629 -0.009026265 0.007715968 0.010525012 0.999874115
1341846314.089801 0.111205451 0.016362265 0.016203843 -0.008678026 0.014207545 0.008973637 0.999821126
1341846314.122037 0.127116352 0.026465161 0.000883483 -0.008617885 0.015840171 0.014144568 0.999737382
1341846314.157989 0.125730246 0.024329323 0.016210597 -0.011134461 0.020132869 0.013881913 0.999638915
1341846314.190094 0.131917730 0.026503243 0.022095557 -0.010601049 0.023843871 0.014965949 0.999547422
1341846314.225969 0.137797222 0.033038128 0.005297605 -0.012207562 0.025391944 0.017997731 0.999441028
1341846314.257923 0.141203061 0.026819550 0.012621598 -0.014779701 0.027713673 0.017665366 0.999350488
1341846314.290052 0.151575118 0.026285786 0.015070376 -0.013589808 0.028062226 0.017225934 0.999365330
1341846314.325981 0.153876022 0.029915914 0.011899552 -0.014109881 0.029491371 0.016106464 0.999335647
1341846314.357905 0.165104464 0.029064763 0.024880916 -0.014916687 0.031716537 0.015231487 0.999269485
1341846314.389899 0.170255244 0.022973392 0.020897012 -0.014344425 0.034617074 0.015621694 0.999175608
1341846314.427905 0.180317044 0.022417352 0.008152959 -0.014616460 0.035765659 0.013312251 0.999164641
1341846314.493987 0.188163012 0.012465429 0.008681031 -0.014329577 0.045669034 0.005004388 0.998841286
1341846314.526085 0.199993387 0.017700236 0.002460055 -0.013729672 0.046665002 0.004210284 0.998807371
1341846314.558292 0.204217598 0.017128663 0.006899714 -0.014923961 0.049725767 0.004377750 0.998641789
1341846314.594085 0.216504976 0.009407978 0.001583049 -0.014301809 0.053483941 0.003268526 0.998460948
1341846314.626096 0.214945719 0.018937059 0.004025055 -0.013122803 0.058266442 0.004659025 0.998203933
1341846314.658455 0.216844201 0.021454606 0.003820689 -0.014737537 0.060787272 0.004426502 0.998032093
1341846314.694004 0.238950104 0.014026804 0.025380228 -0.015413254 0.062502608 0.002167827 0.997923434
1341846314.725910 0.232271433 0.009799908 0.022371637 -0.011750155 0.066936366 0.006735685 0.997665286
1341846314.761942 0.236125275 0.006999481 0.018664138 -0.008722674 0.067202233 0.011114988 0.997639358
1341846314.794030 0.246548012 0.013824668 0.020962231 -0.004568907 0.069000073 0.010768281 0.997548103
1341846314.826092 0.255422801 0.014622881 0.014986590 -0.002301871 0.072694480 0.011144639 0.997289300
1341846314.862145 0.271435112 0.016673630 -0.003439657 -0.002211487 0.074726567 0.014091005 0.997102022
1341846314.894072 0.277654707 0.015459695 0.000537504 -0.002736437 0.078567371 0.016019799 0.996776342
1341846314.925969 0.279404849 0.015380872 0.001627214 -0.002763809 0.081697397 0.019415535 0.996464193
1341846314.961937 0.288595349 0.025783610 0.001289729 -0.004828167 0.081195556 0.025605729 0.996357501
1341846314.994564 0.284021825 0.025149010 0.006584931 -0.008061499 0.083446920 0.022156205 0.996233284
1341846315.029900 0.307556510 0.024097960 0.010141615 -0.008540345 0.084454477 0.020047566 0.996189058
1341846315.061965 0.308930337 0.026431615 0.012575928 -0.008842406 0.087278195 0.025129061 0.995827734
1341846315.094388 0.315730095 0.022480972 0.019720193 -0.009141794 0.085812211 0.026372673 0.995920300
1341846315.129851 0.321786642 0.024476491 0.019571327 -0.007098897 0.085660398 0.025403777 0.995975196
1341846315.161941 0.310935527 0.045870945 0.005798433 -0.007190852 0.087434888 0.026738251 0.995785356
1341846315.197984 0.315154433 0.040525626 0.010882530 -0.014757365 0.085027672 0.023289895 0.995997012
1341846315.230076 0.329798788 0.036748700 0.013279255 -0.018500024 0.082609765 0.021391015 0.996180594
1341846315.262069 0.331587583 0.038736470 0.015277967 -0.021305021 0.079796337 0.023750247 0.996300459
1341846315.298000 0.339744002 0.030183777 0.022945177 -0.024011193 0.075678229 0.025480503 0.996517420
1341846315.329931 0.358100742 0.015830735 0.026873816 -0.022259697 0.072504751 0.027390383 0.996743321
1341846315.361981 0.365326226 0.018559976 0.026425838 -0.016688215 0.071473449 0.030994857 0.996821105
1341846315.397962 0.368545592 0.021955404 0.024842951 -0.013383431 0.071880490 0.034130126 0.996739268
1341846315.429923 0.370614737 0.026344605 0.023334511 -0.010242474 0.073960334 0.035332058 0.996582448
1341846315.466047 0.391026616 0.032895807 0.005376231 -0.008523763 0.075527802 0.038163681 0.996376634
1341846315.497883 0.390044719 0.033684637 0.010881770 -0.009606191 0.078967951 0.043229915 0.995893061
1341846315.530008 0.390570581 0.033271756 0.006997526 -0.009509350 0.080577537 0.043941334 0.995733917
1341846315.566108 0.389664620 0.032054108 0.004400663 -0.010542189 0.082512237 0.044923611 0.995521188
1341846315.597986 0.396758735 0.030817572 0.009467147 -0.010837696 0.083112009 0.044826359 0.995472550
1341846315.630109 0.396849751 0.031535517 0.010650910 -0.010681144 0.084223531 0.042868659 0.995467007
1341846315.666042 0.397152841 0.043229021 0.013441160 -0.010341423 0.085883938 0.041104365 0.995403111
1341846315.698114 0.394184470 0.055470765 0.019406416 -0.014182351 0.089658216 0.037678473 0.995158553
1341846315.733985 0.385127872 0.035256539 0.033086076 -0.018696038 0.093576193 0.039651193 0.994646549
1341846315.766041 0.381485313 0.038048614 0.024474114 -0.018166419 0.091574207 0.041148864 0.994781852
1341846315.798188 0.387656271 0.036154781 0.026073635 -0.019411827 0.090246089 0.039748769 0.994936585
1341846315.834140 0.388216257 0.027960919 0.029266879 -0.019431569 0.092131726 0.039040104 0.994791448
1341846315.866751 0.386477321 0.028450023 0.025839843 -0.016916307 0.093833253 0.038944084 0.994682133
1341846315.898492 0.382035047 0.028164264 0.024757594 -0.015657634 0.094735481 0.038387544 0.994638860
1341846315.936901 0.379004717 0.014127959 0.026520476 -0.014603351 0.096382536 0.036852542 0.994554698
1341846315.966572 0.368391871 0.014767447 0.023896463 -0.011012372 0.098791301 0.036460780 0.994378984
1341846316.034204 0.356768012 0.009822669 0.016221330 -0.007776408 0.099026524 0.034819715 0.994445026
1341846316.066113 0.353450239 0.014175662 0.020325415 -0.004599554 0.098797567 0.034735095 0.994490504
1341846316.101867 0.346008420 0.017305879 0.019103371 -0.003118541 0.097711623 0.036962569 0.994523227
1341846316.134066 0.333441496 0.021209594 0.017009631 -0.003376916 0.095553696 0.033306498 0.994861186
1341846316.202049 0.310060948 0.008671120 0.015478577 -0.004311993 0.092410378 0.028604290 0.995300710
1341846316.233979 0.310289770 0.014414019 0.007897444 -0.003247496 0.090779275 0.026202027 0.995520949
1341846316.270052 0.309995025 0.014657247 0.011275001 -0.004525354 0.091231450 0.023771221 0.995535672
1341846316.301915 0.300065309 0.003821105 0.009507429 -0.005184621 0.092669383 0.021998307 0.995440364
1341846316.334208 0.289794564 0.001092539 0.013151806 -0.003997230 0.092551686 0.023759894 0.995416343
1341846316.370006 0.284695953 0.001002792 0.012427565 -0.001807508 0.091190726 0.024772936 0.995523632
1341846316.401994 0.274963766 -0.000339005 0.014528070 -0.000076571 0.090986580 0.026080437 0.995510519
1341846316.438069 0.281672269 -0.002015441 0.026082836 0.001924599 0.089212850 0.028960686 0.995589614
1341846316.470076 0.260199606 -0.013492745 -0.011913747 0.005612123 0.089855604 0.031909060 0.995427668
1341846316.502034 0.223641038 0.004248903 -0.022287587 0.009037473 0.090406030 0.030087007 0.995409429
1341846316.537975 0.238557175 0.006030511 -0.008480899 0.006800232 0.085488088 0.030445982 0.995850682
1341846316.570121 0.247831404 -0.000428077 0.017995909 0.005997437 0.083989963 0.029087860 0.996023893
1341846316.601885 0.257814527 -0.004830082 0.039450020 0.007823910 0.082003765 0.028599102 0.996190906
1341846316.638009 0.216917992 0.000500893 0.022969976 0.010648984 0.084405512 0.026850315 0.996012747
1341846316.669925 0.212500542 -0.002207091 0.011225309 0.013042635 0.083543055 0.026951876 0.996054232
1341846316.705941 0.209023729 -0.003483876 0.012630813 0.017243434 0.083505988 0.027390158 0.995981514
1341846316.738062 0.184528023 -0.002725169 0.007159332 0.018925602 0.084790282 0.029136060 0.995792925
1341846316.770433 0.182811156 0.001468081 0.005561916 0.018543614 0.083181098 0.029947152 0.995911777
1341846316.805932 0.178317264 -0.007744236 0.008151382 0.018381178 0.083030447 0.028292906 0.995975673
1341846316.838029 0.168341488 -0.002028982 0.011500562 0.020293545 0.081802145 0.030130604 0.995986342
1341846316.870034 0.158561125 -0.008698564 0.013047993 0.019858930 0.078864574 0.031538561 0.996188402
1341846316.906344 0.151323646 -0.008634765 0.006172778 0.021114703 0.075794645 0.030191695 0.996442556
1341846316.937940 0.153239280 -0.003894516 0.007671369 0.021473516 0.073589653 0.028154727 0.996659815
1341846316.973994 0.134876475 -0.006612612 0.006534712 0.020512111 0.073062032 0.028777376 0.996701062
1341846317.005913 0.124505021 -0.009475513 0.010153504 0.019234154 0.070791021 0.029031383 0.996883094
1341846317.037936 0.121678337 -0.010508512 0.009305984 0.019860469 0.067890987 0.028756412 0.997080445
1341846317.073972 0.118420720 -0.014748372 0.009402461 0.020639759 0.066055663 0.030365612 0.997140229
1341846317.106113 0.104878701 -0.016375937 0.018142603 0.022963984 0.065357737 0.033882774 0.997022092
1341846317.137887 0.099658385 -0.011723885 0.023229070 0.026541527 0.059214082 0.036288720 0.997232378
1341846317.173970 0.091549248 -0.011283837 0.013867042 0.027438024 0.051795572 0.039389677 0.997503281
1341846317.205887 0.080795504 -0.013189481 0.010720403 0.027410151 0.049584478 0.039719500 0.997603357
1341846317.248131 0.069655515 -0.021329954 0.013505022 0.028025357 0.047792144 0.040462498 0.997643828
1341846317.306289 0.054475252 -0.016656725 0.004966311 0.029945748 0.041803386 0.045306396 0.997648776
1341846317.348137 0.046715491 -0.020097159 -0.003100521 0.030733017 0.042976756 0.045022838 0.997587800
1341846317.410120 0.028207317 -0.016544707 -0.012314029 0.032636140 0.042821314 0.051046681 0.997243941
1341846317.442569 0.022291090 -0.021858269 -0.011290389 0.035145920 0.043350641 0.054496132 0.996953189
1341846317.474010 0.024656810 -0.017312661 0.017150681 0.041546043 0.043248482 0.057836052 0.996523201
1341846317.509927 0.012834250 -0.009860938 0.016629448 0.045031641 0.041500390 0.061688688 0.996215045
1341846317.542282 0.007524890 -0.010263505 0.010849122 0.043940865 0.038546570 0.063250564 0.996284485
1341846317.573943 0.000713678 -0.019580247 0.015786335 0.042737793 0.040043574 0.060676958 0.996437788
1341846317.610159 -0.006909509 -0.021020636 0.018831303 0.045438394 0.042084590 0.061894771 0.996159256
1341846317.643553 -0.019625081 -0.013193459 0.016910817 0.048622970 0.041645639 0.065132737 0.995820820
1341846317.677993 -0.035382330 -0.018701160 0.013586149 0.049109742 0.038997728 0.067383856 0.995754361
1341846317.709996 -0.043597043 -0.019592177 0.013883625 0.051519625 0.036891844 0.065591715 0.995832562
1341846317.741834 -0.047321498 -0.008851715 0.012919527 0.052668821 0.035634052 0.066426501 0.995762885
1341846317.777923 -0.048458710 -0.008770149 0.031083344 0.050913084 0.033848524 0.066793948 0.995891929
1341846317.810021 -0.061085820 -0.012068685 0.032441482 0.050297342 0.032868914 0.064068608 0.996135056
1341846317.841886 -0.082059324 -0.010085475 0.016190585 0.049376152 0.033368409 0.060328528 0.996398032
1341846317.878017 -0.075827703 -0.008871591 0.026335189 0.047355037 0.031596124 0.058921479 0.996638060
1341846317.909910 -0.081622355 -0.014757138 0.028675519 0.046053454 0.032916550 0.054468878 0.996909559
1341846317.946031 -0.099668466 -0.017749548 0.027954999 0.046872687 0.034849111 0.054685283 0.996793866
1341846317.978041 -0.105003990 -0.018000137 0.035345178 0.049035620 0.033634607 0.055483606 0.996687412
1341846318.009897 -0.103005879 -0.011123618 0.036446746 0.052209407 0.033102430 0.054593079 0.996593237
1341846318.045949 -0.119667843 -0.011971799 0.025671983 0.052232273 0.034809295 0.052750394 0.996633112
1341846318.078074 -0.124668106 -0.013395142 0.038573887 0.051436376 0.032952126 0.051949140 0.996779680
1341846318.109894 -0.142851382 -0.014522063 0.039115172 0.050972205 0.030043164 0.049699090 0.997010171
1341846318.145957 -0.138312891 -0.014003749 0.037159398 0.050319061 0.026544211 0.047539331 0.997247934
1341846318.178001 -0.159628734 -0.016346376 0.043430906 0.049183466 0.029185779 0.042389121 0.997462988
1341846318.214074 -0.174851015 -0.024247220 0.035708927 0.049298927 0.027535755 0.041807175 0.997528732
1341846318.245970 -0.178192362 -0.027604014 0.050855022 0.052460004 0.021598779 0.043278035 0.997450948
1341846318.278018 -0.182080507 -0.027696785 0.051942322 0.056758620 0.016844982 0.044600159 0.997249007
1341846318.313937 -0.187534690 -0.027138973 0.032975905 0.058668330 0.010614364 0.044703655 0.997219622
1341846318.345989 -0.219719544 -0.024806304 0.023317942 0.059768762 0.003112437 0.042339467 0.997309089
1341846318.382046 -0.225405827 -0.031660087 0.021765495 0.061340351 -0.003530028 0.041288015 0.997256339
1341846318.414072 -0.225834250 -0.025179857 0.035516471 0.063397609 -0.010531935 0.040176444 0.997123718
1341846318.446035 -0.241507143 -0.027668346 0.042468905 0.065483704 -0.015725946 0.041152999 0.996880651
1341846318.482196 -0.242728770 -0.022791553 0.040379137 0.067050092 -0.018177992 0.040522598 0.996760607
1341846318.514144 -0.250832319 -0.026950613 0.046686251 0.066973388 -0.019433908 0.041502688 0.996701777
1341846318.546259 -0.255381763 -0.034937952 0.039478436 0.067685105 -0.020720927 0.041437786 0.996630430
1341846318.582042 -0.266934514 -0.028235286 0.042640440 0.069811597 -0.020193627 0.040820647 0.996520042
1341846318.614115 -0.274630934 -0.030864937 0.049381390 0.069375411 -0.020490794 0.040974367 0.996538162
1341846318.650038 -0.285211980 -0.034966655 0.032270055 0.068319999 -0.021092093 0.038172346 0.996709764
1341846318.682350 -0.294971317 -0.036084261 0.032840751 0.067725509 -0.021391455 0.035991170 0.996825099
1341846318.714063 -0.309081078 -0.034123976 0.033530097 0.067906298 -0.021510780 0.034417160 0.996865809
1341846318.749905 -0.322134793 -0.037392568 0.010886509 0.068081707 -0.021464990 0.036943775 0.996764421
1341846318.782036 -0.322465807 -0.038198948 0.024775920 0.070397340 -0.023298819 0.038877472 0.996488810
1341846318.814121 -0.340760410 -0.040089637 0.028984565 0.069938622 -0.026843032 0.036999714 0.996503413
1341846318.850072 -0.352971345 -0.035342749 0.019005675 0.070555575 -0.032750949 0.034100089 0.996386707
1341846318.883516 -0.378846824 -0.042536505 0.030843025 0.071724772 -0.036497921 0.028668271 0.996344090
1341846318.918047 -0.410566330 -0.037914425 0.037586607 0.075933851 -0.043385815 0.026902806 0.995805204
1341846318.950044 -0.391064763 -0.052400596 0.007561222 0.077202752 -0.061306249 0.030883064 0.994649470
1341846318.982028 -0.392761409 -0.049590960 0.004784856 0.079202868 -0.065717123 0.029601403 0.994249403
1341846319.018123 -0.416608661 -0.047921736 0.009183124 0.078673579 -0.069014244 0.026634220 0.994151950
1341846319.050745 -0.414851844 -0.065587044 0.006056130 0.079068266 -0.076250076 0.026780177 0.993587911
1341846319.081905 -0.410012454 -0.057548780 0.010436080 0.085001290 -0.077244535 0.025124451 0.993064344
1341846319.117976 -0.429433167 -0.059121974 -0.011821844 0.086864971 -0.075469144 0.030544395 0.992887676
1341846319.150093 -0.445942670 -0.052111737 -0.005252980 0.089447573 -0.079164088 0.036479685 0.992170036
1341846319.186069 -0.432270855 -0.040865552 -0.007308774 0.091719821 -0.081663840 0.037332308 0.991728187
1341846319.218149 -0.426804096 -0.020101275 0.006083079 0.089885935 -0.077619523 0.036109768 0.992265999
1341846319.250034 -0.460115016 -0.024485074 -0.002684105 0.084016219 -0.069082350 0.033590604 0.993499160
1341846319.286594 -0.480982751 -0.020542722 0.018525019 0.082245015 -0.065613292 0.037372582 0.993747413
1341846319.318034 -0.512947321 -0.017020149 0.003831767 0.083295345 -0.063246138 0.039900593 0.993715107
1341846319.350268 -0.551950634 -0.023327455 0.009924181 0.083618701 -0.061014339 0.046203662 0.993554413
1341846319.386163 -0.589855671 -0.033283807 0.002136342 0.084676631 -0.064072736 0.055120908 0.992817342
1341846319.418386 -0.621572852 -0.031134056 -0.001889750 0.086388491 -0.068673372 0.057126917 0.992248714
1341846319.453961 -0.661682785 -0.030874111 0.002611876 0.087423183 -0.068533070 0.052948594 0.992399573
1341846319.486271 -0.702279568 -0.022914473 -0.008719429 0.087007008 -0.066449359 0.051059000 0.992676795
1341846319.554083 -0.645331144 -0.024635082 -0.003819868 0.080715038 -0.076456539 0.051225230 0.992479444
1341846319.586296 -0.661533237 -0.031071821 -0.029863380 0.080665618 -0.074586444 0.046160869 0.992874146
1341846319.622031 -0.674489379 -0.031797804 -0.021153189 0.079266131 -0.078201585 0.044311222 0.992792964
1341846319.653962 -0.689278483 -0.049474292 -0.055621587 0.076766424 -0.081965446 0.043114968 0.992738485
1341846319.686352 -0.687663615 -0.043560423 -0.024277434 0.079266608 -0.086979702 0.044506747 0.992053688
1341846319.721992 -0.694975734 -0.034184359 -0.034360386 0.080793545 -0.090817839 0.046178330 0.991509974
1341846319.754063 -0.701721907 -0.016112559 -0.035406701 0.079093091 -0.093072526 0.044902425 0.991496623
1341846319.786397 -0.576629221 -0.015504135 -0.008638695 0.073881179 -0.100781538 0.048992552 0.990951300
1341846319.822008 -0.587210119 -0.017471150 -0.023536697 0.070342198 -0.100760207 0.053339303 0.990986526
1341846319.853917 -0.586299539 -0.011652434 -0.030865446 0.065717921 -0.101685695 0.056764312 0.991019189
1341846319.889942 -0.594497085 -0.030557677 -0.016046792 0.061310071 -0.102454647 0.062177353 0.990897596
1341846319.922039 -0.600983441 -0.042421773 -0.030573800 0.060025081 -0.106954791 0.065249637 0.990303040
1341846319.953946 -0.727950335 -0.043436807 -0.023166627 0.061597373 -0.106196754 0.061493821 0.990528405
1341846319.990054 -0.725750387 -0.042293187 -0.020099387 0.064567678 -0.109355234 0.054222494 0.990420282
1341846320.028122 -0.728952765 -0.043313179 -0.024059638 0.066435650 -0.112872690 0.053417094 0.989945769
1341846320.090047 -0.709579229 -0.029632637 -0.007430181 0.072898641 -0.121560797 0.052912053 0.988488317
1341846320.122011 -0.700023115 -0.027443791 -0.005615965 0.073687851 -0.119612515 0.054145359 0.988600612
1341846320.157952 -0.694930911 -0.029696118 -0.001705542 0.073732093 -0.117201827 0.055118788 0.988832235
1341846320.190003 -0.680213511 -0.037065879 -0.006515488 0.076244950 -0.113750339 0.052601818 0.989181817
1341846320.221941 -0.664356768 -0.039248373 -0.010864303 0.079680264 -0.111513861 0.054250650 0.989076674
1341846320.258015 -0.664614499 -0.046008229 -0.001497865 0.083557308 -0.110089317 0.056879338 0.988768578
1341846320.289887 -0.640164495 -0.061554790 -0.022868752 0.087463245 -0.111615099 0.057656299 0.988214552
1341846320.321954 -0.624580026 -0.058755927 0.004529074 0.096483827 -0.113741502 0.057960480 0.987114131
1341846320.357890 -0.622568130 -0.038076371 0.015724242 0.103730291 -0.113106944 0.058449749 0.986423075
1341846320.390064 -0.595664442 -0.036374696 0.024482831 0.105210476 -0.110835649 0.058963794 0.986493528
1341846320.426544 -0.555208206 -0.035369337 0.047748037 0.108396217 -0.105220921 0.054649070 0.987011790
1341846320.458122 -0.567559302 -0.043123610 0.023533463 0.108860061 -0.095883287 0.051202700 0.988096237
1341846320.490186 -0.531601250 -0.052834082 0.032649614 0.111356631 -0.090668306 0.051545642 0.988292456
1341846320.525911 -0.483235210 -0.049178854 0.017797194 0.114663795 -0.084944800 0.048882458 0.988558114
1341846320.558091 -0.442723930 -0.043631881 -0.014985371 0.115572184 -0.081872053 0.045544945 0.988870919
1341846320.594093 -0.393083632 -0.030331379 0.070132390 0.118502855 -0.080800332 0.040796421 0.988819540
1341846320.631955 -0.401708990 -0.035393443 0.031206515 0.120258808 -0.070534542 0.040668651 0.989398181
1341846320.664916 -0.386947870 -0.031029854 0.023782469 0.120635837 -0.068183921 0.038117673 0.989618599
1341846320.699927 -0.380040914 -0.042327978 0.036760490 0.120221324 -0.065969259 0.037128296 0.989856720
1341846320.731822 -0.369034111 -0.040276654 0.033620529 0.122117423 -0.059126306 0.036689535 0.990073383
1341846320.763877 -0.377220869 -0.022258621 -0.009930566 0.120776042 -0.056248054 0.036393791 0.990416467
1341846320.799999 -0.347835571 -0.033505738 0.023401093 0.112922192 -0.060079172 0.033207528 0.991229713
1341846320.831871 -0.314682573 -0.037868313 -0.002542492 0.114177413 -0.049277011 0.026196849 0.991891623
1341846320.863887 -0.350242585 -0.020475250 -0.001843469 0.113631845 -0.038490463 0.028010111 0.992381811
1341846320.900014 -0.325443715 -0.034562308 0.009443007 0.106355190 -0.044587962 0.034029923 0.992744923
1341846320.931889 -0.293629259 -0.048324909 0.023827568 0.106876053 -0.045830224 0.032075070 0.992697477
1341846320.967866 -0.307727844 -0.010844614 0.006278206 0.108345971 -0.038928438 0.028126039 0.992952466
1341846321.000017 -0.298260689 -0.021501791 0.026334507 0.102334768 -0.038785767 0.026539225 0.993639231
1341846321.031860 -0.261479825 -0.032721583 0.025955621 0.099226095 -0.040162578 0.025816672 0.993918836
1341846321.068047 -0.267590106 -0.028619617 0.020459201 0.099934883 -0.035614613 0.022653706 0.994098306
1341846321.099840 -0.280061811 -0.032057613 0.005841672 0.096921153 -0.033256210 0.023107726 0.994467854
1341846321.131821 -0.241899326 -0.035029486 0.020666055 0.097108923 -0.033494115 0.024082942 0.994418442
1341846321.167887 -0.238981828 -0.041997612 0.015203601 0.099436246 -0.029208940 0.025095275 0.994298518
1341846321.200042 -0.214187413 -0.028978150 0.040055916 0.100898176 -0.027605344 0.024799058 0.994204462
1341846321.231950 -0.214120999 -0.034017731 0.050068617 0.100329794 -0.026579356 0.022122025 0.994353116
1341846321.267939 -0.200872526 -0.027925625 0.043676898 0.101223446 -0.024675965 0.016860191 0.994414747
1341846321.299948 -0.185648873 -0.028061090 0.057659190 0.100001797 -0.020766243 0.011196686 0.994707525
1341846321.331858 -0.182129949 -0.033514306 0.056806963 0.099865615 -0.017714126 0.007559882 0.994814515
1341846321.367913 -0.165049016 -0.043425918 0.039526436 0.100518525 -0.015648704 0.003377660 0.994806409
1341846321.399897 -0.159627780 -0.036639873 0.035161585 0.102322303 -0.010592399 0.003857051 0.994687438
1341846321.435994 -0.163341939 -0.041864783 0.014674818 0.103051849 -0.006572272 0.002620242 0.994650781
1341846321.467946 -0.144810811 -0.036331687 0.026939329 0.105557285 -0.004763225 0.004202930 0.994392931
1341846321.499882 -0.128309727 -0.036128938 0.026965976 0.106835611 -0.002430767 0.004460459 0.994263709
1341846321.536109 -0.106916621 -0.029479884 0.009658041 0.106699720 0.001926170 0.001951123 0.994287491
1341846321.568960 -0.119500570 -0.020732030 0.040958121 0.104249880 0.010126152 -0.002303345 0.994496942
1341846321.603938 -0.113813490 -0.025203068 0.037567597 0.100599170 0.012669479 -0.002432472 0.994843364
1341846321.637163 -0.078745730 -0.018139344 0.021370156 0.098412268 0.015537892 -0.003032248 0.995019794
1341846321.668306 -0.090207323 -0.015869137 0.045100950 0.094047070 0.025493003 0.000604600 0.995241106
1341846321.704411 -0.109382764 -0.022203101 0.048069201 0.090323552 0.028633112 0.008043306 0.995468259
1341846321.736861 -0.092787869 -0.019181434 0.052832965 0.089583635 0.025294181 0.016406432 0.995522857
1341846321.771881 -0.076822452 -0.003692940 0.047001898 0.087910935 0.024485655 0.021751657 0.995589733
1341846321.804114 -0.067689225 -0.005427904 0.067889094 0.084218971 0.026833408 0.024324168 0.995788872
1341846321.836152 -0.064699866 0.004903281 0.071682110 0.081874266 0.028970353 0.025647618 0.995891333
1341846321.871882 -0.058079831 0.014475365 0.077923603 0.077219158 0.029845335 0.023185462 0.996297598
1341846321.904074 -0.055249166 0.014888064 0.084317096 0.071109839 0.031434081 0.019701572 0.996778369
1341846321.939847 -0.053232212 0.010150962 0.087706327 0.066703402 0.034595411 0.016739707 0.997032404
1341846322.004094 -0.058732361 -0.006968198 0.076183684 0.058788847 0.033037871 0.015996261 0.997595310
1341846322.066178 -0.040479757 -0.013785736 0.075816110 0.053845041 0.037114352 0.012619740 0.997779489
1341846322.107979 -0.045610119 -0.031094350 0.076111235 0.050728373 0.039514415 0.011347909 0.997865915
1341846322.166164 -0.052179426 -0.061381765 0.046198271 0.052574970 0.039624169 0.011181678 0.997767866
1341846322.202932 -0.050356578 -0.065907069 0.041900307 0.053783156 0.037002124 0.011454748 0.997801065
1341846322.234093 -0.043085426 -0.060043231 0.071848579 0.054019574 0.035399348 0.009806606 0.997864008
1341846322.265941 -0.041614611 -0.068842568 0.072541334 0.051340308 0.032310132 0.010760254 0.998100400
1341846322.301996 -0.032041244 -0.085892878 0.070221633 0.048968058 0.029955734 0.011435507 0.998285472
1341846322.333949 -0.044796083 -0.101103902 0.072049558 0.047717508 0.028980497 0.010724406 0.998382747
1341846322.369871 -0.031780057 -0.116608143 0.069511645 0.048231144 0.022676537 0.007505489 0.998550534
1341846322.402292 -0.020717913 -0.127641484 0.064388394 0.050010066 0.023548283 0.001170894 0.998470366
1341846322.433955 -0.031088933 -0.154802412 0.073670290 0.054114819 0.025824364 -0.002350293 0.998197973
1341846322.470030 -0.031371463 -0.169605836 0.065808900 0.062100939 0.021500552 0.002226639 0.997835755
1341846322.502433 -0.013597542 -0.171492800 0.067673057 0.068770178 0.017033149 0.005740688 0.997470558
1341846322.534002 -0.007120547 -0.194543391 0.071635872 0.076145127 0.016587675 0.007681836 0.996929169
1341846322.570196 -0.010122932 -0.200755090 0.068856373 0.086288527 0.016569691 0.009177510 0.996090114
1341846322.601920 -0.016442562 -0.208734214 0.068665519 0.091812126 0.014024288 0.012918752 0.995593786
1341846322.638119 0.001002867 -0.218797043 0.079620145 0.097529545 0.009906235 0.012440126 0.995105565
1341846322.669947 0.010039841 -0.225867555 0.080111817 0.102103256 0.012754893 0.011726454 0.994622886
1341846322.702026 -0.003477410 -0.236102954 0.083729148 0.104996271 0.015201980 0.013602282 0.994263351
1341846322.738006 -0.000713607 -0.227521986 0.093062006 0.107468463 0.012210489 0.016162526 0.994002104
1341846322.770087 0.012307487 -0.260589153 0.083376125 0.105665170 0.012386505 0.015147326 0.994209230
1341846322.806047 0.001364209 -0.268134385 0.085841306 0.109427266 0.012776080 0.016895043 0.993769050
1341846322.838063 -0.002171532 -0.271212220 0.084927216 0.111548103 0.008633954 0.019001422 0.993539870
1341846322.870081 0.003082995 -0.287856370 0.097239554 0.112975173 0.003188303 0.020016456 0.993391037
1341846322.906018 0.016925732 -0.281473696 0.094157293 0.118593343 0.000804103 0.019884959 0.992743492
1341846322.938349 0.015813120 -0.264409989 0.094239764 0.120086938 0.001800285 0.020797029 0.992543876
1341846322.970069 0.013962969 -0.274720013 0.092490181 0.114572391 0.001756521 0.022765243 0.993152499
1341846323.011820 0.017425030 -0.288454354 0.101601154 0.112154730 0.001975370 0.023238355 0.993417025
1341846323.073951 0.018159371 -0.287151933 0.101945609 0.109551437 0.001606613 0.027984371 0.993585825
1341846323.105962 0.019649170 -0.307708830 0.103644207 0.106229171 0.001754154 0.027300641 0.993965268
1341846323.138158 0.020276496 -0.309676260 0.102580681 0.106677152 0.001737086 0.023611944 0.994011819
1341846323.174092 0.015011782 -0.307858437 0.101701990 0.105062947 0.001497166 0.022623582 0.994207084
1341846323.206059 0.033250324 -0.317184210 0.097202867 0.101651087 -0.000295292 0.021068456 0.994596958
1341846323.238053 0.027534597 -0.315775841 0.106354743 0.099702127 0.003472508 0.017943334 0.994849503
1341846323.273997 0.013193673 -0.319433481 0.099968046 0.095484138 0.004315261 0.019316899 0.995234132
1341846323.305946 0.024354298 -0.323005855 0.093050577 0.089385048 -0.000155373 0.020200025 0.995792270
1341846323.342027 0.054340571 -0.339087188 0.098623320 0.086874761 -0.000291403 0.019152075 0.996035099
1341846323.374048 0.028851744 -0.346089780 0.101192057 0.087366618 0.004891993 0.019895347 0.995965481
1341846323.405987 0.016422121 -0.354398966 0.094208390 0.087497734 0.001203494 0.024681985 0.995858192
1341846323.441956 0.032544579 -0.371029705 0.098312765 0.087913029 -0.003799602 0.027078060 0.995752811
1341846323.473878 0.037779663 -0.374642819 0.101786762 0.092117250 -0.002435199 0.025282020 0.995424211
1341846323.506129 0.033301625 -0.366248965 0.095260210 0.095035501 -0.002318760 0.022698613 0.995212376
1341846323.541972 0.041299872 -0.368090302 0.098274097 0.093465745 -0.002853374 0.020965945 0.995397627
1341846323.573913 0.055321001 -0.380864829 0.102613814 0.092752382 0.000416157 0.015587722 0.995567083
1341846323.609927 0.046368621 -0.381311268 0.094885901 0.093438923 0.007414339 0.011469780 0.995531321
1341846323.642014 0.035835821 -0.393869966 0.094845369 0.091957442 0.009342219 0.012562587 0.995639861
1341846323.674081 0.034794971 -0.403559834 0.092148021 0.091976456 0.007550611 0.014570830 0.995625913
1341846323.710069 0.035846792 -0.422392368 0.092925929 0.092992857 0.006314870 0.018737314 0.995470405
1341846323.742111 0.033220384 -0.436186731 0.089227363 0.097113475 0.004660255 0.019644901 0.995068491
1341846323.774928 0.034563955 -0.433378160 0.085411251 0.100631677 0.002307101 0.016884809 0.994777799
1341846323.810012 0.034892350 -0.437372029 0.090774156 0.102195032 0.001109543 0.013181214 0.994676411
1341846323.842207 0.039149828 -0.440687627 0.084498152 0.103526741 0.001082760 0.008468636 0.994590044
1341846323.878019 0.032567427 -0.453949541 0.079709604 0.103907213 0.000663249 0.003789000 0.994579554
1341846323.909826 0.035685692 -0.467802256 0.082360961 0.106816925 -0.001175259 -0.000056650 0.994278014
1341846323.942459 0.032052454 -0.463474691 0.081962414 0.110995390 -0.001160960 -0.000401867 0.993820190
1341846323.978055 0.028303739 -0.470341772 0.078639835 0.112950690 -0.003930922 0.001837768 0.993591130
1341846324.015934 0.035515796 -0.470898837 0.079893634 0.116967097 -0.006231486 0.001094535 0.993115604
1341846324.047722 0.039469540 -0.462715268 0.078851543 0.120718800 -0.004952067 0.000170640 0.992674351
1341846324.083904 0.040361557 -0.450038761 0.078262843 0.121158123 -0.003711796 0.000416756 0.992626190
1341846324.115968 0.040762320 -0.449145019 0.074757859 0.118800066 -0.001844307 -0.001904399 0.992914617
1341846324.151967 0.046850801 -0.444192708 0.071071602 0.118462406 0.000678605 -0.006630329 0.992936194
1341846324.183941 0.038202818 -0.431591421 0.075160496 0.115895517 0.005546618 -0.010563518 0.993189752
1341846324.219984 0.035770729 -0.424744219 0.079403393 0.111917421 0.007184478 -0.008550312 0.993654728
1341846324.251968 0.032253295 -0.423422515 0.085007086 0.111275308 0.007437105 -0.009356416 0.993717730
1341846324.284052 0.026685098 -0.409756392 0.088718750 0.112286195 0.006954900 -0.010340329 0.993597746
1341846324.319880 0.018351389 -0.394716829 0.085250117 0.111438677 0.003952253 -0.011294116 0.993699253
1341846324.351917 0.023933645 -0.379543632 0.082958214 0.108457722 0.000365058 -0.012088745 0.994027495
1341846324.388001 0.035364248 -0.375626087 0.082664639 0.103665173 -0.000200690 -0.016017718 0.994483292
1341846324.419908 0.030184710 -0.356911719 0.086574510 0.099561431 0.002256528 -0.019028246 0.994846880
1341846324.452027 0.026496178 -0.358108252 0.089828908 0.094567016 0.002683984 -0.018898493 0.995335460
1341846324.487928 0.023841586 -0.351311058 0.093115479 0.093161471 0.002369984 -0.016536335 0.995510876
1341846324.519985 0.011835435 -0.338617504 0.094678208 0.092273191 0.000864512 -0.012385149 0.995656312
1341846324.556001 0.013030891 -0.321404845 0.091869116 0.090936415 -0.004291402 -0.008372340 0.995812297
1341846324.587888 0.016481595 -0.307920754 0.098101340 0.087738499 -0.007622730 -0.005977992 0.996096432
1341846324.620086 0.016338408 -0.304797620 0.099366799 0.085205369 -0.010109851 -0.008504114 0.996275842
1341846324.655955 0.018689275 -0.291073352 0.100653231 0.084287941 -0.011207488 -0.009696773 0.996331215
1341846324.688082 0.016615018 -0.288348258 0.106420249 0.083477303 -0.010930534 -0.008662966 0.996412039
1341846324.755922 0.000105255 -0.249704510 0.105839565 0.085706815 -0.013456021 -0.004430969 0.996219635
1341846324.814016 0.020212658 -0.213386208 0.095986299 0.081141837 -0.020259049 -0.007202905 0.996470630
1341846324.849979 0.007061205 -0.206881404 0.106106140 0.075307898 -0.016389200 -0.010598325 0.996969283
1341846324.881924 -0.000986744 -0.202102378 0.111056194 0.072492085 -0.017173251 -0.010097519 0.997170031
1341846324.913902 0.007209645 -0.193011254 0.110010326 0.071395263 -0.019223236 -0.006400006 0.997242332
1341846324.949999 0.001156803 -0.197527707 0.111934021 0.071376473 -0.018847026 -0.004091444 0.997262955
1341846324.981922 -0.007514186 -0.190805852 0.112934254 0.076071583 -0.021078594 -0.000474264 0.996879399
1341846325.018013 -0.009596990 -0.179312035 0.111539647 0.080300756 -0.025998745 0.001632103 0.996430218
1341846325.050079 -0.012167459 -0.160128862 0.111001596 0.082704797 -0.031140335 0.000349528 0.996087372
1341846325.081901 -0.010951526 -0.139564276 0.108030781 0.082317911 -0.036159836 -0.001714582 0.995948434
1341846325.118531 0.000432796 -0.124661312 0.102188721 0.078459248 -0.038406048 -0.002999577 0.996172726
1341846325.149933 -0.004361834 -0.145853579 0.120385334 0.072124496 -0.036022600 -0.004943096 0.996732652
1341846325.181925 -0.008872727 -0.142471537 0.120794632 0.068601944 -0.034690134 -0.002040810 0.997038722
1341846325.218055 -0.007351169 -0.135842144 0.122624457 0.065785751 -0.034786519 0.002311159 0.997224569
1341846325.249811 -0.011712434 -0.126735196 0.125668854 0.064030759 -0.034576986 0.005661252 0.997332692
1341846325.285925 -0.007586417 -0.116905548 0.127326921 0.061409112 -0.035492033 0.008785279 0.997442782
1341846325.317988 0.005984021 -0.119858839 0.131961361 0.058852624 -0.033892252 0.011131431 0.997629106
1341846325.349844 -0.000619237 -0.124014921 0.133278787 0.061379284 -0.028484708 0.013010521 0.997623146
1341846325.387302 -0.000656891 -0.110930540 0.139349774 0.066497013 -0.025869310 0.015627906 0.997328818
1341846325.417931 0.003583084 -0.113963082 0.126726776 0.068655983 -0.021093227 0.018095441 0.997253239
1341846325.450747 0.021992913 -0.123518869 0.144237727 0.072317764 -0.014639425 0.020574749 0.997061908
1341846325.485954 -0.002939031 -0.099096701 0.148293048 0.082177080 -0.005759928 0.022006225 0.996358097
1341846325.517875 -0.005652104 -0.089409396 0.144605309 0.085919328 -0.002896722 0.024348492 0.996000350
1341846325.553859 -0.003151073 -0.074310936 0.151402339 0.089624293 0.000513151 0.024241559 0.995680451
1341846325.585855 -0.007656548 -0.055961937 0.146604165 0.092400901 0.003754580 0.022605469 0.995458186
1341846325.617990 -0.008731429 -0.034551002 0.146736130 0.090170905 0.005429601 0.021461394 0.995680273
1341846325.653982 -0.012758991 -0.049824573 0.152378395 0.086405888 0.007599739 0.018184254 0.996065080
1341846325.685819 -0.015007843 -0.050200529 0.153546438 0.091521278 0.009145037 0.019359643 0.995572925
1341846325.717857 -0.019182462 -0.032421630 0.159306541 0.096857697 0.010301078 0.026760384 0.994885087
1341846325.754083 -0.023452634 -0.033168849 0.156372726 0.099464640 0.010722575 0.030423801 0.994518101
1341846325.786087 -0.019924797 -0.025903253 0.158270508 0.106049895 0.010840970 0.031814829 0.993792593
1341846325.821856 -0.020523198 -0.007607136 0.158743054 0.110294342 0.012648604 0.033309661 0.993260145
1341846325.853827 -0.028939577 -0.000138316 0.160378680 0.111339577 0.013753951 0.036685377 0.993009865
1341846325.885958 -0.039335191 0.013580974 0.157056361 0.112067454 0.011623824 0.041986667 0.992745161
1341846325.921984 -0.031260468 0.017317589 0.161890998 0.110926732 0.006899953 0.047396831 0.992673755
1341846325.953899 -0.020085637 0.023266688 0.168616742 0.113886498 0.006734014 0.048363063 0.992293060
1341846325.985823 -0.027017623 0.036529083 0.174816340 0.116895266 0.010175637 0.052714966 0.991692007
1341846326.021991 -0.030578667 0.038025655 0.173048958 0.119632125 0.010418513 0.058461562 0.991040766
1341846326.054055 -0.026357122 0.051282503 0.171640381 0.124748424 0.009262595 0.061794780 0.990218878
1341846326.089984 -0.021433109 0.069742382 0.170664072 0.127881363 0.010857061 0.060865328 0.989860535
1341846326.121822 -0.023273353 0.080244429 0.174569055 0.127535701 0.015124791 0.058441572 0.989995182
1341846326.154079 -0.032379273 0.079184920 0.185612097 0.128106102 0.018159496 0.056424309 0.989987552
1341846326.190178 -0.035260893 0.088914253 0.184329540 0.130427524 0.017895438 0.058595877 0.989563048
1341846326.222162 -0.040382333 0.110359289 0.190376580 0.130704805 0.016176185 0.064664714 0.989178002
1341846326.259181 -0.040233009 0.125921667 0.195629984 0.128081307 0.013560976 0.068326332 0.989314318
1341846326.322766 -0.034844108 0.145137161 0.203229114 0.120538913 0.012788316 0.066886626 0.990370095
1341846326.359773 -0.033858474 0.150281489 0.199056000 0.116605908 0.014245654 0.065170810 0.990935326
1341846326.392109 -0.032113858 0.142189115 0.206503361 0.114353918 0.016042298 0.066227518 0.991100252
1341846326.423985 -0.037694469 0.149335921 0.205212563 0.118817806 0.017381907 0.071285397 0.990201294
1341846326.459869 -0.043539487 0.167146444 0.209024459 0.121246845 0.014677385 0.076548293 0.989557564
1341846326.526163 -0.033187866 0.205337256 0.202102244 0.122203074 0.016082240 0.075400509 0.989506185
1341846326.560211 -0.033840392 0.212293580 0.208236843 0.117149010 0.019958034 0.075571641 0.990033686
1341846326.591828 -0.039035972 0.217668653 0.209091052 0.113903336 0.022598961 0.076791294 0.990261793
1341846326.627027 -0.033688165 0.229250520 0.211795047 0.113761537 0.023555664 0.076594718 0.990271032
1341846326.658442 -0.037222378 0.246211588 0.204168424 0.111967206 0.027447047 0.073481113 0.990611196
1341846326.694856 -0.046531979 0.259045005 0.210808516 0.108696893 0.031540044 0.074153565 0.990803421
1341846326.726206 -0.046353269 0.272624254 0.205458015 0.103127800 0.032320671 0.072857693 0.991469502
1341846326.762753 -0.038821965 0.290879577 0.208242640 0.097557224 0.034558754 0.070183352 0.992150486
1341846326.826821 -0.044090133 0.321408510 0.220256120 0.083200417 0.040820677 0.065342218 0.993550062
1341846326.858887 -0.046500877 0.322314709 0.232848927 0.074598335 0.042574253 0.062392194 0.994348884
1341846326.895360 -0.051719807 0.315450698 0.243176937 0.072009541 0.042603493 0.065186106 0.994359255
1341846326.926897 -0.057381518 0.324676722 0.243807241 0.074304290 0.039839841 0.066111431 0.994243920
1341846326.958888 -0.048097119 0.340804070 0.244509906 0.077519350 0.036297113 0.070213832 0.993852735
1341846326.994594 -0.040587798 0.354609013 0.241963595 0.078310445 0.035887148 0.072533615 0.993638992
1341846327.026301 -0.043440852 0.368258327 0.240737170 0.076457582 0.037697509 0.070809916 0.993840575
1341846327.063945 -0.039051689 0.371874452 0.245341226 0.073124819 0.039679058 0.068035796 0.994207978
1341846327.094662 -0.045174867 0.382477462 0.251425564 0.073033564 0.042670514 0.065087944 0.994288146
1341846327.128901 -0.045134917 0.393249869 0.257793367 0.072408780 0.042564277 0.064210415 0.994395435
1341846327.161940 -0.042843491 0.406473815 0.256359518 0.071476445 0.041124649 0.063728064 0.994554460
1341846327.193867 -0.017440693 0.409173518 0.281360030 0.070122436 0.040304888 0.063866310 0.994675577
1341846327.229885 -0.034390636 0.424423009 0.264633805 0.071237266 0.045476593 0.060191851 0.994602442
1341846327.262014 -0.047226597 0.438902318 0.232036397 0.070239455 0.051339060 0.055080853 0.994684279
1341846327.294023 -0.097435571 0.445040524 0.227205902 0.073897846 0.071674429 0.047856752 0.993534923
1341846327.330015 -0.151579067 0.439026833 0.232834488 0.072110042 0.092798650 0.044410255 0.992076755
1341846327.361939 -0.181393594 0.447598726 0.236025661 0.069003202 0.102024712 0.037251301 0.991686344
1341846327.393887 -0.219106466 0.450790405 0.236219227 0.066648655 0.110396788 0.029280744 0.991217971
1341846327.429966 -0.107019544 0.529179037 0.261115432 0.073576339 0.091342956 0.035371825 0.992467523
1341846327.461965 -0.076095879 0.543541193 0.272326499 0.065619960 0.080855995 0.034733262 0.993956685
1341846327.497931 -0.060616575 0.542305529 0.269530177 0.060796253 0.076898940 0.032913983 0.994639158
1341846327.530068 -0.074378744 0.543473184 0.272157758 0.056714173 0.079516113 0.035923894 0.994570374
1341846327.561895 -0.071236268 0.542157054 0.268107414 0.054274630 0.075914212 0.042386245 0.994733453
1341846327.598010 -0.113323018 0.522721291 0.271835238 0.051625434 0.080256231 0.048221488 0.994267762
1341846327.629945 -0.159246594 0.519826472 0.262518138 0.049117830 0.082381889 0.046948358 0.994281888
1341846327.662003 -0.224144071 0.511656225 0.286108583 0.046819162 0.091555573 0.041904446 0.993815660
1341846327.697919 -0.282868117 0.513919175 0.284445167 0.047186915 0.100238755 0.039966658 0.993039906
1341846327.730075 -0.329197526 0.528160393 0.289216936 0.043565691 0.106634609 0.038964633 0.992578924
1341846327.766017 -0.389729232 0.531071663 0.307493091 0.038671203 0.116920151 0.040218867 0.991572797
1341846327.797917 -0.444563657 0.544047475 0.308301568 0.034073140 0.124650560 0.040136352 0.990802884
1341846327.830054 -0.497636586 0.549167097 0.331116617 0.027613992 0.134062484 0.040267888 0.989769280
1341846327.865944 -0.537538767 0.551987946 0.358432651 0.023247667 0.144171253 0.038847923 0.988516569
1341846327.898010 -0.572015584 0.572176039 0.367752850 0.022332627 0.150895119 0.037731670 0.987576962
1341846327.929991 -0.578944862 0.582562268 0.374602258 0.017949678 0.151015922 0.034610637 0.987762153
1341846327.966065 -0.574529886 0.596576631 0.366670519 0.015170346 0.150042281 0.031671334 0.988055706
1341846327.998073 -0.601888120 0.595390499 0.396583408 0.009497763 0.156841829 0.032549318 0.987041533
1341846328.034045 -0.615600646 0.608794570 0.393681943 0.002725981 0.160810485 0.025747297 0.986645639
1341846328.065993 -0.618176460 0.609827697 0.406838655 -0.001761624 0.162914023 0.027102502 0.986266375
1341846328.098045 -0.601187825 0.589976728 0.400849760 -0.004248716 0.160039276 0.032853834 0.986554623
1341846328.133967 -0.606001735 0.601473749 0.400642693 0.001446343 0.159164310 0.036133468 0.986589611
1341846328.166023 -0.615579665 0.583685458 0.391076624 -0.003280618 0.157138914 0.036089394 0.986911416
1341846328.198018 -0.610020936 0.563003123 0.387518317 -0.005986157 0.153141573 0.034397833 0.987587273
1341846328.234044 -0.601254940 0.541086793 0.374975771 -0.005713846 0.149030551 0.036084231 0.988157451
1341846328.265899 -0.587854266 0.539559901 0.373248816 -0.002560405 0.144735098 0.037767235 0.988746107
1341846328.302051 -0.536322057 0.518191516 0.353634238 -0.001364025 0.135278895 0.043191172 0.989864767
1341846328.333917 -0.538451433 0.517788231 0.356997371 0.004600791 0.135440841 0.046904944 0.989663839
1341846328.366008 -0.526726902 0.495825857 0.358428955 0.008173265 0.132790729 0.045141235 0.990081847
1341846328.402010 -0.506226659 0.490183711 0.350539714 0.022373728 0.130940571 0.052173104 0.989763558
1341846328.433920 -0.495617062 0.501272440 0.344095170 0.028855113 0.126388058 0.051892210 0.990202308
1341846328.470003 -0.477457970 0.495169103 0.363327503 0.029904049 0.122246087 0.046832372 0.990943193
1341846328.502194 -0.484881222 0.502821028 0.354075164 0.038693957 0.125878468 0.036289286 0.990626276
1341846328.534033 -0.536177397 0.497009039 0.360311210 0.043096494 0.137895331 0.030911507 0.989025831
1341846328.570125 -0.560875654 0.463305891 0.358049333 0.043004107 0.143008128 0.030818194 0.988306403
1341846328.602804 -0.579743147 0.429305732 0.369897217 0.046634454 0.140791774 0.033479523 0.988373458
1341846328.672663 -0.568057358 0.364364177 0.318925768 0.050951291 0.126416788 0.029144719 0.990239024
1341846328.702975 -0.589917719 0.348264039 0.335698903 0.053784572 0.128289565 0.024508817 0.989973903
1341846328.770129 -0.572883129 0.304913342 0.310789555 0.059771203 0.122645922 0.021772318 0.990409672
1341846328.802331 -0.575863957 0.308958769 0.317665875 0.064996950 0.120560355 0.019108264 0.990391612
1341846328.838051 -0.574569464 0.302368283 0.306015879 0.070221588 0.118569054 0.016461503 0.990322828
1341846328.869939 -0.579991162 0.298669875 0.298210144 0.068584517 0.118120626 0.016724883 0.990486741
1341846328.904486 -0.593980789 0.290843427 0.305998683 0.065794818 0.117511839 0.017100887 0.990741909
1341846328.939814 -0.566571295 0.290554702 0.307262540 0.073343061 0.110637143 0.016494419 0.991013706
1341846328.970217 -0.573256910 0.244321734 0.288202524 0.069877416 0.109823830 0.019498937 0.991299987
1341846329.006232 -0.566051364 0.243527412 0.292349935 0.072771005 0.106527336 0.023723355 0.991359413
1341846329.038243 -0.558154285 0.209545463 0.285476625 0.074051484 0.104841821 0.026137868 0.991383553
1341846329.106125 -0.545194626 0.193119928 0.260554790 0.074716538 0.101856492 0.024370668 0.991689861
1341846329.138340 -0.539694786 0.172908381 0.257782966 0.075573884 0.100298457 0.021912156 0.991841078
1341846329.169991 -0.537783802 0.176077887 0.256714672 0.078241743 0.098951109 0.020844730 0.991792560
1341846329.208656 -0.559466422 0.182467282 0.260618031 0.080522709 0.102190502 0.017927563 0.991338372
1341846329.238169 -0.554571986 0.170404017 0.256181568 0.078189738 0.100636661 0.019858137 0.991647243
1341846329.273827 -0.551164210 0.161463812 0.254231334 0.077274576 0.099105723 0.020826377 0.991853297
1341846329.306052 -0.552137554 0.156718642 0.244014561 0.077676654 0.096806355 0.018644091 0.992092371
1341846329.338104 -0.556472600 0.155536085 0.248985529 0.073403694 0.096060485 0.014720682 0.992556095
1341846329.373907 -0.552945614 0.138005495 0.243724197 0.070124224 0.094707556 0.014983593 0.992919207
1341846329.405985 -0.554772437 0.131329104 0.241372079 0.071873508 0.093675651 0.011869202 0.992934108
1341846329.442057 -0.561894596 0.124601237 0.238936126 0.070193946 0.094373763 0.007889612 0.993027747
1341846329.473950 -0.554413617 0.114396676 0.240494937 0.068983950 0.091701746 0.002976220 0.993389666
1341846329.506147 -0.548601270 0.095562860 0.233199582 0.066161588 0.088749893 0.001767650 0.993852556
1341846329.542121 -0.564850152 0.092220843 0.225518048 0.066539243 0.087898411 0.000007162 0.993904650
1341846329.574086 -0.566699684 0.091470309 0.225881994 0.071321666 0.086558819 -0.003292617 0.993685067
1341846329.606387 -0.575178504 0.067139208 0.215299264 0.069588602 0.087492108 -0.004657660 0.993720710
1341846329.641955 -0.561920524 0.069135733 0.207826093 0.070871070 0.083502643 -0.002657988 0.993980646
1341846329.681570 -0.568244576 0.056163847 0.211352885 0.069628693 0.081542619 -0.002769789 0.994230807
1341846329.748113 -0.560493290 0.053547941 0.213247970 0.072126500 0.080769353 -0.005840719 0.994102597
1341846329.810175 -0.561234534 0.022848805 0.212784857 0.069591224 0.083864160 -0.001045462 0.994043648
1341846329.842255 -0.560266376 0.012177099 0.214874446 0.070889533 0.083663665 0.002227204 0.993966877
1341846329.874044 -0.558962762 0.005621376 0.215261698 0.072805747 0.083165474 0.006116217 0.993853807
1341846329.910073 -0.562258899 0.012254896 0.211905032 0.074054129 0.083015166 0.007611976 0.993763804
1341846329.942009 -0.567151785 0.014159454 0.217155278 0.070773676 0.083416812 0.013701449 0.993903935
1341846329.978087 -0.568118811 -0.012891389 0.208144724 0.067884728 0.083046705 0.014621356 0.994123280
1341846330.016305 -0.564086139 -0.003367306 0.203275025 0.070432082 0.083791465 0.011776488 0.993921399
1341846330.048192 -0.567753732 -0.001861743 0.202741712 0.066507898 0.084958337 0.014916211 0.994050443
1341846330.080418 -0.568205595 -0.020680176 0.202723324 0.061837744 0.085162647 0.016827427 0.994303942
1341846330.115886 -0.567193627 -0.035761721 0.199315876 0.064406626 0.086426802 0.017255815 0.994024336
1341846330.147839 -0.573307037 -0.019279445 0.196496233 0.067791536 0.086913779 0.019061737 0.993723750
1341846330.181257 -0.573371649 -0.004092638 0.195412248 0.064374730 0.086344622 0.022383325 0.993931293
1341846330.215852 -0.564035475 -0.034562133 0.201084912 0.055214588 0.086104751 0.023059275 0.994487584
1341846330.247833 -0.567267179 -0.041072834 0.201370448 0.052816898 0.086660624 0.022392644 0.994584799
1341846330.283913 -0.579366922 -0.014678049 0.194568992 0.051968955 0.087585293 0.022614695 0.994543374
1341846330.316011 -0.583809137 -0.030178312 0.197668672 0.044995155 0.087393075 0.023325117 0.994883776
1341846330.347868 -0.586736858 -0.043975685 0.194942430 0.041719172 0.085879460 0.022571592 0.995175719
1341846330.383835 -0.581295729 -0.045376118 0.191629529 0.039974287 0.084834881 0.023115085 0.995324433
1341846330.415934 -0.582978427 -0.062950574 0.196547061 0.038197517 0.086064823 0.020988284 0.995335758
1341846330.452561 -0.586787820 -0.069515139 0.195793912 0.040356211 0.085758701 0.019117311 0.995314658
1341846330.483903 -0.590543807 -0.056260824 0.198548913 0.042071559 0.084141470 0.021664398 0.995329499
1341846330.515970 -0.588659763 -0.073956370 0.184949517 0.039917890 0.080962792 0.027068911 0.995549500
1341846330.552099 -0.586282670 -0.078130096 0.181858957 0.041130301 0.079520561 0.028846251 0.995566487
1341846330.583876 -0.591222465 -0.065646186 0.178905264 0.041698977 0.079488389 0.028858228 0.995545030
1341846330.619992 -0.601312995 -0.056738801 0.178262219 0.037975550 0.079241760 0.028045835 0.995736897
1341846330.652136 -0.596765995 -0.064630069 0.176905632 0.031077946 0.077176802 0.026793227 0.996172667
1341846330.683796 -0.597994506 -0.072142161 0.175252661 0.025571549 0.077208586 0.027093923 0.996318638
1341846330.719991 -0.607819915 -0.086676195 0.173081368 0.022303538 0.075887486 0.029071081 0.996442914
1341846330.752103 -0.609900653 -0.089866079 0.168488085 0.024630265 0.071582079 0.033001751 0.996584296
1341846330.787952 -0.618344486 -0.086903378 0.160199195 0.026010942 0.067296728 0.037177064 0.996700764
1341846330.819823 -0.615403950 -0.085896693 0.162411466 0.025796285 0.062679879 0.037688185 0.996988118
1341846330.852208 -0.616513968 -0.079812549 0.155686736 0.025425490 0.060864061 0.038225126 0.997089684
1341846330.914111 -0.621699572 -0.062035102 0.151072860 0.017935464 0.057847660 0.039269991 0.997391462
1341846330.949903 -0.634426653 -0.076629281 0.146430477 0.013955153 0.058094576 0.039129991 0.997446239
1341846330.981986 -0.643958807 -0.077658221 0.138875812 0.014596013 0.054429606 0.039090168 0.997645378
1341846331.014111 -0.637772143 -0.073249176 0.140328109 0.014611254 0.049517337 0.040539164 0.997843206
1341846331.082139 -0.639783263 -0.074866332 0.134165972 0.016096648 0.046618745 0.037061099 0.998095214
1341846331.114334 -0.636463344 -0.073222205 0.136401922 0.015783163 0.043759041 0.036815591 0.998238742
1341846331.149989 -0.630237877 -0.076542646 0.142498955 0.015871052 0.042271968 0.035739012 0.998340607
1341846331.181954 -0.637087822 -0.076661766 0.135670245 0.018961009 0.042559307 0.033884820 0.998339117
1341846331.218151 -0.642663240 -0.064667001 0.125585496 0.019205377 0.039117124 0.036145378 0.998395979
1341846331.249914 -0.632058501 -0.073656768 0.133765668 0.016450970 0.037162621 0.033333194 0.998617649
1341846331.318141 -0.624774337 -0.072246000 0.133372888 0.026713267 0.046149783 0.029104944 0.998153031
1341846331.349926 -0.627171814 -0.070448175 0.125943810 0.025732731 0.049139425 0.027187739 0.998090148
1341846331.382003 -0.610460758 -0.090797089 0.112256132 0.026916521 0.055411059 0.025165966 0.997783422
1341846331.418008 -0.599995732 -0.075995505 0.130113959 0.035211608 0.063518055 0.026860196 0.996997535
1341846331.450327 -0.613070846 -0.071083874 0.149583459 0.037001748 0.070199102 0.025149046 0.996529222
1341846331.486219 -0.610527217 -0.066947751 0.152982116 0.037230808 0.071410745 0.028317505 0.996349573
1341846331.518344 -0.595384896 -0.071528986 0.154171765 0.035411399 0.070948742 0.027425507 0.996473849
1341846331.550202 -0.586112440 -0.078514032 0.164087802 0.037262127 0.075123698 0.026312679 0.996130347
1341846331.586139 -0.596325576 -0.066415712 0.168683767 0.039988320 0.077156961 0.026484776 0.995864630
1341846331.617931 -0.591754854 -0.061248969 0.176854044 0.039510850 0.077195331 0.026246408 0.995886981
1341846331.654027 -0.575807214 -0.070515454 0.180181712 0.039513890 0.078371502 0.027341200 0.995765567
1341846331.686123 -0.586179912 -0.057896931 0.188708052 0.042819045 0.082283594 0.028858783 0.995270371
1341846331.717954 -0.591524184 -0.044407666 0.195330665 0.040686950 0.081782699 0.028880652 0.995400429
1341846331.754076 -0.572941184 -0.061567646 0.205738842 0.037092179 0.080974691 0.028333504 0.995622635
1341846331.785920 -0.574181974 -0.061040893 0.212827861 0.040025566 0.084308028 0.026326582 0.995287418
1341846331.818053 -0.577243090 -0.049277056 0.225147039 0.041080631 0.086319879 0.026574181 0.995065331
1341846331.853849 -0.573150754 -0.058582094 0.231641471 0.038989004 0.086275384 0.026460435 0.995156407
1341846331.885987 -0.566950738 -0.056306418 0.240684539 0.042002428 0.088768348 0.023103023 0.994898081
1341846331.922014 -0.566061020 -0.048615757 0.250542670 0.044079825 0.091753341 0.022494381 0.994551301
1341846331.954037 -0.560515046 -0.048686530 0.256394416 0.044022378 0.094366588 0.022923682 0.994299531
1341846331.986135 -0.550911367 -0.060130738 0.263434082 0.045670494 0.099216737 0.023629801 0.993736327
1341846332.022364 -0.560374796 -0.067803040 0.279793620 0.051721141 0.105253652 0.022769596 0.992838383
1341846332.054175 -0.558252752 -0.059786312 0.296266764 0.058757298 0.104990028 0.024845377 0.992425025
1341846332.086502 -0.555228055 -0.054498956 0.305665791 0.062162966 0.105180591 0.026163012 0.992163420
1341846332.122051 -0.554959536 -0.049369901 0.317799926 0.064055361 0.106362469 0.024575546 0.991957664
1341846332.153983 -0.559387088 -0.019975869 0.356173068 0.065010920 0.107393131 0.020105412 0.991885126
1341846332.190165 -0.557486236 -0.030491343 0.346913248 0.056998104 0.104656182 0.021501793 0.992640913
1341846332.254145 -0.550216019 -0.051818110 0.372567028 0.055310022 0.104754776 0.019350994 0.992770255
1341846332.289948 -0.551613033 -0.047527093 0.383300662 0.057607349 0.104803711 0.020861004 0.992603838
1341846332.322172 -0.546617448 -0.047529843 0.399909675 0.058806580 0.103875563 0.022895005 0.992586255
1341846332.354003 -0.546247065 -0.051825810 0.401809156 0.060906019 0.106396809 0.019452887 0.992265940
1341846332.390180 -0.542670965 -0.036743693 0.410474807 0.063182607 0.110546090 0.016526274 0.991722941
1341846332.422055 -0.540840864 -0.034865640 0.426882505 0.061084069 0.112691343 0.013605013 0.991657376
1341846332.458114 -0.534753084 -0.041546211 0.432017684 0.059442565 0.114800103 0.009675281 0.991561353
1341846332.489993 -0.537298203 -0.035718776 0.447957605 0.060960557 0.116792291 0.011924929 0.991211951
1341846332.522130 -0.551317453 -0.024572462 0.486555338 0.062210958 0.115880452 0.014592974 0.991205573
1341846332.558114 -0.555949390 -0.025488894 0.489093363 0.062710017 0.111633189 0.019307092 0.991580904
1341846332.589874 -0.540165484 -0.014389779 0.489538074 0.063878052 0.106970400 0.025193600 0.991888225
1341846332.621889 -0.537240624 -0.007630043 0.496842712 0.059982896 0.107094280 0.027308578 0.992062032
1341846332.658202 -0.517274141 -0.019336540 0.489841729 0.054936092 0.104739517 0.029482892 0.992543399
1341846332.690001 -0.507041514 -0.007514425 0.538506269 0.054389581 0.106481485 0.030119656 0.992368996
1341846332.726000 -0.518944085 -0.010932554 0.551153600 0.053396463 0.107582301 0.031744421 0.992253542
1341846332.758386 -0.515777707 -0.010340963 0.548223197 0.053944919 0.104781061 0.032474805 0.992500007
1341846332.789937 -0.512555599 -0.006491929 0.539695621 0.052911624 0.105677366 0.030884670 0.992511392
1341846332.825925 -0.514845788 -0.009857345 0.545008481 0.050064147 0.108449869 0.029050028 0.992415428
1341846332.857898 -0.524550736 -0.010823123 0.549460649 0.050731815 0.111392066 0.026670871 0.992122352
1341846332.894069 -0.485533535 0.005168788 0.572759867 0.052846752 0.106152922 0.032747801 0.992404342
1341846332.926029 -0.478318423 0.006817646 0.573633432 0.048907302 0.106079243 0.030953169 0.992671728
1341846332.958015 -0.472406864 0.009125445 0.588308454 0.045850251 0.108446106 0.028318994 0.992640555
1341846332.994073 -0.479101241 0.016198695 0.603836417 0.043210980 0.111723125 0.025979890 0.992459476
1341846333.026545 -0.473721802 0.016634628 0.607549191 0.040182680 0.112750225 0.023026891 0.992543459
1341846333.057998 -0.456446588 0.014246859 0.606457114 0.039144125 0.112319730 0.026093436 0.992557883
1341846333.094024 -0.450207293 0.016010825 0.619717121 0.040139131 0.113604181 0.029215379 0.992284954
1341846333.126095 -0.455640942 0.019463249 0.616798937 0.040518127 0.116795965 0.029587202 0.991887867
1341846333.161973 -0.452173144 0.026771188 0.622450888 0.039973490 0.119837724 0.031209078 0.991497338
1341846333.195660 -0.448728859 0.023292590 0.633976877 0.036831211 0.121731356 0.033762574 0.991304696
1341846333.226331 -0.443754405 0.027899399 0.636271060 0.036158342 0.121769004 0.032984398 0.991351068
1341846333.262056 -0.441820592 0.039710216 0.642865360 0.034340542 0.122418299 0.031527612 0.991383135
1341846333.294147 -0.441750586 0.032121431 0.651237726 0.029504299 0.122802407 0.030714767 0.991516829
1341846333.326100 -0.439614654 0.032813460 0.651256621 0.027724732 0.121573932 0.029349850 0.991760910
1341846333.362100 -0.435665131 0.042141404 0.651635706 0.025618959 0.120352663 0.028664732 0.991986513
1341846333.394119 -0.434258074 0.038341958 0.655647933 0.021722332 0.119019054 0.028398111 0.992247999
1341846333.429974 -0.453780532 0.029873528 0.658339679 0.018581923 0.120976880 0.026752861 0.992120743
1341846333.462115 -0.427854031 0.033842068 0.660326719 0.020334834 0.117289521 0.028018739 0.992494106
1341846333.494040 -0.440901160 0.026781533 0.643895388 0.019696537 0.118344426 0.026249930 0.992430151
1341846333.529953 -0.417550057 0.040763840 0.668830216 0.022337023 0.118927635 0.025792923 0.992316484
1341846333.562063 -0.433054090 0.039348710 0.657575607 0.023400152 0.122330718 0.027605981 0.991829395
1341846333.594090 -0.443473518 0.047882576 0.658844471 0.022473861 0.122414768 0.026722569 0.991864622
1341846333.629994 -0.425734282 0.056091070 0.670925140 0.020991839 0.118482240 0.027741622 0.992346525
1341846333.662127 -0.419445813 0.054154240 0.669191837 0.017553732 0.116517812 0.027783941 0.992644668
1341846333.697964 -0.430257022 0.041030418 0.663567424 0.014057284 0.117544211 0.028047089 0.992571950
1341846333.730092 -0.433388412 0.036360219 0.660269558 0.015720202 0.118240438 0.029028114 0.992436111
1341846333.762089 -0.427044034 0.042070225 0.659609795 0.018274805 0.118201576 0.030123565 0.992364347
1341846333.798006 -0.428928196 0.040067051 0.657150149 0.019598190 0.118908539 0.029252842 0.992280662
1341846333.830055 -0.428820312 0.039149985 0.651295125 0.021785388 0.119985335 0.027313350 0.992160738
1341846333.866045 -0.433544636 0.040226251 0.647861004 0.022981392 0.121591404 0.025909131 0.991975844
1341846333.897987 -0.438212782 0.035129502 0.645852864 0.023820277 0.122057930 0.024770070 0.991927862
1341846333.930099 -0.438207686 0.032291934 0.640275478 0.026336333 0.122770220 0.023600155 0.991804838
1341846333.965889 -0.442091584 0.033155359 0.633458912 0.028864315 0.123899683 0.022729782 0.991614342
1341846333.997985 -0.442087412 0.028026605 0.627167106 0.030831667 0.124337994 0.022907827 0.991496205
1341846334.030076 -0.445843101 0.030005958 0.621936560 0.034232069 0.125788689 0.023204515 0.991194665
1341846334.066000 -0.451674402 0.028030995 0.616997480 0.035900433 0.125890419 0.024364226 0.991094947
1341846334.097932 -0.453192413 0.028727006 0.610216975 0.037971489 0.125729725 0.023748299 0.991053104
1341846334.133884 -0.459845424 0.026113033 0.604828954 0.039161436 0.127244920 0.024051694 0.990806043
1341846334.166115 -0.467431664 0.026481066 0.602249026 0.039618339 0.126574486 0.024636289 0.990859389
1341846334.198072 -0.472603202 0.024262052 0.592815101 0.039756827 0.125254393 0.023724733 0.991043806
1341846334.234097 -0.470154881 0.029336121 0.588742018 0.040757902 0.125111461 0.022127403 0.991058171
1341846334.266045 -0.475731879 0.024935249 0.582213581 0.040219828 0.126879156 0.022901881 0.990837812
1341846334.297946 -0.489050299 0.022606056 0.571239889 0.041701559 0.125556678 0.023990069 0.990919232
1341846334.334036 -0.501765668 0.027066134 0.571273804 0.042920120 0.125613421 0.023192422 0.990878999
1341846334.365871 -0.491947591 0.029034588 0.558340073 0.042108875 0.123977445 0.022378810 0.991138518
1341846334.401845 -0.495250612 0.027439874 0.551446915 0.040432721 0.124735974 0.021458503 0.991133511
1341846334.433864 -0.502803206 0.021608626 0.545612276 0.039989170 0.124023303 0.022846462 0.991209924
1341846334.466105 -0.508422375 0.025928121 0.537781119 0.041267708 0.122858450 0.022682037 0.991306365
1341846334.502142 -0.513796329 0.028338553 0.531730294 0.040309772 0.121764153 0.024083536 0.991447687
1341846334.540153 -0.516400218 0.023960557 0.525900364 0.039226875 0.120337404 0.022978358 0.991691589
1341846334.602351 -0.529972434 0.032316063 0.509845555 0.034595720 0.117519192 0.016293034 0.992334068
1341846334.670161 -0.536871791 0.028835624 0.496433258 0.028649148 0.115051404 0.009977177 0.992896199
1341846334.702085 -0.545489788 0.024119779 0.489324391 0.026977487 0.113442287 0.010347283 0.993124366
1341846334.734751 -0.548995733 0.022595966 0.479549438 0.027266288 0.110910363 0.011407221 0.993390858
1341846334.770889 -0.553854465 0.018603357 0.470283747 0.027193066 0.109455690 0.014404668 0.993515253
1341846334.802194 -0.563422918 0.020088755 0.461338222 0.027037395 0.107421584 0.015492477 0.993725121
1341846334.833908 -0.563311577 0.022507841 0.452690005 0.026598301 0.105384827 0.013976799 0.993977487
1341846334.869874 -0.568346858 0.022514075 0.441347897 0.024772283 0.104916051 0.014646216 0.994064629
1341846334.902006 -0.577974796 0.021447565 0.437036455 0.023290483 0.104097269 0.014785293 0.994184434
1341846334.938010 -0.581443608 0.021035694 0.430729508 0.022841953 0.100838222 0.014510540 0.994534731
1341846334.970032 -0.577203095 0.017884178 0.420649767 0.022272987 0.099265441 0.013577200 0.994719028
1341846335.002203 -0.583659887 0.013887477 0.412017643 0.023602292 0.099942401 0.014885899 0.994601846
1341846335.037880 -0.596613884 0.013897222 0.377197802 0.026224056 0.096503481 0.017714335 0.994829416
1341846335.069990 -0.595928431 0.015453145 0.367986381 0.026469842 0.093288332 0.018259678 0.995119691
1341846335.106038 -0.595295906 0.012501251 0.357279927 0.026327707 0.094145700 0.016273512 0.995077193
1341846335.138045 -0.603969872 0.010958487 0.356135964 0.027803570 0.095666528 0.015186367 0.994909167
1341846335.169900 -0.615784287 0.014827568 0.344729036 0.028297849 0.093728721 0.015449838 0.995075583
1341846335.206091 -0.614043236 0.014834102 0.333426774 0.027405310 0.091427490 0.012909187 0.995350838
1341846335.239365 -0.613165021 0.010109931 0.323677003 0.026719995 0.092235215 0.010177177 0.995326638
1341846335.269948 -0.619059324 0.007401560 0.316237569 0.027982902 0.093775883 0.009107227 0.995158315
1341846335.305972 -0.628796339 0.006828920 0.305571675 0.029831827 0.092688039 0.010528739 0.995192528
1341846335.338012 -0.626306057 0.005578862 0.296605974 0.031566340 0.090951703 0.010611302 0.995298326
1341846335.374005 -0.622183263 -0.002919156 0.287061930 0.035748702 0.092490770 0.010265087 0.995018661
1341846335.406025 -0.626691341 -0.001526429 0.279133439 0.042676430 0.094953038 0.011676290 0.994498014
1341846335.438079 -0.631383896 0.006284408 0.265150011 0.048575461 0.095824644 0.014827565 0.994101703
1341846335.473998 -0.631508410 0.011092937 0.255266041 0.051040508 0.097265981 0.015866531 0.993822157
1341846335.507038 -0.636580408 0.017987497 0.249213099 0.052589189 0.100194305 0.013073489 0.993491113
1341846335.538040 -0.643920422 0.020818032 0.241942823 0.051780406 0.102785259 0.011271053 0.993290961
1341846335.574119 -0.649000466 0.025506860 0.233977705 0.049636669 0.102769725 0.012327891 0.993389487
1341846335.605970 -0.651842535 0.016859133 0.228231311 0.047413342 0.102021605 0.011635108 0.993583560
1341846335.641978 -0.652716219 0.020366136 0.218473107 0.048831105 0.103340432 0.008083203 0.993413806
1341846335.673993 -0.656223536 0.021218035 0.209560663 0.048269380 0.103629567 0.008761561 0.993405342
1341846335.706178 -0.665298223 0.019246664 0.197241664 0.047552679 0.102790013 0.009658383 0.993518829
1341846335.741982 -0.659619868 0.017135520 0.178137034 0.047609497 0.101627775 0.008875128 0.993642986
1341846335.773960 -0.669561863 0.021149233 0.174338609 0.048048280 0.102928363 0.008110308 0.993494511
1341846335.806271 -0.665104389 0.026836218 0.150033742 0.045952708 0.100586809 0.010419313 0.993811846
1341846335.842031 -0.667900085 0.020962762 0.139225215 0.043484241 0.101683520 0.011321309 0.993801534
1341846335.873966 -0.670216501 0.021844922 0.133961096 0.044576336 0.103252240 0.009780616 0.993607700
1341846335.910005 -0.681544781 0.022080408 0.127065226 0.044060972 0.103730485 0.011991282 0.993556619
1341846335.941936 -0.684967935 0.021285087 0.116344243 0.043054476 0.101727478 0.012833210 0.993797302
1341846335.974198 -0.687183440 0.024489680 0.104779169 0.043028831 0.100930192 0.010249964 0.993909717
1341846336.010032 -0.692020893 0.024720354 0.096667796 0.042614304 0.101063117 0.008789886 0.993928075
1341846336.042129 -0.698348045 0.024044430 0.085119262 0.041647218 0.099710710 0.009932996 0.994094849
1341846336.078076 -0.700824857 0.021076612 0.077384710 0.041319158 0.097891033 0.009039829 0.994297922
1341846336.110739 -0.708024979 0.025325380 0.071112186 0.042106021 0.097936898 0.007328334 0.994274497
1341846336.142002 -0.710864961 0.022973035 0.059981555 0.041641768 0.097421728 0.009670059 0.994324625
1341846336.183953 -0.724978507 0.028740825 0.044618092 0.041830663 0.095854066 0.009832093 0.994467497
1341846336.241891 -0.727632284 0.028397167 0.045614980 0.039844066 0.095042117 0.009028652 0.994634569
1341846336.277946 -0.741058350 0.021542462 0.042259268 0.040009867 0.096179038 0.010834801 0.994500577
1341846336.309977 -0.736177623 0.019743461 0.006949201 0.042542621 0.092662998 0.013985475 0.994689941
1341846336.346143 -0.746789336 0.022875315 0.015763193 0.044890556 0.092350625 0.013894194 0.994617105
1341846336.377975 -0.736501694 0.026118733 -0.025732413 0.045240585 0.091080248 0.015250015 0.994698524
1341846336.410032 -0.753416777 0.028687038 -0.004181549 0.046773758 0.093262106 0.013728737 0.994447529
1341846336.446041 -0.753196239 0.031156896 -0.038597047 0.045843117 0.091700695 0.016480414 0.994594276
1341846336.477990 -0.750862956 0.023259014 -0.061496571 0.043488193 0.090167448 0.017341305 0.994825542
1341846336.510056 -0.748326361 0.031389251 -0.055804297 0.044931401 0.090404093 0.019033909 0.994709015
1341846336.546024 -0.742753386 0.034078117 -0.059814021 0.046411343 0.089311659 0.021323793 0.994693279
1341846336.578003 -0.741439819 0.035200879 -0.068423688 0.045947716 0.088455901 0.022931486 0.994755507
1341846336.614020 -0.743813455 0.040211022 -0.074687600 0.045668591 0.089395247 0.022044495 0.994704425
1341846336.645982 -0.727232218 0.041545630 -0.068712607 0.044491567 0.087164946 0.023101313 0.994931698
1341846336.678036 -0.747761488 0.040310442 -0.074752256 0.042428356 0.087788083 0.024028491 0.994945049
1341846336.714024 -0.748942375 0.036996592 -0.067155823 0.044070814 0.086168073 0.023935437 0.995017529
1341846336.746016 -0.763302743 0.033066910 -0.065129146 0.047645070 0.085641265 0.025133338 0.994868755
1341846336.778014 -0.766325235 0.037236683 -0.078615382 0.050740454 0.081561685 0.028781859 0.994959652
1341846336.820006 -0.752723575 0.047704026 -0.085780226 0.052371603 0.076451510 0.030698691 0.995223582
1341846336.882056 -0.745643675 0.041919526 -0.093385264 0.054037292 0.071896903 0.030596230 0.995477080
1341846336.914273 -0.777680874 0.026982116 -0.090308629 0.055278026 0.072429396 0.033483189 0.995277464
1341846336.945998 -0.762242734 0.016848698 -0.098166205 0.059980500 0.063111573 0.036715277 0.995525599
1341846336.981980 -0.725719392 0.015068812 -0.123690672 0.061258841 0.054403834 0.031619921 0.996136367
1341846337.014238 -0.665743828 0.035880059 -0.122388072 0.061180878 0.043005131 0.026958197 0.996835351
1341846337.046017 -0.479194134 0.070541561 -0.132024348 0.063148424 0.015920548 0.018549640 0.997704744
1341846337.082104 -0.478737772 0.099599168 -0.117024243 0.066980623 0.015978491 0.013653746 0.997532904
1341846337.114317 -0.529118717 0.065962374 -0.132106662 0.059701446 0.020473849 0.014828762 0.997896135
1341846337.150037 -0.489767611 0.072756290 -0.132105887 0.059197996 0.013128285 0.013094983 0.998073995
1341846337.181873 -0.454080433 0.088876329 -0.122627340 0.061167318 0.009321854 0.008194196 0.998050332
1341846337.214073 -0.420215666 0.094586715 -0.132439435 0.059475813 0.005866641 0.006253114 0.998192906
1341846337.250087 -0.405030727 0.101545587 -0.113584146 0.058535442 0.003641392 0.005507090 0.998263538
1341846337.282028 -0.370678633 0.106829576 -0.123481631 0.060722765 -0.005975233 0.008037433 0.998104453
1341846337.317920 -0.354326010 0.103784442 -0.120380431 0.059233978 -0.008230993 0.009162388 0.998168111
1341846337.350018 -0.333025992 0.109458134 -0.120102331 0.058506235 -0.010775216 0.007274204 0.998202384
1341846337.382159 -0.319243401 0.105346300 -0.114494212 0.055363353 -0.011862300 0.004237469 0.998386800
1341846337.417941 -0.311311662 0.105454996 -0.120817602 0.056915380 -0.012922943 0.006928072 0.998271286
1341846337.450137 -0.436986476 0.095791966 -0.147353068 0.055108063 0.000207750 0.011271181 0.998416781
1341846337.482096 -0.433113337 0.100401461 -0.134664744 0.054131169 0.000155543 0.011942549 0.998462379
1341846337.518008 -0.430479646 0.085801475 -0.139196381 0.052765179 -0.000809042 0.012455672 0.998528898
1341846337.549978 -0.428916425 0.092622533 -0.147783190 0.053372908 -0.001914297 0.010571440 0.998516858
1341846337.585971 -0.428347170 0.092534468 -0.144618079 0.051674213 -0.002482421 0.009941419 0.998611450
1341846337.617903 -0.421886981 0.074720345 -0.136217758 0.051951867 -0.003835663 0.012369427 0.998565614
1341846337.650141 -0.427940547 0.108997881 -0.141225845 0.058604412 -0.003387687 0.010495186 0.998220384
1341846337.686352 -0.432389885 0.097961515 -0.151071936 0.054119714 -0.002751340 0.009865179 0.998481929
1341846337.718002 -0.429293305 0.094321772 -0.140414611 0.052097596 -0.002492135 0.009563747 0.998593092
1341846337.749920 -0.423751056 0.106636390 -0.140579566 0.053499151 -0.001196860 0.008317737 0.998532534
1341846337.786157 -0.421300590 0.122447304 -0.139259681 0.052403282 0.001467607 0.008009713 0.998592794
1341846337.817945 -0.422200352 0.099863984 -0.132205486 0.046976216 0.004005405 0.010220152 0.998835683
1341846337.854071 -0.414843053 0.106047280 -0.131169751 0.046581767 0.006359720 0.009487745 0.998849154
1341846337.885951 -0.424769878 0.107908465 -0.129593641 0.043157145 0.010193605 0.007849277 0.998985469
1341846337.918223 -0.420912415 0.108262427 -0.128966033 0.038741075 0.011066054 0.005065728 0.999175131
1341846337.954120 -0.420825988 0.103629537 -0.122472256 0.036216009 0.012654512 0.005252181 0.999250054
1341846337.985994 -0.421081245 0.113309562 -0.121141262 0.034157954 0.013741275 0.004626274 0.999311268
1341846338.018107 -0.415431112 0.108283944 -0.114254355 0.030537961 0.014966778 0.006002638 0.999403536
1341846338.054055 -0.412799001 0.110578731 -0.111130685 0.028293084 0.016358675 0.005683889 0.999449670
1341846338.085986 -0.408193469 0.111483999 -0.101817392 0.024948103 0.019282645 0.004998718 0.999490261
1341846338.121875 -0.412816793 0.106017470 -0.096860126 0.022779891 0.022199947 0.006625104 0.999472022
1341846338.154089 -0.413813472 0.104879975 -0.090669915 0.022136768 0.022755889 0.010229404 0.999443591
1341846338.186029 -0.409279585 0.108948514 -0.084388033 0.021449577 0.022158168 0.012465986 0.999446630
1341846338.222071 -0.402034998 0.111309119 -0.080133840 0.020206548 0.022930076 0.011799486 0.999463201
1341846338.254107 -0.402202696 0.108332418 -0.069148727 0.018435344 0.025052598 0.012222833 0.999441385
1341846338.290130 -0.399558187 0.105833188 -0.060980946 0.018824792 0.024898676 0.014122055 0.999412954
1341846338.321952 -0.397926062 0.113593422 -0.053039860 0.019639580 0.025724011 0.015721735 0.999352455
1341846338.354022 -0.404005647 0.115080446 -0.045887854 0.019080674 0.026929758 0.016761197 0.999314666
1341846338.389969 -0.391991049 0.118288077 -0.033986695 0.019071925 0.027059466 0.016338786 0.999318302
1341846338.422377 -0.398159891 0.108558677 -0.029311502 0.015860451 0.027826026 0.018260160 0.999320149
1341846338.454010 -0.390462697 0.116800144 -0.016213518 0.015807787 0.027151277 0.015957242 0.999378920
1341846338.489894 -0.386894345 0.115517162 -0.003093800 0.014077207 0.026594911 0.016413279 0.999412417
1341846338.522066 -0.386440545 0.117344566 0.007748494 0.015339755 0.027172327 0.015838267 0.999387562
1341846338.558058 -0.373165399 0.129515097 0.001960842 0.016313381 0.024716800 0.015248040 0.999445081
1341846338.589842 -0.373884022 0.144887611 0.017476238 0.016630892 0.025257556 0.013747144 0.999448061
1341846338.622019 -0.370095581 0.114501745 0.037979163 0.012734026 0.026943151 0.016567238 0.999418557
1341846338.657984 -0.375433326 0.122277997 0.040739067 0.013747637 0.027378375 0.017863618 0.999370933
1341846338.690198 -0.367601871 0.124618560 0.051242907 0.011818182 0.026165942 0.017699834 0.999431014
1341846338.722454 -0.363063276 0.123017773 0.062871665 0.011137754 0.027077381 0.016909786 0.999428272
1341846338.757945 -0.368394017 0.125892460 0.067415401 0.011472403 0.027582878 0.019259956 0.999368131
1341846338.790039 -0.360759646 0.124927185 0.074381664 0.008384997 0.024350673 0.020997433 0.999447763
1341846338.826048 -0.351231813 0.124542639 0.085389659 0.008691468 0.024641931 0.018240577 0.999492109
1341846338.858027 -0.350175291 0.140355855 0.085094184 0.010872031 0.025750151 0.017691106 0.999452710
1341846338.889902 -0.353860050 0.131762952 0.108396180 0.007433755 0.026577724 0.016811181 0.999477744
1341846338.925948 -0.332259804 0.130344719 0.122179314 0.006600995 0.024532560 0.015146076 0.999562502
1341846338.958108 -0.336843550 0.130461827 0.132001460 0.007086556 0.027714707 0.014351852 0.999487698
1341846338.990057 -0.333443135 0.127337635 0.135742113 0.007042001 0.027251875 0.014755391 0.999494851
1341846339.025928 -0.331096739 0.125784189 0.155157328 0.009112239 0.028989952 0.015762016 0.999413908
1341846339.057939 -0.332165867 0.135934398 0.165650293 0.013081719 0.031938143 0.014774859 0.999294996
1341846339.093927 -0.337427169 0.149881974 0.171556517 0.013941852 0.032172319 0.016730199 0.999245048
1341846339.126562 -0.325953305 0.148876175 0.176751152 0.009932338 0.029903639 0.014883600 0.999392629
1341846339.157969 -0.313948572 0.143697575 0.191106141 0.006796753 0.031373437 0.013514067 0.999393284
1341846339.194113 -0.316406935 0.144879982 0.193299100 0.004793746 0.032604191 0.015000485 0.999344289
1341846339.228165 -0.313764006 0.152138308 0.200868025 0.002157421 0.030474916 0.016460525 0.999397635
1341846339.257998 -0.301489830 0.150111914 0.221363872 -0.000438596 0.030222416 0.017206751 0.999395013
1341846339.294132 -0.297673613 0.154422805 0.227830559 -0.000141413 0.032246977 0.018613111 0.999306560
1341846339.326577 -0.314862430 0.156772718 0.232356176 -0.004393333 0.033356436 0.022107720 0.999189317
1341846339.362269 -0.298973233 0.145669267 0.242248297 -0.010669326 0.029268211 0.020709004 0.999300122
1341846339.394725 -0.288308293 0.147183448 0.257382572 -0.011274599 0.030288046 0.020009046 0.999277353
1341846339.462186 -0.286233872 0.150801435 0.270265490 -0.013819148 0.030203855 0.019658530 0.999254882
1341846339.496743 -0.273406297 0.149216205 0.291554183 -0.011319989 0.033333369 0.017871827 0.999220371
1341846339.562052 -0.279880941 0.147256985 0.308617771 -0.010106270 0.038073082 0.019847166 0.999026716
1341846339.595122 -0.268509448 0.149407089 0.316844344 -0.007811726 0.037623290 0.019118315 0.999078572
1341846339.632085 -0.262972504 0.157425836 0.324382722 -0.005470165 0.040992606 0.015909806 0.999017775
1341846339.664568 -0.260271162 0.155950010 0.331314921 -0.005475807 0.043777525 0.014463711 0.998921573
1341846339.698896 -0.254938215 0.147202745 0.339047998 -0.007003595 0.044298284 0.014508950 0.998888433
1341846339.731977 -0.250693202 0.146584138 0.348553866 -0.006852253 0.044500425 0.012779741 0.998904109
1341846339.762241 -0.246139333 0.144941926 0.358257830 -0.006590656 0.045548044 0.012389321 0.998863578
1341846339.797873 -0.244388327 0.144819871 0.362511307 -0.006466793 0.046086468 0.013638288 0.998823404
1341846339.830245 -0.237032399 0.142610058 0.371651202 -0.007071582 0.044913072 0.014429764 0.998861670
1341846339.862015 -0.235086918 0.145048842 0.377598971 -0.007165262 0.045291353 0.013777901 0.998853087
1341846339.897797 -0.229065821 0.143161476 0.384918392 -0.008436311 0.046055656 0.013266359 0.998815179
1341846339.929916 -0.224516734 0.134768799 0.390784055 -0.009656544 0.046747953 0.015795162 0.998735189
1341846339.961960 -0.222916067 0.134550661 0.399403751 -0.007999766 0.046341784 0.016505534 0.998757243
1341846339.997845 -0.214756101 0.136126414 0.403948903 -0.006416889 0.046919793 0.016243519 0.998745978
1341846340.029925 -0.212379664 0.135221392 0.413248092 -0.005411722 0.049280658 0.017613387 0.998614967
1341846340.066044 -0.210745171 0.135067597 0.418402076 -0.003251146 0.050668385 0.018572971 0.998537540
1341846340.098009 -0.209510893 0.136694133 0.418775618 -0.002397314 0.051264018 0.019707907 0.998487771
1341846340.130102 -0.206529096 0.136143416 0.430914491 -0.003072110 0.051129799 0.018368797 0.998518348
1341846340.166041 -0.198811993 0.134403527 0.433311015 -0.002186625 0.052862361 0.016681153 0.998460054
1341846340.197867 -0.200647324 0.136056423 0.439912915 -0.000873317 0.055792883 0.016064052 0.998312771
1341846340.229904 -0.199756444 0.139966607 0.448136032 -0.001788606 0.055682678 0.015769031 0.998322368
1341846340.265859 -0.194180742 0.134014547 0.453536481 -0.002942223 0.056383431 0.015345505 0.998286903
1341846340.298061 -0.187569067 0.130566984 0.460968018 -0.001371711 0.058145832 0.016229320 0.998175204
1341846340.334063 -0.187228918 0.140877426 0.474075705 -0.001097473 0.057489201 0.017710451 0.998188436
1341846340.366064 -0.179212362 0.135464251 0.486267328 -0.002928302 0.055071738 0.016624931 0.998339713
1341846340.397995 -0.181951419 0.132674113 0.477895677 -0.001776215 0.056146428 0.016181309 0.998289824
1341846340.433895 -0.179431617 0.133866906 0.482662022 -0.001085442 0.055730429 0.017197998 0.998297155
1341846340.465959 -0.180619836 0.130001590 0.483188093 -0.000960210 0.053684242 0.019337922 0.998370230
1341846340.501858 -0.173338965 0.133004367 0.484467626 0.000517078 0.049626656 0.018932648 0.998588204
1341846340.534329 -0.166295007 0.135439694 0.485961527 0.001187857 0.047483254 0.018995201 0.998690665
1341846340.566041 -0.161333308 0.129941419 0.490052730 0.002026094 0.046316516 0.020051612 0.998723507
1341846340.601909 -0.157736957 0.132294744 0.487926990 0.004721060 0.045572158 0.020237995 0.998744845
1341846340.634005 -0.156899452 0.135607898 0.479720950 0.005713437 0.045070071 0.018954150 0.998787642
1341846340.666028 -0.153945461 0.134500280 0.475516289 0.005443326 0.045499656 0.016028423 0.998820901
1341846340.701946 -0.151667774 0.131118104 0.473081112 0.006861736 0.046757974 0.014944569 0.998770893
1341846340.733954 -0.147605211 0.135504439 0.470957249 0.008292444 0.048371878 0.012591872 0.998715580
1341846340.770081 -0.147272259 0.133171752 0.469436884 0.007030910 0.048578367 0.011056599 0.998733401
1341846340.801980 -0.140062317 0.131326333 0.471571952 0.006709992 0.048943914 0.005300554 0.998764932
1341846340.833999 -0.142291069 0.135477930 0.465292394 0.006702820 0.051635992 0.001337129 0.998642564
1341846340.870013 -0.147445217 0.133149877 0.465611339 0.005063395 0.052212577 -0.000147889 0.998623133
1341846340.901955 -0.142094135 0.130848810 0.467915177 0.005935436 0.051401343 -0.000332554 0.998660386
1341846340.933918 -0.144362763 0.133345440 0.465230048 0.008456840 0.050943933 0.002310928 0.998663008
1341846340.970122 -0.147495314 0.132365584 0.460611254 0.009509962 0.048296422 0.006933887 0.998763680
1341846341.001922 -0.148202837 0.129471615 0.459385455 0.010715112 0.044618774 0.011555946 0.998879790
1341846341.037923 -0.145917401 0.131919742 0.455103278 0.012532273 0.041725710 0.014123361 0.998950660
1341846341.070300 -0.144508839 0.130029738 0.452311277 0.012665207 0.040740926 0.014497314 0.998984277
1341846341.102028 -0.149214774 0.132281721 0.451596826 0.012902052 0.039885849 0.014684899 0.999013007
1341846341.137982 -0.147591799 0.130311653 0.446069032 0.012609788 0.037724830 0.014488815 0.999103546
1341846341.170048 -0.143995225 0.129451260 0.444341719 0.013205621 0.036808517 0.016260838 0.999102771
1341846341.202110 -0.145806730 0.129015356 0.443927199 0.014794393 0.036842957 0.017439388 0.999059319
1341846341.237996 -0.143334776 0.128418043 0.438560098 0.016357437 0.036669832 0.017956793 0.999032199
1341846341.269883 -0.147389144 0.128871351 0.436622739 0.017564170 0.037668422 0.018472543 0.998965144
1341846341.306107 -0.147602469 0.130397469 0.436203688 0.018297359 0.036956351 0.017078195 0.999003410
1341846341.338109 -0.146644890 0.130647555 0.431118816 0.019157600 0.037318986 0.015251976 0.999003351
1341846341.370120 -0.148139969 0.129668817 0.428842038 0.019367982 0.038711332 0.012845287 0.998980165
1341846341.406074 -0.151574939 0.128468171 0.429632723 0.019265397 0.039475270 0.011865134 0.998964369
1341846341.438113 -0.151530549 0.124165550 0.433341920 0.020156477 0.037568823 0.011599232 0.999023378
1341846341.470024 -0.147953421 0.127326474 0.430778801 0.023300534 0.037076458 0.010036279 0.998990357
1341846341.506077 -0.153427899 0.132866398 0.426894486 0.023545338 0.038491439 0.009439381 0.998936892
1341846341.538156 -0.158198670 0.127611294 0.428919107 0.022042396 0.037294872 0.009301287 0.999017894
1341846341.574016 -0.153956741 0.128678516 0.424171329 0.023158666 0.034544893 0.009810844 0.999086618
1341846341.612466 -0.155947447 0.131598726 0.420454085 0.023870595 0.033938643 0.010769648 0.999080777
1341846341.643972 -0.158636928 0.133108974 0.421475083 0.023120325 0.032917343 0.009823283 0.999142349
1341846341.679982 -0.159789473 0.128754914 0.420486718 0.022358390 0.031811796 0.010136067 0.999192357
1341846341.712332 -0.162725136 0.131905884 0.417980701 0.023690913 0.029654635 0.012491396 0.999201357
1341846341.744185 -0.160572067 0.129726857 0.413712025 0.023771815 0.027497161 0.015019631 0.999226272
1341846341.780061 -0.161516964 0.132940695 0.411783695 0.024733596 0.026902687 0.016236011 0.999200106
1341846341.842595 -0.157169849 0.126104116 0.408159941 0.026591666 0.025601823 0.021406366 0.999089181
1341846341.906227 -0.158298850 0.122344896 0.406221300 0.029827362 0.024943687 0.025683258 0.998913646
1341846341.942069 -0.158290327 0.115412928 0.405672163 0.032558363 0.025080305 0.027404333 0.998779237
1341846341.974775 -0.158570454 0.119126469 0.398809493 0.036241550 0.024929600 0.029127484 0.998607337
1341846342.010161 -0.160488009 0.120551139 0.396991819 0.037271559 0.023597660 0.031118849 0.998541713
1341846342.042024 -0.152724445 0.113525279 0.395170659 0.038367249 0.022147901 0.031181257 0.998531520
1341846342.080032 -0.152760476 0.116835803 0.390884995 0.040694609 0.024510784 0.030811662 0.998395622
1341846342.112265 -0.159203455 0.113228686 0.393792123 0.040881172 0.025969287 0.032476172 0.998298347
1341846342.147954 -0.156344801 0.109460309 0.393914819 0.043084461 0.024289019 0.034946673 0.998164535
1341846342.179852 -0.151280299 0.111042567 0.389240533 0.046137180 0.024317080 0.035891909 0.997993886
1341846342.211848 -0.152042732 0.112560794 0.392726153 0.046898987 0.024855897 0.035821900 0.997947633
1341846342.247920 -0.154401258 0.107905596 0.388514161 0.047473859 0.025604570 0.034512009 0.997947693
1341846342.279870 -0.150386333 0.108893409 0.385472298 0.049045984 0.025458356 0.035091337 0.997855186
1341846342.316068 -0.151719049 0.109238341 0.382178396 0.050281342 0.025776643 0.035856448 0.997758329
1341846342.347894 -0.148777485 0.111036018 0.382373244 0.050941188 0.025496343 0.035610490 0.997740865
1341846342.379953 -0.149563238 0.110493146 0.383165479 0.051119860 0.026205905 0.035541866 0.997715771
1341846342.416195 -0.150747940 0.110413559 0.383316040 0.051807851 0.026502404 0.037025567 0.997618496
