1341846313.592026 0.000000000 0.000000000 0.000000000 0.000000000 0.000000000 0.000000000 1.000000000
1341846313.654184 0.007426100 -0.002709837 0.000258560 -0.001099454 -0.003174136 0.004870070 0.999982476
1341846313.686156 0.015888251 -0.000159707 0.007610977 0.000264164 -0.005736378 0.004582210 0.999972999
1341846313.721918 0.029370684 -0.000215221 0.004571152 0.000424477 -0.008001563 0.005357214 0.999953508
1341846313.753994 0.034651559 0.002354588 -0.000985332 -0.000711179 -0.008202015 0.007014647 0.999941528
1341846313.789969 0.044630166 0.000389236 -0.003387563 0.000158425 -0.009315304 0.005634591 0.999940753
1341846313.822075 0.053184126 0.003652505 -0.008021366 0.000515709 -0.008645057 0.004927143 0.999950349
1341846313.853928 0.061330654 0.000384023 -0.009399657 -0.000575244 -0.006729023 0.004127875 0.999968648
1341846313.890011 0.070432328 0.006252343 0.000652460 -0.000062786 -0.005396378 0.005007103 0.999972880
1341846313.922055 0.082879879 0.013305074 0.002759653 -0.000696037 -0.006536280 0.005892307 0.999961019
1341846313.957927 0.105449751 0.016425906 0.006027930 -0.002522187 -0.004140285 0.004773778 0.999976873
1341846313.990058 0.087224863 0.014369778 -0.004638729 -0.004098045 0.005511054 0.005696087 0.999960184
1341846314.022042 0.093483053 0.018877175 -0.012153285 -0.005938788 0.006863422 0.007156654 0.999933183
1341846314.057816 0.108383499 0.014810266 0.010819590 -0.009497012 0.008036865 0.010403389 0.999868453
1341846314.089801 0.115594424 0.011648362 0.020193512 -0.009100322 0.013470755 0.010384736 0.999813914
1341846314.122037 0.121356912 0.023324041 0.011003194 -0.008961218 0.016665151 0.013615898 0.999728262
1341846314.157989 0.132169858 0.019147869 0.018089183 -0.011636600 0.019156707 0.014886870 0.999637902
1341846314.190094 0.137807488 0.017821364 0.004871527 -0.011740020 0.023090217 0.015293615 0.999547422
1341846314.225969 0.138705939 0.023751140 0.001171874 -0.013845180 0.025531113 0.018354846 0.999409616
1341846314.257923 0.139691249 0.017256489 0.014208385 -0.016317958 0.027910324 0.017936092 0.999316275
1341846314.290052 0.143941641 0.017681628 0.010515192 -0.014758525 0.029275294 0.016053673 0.999333501
1341846314.325981 0.152546868 0.025166811 0.009522122 -0.014851939 0.029992986 0.014369639 0.999336481
1341846314.357905 0.163923487 0.018540030 0.016188767 -0.016453343 0.032330871 0.014070388 0.999242723
1341846314.389899 0.174272746 0.015079125 0.013159930 -0.016245974 0.034344696 0.015413734 0.999159098
1341846314.427905 0.173458084 0.026749231 0.011493403 -0.014164545 0.036949821 0.011809700 0.999146938
1341846314.493987 0.183097780 0.016640561 0.012602534 -0.013874646 0.046666238 0.003615868 0.998807609
1341846314.526085 0.191014230 0.018443793 0.003770314 -0.013670196 0.048433919 0.002560108 0.998729527
1341846314.558292 0.208511963 0.016403582 0.007995574 -0.015227390 0.049178060 0.003706501 0.998667061
1341846314.594085 0.220397651 0.012224252 0.013685703 -0.014005100 0.052727502 0.003236338 0.998505473
1341846314.626096 0.214765295 0.015790328 0.003624581 -0.013451938 0.058142543 0.004760255 0.998206317
1341846314.658455 0.214368954 0.021304430 0.002664829 -0.014864239 0.061126631 0.003668677 0.998012602
1341846314.694004 0.228127986 0.013454512 0.017815754 -0.015225337 0.063637458 0.001699675 0.997855484
1341846314.725910 0.232865661 0.003988097 0.030617107 -0.012232833 0.066502385 0.005924818 0.997693658
1341846314.761942 0.228854969 0.004892547 0.024651611 -0.008630597 0.068001539 0.009385029 0.997603714
1341846314.794030 0.238087371 0.009980309 0.027888570 -0.004895036 0.069655366 0.010165278 0.997507334
1341846314.826092 0.268206239 0.013378265 0.002217565 -0.002863008 0.070731044 0.013695059 0.997397304
1341846314.862145 0.276565015 0.013513671 -0.006068211 -0.002914079 0.074136451 0.015035165 0.997130513
1341846314.894072 0.283320725 0.011583182 -0.002355963 -0.003600906 0.077694148 0.017274745 0.996821046
1341846314.925969 0.287716091 0.012961781 -0.003095243 -0.003637673 0.080288142 0.022048647 0.996521175
1341846314.961937 0.288946271 0.027439946 -0.002709512 -0.005005644 0.080851115 0.026567964 0.996359468
1341846314.994564 0.294288397 0.026711361 0.006924029 -0.008242062 0.081673883 0.024434997 0.996325433
1341846315.029900 0.310787529 0.022706682 0.012116577 -0.008785438 0.083931327 0.021955885 0.996190906
1341846315.061965 0.307020247 0.022831529 0.015063442 -0.009334747 0.087072074 0.025889698 0.995821834
1341846315.094388 0.305839449 0.018892702 0.017186467 -0.009522884 0.086690262 0.025818944 0.995855153
1341846315.129851 0.314290553 0.015312045 0.008716825 -0.008021628 0.086522624 0.024808738 0.995908618
1341846315.161941 0.323674679 0.046965245 0.004067548 -0.007429856 0.085386328 0.027657755 0.995936275
1341846315.197984 0.324888706 0.048425123 0.011302575 -0.014062175 0.083473958 0.023764929 0.996127248
1341846315.230076 0.336525202 0.043774206 0.012556791 -0.018053355 0.081343412 0.021536123 0.996289849
1341846315.262069 0.337851882 0.040506728 0.014348339 -0.021475334 0.078963697 0.024137734 0.996353805
1341846315.298000 0.343493640 0.028834194 0.027912036 -0.024504146 0.075019494 0.025472326 0.996555448
1341846315.329931 0.354344547 0.013053041 0.032805815 -0.022601355 0.072983973 0.027224420 0.996705234
1341846315.361981 0.361939043 0.020282030 0.022202946 -0.016796598 0.072103344 0.030010564 0.996804059
1341846315.397962 0.364166588 0.029219201 0.021363117 -0.012822945 0.072577737 0.032892492 0.996737719
1341846315.429923 0.369630724 0.029335123 0.023366630 -0.010092180 0.074387349 0.034400638 0.996584773
1341846315.466047 0.392002404 0.037157219 0.016899601 -0.008416387 0.075494736 0.037796833 0.996394038
1341846315.497883 0.386248082 0.035747707 0.020042550 -0.009589132 0.079569131 0.041993294 0.995898247
1341846315.530008 0.392307013 0.035031054 0.017621510 -0.009704048 0.080287434 0.043343440 0.995781660
1341846315.566108 0.394692004 0.033924349 0.017147273 -0.010789355 0.081720866 0.044326290 0.995610595
1341846315.597986 0.393547833 0.032781024 0.023879096 -0.010925745 0.083466463 0.043462213 0.995502353
1341846315.630109 0.393751472 0.027872913 0.020733982 -0.011033976 0.084762901 0.041285910 0.995484293
1341846315.666042 0.392546207 0.030932551 0.010086924 -0.011611153 0.086524382 0.041075215 0.995334864
1341846315.698114 0.413795799 0.048679624 -0.000004351 -0.014877102 0.087387264 0.041277114 0.995207667
1341846315.733985 0.404331863 0.034912080 0.027731352 -0.019214289 0.091767348 0.042259939 0.994697750
1341846315.766041 0.396467745 0.038728934 0.019262701 -0.018121453 0.089920133 0.043126706 0.994849801
1341846315.798188 0.384721696 0.023307085 0.015984200 -0.021033639 0.090588488 0.040626466 0.994837105
1341846315.834140 0.380590886 0.018718023 0.018262796 -0.020376187 0.093224093 0.038614567 0.994687378
1341846315.866751 0.391179323 0.025664380 0.022998832 -0.017249689 0.093053974 0.039734192 0.994718373
1341846315.898492 0.390040547 0.024893414 0.023599058 -0.016232982 0.093521483 0.039386611 0.994705439
1341846315.936901 0.386030793 0.020491971 0.025610499 -0.013880272 0.095505290 0.038459409 0.994588792
1341846315.966572 0.375231504 0.015456356 0.021360464 -0.010856157 0.097818807 0.037989572 0.994419634
1341846316.034204 0.356340408 0.009412833 0.011713661 -0.007923180 0.099037863 0.035928819 0.994403243
1341846316.066113 0.349207997 0.012560816 0.020031102 -0.004893041 0.099502929 0.035398312 0.994395375
1341846316.101867 0.343319952 0.021456549 0.012925893 -0.002648743 0.097850390 0.036782991 0.994517624
1341846316.134066 0.339026392 0.024183458 0.011040561 -0.003035816 0.094597191 0.034770031 0.994903624
1341846316.202049 0.318780929 0.014157603 0.012511011 -0.003573854 0.090938389 0.029541060 0.995411873
1341846316.233979 0.317971587 0.015162481 -0.001238719 -0.003098415 0.089175321 0.027496176 0.995631516
1341846316.270052 0.304431468 0.008788374 0.001847576 -0.005262031 0.091499642 0.023042571 0.995524585
1341846316.301915 0.305044770 0.003481717 0.002277542 -0.005271885 0.091699950 0.022589235 0.995516479
1341846316.334208 0.290732890 0.006682849 0.015001059 -0.003207828 0.092170715 0.024545189 0.995435476
1341846316.370006 0.295389146 0.005709379 0.017229043 -0.001190446 0.089496508 0.025181707 0.995668054
1341846316.401994 0.270884305 0.004904486 0.006641239 0.000738442 0.091289967 0.025811359 0.995489538
1341846316.438069 0.279714912 0.003889988 0.016026504 0.003138466 0.089055918 0.028984996 0.995599866
1341846316.470076 0.258361787 -0.004302663 0.013299577 0.006105418 0.090239987 0.030963395 0.995419860
1341846316.502034 0.246415630 0.013445585 0.000786882 0.009939337 0.088384792 0.032315001 0.995512486
1341846316.537975 0.235262915 0.010241820 0.003928911 0.006619744 0.086104222 0.029347325 0.995831788
1341846316.570121 0.235177606 0.001466225 0.003720209 0.006245749 0.085437372 0.027287908 0.995950222
1341846316.601885 0.229905352 -0.001789274 0.004355278 0.007933362 0.084500566 0.026351508 0.996043324
1341846316.638009 0.215459794 -0.003650541 -0.001714420 0.010366908 0.084219530 0.027568366 0.996011794
1341846316.669925 0.212600291 -0.004046349 0.006233528 0.012660800 0.083322316 0.027992098 0.996048987
1341846316.705941 0.200226218 -0.013185158 -0.006212514 0.016133221 0.083936810 0.027636016 0.995957136
1341846316.738062 0.189896509 -0.000686369 -0.009471081 0.019525768 0.083705999 0.030704889 0.995825887
1341846316.770433 0.181454420 -0.000325916 -0.003252670 0.018660467 0.083337665 0.030224316 0.995888114
1341846316.805932 0.175411254 -0.007880865 0.005301233 0.018824184 0.083412081 0.028929185 0.995917261
1341846316.838029 0.168619469 0.002246596 -0.002374047 0.020991540 0.081525058 0.032516532 0.995919526
1341846316.870034 0.161428869 -0.000351575 -0.001103958 0.021158680 0.077986106 0.033957019 0.996151328
1341846316.906344 0.154267475 -0.004320098 -0.001628088 0.022016102 0.075108118 0.031937897 0.996420622
1341846316.937940 0.145599827 -0.004842598 -0.007809061 0.021569034 0.074355692 0.029595278 0.996559143
1341846316.973994 0.131797060 0.000747917 0.004359834 0.021669289 0.073506132 0.028053965 0.996664584
1341846317.005913 0.124784902 -0.004123920 0.008734265 0.020171242 0.070622794 0.028097464 0.996903241
1341846317.037936 0.118756577 -0.008887572 0.009554362 0.020362603 0.068237439 0.027013499 0.997095406
1341846317.073972 0.117458977 -0.009595818 0.004738957 0.021487733 0.065808296 0.028966600 0.997180223
1341846317.106113 0.105365142 -0.016998215 0.004856475 0.022912536 0.064895838 0.032428484 0.997101784
1341846317.137887 0.099283621 -0.022861805 -0.028806441 0.025331648 0.058248259 0.039021213 0.997217536
1341846317.173970 0.086003385 -0.015626807 -0.024657942 0.027571172 0.051639233 0.042297941 0.997388661
1341846317.205887 0.077573232 -0.019695772 -0.025838539 0.026973534 0.049422227 0.042551652 0.997506499
1341846317.248131 0.068247460 -0.007759262 0.027586769 0.030141683 0.046990048 0.042110663 0.997552037
1341846317.306289 0.051635854 -0.005447566 0.032199699 0.031841610 0.041579258 0.044982549 0.997614086
1341846317.348137 0.043661878 -0.009921655 0.024334347 0.032483295 0.043214269 0.044373408 0.997551203
1341846317.410120 0.039271805 -0.010656600 0.019526079 0.033524837 0.042214591 0.053084437 0.997133911
1341846317.442569 0.033049203 -0.020775605 0.016319200 0.035281640 0.042891081 0.055166092 0.996931434
1341846317.474010 0.025593298 -0.017873945 0.016499281 0.041405786 0.043206386 0.058431037 0.996496141
1341846317.509927 0.015926393 -0.009267268 0.014857577 0.044886205 0.041087866 0.062309369 0.996200025
1341846317.542282 0.007141721 -0.008803472 0.014922323 0.044015687 0.038708232 0.062819786 0.996302128
1341846317.573943 0.005463886 -0.016655726 0.013506810 0.043100744 0.039400935 0.061227076 0.996414125
1341846317.610159 -0.000610749 -0.018572379 0.017985435 0.046038821 0.041352529 0.062902346 0.996099234
1341846317.643553 -0.026852733 -0.016556684 0.013122014 0.048017196 0.042584080 0.063355237 0.995925248
1341846317.677993 -0.031656176 -0.014277123 0.036073636 0.048946433 0.039262310 0.064881198 0.995918274
1341846317.709996 -0.038813159 -0.013326647 0.036076535 0.051554568 0.036771350 0.064081661 0.995933473
1341846317.741834 -0.050652184 -0.012064080 0.021689679 0.051951263 0.036590517 0.065023884 0.995858431
1341846317.777923 -0.049090274 -0.006376822 0.039639607 0.050474059 0.034139026 0.064120643 0.996080041
1341846317.810021 -0.056383561 -0.011060929 0.044824615 0.049786963 0.032510389 0.062886119 0.996247828
1341846317.841886 -0.073502414 -0.012656640 0.015581240 0.049184464 0.032525044 0.060029328 0.996453464
1341846317.878017 -0.083048195 -0.012386447 0.004453417 0.046770263 0.032365870 0.056717467 0.996768832
1341846317.909910 -0.083023906 -0.013124208 0.027523082 0.045807570 0.033042200 0.052761499 0.997008562
1341846317.946031 -0.097086325 -0.017328156 0.027284464 0.046802700 0.034672018 0.053983878 0.996841609
1341846317.978041 -0.107961379 -0.023668775 0.031590302 0.047941953 0.033870678 0.053316131 0.996850908
1341846318.009897 -0.111805581 -0.016483245 0.034101203 0.051481619 0.034504846 0.051953021 0.996724606
1341846318.045949 -0.120504647 -0.011379773 0.033062611 0.052174643 0.035478100 0.051413074 0.996682405
1341846318.078074 -0.140689433 -0.010737114 0.030903148 0.051551007 0.035328452 0.049275987 0.996828139
1341846318.109894 -0.135328650 -0.012329597 0.036034610 0.051208761 0.029225560 0.047880597 0.997111320
1341846318.145957 -0.136937901 -0.011499264 0.040039245 0.050452258 0.026763985 0.045489877 0.997330904
1341846318.178001 -0.145759284 -0.015610174 0.040327113 0.049402505 0.027293390 0.042635757 0.997495174
1341846318.214074 -0.163682818 -0.019693684 0.028381566 0.049877826 0.026206160 0.041444164 0.997550905
1341846318.245970 -0.182899743 -0.029534999 0.016757334 0.051783931 0.021540556 0.042327460 0.997528374
1341846318.278018 -0.190917060 -0.028070988 0.025745977 0.055986706 0.017112402 0.042260889 0.997389913
1341846318.313937 -0.200455561 -0.028197361 0.014184363 0.057665940 0.010396379 0.042025346 0.997396827
1341846318.345989 -0.213858515 -0.018871184 0.058191691 0.060734697 0.003360250 0.037284110 0.997451723
1341846318.382046 -0.221654058 -0.005243028 0.149377421 0.065455638 -0.001658922 0.038520131 0.997110307
1341846318.414072 -0.244989440 -0.025665425 0.062398978 0.063556544 -0.007833912 0.038352869 0.997210264
1341846318.446035 -0.249589980 -0.026744852 0.066820018 0.065625571 -0.014037794 0.037827823 0.997028172
1341846318.482196 -0.251046747 -0.015086354 0.072806023 0.067925610 -0.016958155 0.037977997 0.996823072
1341846318.514144 -0.263542712 -0.017761044 0.080102138 0.067659020 -0.017316882 0.036869042 0.996876657
1341846318.546259 -0.271929026 -0.030371930 0.063056178 0.068071365 -0.018195014 0.037229873 0.996819496
1341846318.582042 -0.278004169 -0.024660284 0.051463123 0.069927230 -0.018486053 0.036979690 0.996694982
1341846318.614115 -0.293103606 -0.020213716 0.065766096 0.069859967 -0.017747339 0.037267454 0.996702433
1341846318.650038 -0.302489012 -0.017370228 0.070856228 0.069693297 -0.018261008 0.033525269 0.996837676
1341846318.682350 -0.308123082 -0.021417961 0.068676002 0.068748541 -0.019119419 0.032320503 0.996927023
1341846318.714063 -0.319394678 -0.020897187 0.067214467 0.068522424 -0.019719858 0.031002128 0.996972740
1341846318.749905 -0.322012037 -0.024730150 0.071159936 0.069076799 -0.020301672 0.032765735 0.996866405
1341846318.782036 -0.338865757 -0.025015343 0.067983076 0.070714675 -0.020367686 0.035228584 0.996666253
1341846318.814121 -0.352489412 -0.025577599 0.073653460 0.070712678 -0.025355831 0.034304310 0.996584177
1341846318.850072 -0.360029668 -0.025954805 0.061396696 0.071146905 -0.031552233 0.031531684 0.996467888
1341846318.883516 -0.371796757 -0.028081037 0.069903389 0.074079558 -0.038727514 0.029355727 0.996067584
1341846318.918047 -0.347528696 -0.030105475 0.008552596 0.077032544 -0.055744343 0.030288348 0.995008111
1341846318.950044 -0.394681603 -0.033807572 0.042908903 0.078622334 -0.060068622 0.026055431 0.994751930
1341846318.982028 -0.406866819 -0.029030239 0.043614335 0.080416888 -0.062710419 0.022426322 0.994533837
1341846319.018123 -0.412867606 -0.026232759 0.073435031 0.080555901 -0.068404958 0.022302898 0.994149923
1341846319.050745 -0.417885929 -0.039893664 0.041022256 0.080545925 -0.074724697 0.021361711 0.993716359
1341846319.081905 -0.420020401 -0.030713666 0.045239754 0.087194748 -0.075167395 0.019486481 0.993160248
1341846319.117976 -0.447738469 -0.021985944 0.024951555 0.089678392 -0.072890341 0.023559401 0.993020475
1341846319.150093 -0.446448445 -0.033271886 0.047926635 0.090392239 -0.078146592 0.031450041 0.992337286
1341846319.186069 -0.445877254 -0.023406826 0.027578898 0.092770621 -0.079939291 0.032903843 0.991927743
1341846319.218149 -0.473762095 -0.006406167 -0.000253327 0.090674631 -0.072424904 0.029152872 0.992815614
1341846319.250034 -0.487447083 -0.011139423 -0.003211834 0.084620222 -0.065762028 0.028268576 0.993838847
1341846319.286594 -0.459585607 -0.017816216 0.058420930 0.082242742 -0.066360205 0.033369303 0.993840516
1341846319.318034 -0.464678138 -0.016283944 0.051263053 0.083369702 -0.065492205 0.036122315 0.993707955
1341846319.350268 -0.479383886 -0.023461396 0.046898577 0.083431832 -0.064578056 0.043174941 0.993481100
1341846319.386163 -0.496435016 -0.027895791 0.034816138 0.084695235 -0.068305068 0.050706886 0.992768824
1341846319.418386 -0.481647819 -0.034497969 -0.010821361 0.084685616 -0.076479271 0.055737566 0.991903543
1341846319.453961 -0.489096552 -0.028238479 0.004254095 0.086009637 -0.078513622 0.051478941 0.991860807
1341846319.486271 -0.507390678 -0.029397907 -0.015019588 0.084792204 -0.077404179 0.049650036 0.992146015
1341846319.554083 -0.518406212 -0.030853372 0.009627149 0.079543397 -0.084704086 0.049863506 0.991973639
1341846319.586296 -0.528937697 -0.031080063 -0.000768632 0.080046430 -0.083452769 0.045638531 0.992242575
1341846319.622031 -0.540760279 -0.031862196 -0.020639658 0.078329161 -0.086939827 0.043589562 0.992172301
1341846319.653962 -0.549725950 -0.034245402 0.010776207 0.077839360 -0.092113465 0.041701574 0.991825163
1341846319.686352 -0.558215141 -0.037038997 0.005782671 0.079296120 -0.095583484 0.043696433 0.991295338
1341846319.721992 -0.562317669 -0.027300404 0.004842862 0.080799535 -0.100016080 0.044825073 0.990686059
1341846319.754063 -0.567159891 -0.021062389 -0.017932914 0.077618726 -0.101761788 0.044598617 0.990772843
1341846319.786397 -0.571833909 -0.020320132 -0.003905438 0.073683448 -0.101997241 0.047718763 0.990903795
1341846319.822008 -0.577229500 -0.023473058 -0.015498698 0.069916986 -0.102539867 0.052018404 0.990904272
1341846319.853917 -0.577092350 -0.020994350 -0.007747501 0.065015458 -0.105885580 0.056567684 0.990636826
1341846319.889942 -0.581004977 -0.036781885 -0.011213839 0.060885035 -0.106632181 0.062104002 0.990487635
1341846319.922039 -0.589926720 -0.044149879 -0.012362890 0.060107544 -0.110665731 0.063772604 0.989986479
1341846319.953946 -0.586394787 -0.046434306 -0.009699091 0.060625616 -0.117183544 0.060957666 0.989382029
1341846319.990054 -0.589358985 -0.043205172 -0.006402239 0.063749969 -0.119909093 0.053255513 0.989303589
1341846320.028122 -0.592447281 -0.045806922 -0.017210782 0.065496147 -0.123180829 0.051846433 0.988862336
1341846320.090047 -0.575076103 -0.036178164 -0.014181301 0.071304515 -0.131674409 0.052515302 0.987329543
1341846320.122011 -0.567753673 -0.032584161 -0.001082674 0.072352968 -0.129827499 0.053376507 0.987451673
1341846320.157952 -0.559933066 -0.035413861 -0.002082720 0.072298586 -0.127158523 0.053562187 0.987792850
1341846320.190003 -0.543425441 -0.041244775 -0.001651809 0.074739031 -0.124440625 0.052656122 0.988006055
1341846320.221941 -0.542382121 -0.051796332 0.021928549 0.078093611 -0.120434880 0.052729808 0.988239050
1341846320.258015 -0.534252346 -0.053490892 0.023691304 0.082109675 -0.119650215 0.054829478 0.987894475
1341846320.289887 -0.519678056 -0.067897163 0.014947847 0.085755289 -0.121001095 0.056458447 0.987328351
1341846320.321954 -0.498477787 -0.051974952 0.040069826 0.097156778 -0.123590365 0.056850113 0.985928059
1341846320.357890 -0.488011450 -0.039120957 0.048977412 0.103301086 -0.123325974 0.057852529 0.985277951
1341846320.390064 -0.466678530 -0.038236935 0.032158718 0.104500942 -0.120104320 0.058000814 0.985540688
1341846320.426544 -0.450508565 -0.043140683 0.064454041 0.107040316 -0.113619126 0.056000505 0.986152589
1341846320.458122 -0.447181970 -0.043761544 0.055462033 0.108145855 -0.105790026 0.052556511 0.987092078
1341846320.490186 -0.432353258 -0.049414560 0.055197336 0.111080930 -0.098858975 0.052707568 0.987476468
1341846320.525911 -0.416574687 -0.047675990 0.041646928 0.114527784 -0.091212355 0.050161514 0.987951159
1341846320.558091 -0.400448114 -0.042355787 0.036764249 0.115818389 -0.087711006 0.046513457 0.988296211
1341846320.594093 -0.403775156 -0.033465687 0.078603141 0.117830843 -0.082331352 0.043375157 0.988663733
1341846320.631955 -0.389459223 -0.042199612 0.054152858 0.119756564 -0.073935717 0.040626593 0.989212513
1341846320.664916 -0.378753126 -0.039700300 0.039333701 0.119820468 -0.071241267 0.038742248 0.989478052
1341846320.699927 -0.359920919 -0.039315656 0.053897627 0.120165072 -0.068966508 0.037349589 0.989650965
1341846320.731822 -0.348672837 -0.038388424 0.045792114 0.122169755 -0.062170271 0.036259044 0.989896357
1341846320.763877 -0.329853892 -0.021924056 0.000762518 0.120193370 -0.060524255 0.035678498 0.990261316
1341846320.799999 -0.331553280 -0.036390871 0.031559106 0.112596251 -0.062509984 0.032210544 0.991149366
1341846320.831871 -0.266949117 -0.040971979 0.039791360 0.113800600 -0.056522790 0.027922332 0.991501391
1341846320.863887 -0.332461089 -0.020172987 0.035655662 0.114081964 -0.041314542 0.027752381 0.992223918
1341846320.900014 -0.305902630 -0.031478029 0.055747177 0.106502995 -0.048206039 0.034764927 0.992534518
1341846320.931889 -0.290833503 -0.044451080 0.049168065 0.107165389 -0.047835384 0.031718522 0.992583156
1341846320.967866 -0.289039969 -0.021106221 0.029233743 0.107347555 -0.041493878 0.026854517 0.992992282
1341846321.000017 -0.272185475 -0.025124941 0.039341286 0.101219587 -0.042455476 0.026162820 0.993613422
1341846321.031860 -0.259719908 -0.044197325 0.001126334 0.097472087 -0.041701924 0.024875503 0.994053006
1341846321.068047 -0.243917093 -0.032975096 0.017051326 0.098636940 -0.038324151 0.021836532 0.994145453
1341846321.099840 -0.253907502 -0.033103906 -0.001101205 0.096088700 -0.035787817 0.021751560 0.994491398
1341846321.131821 -0.227157012 -0.043487653 0.010864509 0.095834725 -0.035258830 0.023494184 0.994495153
1341846321.167887 -0.221191570 -0.040608712 0.009683045 0.098698452 -0.031118495 0.023865778 0.994344294
1341846321.200042 -0.218550548 -0.035420731 0.010112518 0.099284358 -0.028333437 0.023288451 0.994382918
1341846321.231950 -0.209671333 -0.046686478 0.002966547 0.097826906 -0.027439484 0.022362931 0.994573712
1341846321.267939 -0.186936289 -0.044599626 -0.009653741 0.098248586 -0.026883110 0.019164946 0.994614124
1341846321.299948 -0.182627618 -0.041926064 0.008251156 0.097413376 -0.021951333 0.012160979 0.994927585
1341846321.331858 -0.179789737 -0.047633529 -0.000496662 0.097348571 -0.018905098 0.009103599 0.995029092
1341846321.367913 -0.150834605 -0.047947194 0.015542299 0.098857574 -0.017906593 0.005251051 0.994926572
1341846321.399897 -0.156877220 -0.049969167 -0.001600929 0.100304343 -0.011839877 0.003915817 0.994878650
1341846321.435994 -0.154240653 -0.055129465 -0.001248972 0.101481631 -0.008164410 0.003435053 0.994797945
1341846321.467946 -0.143707767 -0.052064646 -0.002020674 0.103583373 -0.005961744 0.003995534 0.994594872
1341846321.499882 -0.133085594 -0.055149298 0.001438786 0.104907759 -0.002701591 0.003517124 0.994472027
1341846321.536109 -0.101654418 -0.048309375 -0.013986594 0.104681976 0.001122598 0.001509567 0.994503915
1341846321.568960 -0.117958881 -0.035185751 0.016228670 0.102470510 0.009156681 -0.001662947 0.994692504
1341846321.603938 -0.112160243 -0.039526824 0.010188596 0.098817207 0.011336490 -0.001642464 0.995039642
1341846321.637163 -0.063396052 -0.032535039 0.007537577 0.097119011 0.013483308 -0.000326964 0.995181382
1341846321.668306 -0.082569167 -0.034236450 0.019502088 0.092206500 0.024180219 0.002455619 0.995443225
1341846321.704411 -0.093353279 -0.040432211 0.026413983 0.088480175 0.026030432 0.010932856 0.995677710
1341846321.736861 -0.080996245 -0.037729789 0.029701535 0.087717853 0.023261521 0.019443030 0.995683908
1341846321.771881 -0.069339424 -0.023812279 0.025038138 0.085880734 0.023069160 0.023731245 0.995755613
1341846321.804114 -0.056377858 -0.027663326 0.025256516 0.081407741 0.024649056 0.026925987 0.996012151
1341846321.836152 -0.057811387 -0.020589497 0.028240338 0.078944586 0.027445612 0.026901264 0.996137977
1341846321.871882 -0.052360833 -0.011844058 0.031504046 0.074415393 0.028275970 0.024078576 0.996535480
1341846321.904074 -0.050650369 -0.014988485 0.031265724 0.067461126 0.030112594 0.020936253 0.997047603
1341846321.939847 -0.043539874 -0.019725049 0.033374455 0.063367940 0.032787584 0.018784368 0.997274578
1341846322.004094 -0.054866724 -0.016226899 0.051213354 0.057388239 0.032088343 0.015645511 0.997713447
1341846322.066178 -0.038903832 -0.025730392 0.050450917 0.052011766 0.036548048 0.012300998 0.997901618
1341846322.107979 -0.042873029 -0.041259289 0.053602990 0.049071927 0.038807970 0.011229930 0.997977853
1341846322.166164 -0.043200705 -0.063204259 0.050274979 0.051828030 0.038495012 0.011899562 0.997842908
1341846322.202932 -0.037819277 -0.065321095 0.044888008 0.053440358 0.035709042 0.012073090 0.997859359
1341846322.234093 -0.036751814 -0.068110496 0.045594420 0.052392237 0.034164734 0.009827022 0.997993648
1341846322.265941 -0.036700778 -0.076558255 0.050727226 0.049883366 0.031115688 0.010899353 0.998210788
1341846322.301996 -0.027203353 -0.092050463 0.048351321 0.047573365 0.028676651 0.011964872 0.998384356
1341846322.333949 -0.034054682 -0.109381631 0.037786439 0.046252344 0.027686236 0.010478314 0.998491049
1341846322.369871 -0.027265845 -0.126718044 0.043913141 0.047018476 0.021923423 0.007195591 0.998627484
1341846322.402292 -0.013521617 -0.138309464 0.045656122 0.048618414 0.022409905 0.001398743 0.998565018
1341846322.433955 -0.028328739 -0.171196118 0.047287434 0.052160095 0.025235722 -0.002452698 0.998316824
1341846322.470030 -0.038681511 -0.165641099 0.049658962 0.062231321 0.022210091 -0.000104298 0.997814596
1341846322.502433 -0.018190432 -0.193161711 0.044151131 0.066392884 0.017162327 0.003959415 0.997638106
1341846322.534002 -0.011954536 -0.209108591 0.047813512 0.074533209 0.016742140 0.005623650 0.997062147
1341846322.570196 -0.015695533 -0.212166265 0.048492100 0.084991701 0.016774019 0.007564709 0.996211767
1341846322.601920 -0.021920308 -0.219482735 0.042678192 0.090526760 0.014070117 0.011175730 0.995731890
1341846322.638119 -0.003507342 -0.234252349 0.042205397 0.095545925 0.009897020 0.010586669 0.995319486
1341846322.669947 0.005021109 -0.235002741 0.048316043 0.100766882 0.012728476 0.010197937 0.994776368
1341846322.702026 -0.008419473 -0.251284212 0.045969427 0.103054695 0.015216541 0.011920765 0.994487822
1341846322.738006 -0.001466096 -0.244960651 0.049481981 0.105167031 0.011797903 0.013635891 0.994291067
1341846322.770087 0.010306431 -0.268976808 0.053491924 0.104191117 0.011812543 0.014165260 0.994386256
1341846322.806047 -0.001752524 -0.282814890 0.046943750 0.107886612 0.012435523 0.014820839 0.993974924
1341846322.838063 -0.007272638 -0.286655843 0.043293457 0.109876283 0.008367673 0.016539607 0.993772447
1341846322.870081 -0.000460739 -0.301049769 0.052102514 0.111752823 0.002968169 0.017636461 0.993575037
1341846322.906018 0.010063072 -0.304882586 0.054844752 0.116899170 0.000960645 0.017877262 0.992982388
1341846322.938349 0.009668409 -0.291503370 0.064657748 0.118210465 0.001885606 0.019621503 0.992792904
1341846322.970069 0.007130696 -0.296671331 0.059194960 0.113101088 0.001961954 0.020487377 0.993370295
1341846323.011820 0.016511967 -0.316480696 0.057255588 0.109703980 0.001598990 0.021530392 0.993729830
1341846323.073951 0.015788490 -0.312621742 0.063158661 0.107550129 0.001344756 0.025986271 0.993859053
1341846323.105962 0.015480686 -0.332801700 0.067718282 0.104110867 0.001601338 0.025374239 0.994240642
1341846323.138158 0.014841875 -0.333282888 0.065864898 0.104841031 0.001683588 0.021882620 0.994246781
1341846323.174092 0.013011695 -0.336181164 0.060638659 0.102827162 0.001300221 0.020845156 0.994479895
1341846323.206059 0.023548659 -0.344140828 0.065172151 0.099741638 0.000206135 0.018700266 0.994837582
1341846323.238053 0.026559927 -0.343396485 0.067565814 0.097619519 0.003303076 0.016464708 0.995082140
1341846323.273997 0.007913453 -0.345405281 0.064555667 0.093509547 0.004298632 0.017658362 0.995452523
1341846323.305946 0.016227197 -0.355889857 0.064848438 0.087940484 -0.000085371 0.018492356 0.995954037
1341846323.342027 0.042228948 -0.372051448 0.075849518 0.085456707 -0.000015162 0.017176714 0.996193826
1341846323.374048 0.016923960 -0.375937283 0.078147501 0.086287245 0.005397072 0.017841063 0.996095896
1341846323.405987 0.001772204 -0.387723505 0.068045229 0.086129256 0.001969365 0.022602666 0.996025562
1341846323.441956 0.020847747 -0.396132320 0.079375178 0.087286584 -0.003305621 0.025430573 0.995853126
1341846323.473878 0.022637665 -0.412349105 0.075377628 0.090973109 -0.001784629 0.023433134 0.995575964
1341846323.506129 0.018595710 -0.406683177 0.070425265 0.093724586 -0.001713284 0.021285675 0.995369077
1341846323.541972 0.025410701 -0.403986186 0.069350936 0.092615761 -0.002059665 0.018618712 0.995525658
1341846323.573913 0.055743311 -0.419907629 0.064526141 0.091367036 0.000195829 0.014148428 0.995716751
1341846323.609927 0.033423252 -0.420993179 0.072581068 0.091970138 0.008086566 0.010105637 0.995677650
1341846323.642014 0.025224701 -0.434160888 0.065928876 0.090463564 0.009602255 0.011151433 0.995791018
1341846323.674081 0.022988243 -0.444923103 0.065511420 0.090425685 0.007937753 0.013717140 0.995777071
1341846323.710069 0.023311619 -0.462764204 0.059332557 0.091536917 0.006798982 0.018124234 0.995613515
1341846323.742111 0.021897096 -0.475834996 0.063161843 0.095819235 0.004850807 0.018628953 0.995212615
1341846323.774928 0.026194658 -0.471966863 0.059766032 0.099417917 0.002321145 0.016322535 0.994909167
1341846323.810012 0.028475529 -0.474854201 0.061304830 0.100928031 0.000976655 0.013019278 0.994808078
1341846323.842207 0.032397300 -0.482264817 0.054711610 0.102141231 0.001000002 0.007428957 0.994741678
1341846323.878019 0.018603448 -0.495819807 0.053754039 0.102888279 0.001001560 0.002404598 0.994689465
1341846323.909826 0.022268178 -0.505162001 0.053190030 0.106005453 -0.000922175 -0.001382280 0.994364142
1341846323.942459 0.020584786 -0.504671276 0.051996477 0.110056117 -0.000906208 -0.001663320 0.993923545
1341846323.978055 0.013827312 -0.509649932 0.047178224 0.112267263 -0.003430204 0.000034739 0.993672132
1341846324.015934 0.024925942 -0.509194374 0.051881619 0.116094887 -0.006156031 -0.000230259 0.993219018
1341846324.047722 0.030281214 -0.502748609 0.045846179 0.119602449 -0.004848033 -0.001290381 0.992809176
1341846324.083904 0.026809461 -0.486066937 0.050977163 0.120482899 -0.003284876 -0.002075836 0.992707789
1341846324.115968 0.028453631 -0.486675054 0.049256124 0.118002839 -0.001558188 -0.003837692 0.993004620
1341846324.151967 0.034934066 -0.483038604 0.044207864 0.117536172 0.001015998 -0.008039325 0.993035555
1341846324.183941 0.025529325 -0.465029269 0.046391293 0.115537934 0.005810016 -0.012597160 0.993206143
1341846324.219984 0.021588357 -0.463909268 0.058855020 0.110626198 0.007412028 -0.010116544 0.993782938
1341846324.251968 0.016991604 -0.466746300 0.053141981 0.110134080 0.007876055 -0.011384881 0.993820310
1341846324.284052 0.013580667 -0.450875282 0.061476953 0.110770322 0.007224133 -0.011598606 0.993752062
1341846324.319880 0.008818731 -0.436975181 0.055588618 0.109635606 0.004005552 -0.011917513 0.993892312
1341846324.351917 0.014155738 -0.418631464 0.059236772 0.106721446 0.000244676 -0.013544007 0.994196653
1341846324.388001 0.020467285 -0.413360119 0.059105277 0.102260247 0.000192664 -0.017188139 0.994609177
1341846324.419908 0.017179823 -0.396667302 0.061710775 0.097982422 0.002649987 -0.020158149 0.994980454
1341846324.452027 0.011824138 -0.400229603 0.064995512 0.092870429 0.003132752 -0.020522974 0.995461762
1341846324.487928 0.010597904 -0.396618068 0.062242955 0.091074266 0.002791801 -0.018209543 0.995673656
1341846324.519985 0.002586418 -0.383352518 0.064851716 0.090174936 0.000831681 -0.012983633 0.995840967
1341846324.556001 0.001231630 -0.360966444 0.067652717 0.089043275 -0.004220084 -0.008809045 0.995979846
1341846324.587888 0.001559753 -0.347394109 0.071574278 0.085840963 -0.007251089 -0.006851762 0.996258914
1341846324.620086 0.006817551 -0.344519287 0.071041271 0.083479144 -0.010038722 -0.009454844 0.996414065
1341846324.655955 0.011103857 -0.333008528 0.070616856 0.082240060 -0.011299231 -0.010411970 0.996494114
1341846324.688082 0.005448181 -0.327400565 0.076492444 0.082029819 -0.010825495 -0.009265629 0.996528029
1341846324.755922 -0.009302827 -0.290573984 0.070596278 0.083804227 -0.013398069 -0.005180070 0.996378660
1341846324.814016 0.009441826 -0.254491836 0.068720274 0.079384580 -0.020177986 -0.008174036 0.996606290
1341846324.849979 -0.001705298 -0.250986785 0.081240267 0.073146529 -0.016560989 -0.010578361 0.997127593
1341846324.881924 -0.011405029 -0.247491479 0.083872601 0.070156768 -0.017178088 -0.010750529 0.997330129
1341846324.913902 -0.005322376 -0.238915384 0.082437791 0.069138214 -0.019068491 -0.007740511 0.997394800
1341846324.949999 -0.008670818 -0.242815986 0.085346565 0.069289811 -0.018883241 -0.005030302 0.997405171
1341846324.981922 -0.022693394 -0.234579504 0.095950216 0.073761098 -0.020572437 -0.001494290 0.997062624
1341846325.018013 -0.026676778 -0.221200079 0.087310776 0.078356221 -0.025266776 0.000320049 0.996605098
1341846325.050079 -0.027644275 -0.205671355 0.087886982 0.080437765 -0.030422732 -0.000456276 0.996295154
1341846325.081901 -0.021371290 -0.186375573 0.091187194 0.080078065 -0.036298681 -0.002654711 0.996123910
1341846325.118531 -0.011103134 -0.170131028 0.084840238 0.076089256 -0.038384855 -0.004915909 0.996349752
1341846325.149933 -0.014152441 -0.173273057 0.090281770 0.069885388 -0.035928901 -0.006704403 0.996885240
1341846325.181925 -0.018291853 -0.168950468 0.089743964 0.066619493 -0.034655921 -0.004222439 0.997167468
1341846325.218055 -0.019649386 -0.159449905 0.094974771 0.064059898 -0.034496810 -0.000066792 0.997349620
1341846325.249811 -0.021554302 -0.151390418 0.095941275 0.062036630 -0.034487851 0.003688558 0.997470975
1341846325.285925 -0.018139388 -0.142781034 0.095498696 0.059381492 -0.035275318 0.006588728 0.997590125
1341846325.317988 -0.005814657 -0.143560097 0.100742228 0.056925014 -0.033820666 0.009327541 0.997761846
1341846325.349844 -0.009493705 -0.147706002 0.106152631 0.059558365 -0.028619274 0.011180692 0.997751832
1341846325.387302 -0.007870832 -0.135110706 0.104055494 0.064353131 -0.026181117 0.014006125 0.997485340
1341846325.417931 -0.002724921 -0.129147828 0.108327121 0.066993192 -0.021100668 0.017346459 0.997379482
1341846325.450747 0.017865736 -0.138996184 0.111342758 0.071257249 -0.014192414 0.020013159 0.997156203
1341846325.485954 -0.002096657 -0.119219974 0.114146307 0.080382049 -0.006281460 0.021669347 0.996508777
1341846325.517875 -0.013919330 -0.104498275 0.110488482 0.084422566 -0.002890286 0.023173153 0.996156335
1341846325.553859 -0.014347088 -0.098235041 0.112201676 0.087448366 0.000730521 0.022521263 0.995914161
1341846325.585855 -0.019516531 -0.078236602 0.114192382 0.090455152 0.003967635 0.020722669 0.995676994
1341846325.617990 -0.024000427 -0.060545273 0.114702135 0.087731443 0.006096312 0.019308800 0.995938361
1341846325.653982 -0.023024408 -0.078187779 0.120633908 0.084104449 0.007751995 0.016187338 0.996295273
1341846325.685819 -0.017256917 -0.075742699 0.110956743 0.088545628 0.008104338 0.021332951 0.995810688
1341846325.717857 -0.021164777 -0.059468053 0.115705237 0.093578137 0.009286501 0.028161850 0.995170236
1341846325.754083 -0.027442511 -0.060630523 0.111854650 0.096264407 0.009860156 0.032024976 0.994791567
1341846325.786087 -0.019680062 -0.054097816 0.113282472 0.102773950 0.009664265 0.033735607 0.994085550
1341846325.821856 -0.022620000 -0.034349069 0.116086654 0.107282341 0.011706450 0.035102211 0.993539810
1341846325.853827 -0.030865032 -0.028379101 0.119090274 0.107844643 0.012666730 0.038468935 0.993342459
1341846325.885958 -0.043184061 -0.013215804 0.125441164 0.109236389 0.011013109 0.041207757 0.993100166
1341846325.921984 -0.040886402 -0.007907357 0.132844314 0.108431078 0.007094050 0.045745291 0.993025541
1341846325.953899 -0.028532360 -0.007482203 0.134679094 0.111072555 0.006745271 0.046886701 0.992682695
1341846325.985823 -0.033065654 0.004801370 0.137255594 0.113950178 0.009943255 0.051145192 0.992119253
1341846326.021991 -0.037928540 0.007230701 0.140450716 0.116738506 0.010335381 0.056620192 0.991493523
1341846326.054055 -0.030243497 0.025525969 0.139586851 0.122382171 0.008878700 0.060578827 0.990592718
1341846326.089984 -0.024665715 0.043224424 0.139083236 0.125270173 0.010541250 0.059713893 0.990267873
1341846326.121822 -0.028477307 0.053723071 0.144553930 0.124995381 0.014763124 0.057636581 0.990371764
1341846326.154079 -0.033466965 0.054289848 0.151318699 0.125265166 0.017463103 0.056028463 0.990386009
1341846326.190178 -0.040314235 0.063689932 0.153290227 0.127784401 0.017501162 0.057999529 0.989949942
1341846326.222162 -0.040858287 0.089366719 0.157598898 0.127935693 0.015398474 0.064948902 0.989533722
1341846326.259181 -0.043890785 0.100251451 0.161769062 0.124705143 0.013092776 0.068654813 0.989729106
1341846326.322766 -0.038266044 0.120463967 0.173125640 0.117250696 0.012277300 0.067262605 0.990745783
1341846326.359773 -0.036043655 0.125948310 0.169081435 0.113380231 0.013677333 0.065319210 0.991307855
1341846326.392109 -0.032003712 0.117770806 0.176245704 0.111171201 0.015160319 0.066782497 0.991438925
1341846326.423985 -0.038459707 0.125554353 0.177424446 0.115838327 0.016731445 0.070682250 0.990608692
1341846326.459869 -0.040407181 0.143450975 0.178191364 0.118457943 0.014024789 0.074670836 0.990048110
1341846326.526163 -0.030603034 0.178140253 0.174576789 0.119141378 0.015119825 0.074526504 0.989960849
1341846326.560211 -0.036364704 0.184942350 0.185770884 0.113996960 0.019532960 0.074255757 0.990509570
1341846326.591828 -0.038540110 0.188574359 0.188496083 0.110626273 0.021703614 0.075742930 0.990733981
1341846326.627027 -0.034031384 0.201322839 0.191279083 0.110486373 0.023007071 0.075311065 0.990753055
1341846326.658442 -0.030410420 0.218832538 0.192109838 0.108872652 0.026298851 0.074118651 0.990939736
1341846326.694856 -0.039118163 0.230863363 0.195537984 0.105118893 0.030416336 0.074029185 0.991233826
1341846326.726206 -0.038004562 0.244748443 0.200211421 0.099766918 0.031260353 0.072116770 0.991901457
1341846326.762753 -0.030277245 0.258682072 0.195488855 0.094006203 0.033152688 0.069176771 0.992611825
1341846326.826821 -0.034593500 0.301832944 0.190588668 0.080268539 0.039010916 0.066929176 0.993758321
1341846326.858887 -0.039198529 0.301573455 0.203033686 0.071611166 0.040875215 0.064371184 0.994513631
1341846326.895360 -0.043201443 0.299008399 0.205512956 0.068725750 0.041006073 0.065552779 0.994634688
1341846326.926897 -0.046469416 0.301389098 0.204075590 0.070191957 0.037165817 0.068458796 0.994487405
1341846326.958888 -0.041237682 0.318108648 0.204419315 0.073516637 0.034721266 0.070848629 0.994168103
1341846326.994594 -0.042285830 0.325155377 0.205633074 0.073644310 0.035379395 0.072781853 0.993995786
1341846327.026301 -0.045386285 0.340636343 0.201929212 0.072014138 0.037197672 0.071186326 0.994164407
1341846327.063945 -0.041638825 0.343791842 0.209016591 0.068593241 0.039495178 0.067878932 0.994548917
1341846327.094662 -0.043036852 0.351364225 0.216501892 0.068302661 0.041689448 0.065530397 0.994636834
1341846327.128901 -0.038751986 0.370707601 0.223151773 0.068101220 0.040546708 0.065387629 0.994707346
1341846327.161940 -0.036353696 0.383709788 0.224253416 0.067217939 0.039271358 0.065095939 0.994837701
1341846327.193867 -0.028671166 0.388050050 0.226695508 0.065929353 0.040011995 0.063536786 0.994995236
1341846327.229885 -0.027300496 0.404125035 0.222833112 0.067401282 0.043219060 0.062020510 0.994858086
1341846327.262014 -0.012575723 0.416774511 0.246731386 0.067051373 0.047049135 0.058256235 0.994935513
1341846327.294023 -0.033918992 0.412230551 0.220065281 0.067260921 0.062342174 0.047970451 0.994629681
1341846327.330015 -0.033535160 0.442715645 0.219174489 0.072564609 0.071527310 0.047615733 0.993655324
1341846327.361939 -0.023461329 0.455401868 0.242905572 0.070629783 0.075499251 0.044494286 0.993645608
1341846327.393887 -0.026802843 0.466764927 0.244608551 0.068912640 0.078400210 0.037240453 0.993839800
1341846327.429966 -0.031983666 0.495605260 0.245353058 0.068270892 0.078005768 0.038090821 0.993882895
1341846327.461965 -0.043059267 0.519938409 0.248943821 0.062224310 0.074381389 0.037557494 0.994577765
1341846327.497931 -0.031627480 0.514589608 0.256321192 0.055359699 0.071431480 0.036143914 0.995251954
1341846327.530068 -0.033072263 0.530558527 0.266438901 0.054599728 0.072309501 0.039109539 0.995118439
1341846327.561895 -0.040731125 0.533236504 0.265820682 0.053084943 0.070669442 0.043385383 0.995140970
1341846327.598010 -0.045604706 0.534361959 0.267998606 0.053616319 0.068152614 0.047698066 0.995090663
1341846327.629945 -0.051907517 0.557384610 0.271315008 0.054876283 0.063636445 0.047041081 0.995352268
1341846327.662003 -0.099560276 0.543887377 0.287627637 0.051692680 0.069678187 0.041777365 0.995352924
1341846327.697919 -0.062098235 0.581251919 0.270613492 0.057776526 0.061662734 0.044044919 0.995449483
1341846327.730075 -0.058099218 0.600949168 0.271603733 0.054308072 0.059810910 0.045124471 0.995709360
1341846327.766017 -0.048732482 0.600511134 0.276054502 0.048402783 0.057768378 0.045373451 0.996123135
1341846327.797917 -0.041583352 0.625426888 0.272082984 0.045124553 0.055973947 0.047760621 0.996267855
1341846327.830054 -0.036137156 0.628638864 0.278106004 0.037303030 0.054450318 0.048499469 0.996640086
1341846327.865944 -0.032845877 0.631443441 0.276098132 0.032516964 0.055586144 0.049087618 0.996716261
1341846327.898010 -0.040373400 0.647731662 0.281668812 0.031020112 0.057337590 0.050393835 0.996599555
1341846327.929991 -0.052027330 0.662062347 0.289081633 0.028471485 0.057365820 0.049009878 0.996742964
1341846327.966065 -0.051253654 0.670637310 0.287366062 0.023928119 0.057461206 0.046113573 0.996995091
1341846327.998073 -0.054705240 0.676630735 0.287403762 0.016764347 0.058851965 0.043737050 0.997167230
1341846328.034045 -0.051320523 0.684047818 0.287759840 0.011493736 0.059362672 0.041579619 0.997303903
1341846328.065993 -0.049511600 0.681006491 0.286079645 0.005463929 0.059996255 0.041769050 0.997309327
1341846328.098045 -0.053626236 0.664585114 0.291957796 0.003204843 0.061119571 0.042582039 0.997216582
1341846328.133967 -0.057776999 0.663900316 0.287393183 0.005992172 0.060287856 0.046840839 0.997063398
1341846328.166023 -0.055495523 0.664973259 0.280770600 0.006294803 0.056652982 0.047844835 0.997226954
1341846328.198018 -0.055773109 0.645626783 0.280644715 0.004647413 0.053961173 0.045752671 0.997483492
1341846328.234044 -0.053724118 0.638524592 0.281030536 0.007935850 0.052063294 0.045220826 0.997587860
1341846328.265899 -0.053504944 0.628917277 0.277233750 0.009885961 0.050284762 0.045258883 0.997659922
1341846328.302051 -0.048260603 0.608728945 0.274850518 0.012219151 0.049612384 0.046454735 0.997612774
1341846328.333917 -0.050376814 0.589261591 0.275419831 0.013526858 0.050302010 0.045602474 0.997600675
1341846328.366008 -0.045442753 0.595972180 0.272266865 0.020640153 0.049229473 0.042766590 0.997657955
1341846328.402010 -0.046670612 0.564830363 0.279567599 0.029768601 0.051686917 0.044121474 0.997244000
1341846328.433920 -0.043839749 0.545554221 0.267842948 0.035187542 0.049211238 0.046084266 0.997103989
1341846328.470003 -0.039778747 0.523173451 0.263110191 0.034732126 0.047576152 0.039137319 0.997496128
1341846328.502194 -0.031094830 0.502608299 0.252606273 0.035820071 0.048830185 0.030929955 0.997685254
1341846328.534033 -0.032185204 0.485617697 0.248575956 0.037178326 0.052015003 0.028835015 0.997537315
1341846328.570125 -0.042532086 0.443631411 0.270464808 0.036753248 0.053745579 0.028912753 0.997459114
1341846328.602804 -0.064641684 0.409244776 0.282947600 0.040576320 0.051958580 0.033261847 0.997270048
1341846328.672663 -0.042943098 0.372826338 0.246898115 0.049929813 0.036086649 0.030799724 0.997625232
1341846328.702975 -0.036717005 0.347416312 0.222472221 0.051042791 0.032621190 0.028791975 0.997748196
1341846328.770129 -0.026937310 0.313544184 0.214094862 0.059024513 0.028863762 0.025324337 0.997517765
1341846328.802331 -0.023309071 0.292368025 0.229757756 0.060071673 0.025172537 0.025817450 0.997542560
1341846328.838051 -0.016282633 0.274791509 0.221631229 0.063346967 0.022891698 0.022349808 0.997478604
1341846328.869939 -0.014614755 0.280728817 0.221904248 0.064464256 0.021205395 0.022505805 0.997440815
1341846328.904486 -0.016746223 0.258059263 0.215277717 0.059144929 0.018543527 0.022561386 0.997822165
1341846328.939814 -0.014873151 0.231622547 0.226051793 0.061652664 0.015971946 0.019984538 0.997769773
1341846328.970217 -0.005782136 0.243645221 0.217484832 0.067138284 0.012890618 0.026868822 0.997298539
1341846329.006232 -0.002769453 0.233842045 0.215582237 0.068077348 0.010388728 0.031118272 0.997140527
1341846329.038243 0.000719544 0.213221222 0.211814746 0.071266361 0.009782852 0.030754983 0.996935070
1341846329.106125 0.002114144 0.212367848 0.199628919 0.074814938 0.009341830 0.030411754 0.996689796
1341846329.138340 0.003975914 0.193254814 0.203042090 0.075876877 0.008495113 0.027666911 0.996697068
1341846329.169991 0.003027973 0.193609580 0.192099527 0.078144535 0.007842102 0.026160857 0.996567905
1341846329.208656 0.006843781 0.183693051 0.189942092 0.078337707 0.006447131 0.025621139 0.996576726
1341846329.238169 0.010181436 0.161946505 0.180206209 0.075988241 0.005165624 0.024788253 0.996787131
1341846329.273827 0.012034105 0.145486593 0.177178100 0.073534243 0.003957007 0.025643272 0.996955097
1341846329.306052 0.011170251 0.146955937 0.172328755 0.074669629 0.001606458 0.025026295 0.996892929
1341846329.338104 0.015883489 0.145818099 0.169799924 0.071413465 -0.000276119 0.022915781 0.997183502
1341846329.373907 0.013112457 0.120292246 0.173406526 0.066767998 -0.000763030 0.021009605 0.997546971
1341846329.405985 0.014937103 0.112537146 0.161921769 0.067791641 -0.002323165 0.018443242 0.997526348
1341846329.442057 0.016557729 0.107562482 0.161167920 0.067500047 -0.002977478 0.014900315 0.997603536
1341846329.473950 0.012882693 0.096357286 0.161143214 0.065964006 -0.003624402 0.008781222 0.997776806
1341846329.506147 0.011681459 0.092712864 0.154748619 0.066415183 -0.005508300 0.005971931 0.997758985
1341846329.542121 0.008668026 0.078801051 0.150498569 0.064310648 -0.008056106 0.005640372 0.997881472
1341846329.574086 0.016313951 0.058535013 0.154819369 0.066531442 -0.011075241 0.004277826 0.997713685
1341846329.606387 0.014708175 0.062484868 0.146795243 0.069458798 -0.011269165 0.002485874 0.997518063
1341846329.641955 0.011995322 0.053570777 0.143494695 0.069085084 -0.012417130 0.003553177 0.997527182
1341846329.681570 0.008935876 0.039343666 0.142495424 0.067876585 -0.015135244 0.003547897 0.997572601
1341846329.748113 0.015770346 0.037917741 0.143446669 0.070493244 -0.015559734 0.000769200 0.997390628
1341846329.810175 0.014327675 0.007370429 0.141350254 0.067164995 -0.012124008 0.005643019 0.997652292
1341846329.842255 0.013850145 -0.001191046 0.138560444 0.068682157 -0.012113604 0.008791290 0.997526348
1341846329.874044 0.011465494 -0.007475761 0.138658822 0.070634224 -0.011888774 0.011900580 0.997360408
1341846329.910073 0.013156394 -0.003882989 0.133442923 0.071037620 -0.012541641 0.014368207 0.997291327
1341846329.942009 0.010094316 -0.005468719 0.136771709 0.066579618 -0.012809907 0.019760873 0.997503161
1341846329.978087 0.011470482 -0.032442868 0.132261217 0.063588284 -0.013240349 0.021004898 0.997667313
1341846330.016305 0.016753037 -0.024191387 0.129342899 0.065899886 -0.012606290 0.018980557 0.997566044
1341846330.048192 0.007964622 -0.015912944 0.130623162 0.062787890 -0.010524622 0.019896712 0.997773051
1341846330.080418 0.011811720 -0.040434293 0.128436118 0.057239518 -0.011010483 0.022314938 0.998050332
1341846330.115886 0.014472551 -0.055287804 0.129494935 0.059858780 -0.009671366 0.022897240 0.997897387
1341846330.147839 0.007037685 -0.040951855 0.122098416 0.062921643 -0.009054361 0.024820901 0.997668684
1341846330.181257 0.007219573 -0.028213449 0.119053230 0.058631506 -0.009661086 0.027829418 0.997844934
1341846330.215852 0.008489466 -0.043252435 0.121828400 0.051716696 -0.008732206 0.027314991 0.998249948
1341846330.247833 0.002537956 -0.049280759 0.123554878 0.049792290 -0.007776307 0.026072942 0.998388946
1341846330.283913 0.002340287 -0.033299565 0.115762569 0.047124084 -0.008533145 0.026849873 0.998491645
1341846330.316011 -0.000715507 -0.051653083 0.121868856 0.039780643 -0.009223036 0.026152972 0.998823524
1341846330.347868 -0.002232006 -0.059313141 0.121092238 0.037409093 -0.010883269 0.025574418 0.998913467
1341846330.383835 0.003700445 -0.061510898 0.123257466 0.035726178 -0.011783618 0.025961211 0.998954892
1341846330.415934 0.000725567 -0.079083115 0.122281350 0.034453120 -0.010605586 0.023723967 0.999068379
1341846330.452561 -0.003962677 -0.079602517 0.121614009 0.037331954 -0.010864409 0.022943944 0.998980403
1341846330.483903 -0.006422768 -0.073631376 0.116759896 0.037813909 -0.012675080 0.025585240 0.998876810
1341846330.515970 -0.006240127 -0.082954347 0.117625982 0.035905030 -0.014935290 0.028776774 0.998829186
1341846330.552099 -0.003135782 -0.086915188 0.115483657 0.037113652 -0.016475203 0.031214209 0.998687565
1341846330.583876 -0.006953844 -0.077510014 0.112468719 0.037170794 -0.016559806 0.031625971 0.998671055
1341846330.619992 -0.017117562 -0.066646717 0.100564852 0.033292990 -0.016770789 0.030017719 0.998853981
1341846330.652136 -0.014202973 -0.074239656 0.099793725 0.026325783 -0.018593244 0.028750958 0.999066889
1341846330.683796 -0.016572852 -0.076734506 0.096973866 0.021724012 -0.018395830 0.028190093 0.999197185
1341846330.719991 -0.021221373 -0.089986324 0.098594204 0.018681062 -0.020493595 0.029590577 0.999177396
1341846330.752103 -0.024211172 -0.091615878 0.095611364 0.020622291 -0.024461085 0.033909556 0.998912632
1341846330.787952 -0.028489470 -0.090747170 0.082575575 0.021663396 -0.028918749 0.037868500 0.998629212
1341846330.819823 -0.027962621 -0.088207908 0.083572887 0.021605447 -0.033274885 0.038219593 0.998481452
1341846330.852208 -0.028944712 -0.084547706 0.076220900 0.021115625 -0.034826767 0.038985401 0.998409450
1341846330.914111 -0.033635352 -0.067627333 0.070044324 0.012987682 -0.037807450 0.038646005 0.998453021
1341846330.949903 -0.035912942 -0.079982042 0.075499780 0.009216114 -0.039218463 0.039219439 0.998418152
1341846330.981986 -0.039271038 -0.080608107 0.067683734 0.010039862 -0.043842811 0.040313005 0.998174250
1341846331.014111 -0.041353937 -0.073040068 0.069469385 0.010122935 -0.047435597 0.040043931 0.998019993
1341846331.082139 -0.042403482 -0.077719085 0.059696063 0.011725768 -0.050299127 0.037019949 0.997978985
1341846331.114334 -0.044136524 -0.075473212 0.062586382 0.011293809 -0.052346725 0.036193036 0.997909009
1341846331.149989 -0.039889377 -0.083453454 0.066051379 0.011320348 -0.053573113 0.035347193 0.997873902
1341846331.181954 -0.044432793 -0.081375979 0.059702281 0.014820280 -0.053573098 0.034046341 0.997873306
1341846331.218151 -0.049557228 -0.069787756 0.051220343 0.015136730 -0.056652863 0.035614751 0.997643709
1341846331.249914 -0.037204310 -0.081134371 0.055883259 0.012168966 -0.059204560 0.034462295 0.997576594
1341846331.318141 -0.029728027 -0.078940034 0.062122345 0.022964878 -0.049883701 0.030482255 0.998025596
1341846331.349926 -0.024111524 -0.077666290 0.056001320 0.021959703 -0.047772150 0.029604482 0.998177946
1341846331.382003 -0.005683669 -0.093657628 0.063785642 0.024580212 -0.041983835 0.027689928 0.998432040
1341846331.418008 -0.020889943 -0.083548181 0.074834600 0.031820707 -0.031145515 0.027695406 0.998624206
1341846331.450327 -0.029292267 -0.071363814 0.084517531 0.034835685 -0.025758287 0.026822936 0.998700917
1341846331.486219 -0.026546573 -0.071567193 0.082548164 0.033743437 -0.023793748 0.029261649 0.998718679
1341846331.518344 -0.016554164 -0.072972439 0.082495831 0.032339633 -0.023859663 0.028197940 0.998794138
1341846331.550202 -0.008275378 -0.081458904 0.094726890 0.034040511 -0.019708786 0.027375959 0.998851061
1341846331.586139 -0.020565415 -0.067577168 0.100051604 0.037153743 -0.017244648 0.027565222 0.998780429
1341846331.617931 -0.016235637 -0.063696280 0.106578350 0.036439054 -0.017541610 0.027577717 0.998801291
1341846331.654027 -0.006912936 -0.070568137 0.117452435 0.036549207 -0.015436313 0.027667584 0.998829544
1341846331.686123 -0.014773514 -0.061546370 0.119298674 0.039340548 -0.011994690 0.029461224 0.998719454
1341846331.717954 -0.019599803 -0.049536526 0.127294660 0.036956411 -0.012913999 0.029344445 0.998802483
1341846331.754076 -0.005705593 -0.064052984 0.137124404 0.033648361 -0.013409019 0.028765153 0.998929679
1341846331.785920 -0.007512496 -0.064802662 0.149520561 0.036540952 -0.010168782 0.027048556 0.998914301
1341846331.818053 -0.010880346 -0.051509291 0.161284059 0.037783694 -0.008335857 0.027744122 0.998865902
1341846331.853849 -0.008479096 -0.061010350 0.171041816 0.035880830 -0.008134917 0.026698023 0.998966277
1341846331.885987 -0.000491165 -0.060261216 0.184586152 0.038897794 -0.006049256 0.024414998 0.998926580
1341846331.922014 -0.005022031 -0.051839095 0.193614081 0.041301265 -0.002491619 0.023568580 0.998865604
1341846331.954037 0.005885947 -0.053546436 0.206260383 0.040862035 -0.000922469 0.025441123 0.998840451
1341846331.986135 0.009396425 -0.065888092 0.213673040 0.042432792 0.004885204 0.025785876 0.998754561
1341846332.022364 -0.002633732 -0.069624498 0.232310295 0.049184039 0.010768757 0.024638360 0.998427749
1341846332.054175 -0.011861652 -0.056056682 0.243108943 0.056549817 0.011376726 0.026560364 0.997981608
1341846332.086502 -0.006952614 -0.052127704 0.258815974 0.059552260 0.010896163 0.028566992 0.997756839
1341846332.122051 -0.006822626 -0.053598061 0.265285105 0.060841776 0.012174762 0.026927078 0.997709870
1341846332.153983 -0.010522888 -0.034654081 0.286891997 0.060254388 0.011682917 0.025834724 0.997780263
1341846332.190165 -0.011234112 -0.036753904 0.297691107 0.053705268 0.010081882 0.023965277 0.998218298
1341846332.254145 -0.011252191 -0.056412265 0.325176537 0.052546278 0.010376247 0.021532925 0.998332381
1341846332.289948 -0.016430348 -0.051692586 0.335022032 0.054870538 0.010568744 0.022797590 0.998177290
1341846332.322172 -0.013173888 -0.053301580 0.345902771 0.055454124 0.009748809 0.025202535 0.998095512
1341846332.354003 -0.003717069 -0.057638943 0.349504411 0.057613522 0.010623882 0.022846280 0.998021007
1341846332.390180 -0.009082834 -0.037813470 0.360704154 0.060804363 0.015750566 0.019849710 0.997828007
1341846332.422055 -0.011937610 -0.039469935 0.375496089 0.058512576 0.018247107 0.016405405 0.997985065
1341846332.458114 -0.009897644 -0.044156138 0.382516414 0.057663329 0.020517778 0.012082437 0.998052061
1341846332.489993 -0.016128384 -0.039791118 0.391197056 0.058704749 0.022594653 0.014667919 0.997911870
1341846332.522130 -0.020357957 -0.033881694 0.410990566 0.058544245 0.018935237 0.020197399 0.997900844
1341846332.558114 -0.016000371 -0.037772566 0.419674635 0.058326472 0.013072371 0.027334629 0.997837663
1341846332.589874 -0.007799331 -0.026596207 0.420631945 0.058917224 0.009844434 0.031873897 0.997705340
1341846332.621889 -0.006435945 -0.020447893 0.427423686 0.054940134 0.009794870 0.033037286 0.997894883
1341846332.658202 -0.004825927 -0.028613407 0.441784829 0.050197523 0.010580695 0.031299453 0.998192668
1341846332.690001 -0.001738063 -0.023937888 0.450680912 0.048801139 0.011122058 0.032725275 0.998210311
1341846332.726000 -0.005812223 -0.029798958 0.457036406 0.047260843 0.010640826 0.036318310 0.998165429
1341846332.758386 -0.000117727 -0.026008330 0.473152220 0.048264142 0.007713031 0.038041122 0.998080134
1341846332.789937 0.008914769 -0.019510135 0.469615102 0.047797471 0.007866928 0.036563229 0.998156607
1341846332.825925 0.010305971 -0.019885037 0.490246385 0.045396343 0.010583806 0.035111919 0.998295724
1341846332.857898 0.012769779 -0.021418525 0.496975332 0.046223089 0.011631270 0.035031468 0.998248935
1341846332.894069 0.015067823 -0.008019652 0.506319523 0.047051691 0.011111413 0.035808239 0.998188615
1341846332.926029 0.020351283 -0.004503187 0.513481140 0.043628130 0.011437354 0.033631135 0.998416126
1341846332.958015 0.022930492 -0.003154911 0.521938801 0.040721782 0.013761809 0.031058002 0.998592913
1341846332.994073 0.022417702 -0.000348829 0.527884126 0.037770029 0.015178371 0.028670559 0.998759806
1341846333.026545 0.026487250 0.006661411 0.539651155 0.036056101 0.016443759 0.026749741 0.998856366
1341846333.057998 0.036501788 0.007583380 0.544481039 0.035194121 0.017507739 0.027903268 0.998837471
1341846333.094024 0.038753398 0.007434092 0.555623531 0.035501104 0.019116340 0.031835157 0.998679519
1341846333.126095 0.042499654 0.011751503 0.560012043 0.036263485 0.020741014 0.033399075 0.998568594
1341846333.161973 0.044287585 0.018790424 0.565169930 0.035589758 0.023664895 0.034271453 0.998498261
1341846333.195660 0.046265714 0.017818842 0.572819173 0.032809474 0.025570607 0.036494195 0.998467743
1341846333.226331 0.047361813 0.021078784 0.574244201 0.031833775 0.026051426 0.035226293 0.998532474
1341846333.262056 0.048970435 0.029691830 0.581324160 0.029428551 0.026544165 0.033828642 0.998641551
1341846333.294147 0.049632039 0.024003314 0.588843584 0.025165880 0.026492845 0.032997616 0.998787284
1341846333.326100 0.053776238 0.026679851 0.589853346 0.023761289 0.024664259 0.031475924 0.998917580
1341846333.362100 0.054028612 0.033056270 0.591435134 0.020880507 0.024138944 0.029930854 0.999042273
1341846333.394119 0.049950931 0.024260424 0.597828209 0.016585907 0.023419539 0.028957317 0.999168575
1341846333.429974 0.052015275 0.026758434 0.601143777 0.016125666 0.021511950 0.028498737 0.999232233
1341846333.462115 0.057895288 0.025152089 0.607600987 0.015848299 0.021407908 0.027347839 0.999271035
1341846333.494040 0.059951581 0.023924947 0.607393503 0.016418941 0.022073645 0.026213989 0.999277711
1341846333.529953 0.062908560 0.025039263 0.610609353 0.017388297 0.023286927 0.025819579 0.999244094
1341846333.562063 0.060604874 0.030137902 0.610895455 0.018966347 0.025705205 0.027178472 0.999120057
1341846333.594090 0.051243581 0.035017140 0.610022187 0.017906902 0.025894584 0.028051097 0.999110579
1341846333.629994 0.049756404 0.038086053 0.609185517 0.014705141 0.023585200 0.027331611 0.999239922
1341846333.662127 0.057937548 0.038013183 0.605944455 0.011309698 0.021764506 0.027802773 0.999312460
1341846333.697964 0.053480625 0.027928881 0.605830073 0.008633996 0.022760417 0.028574485 0.999295175
1341846333.730092 0.059102081 0.028001912 0.602918625 0.011207974 0.022040471 0.029425476 0.999261081
1341846333.762089 0.059617586 0.031707346 0.599128664 0.013412721 0.022621967 0.030929774 0.999175489
1341846333.798006 0.058221746 0.030090485 0.595794380 0.014617165 0.023151511 0.030639049 0.999155462
1341846333.830055 0.060710110 0.028826494 0.590421975 0.017142478 0.023967197 0.028740868 0.999152482
1341846333.866045 0.056879349 0.029630866 0.585942924 0.018234638 0.025600199 0.027450377 0.999128938
1341846333.897987 0.055679411 0.024186429 0.581828117 0.019251416 0.025617452 0.026266241 0.999141276
1341846333.930099 0.053075396 0.021378456 0.575929940 0.022051454 0.026863042 0.024623489 0.999092519
1341846333.965889 0.052850787 0.022399144 0.571183681 0.024408851 0.027465122 0.024730572 0.999018669
1341846333.997985 0.050359804 0.017231090 0.565128386 0.026661001 0.028775111 0.024081321 0.998940051
1341846334.030076 0.047037013 0.019754391 0.555043638 0.030131083 0.030320194 0.025074670 0.998771250
1341846334.066000 0.046752952 0.016034693 0.552207530 0.031296816 0.029465355 0.026739271 0.998717844
1341846334.097932 0.042509675 0.016878512 0.546045184 0.033493489 0.029946120 0.026180649 0.998647094
1341846334.133884 0.040167332 0.014987431 0.539197624 0.034751408 0.030960133 0.026804982 0.998556614
1341846334.166115 0.035197392 0.015069693 0.531394482 0.034983706 0.029877398 0.027790112 0.998554587
1341846334.198072 0.033386070 0.014182024 0.524588525 0.035349675 0.028313925 0.026908802 0.998611331
1341846334.234097 0.036312640 0.015738823 0.517642081 0.035894141 0.028275639 0.025670171 0.998625636
1341846334.266045 0.029500371 0.013661992 0.510220408 0.035972960 0.030490382 0.025933225 0.998550832
1341846334.297946 0.020305671 0.009828776 0.503963053 0.036737207 0.029594030 0.027265161 0.998514473
1341846334.334036 0.022113889 0.013499368 0.494716167 0.037345078 0.027624181 0.027715269 0.998535991
1341846334.365871 0.021077124 0.014079086 0.486667216 0.036720768 0.027549021 0.026417168 0.998596370
1341846334.401845 0.018803982 0.014055517 0.481638640 0.035624675 0.028432237 0.025179485 0.998643339
1341846334.433864 0.010128157 0.008568730 0.476823300 0.035532251 0.028161000 0.025549250 0.998644888
1341846334.466105 0.010130976 0.011420961 0.468688995 0.036374528 0.026325814 0.026388429 0.998642862
1341846334.502142 0.004894495 0.013482470 0.462526888 0.035245508 0.025221290 0.027396679 0.998684645
1341846334.540153 0.003941815 0.011694310 0.452875346 0.034638729 0.024023004 0.025933363 0.998774529
1341846334.602351 -0.009641279 0.020065332 0.434995204 0.030764882 0.021003297 0.019126773 0.999122918
1341846334.670161 -0.012171851 0.013235237 0.421619743 0.025016895 0.018245455 0.012535660 0.999441922
1341846334.702085 -0.021826210 0.008947473 0.413324982 0.023545919 0.016751245 0.012524913 0.999503970
1341846334.734751 -0.023427807 0.009434368 0.409462005 0.024017084 0.014358949 0.013463710 0.999517739
1341846334.770889 -0.025208462 0.009689653 0.399299145 0.024174904 0.012700845 0.016169693 0.999496281
1341846334.802194 -0.028601971 0.010888400 0.389628768 0.023818674 0.010190435 0.016712332 0.999524653
1341846334.833908 -0.027333466 0.014501624 0.380580962 0.023680780 0.008340726 0.015452539 0.999565363
1341846334.869874 -0.031761650 0.013574997 0.370486856 0.021856535 0.008222055 0.015489732 0.999607325
1341846334.902006 -0.039641540 0.010825241 0.361369222 0.020093624 0.006962277 0.015859690 0.999648094
1341846334.938010 -0.040818557 0.007808495 0.350072801 0.019302001 0.003751669 0.015324947 0.999689221
1341846334.970032 -0.038218021 0.008305343 0.339767605 0.019507706 0.002693103 0.013980483 0.999708354
1341846335.002203 -0.044542596 0.002657115 0.333171785 0.020652391 0.003587722 0.015342573 0.999662578
1341846335.037880 -0.049836326 0.006123996 0.320593238 0.023498483 0.000414129 0.018516356 0.999552310
1341846335.069990 -0.048794560 0.008256868 0.309997708 0.023588507 -0.002577964 0.017963625 0.999557018
1341846335.106038 -0.045419045 0.007123930 0.299094647 0.024016732 -0.001659727 0.015719382 0.999586582
1341846335.138045 -0.052642699 0.005494077 0.293071777 0.025638860 -0.000269157 0.015383536 0.999552846
1341846335.169900 -0.062001601 0.008464639 0.276552558 0.026049854 -0.002152208 0.015230556 0.999542296
1341846335.206091 -0.056790780 0.008888501 0.267306954 0.025245715 -0.004755187 0.013196630 0.999582887
1341846335.239365 -0.054195173 0.003286749 0.257895708 0.024780508 -0.003868989 0.010645119 0.999628723
1341846335.269948 -0.058863219 0.000693670 0.248791561 0.026314816 -0.002304089 0.009154079 0.999609172
1341846335.305972 -0.064102329 0.001009326 0.236792445 0.028181633 -0.003728722 0.010569325 0.999539971
1341846335.338012 -0.058764227 -0.000971141 0.230408385 0.029475503 -0.005777073 0.012217848 0.999474168
1341846335.374005 -0.056408670 -0.016224634 0.211880937 0.031909518 -0.004403468 0.013583837 0.999388754
1341846335.406025 -0.063556634 -0.011534898 0.203956231 0.039317854 -0.001151881 0.015228716 0.999110043
1341846335.438079 -0.063590489 -0.005254041 0.193104655 0.044645570 -0.000616046 0.019065600 0.998820782
1341846335.473998 -0.063629597 -0.000386404 0.184173048 0.047068615 0.000945056 0.019856239 0.998693824
1341846335.507038 -0.064455092 0.002774833 0.173804671 0.048293125 0.003559017 0.017940614 0.998665750
1341846335.538040 -0.070175506 0.007326507 0.165909633 0.047759298 0.006035568 0.015965588 0.998713076
1341846335.574119 -0.076411687 0.009876036 0.159667253 0.045484871 0.006195433 0.016284522 0.998813093
1341846335.605970 -0.076225691 0.002810495 0.148742706 0.043426376 0.005409132 0.015601937 0.998920143
1341846335.641978 -0.073550522 0.005905392 0.137493417 0.044907823 0.006341139 0.013176760 0.998884141
1341846335.673993 -0.077329628 0.009481294 0.124385141 0.045293309 0.007451374 0.012509725 0.998867631
1341846335.706178 -0.080554307 0.008949802 0.114223950 0.044708166 0.006198502 0.013428961 0.998890579
1341846335.741982 -0.074694857 0.007437969 0.105123952 0.045061111 0.005401073 0.012809578 0.998887479
1341846335.773960 -0.080781519 0.010470636 0.097326241 0.044977818 0.006079176 0.012618456 0.998889804
1341846335.806271 -0.082030058 0.015561223 0.088520139 0.043331299 0.005426042 0.012976699 0.998961747
1341846335.842031 -0.081546880 0.010204364 0.075220883 0.040964458 0.006260177 0.012595396 0.999061584
1341846335.873966 -0.082896978 0.007216480 0.064167820 0.041667130 0.007760947 0.012030207 0.999028981
1341846335.910005 -0.090481840 0.013851288 0.051420927 0.041648317 0.008207412 0.013519624 0.999007106
1341846335.941936 -0.092895009 0.013245063 0.040295064 0.040513773 0.006336457 0.014175728 0.999058306
1341846335.974198 -0.094283491 0.011692700 0.030940134 0.040193714 0.005591330 0.011895807 0.999105453
1341846336.010032 -0.096465312 0.013476313 0.017991150 0.039942279 0.005570169 0.010796173 0.999128103
1341846336.042129 -0.102345869 0.017943067 0.008161828 0.039825946 0.004687727 0.011222532 0.999132633
1341846336.078076 -0.104195833 0.014368600 0.003229778 0.039561421 0.002765247 0.010346959 0.999159753
1341846336.110739 -0.102445155 0.018877394 -0.007057009 0.040395752 0.002441773 0.009023372 0.999140024
1341846336.142002 -0.113857098 0.017953712 -0.020295849 0.040208131 0.003092833 0.009725517 0.999139249
1341846336.183953 -0.115962699 0.019425301 -0.034205738 0.039846878 0.000451270 0.010772541 0.999147594
1341846336.241891 -0.114038721 0.018985141 -0.043531973 0.037725005 -0.000572969 0.010451578 0.999233305
1341846336.277946 -0.123045675 0.015139488 -0.047622733 0.038076434 0.000155311 0.012224227 0.999200046
1341846336.309977 -0.127567351 0.015325047 -0.056454379 0.040796887 -0.002120867 0.014981860 0.999052882
1341846336.346143 -0.128839359 0.021538287 -0.062406722 0.043014627 -0.003474846 0.016000785 0.998940229
1341846336.377975 -0.127061650 0.022465548 -0.067404516 0.043871175 -0.003591010 0.015599094 0.998908937
1341846336.410032 -0.129678190 0.022301367 -0.082669251 0.044612151 -0.002753044 0.015568181 0.998879254
1341846336.446041 -0.133050650 0.028272599 -0.091897704 0.044568539 -0.003006166 0.014959911 0.998889804
1341846336.477990 -0.131422505 0.023225322 -0.101303868 0.043020803 -0.003286752 0.015086144 0.998954833
1341846336.510056 -0.133996397 0.023478037 -0.100111872 0.043498378 -0.002630766 0.015901336 0.998923481
1341846336.546024 -0.134708419 0.021370679 -0.114253670 0.044329166 -0.002497758 0.017141165 0.998866796
1341846336.578003 -0.136064574 0.028762817 -0.125440314 0.044371895 -0.003013603 0.019386908 0.998822391
1341846336.614020 -0.131527603 0.029385906 -0.125258356 0.043703683 -0.002800822 0.018707806 0.998865426
1341846336.645982 -0.139147803 0.033574477 -0.133764789 0.042803213 -0.000995574 0.018344041 0.998914599
1341846336.678036 -0.145140514 0.029603168 -0.138190284 0.040842675 -0.002590423 0.018863494 0.998984158
1341846336.714024 -0.149620548 0.023837257 -0.132582605 0.042081013 -0.004709012 0.018189833 0.998937488
1341846336.746016 -0.152866185 0.018618610 -0.146627665 0.045364693 -0.006543080 0.020255273 0.998743713
1341846336.778014 -0.158272326 0.028633222 -0.159539461 0.048760287 -0.010333267 0.023685033 0.998476207
1341846336.820006 -0.156914324 0.030566148 -0.162889406 0.049311280 -0.014179406 0.025526786 0.998356521
1341846336.882056 -0.161577165 0.032114856 -0.168024883 0.052169431 -0.016388955 0.024707403 0.998198032
1341846336.914273 -0.168844894 0.024295865 -0.162022799 0.054113634 -0.020605473 0.027260935 0.997949898
1341846336.945998 -0.159484193 0.023000501 -0.181784391 0.060431454 -0.027701698 0.029338514 0.997356474
1341846336.981980 -0.166678920 0.043895550 -0.197072744 0.064437769 -0.030870991 0.027258616 0.997071564
1341846337.014238 -0.168250382 0.047352023 -0.197382554 0.061733138 -0.033490948 0.024102550 0.997239411
1341846337.046017 -0.164071962 0.042414218 -0.193011090 0.059133314 -0.035150118 0.020184182 0.997426867
1341846337.082104 -0.167394951 0.042673916 -0.203920454 0.058352999 -0.035340302 0.017237583 0.997521341
1341846337.114317 -0.172392249 0.039993264 -0.211090431 0.056352012 -0.037310865 0.016690353 0.997573972
1341846337.150037 -0.167052299 0.039511114 -0.210193202 0.054680631 -0.039408971 0.015345827 0.997607887
1341846337.181873 -0.163451433 0.040098652 -0.206707835 0.054331455 -0.039527535 0.012399908 0.997663200
1341846337.214073 -0.169117332 0.049238890 -0.213501930 0.052495331 -0.037868127 0.010305720 0.997849703
1341846337.250087 -0.182277709 0.033196233 -0.218367964 0.048907537 -0.038453598 0.011300782 0.997998834
1341846337.282028 -0.177462906 0.033866480 -0.221738935 0.050080396 -0.043000948 0.015135732 0.997704268
1341846337.317920 -0.169141158 0.036455102 -0.220869958 0.049879484 -0.044928722 0.015545350 0.997623086
1341846337.350018 -0.177103609 0.046184734 -0.224855125 0.048890233 -0.043699391 0.014686559 0.997739673
1341846337.382159 -0.170098409 0.038139258 -0.226675466 0.045583807 -0.043952890 0.013091911 0.997907281
1341846337.417941 -0.175368682 0.030545648 -0.233287245 0.046144359 -0.042968947 0.013944644 0.997912765
1341846337.450137 -0.174861804 0.041516975 -0.237319231 0.047222182 -0.044976220 0.014800968 0.997761548
1341846337.482096 -0.171570376 0.038942963 -0.230262488 0.045619950 -0.045494627 0.015688252 0.997799039
1341846337.518008 -0.174543798 0.032566004 -0.233364359 0.046387035 -0.045628436 0.015538452 0.997759938
1341846337.549978 -0.176350310 0.041184343 -0.243071944 0.046996277 -0.046191450 0.013631762 0.997733414
1341846337.585971 -0.175834090 0.039230570 -0.237623587 0.044128560 -0.046644382 0.012864351 0.997853458
1341846337.617903 -0.172696307 0.026669558 -0.229703501 0.044807341 -0.047426332 0.013368166 0.997779727
1341846337.650141 -0.171021476 0.038617391 -0.236433163 0.047839854 -0.047820453 0.012837927 0.997627079
1341846337.686352 -0.170769319 0.040490858 -0.238301516 0.046082810 -0.047621951 0.012928346 0.997718096
1341846337.718002 -0.167771459 0.038933381 -0.229986519 0.044241026 -0.047370318 0.013415881 0.997806966
1341846337.749920 -0.166028857 0.042806286 -0.229731321 0.044229709 -0.045405265 0.012322813 0.997912943
1341846337.786157 -0.165254593 0.049901493 -0.226815000 0.041377243 -0.042582616 0.012319941 0.998159707
1341846337.817945 -0.161442250 0.042794406 -0.218713522 0.038653508 -0.040880710 0.014081799 0.998316765
1341846337.854071 -0.160173118 0.049292829 -0.217797488 0.037771158 -0.037610546 0.013371414 0.998488843
1341846337.885951 -0.166111752 0.055196412 -0.211851448 0.034931503 -0.034722574 0.011031737 0.998725414
1341846337.918223 -0.160680652 0.054368854 -0.204455674 0.030668123 -0.033916090 0.009146629 0.998912156
1341846337.954120 -0.160777509 0.048559453 -0.200259954 0.027997306 -0.032355562 0.008741876 0.999045968
1341846337.985994 -0.159534633 0.058615938 -0.193723872 0.025901712 -0.031610869 0.008705600 0.999126673
1341846338.018107 -0.155076951 0.053706340 -0.184543490 0.022153055 -0.030224785 0.009926355 0.999248266
1341846338.054055 -0.150853679 0.061367188 -0.178833187 0.020333732 -0.029057125 0.009211420 0.999328494
1341846338.085986 -0.145254835 0.060519356 -0.165560797 0.016742790 -0.026223471 0.009368108 0.999471962
1341846338.121875 -0.149543449 0.052599076 -0.162745506 0.014304630 -0.023472389 0.010835923 0.999563396
1341846338.154089 -0.151650280 0.053395316 -0.157848313 0.013541497 -0.022820896 0.014273270 0.999545932
1341846338.186029 -0.149398893 0.057501383 -0.147065625 0.012736309 -0.023313608 0.016341971 0.999513507
1341846338.222071 -0.141733423 0.061949659 -0.136126146 0.011618991 -0.022617074 0.015682384 0.999553680
1341846338.254107 -0.143245116 0.056685660 -0.125566110 0.009626659 -0.020614088 0.016363095 0.999607265
1341846338.290130 -0.142614663 0.052189182 -0.119266331 0.009758689 -0.020515075 0.017901331 0.999581635
1341846338.321952 -0.141431689 0.060480796 -0.111455314 0.010332756 -0.019682018 0.019844498 0.999555945
1341846338.354022 -0.137978777 0.057576478 -0.098958358 0.009439155 -0.019423502 0.020068580 0.999565363
1341846338.389969 -0.138137937 0.064604029 -0.091117173 0.009546387 -0.018329507 0.020491820 0.999576390
1341846338.422377 -0.136646986 0.060823314 -0.079637781 0.007435685 -0.018033314 0.020628715 0.999596894
1341846338.454010 -0.137045026 0.064327829 -0.074686855 0.006544350 -0.018306721 0.019680768 0.999617279
1341846338.489894 -0.133220494 0.061717007 -0.059116039 0.004709777 -0.019028852 0.020182198 0.999604106
1341846338.522066 -0.130826280 0.060085759 -0.047976848 0.005518042 -0.018789236 0.019560615 0.999616921
1341846338.558058 -0.132331684 0.065580234 -0.047462851 0.004983990 -0.018641064 0.018797874 0.999637067
1341846338.589842 -0.128548130 0.064957470 -0.032837618 0.002881614 -0.019120038 0.018424029 0.999643266
1341846338.622019 -0.120676056 0.061004035 -0.016456742 0.003294501 -0.018718336 0.020243108 0.999614418
1341846338.657984 -0.125257686 0.070247978 -0.014113437 0.004300583 -0.018332029 0.021651624 0.999588251
1341846338.690198 -0.118770622 0.074138843 -0.002262409 0.002514293 -0.019561648 0.021546956 0.999573290
1341846338.722454 -0.113530308 0.067035861 0.010396688 0.001382941 -0.018694283 0.021763371 0.999587417
1341846338.757945 -0.118908413 0.072586156 0.011489807 0.001809261 -0.018279189 0.023590565 0.999552965
1341846338.790039 -0.116237223 0.073020481 0.026027340 -0.000207492 -0.020446451 0.023926614 0.999504566
1341846338.826048 -0.106188223 0.070319690 0.037746109 -0.000054639 -0.020298379 0.022627166 0.999537885
1341846338.858027 -0.110316895 0.076148219 0.041788436 0.000154811 -0.018168446 0.021859452 0.999595940
1341846338.889902 -0.109492570 0.077219374 0.056193262 -0.002344752 -0.019086020 0.021212926 0.999590039
1341846338.925948 -0.099243850 0.075258754 0.070013359 -0.002965737 -0.019302279 0.019394398 0.999621153
1341846338.958108 -0.101774715 0.074656039 0.078950353 -0.002874362 -0.016904062 0.018440284 0.999682903
1341846338.990057 -0.098820202 0.072705626 0.090743043 -0.002659737 -0.017081475 0.019705161 0.999656379
1341846339.025928 -0.090561189 0.071666934 0.109203249 -0.000670581 -0.016759144 0.020159321 0.999656081
1341846339.057939 -0.090355776 0.077445522 0.115766406 0.002561815 -0.014213096 0.019733958 0.999700963
1341846339.093927 -0.096612640 0.085441925 0.119661666 0.001768684 -0.013968430 0.020551899 0.999689639
1341846339.126562 -0.088953160 0.090464547 0.130285949 -0.000861298 -0.015578608 0.019263512 0.999692678
1341846339.157969 -0.080518782 0.088255480 0.144973323 -0.003566683 -0.013601824 0.017838392 0.999741971
1341846339.194113 -0.088773511 0.090789400 0.146714389 -0.005410367 -0.011674960 0.018555971 0.999745011
1341846339.228165 -0.089067481 0.094780207 0.156690702 -0.008654321 -0.013526291 0.020530732 0.999660254
1341846339.257998 -0.075390458 0.091444626 0.177592307 -0.011840293 -0.014023533 0.021935605 0.999590874
1341846339.294132 -0.075775839 0.093803704 0.180314988 -0.011810963 -0.011352859 0.022751849 0.999606907
1341846339.326577 -0.081501581 0.105592810 0.186789826 -0.014513147 -0.012514196 0.025311586 0.999495924
1341846339.362269 -0.070818111 0.097829536 0.195628151 -0.019871110 -0.015670445 0.023925498 0.999393404
1341846339.394725 -0.062623300 0.101020128 0.208849147 -0.020415017 -0.014300290 0.023073191 0.999423027
1341846339.462186 -0.057555027 0.101239562 0.230263203 -0.023930438 -0.015415628 0.023684718 0.999314129
1341846339.496743 -0.046915755 0.100644805 0.248300493 -0.021087930 -0.012482527 0.021711068 0.999463916
1341846339.562052 -0.048913985 0.097159542 0.255678952 -0.020140788 -0.008813930 0.023120744 0.999490917
1341846339.595122 -0.041252546 0.101373643 0.271108538 -0.017560406 -0.008698060 0.022422764 0.999556482
1341846339.632085 -0.037546042 0.104261510 0.276347727 -0.016078983 -0.005310935 0.020362198 0.999649227
1341846339.664568 -0.033974912 0.099214703 0.284484178 -0.016467713 -0.002627441 0.018610360 0.999687731
1341846339.698896 -0.034551047 0.097404532 0.289905101 -0.016637988 -0.001191202 0.017599504 0.999705970
1341846339.731977 -0.031507611 0.097531743 0.301985353 -0.016311808 -0.000995733 0.016013486 0.999738216
1341846339.762241 -0.025777919 0.094475105 0.309984893 -0.016396226 -0.000211665 0.016123604 0.999735534
1341846339.797873 -0.024805918 0.093876563 0.316463679 -0.016368816 0.000294305 0.017462794 0.999713480
1341846339.830245 -0.021199750 0.093105108 0.323758274 -0.016753741 -0.000405933 0.017579472 0.999705017
1341846339.862015 -0.019577518 0.094973333 0.330884606 -0.016947307 -0.000056484 0.017307941 0.999706566
1341846339.897797 -0.010851277 0.093984365 0.337945491 -0.018089496 0.000321477 0.016589381 0.999698699
1341846339.929916 -0.011299600 0.086584680 0.346950471 -0.019094413 0.001630034 0.018725621 0.999640942
1341846339.961960 -0.009055396 0.086515605 0.353682369 -0.017737467 0.000937590 0.019379875 0.999654412
1341846339.997845 -0.004168430 0.088348977 0.357385010 -0.016184336 0.001836180 0.019102851 0.999684811
1341846340.029925 -0.000089388 0.087318763 0.364510715 -0.015439616 0.003936055 0.020782087 0.999657035
1341846340.066044 0.002157358 0.086025901 0.372305959 -0.013404578 0.005161710 0.022064866 0.999653339
1341846340.098009 0.003415576 0.089415230 0.375696629 -0.012244212 0.005893045 0.022535384 0.999653697
1341846340.130102 0.006180695 0.088933915 0.383924037 -0.012975873 0.005576740 0.021614296 0.999666631
1341846340.166041 0.013323004 0.084710695 0.389876753 -0.012561195 0.007265544 0.019726733 0.999700069
1341846340.197867 0.013595089 0.087059490 0.394879043 -0.011100358 0.009851730 0.019227384 0.999704957
1341846340.229904 0.014060495 0.090153344 0.400638044 -0.012152030 0.009746186 0.019210761 0.999694109
1341846340.265859 0.019982837 0.084592506 0.412616074 -0.013279680 0.010390884 0.018279424 0.999690711
1341846340.298061 0.022027215 0.085547350 0.415047914 -0.010960557 0.012820493 0.018738765 0.999682128
1341846340.334063 0.016752250 0.091982014 0.420012027 -0.011359946 0.012657726 0.020465881 0.999645889
1341846340.366064 0.023436181 0.085631967 0.430463165 -0.013686086 0.010139455 0.020420060 0.999646425
1341846340.397995 0.029456943 0.085601069 0.433806717 -0.011731816 0.010184744 0.019982997 0.999679625
1341846340.433895 0.027738433 0.086463109 0.435857624 -0.011156531 0.010538463 0.020716717 0.999667585
1341846340.465959 0.026580073 0.083163641 0.437307417 -0.011011230 0.008241097 0.022530971 0.999651551
1341846340.501858 0.034325790 0.085679822 0.437995136 -0.009843133 0.004166210 0.022515334 0.999689400
1341846340.534329 0.038102746 0.086996265 0.441368103 -0.009113365 0.002582697 0.022260593 0.999707341
1341846340.566041 0.042939574 0.083468035 0.442576259 -0.008199925 0.001251130 0.023079248 0.999699235
1341846340.601909 0.046670105 0.084273852 0.440618902 -0.005628038 0.000633157 0.023957109 0.999696970
1341846340.634005 0.050053831 0.086112991 0.436401665 -0.004824302 -0.000022515 0.022322461 0.999739170
1341846340.666028 0.054402310 0.082858257 0.436888665 -0.005250543 0.000134729 0.020282760 0.999780536
1341846340.701946 0.058309846 0.081619732 0.435243487 -0.003421489 0.001171504 0.018419467 0.999823809
1341846340.733954 0.059404645 0.086829260 0.431922972 -0.001810870 0.003007324 0.016475452 0.999858141
1341846340.770081 0.061150808 0.088007428 0.427596986 -0.002653506 0.003163315 0.014454347 0.999887049
1341846340.801980 0.064648181 0.084618390 0.428529322 -0.002810533 0.003844135 0.009068334 0.999947548
1341846340.833999 0.065237142 0.088642523 0.423700511 -0.002716121 0.006306097 0.004940684 0.999964237
1341846340.870013 0.061699308 0.087965973 0.426257372 -0.003943291 0.006714204 0.003086231 0.999964952
1341846340.901955 0.064989790 0.084251143 0.427637488 -0.003407399 0.006066749 0.002682095 0.999972224
1341846340.933918 0.063332610 0.086692058 0.427634150 -0.001038651 0.005580718 0.005326863 0.999969721
1341846340.970122 0.061896924 0.086462379 0.422041059 -0.000004851 0.002820412 0.010754487 0.999938190
1341846341.001922 0.060570139 0.083050862 0.422660232 0.000966196 -0.000767097 0.015247799 0.999882996
1341846341.037923 0.065228797 0.085801408 0.415986449 0.002508866 -0.003963091 0.018182006 0.999823689
1341846341.070300 0.064596452 0.085849687 0.416502774 0.003135388 -0.004657961 0.018258344 0.999817550
1341846341.102028 0.060303301 0.085451566 0.415664792 0.003021676 -0.005577111 0.018562255 0.999807596
1341846341.137982 0.061270542 0.084018156 0.404075354 0.002735991 -0.007513620 0.018489169 0.999797106
1341846341.170048 0.064819857 0.081847474 0.403137356 0.003057180 -0.008172481 0.019185480 0.999777853
1341846341.202110 0.062692486 0.078540094 0.400943398 0.004200322 -0.008245623 0.021362139 0.999728978
1341846341.237996 0.066515051 0.080377206 0.397522181 0.006066024 -0.008522855 0.022037916 0.999702394
1341846341.269883 0.063371636 0.080178700 0.396281481 0.007192503 -0.007599293 0.022297820 0.999696612
1341846341.306107 0.061885651 0.082290567 0.395554781 0.008150711 -0.008085621 0.021575475 0.999701321
1341846341.338109 0.063799627 0.082024232 0.393916875 0.008930996 -0.007924058 0.019826794 0.999732137
1341846341.370120 0.064535409 0.081527375 0.388759702 0.009419386 -0.006624474 0.016946914 0.999790072
1341846341.406074 0.059220374 0.079401463 0.388629049 0.009215454 -0.005722770 0.016313273 0.999808073
1341846341.438113 0.060192768 0.076384597 0.389548689 0.010279697 -0.007623780 0.015930330 0.999791205
1341846341.470024 0.062593415 0.077242330 0.382789493 0.012998389 -0.007935971 0.014626608 0.999777019
1341846341.506077 0.058324806 0.083077826 0.386999249 0.013516165 -0.006968162 0.014063453 0.999785483
1341846341.538156 0.054776248 0.079081558 0.385335088 0.012097698 -0.008379169 0.014494711 0.999786675
1341846341.574016 0.057778247 0.079710111 0.380246282 0.013180406 -0.010781984 0.015066035 0.999741495
1341846341.612466 0.056253288 0.082731418 0.377332717 0.013971589 -0.011271094 0.015803987 0.999713957
1341846341.643972 0.054806359 0.087071404 0.379082471 0.013703341 -0.012549366 0.014763104 0.999718368
1341846341.679982 0.052481048 0.078903422 0.374864548 0.012380886 -0.013655135 0.014663988 0.999722600
1341846341.712332 0.050236922 0.082382344 0.379696071 0.013659868 -0.015783634 0.017455352 0.999629736
1341846341.744185 0.053587765 0.081143156 0.372101903 0.013700613 -0.018135441 0.020025462 0.999541104
1341846341.780061 0.053441644 0.083573446 0.370201916 0.014599906 -0.018654585 0.020947443 0.999499917
1341846341.842595 0.056936845 0.076188490 0.365813434 0.016100876 -0.019702028 0.025944127 0.999339521
1341846341.906227 0.057524554 0.072942168 0.362460405 0.019169597 -0.020522224 0.031087138 0.999122143
1341846341.942069 0.058599304 0.067508817 0.356741965 0.022114145 -0.020542128 0.033307731 0.998989284
1341846341.974775 0.058127888 0.069293678 0.356417418 0.025660647 -0.020514881 0.034744512 0.998856127
1341846342.010161 0.053718448 0.070524856 0.355498672 0.026540015 -0.021472225 0.036284529 0.998758256
1341846342.042024 0.061868135 0.063519880 0.348059475 0.027418440 -0.022798214 0.036217928 0.998707533
1341846342.080032 0.062246472 0.069309585 0.349387318 0.030080935 -0.020517206 0.036489181 0.998670459
1341846342.112265 0.058571026 0.065063946 0.350551665 0.030069524 -0.019674029 0.038747512 0.998602748
1341846342.147954 0.060503580 0.061399005 0.352069587 0.032402139 -0.021034751 0.040681072 0.998425126
1341846342.179852 0.066542797 0.063163400 0.345632643 0.035220940 -0.021023681 0.042532451 0.998252749
1341846342.211848 0.068452731 0.064416677 0.342279017 0.035828337 -0.020753074 0.042522307 0.998237193
1341846342.247920 0.067473926 0.063436396 0.344971180 0.037074007 -0.020481197 0.040955428 0.998262823
1341846342.279870 0.067011572 0.062768929 0.345165223 0.038531620 -0.019758809 0.041320849 0.998207152
1341846342.316068 0.068593808 0.064344585 0.345032662 0.039970804 -0.019845149 0.042591449 0.998095393
1341846342.347894 0.067874655 0.067313001 0.342400283 0.040640857 -0.019667264 0.041995790 0.998097122
1341846342.379953 0.067989647 0.063435763 0.340819359 0.040274356 -0.019077132 0.042082891 0.998119771
1341846342.416195 0.066360094 0.065903649 0.343075931 0.041189816 -0.018624730 0.043498255 0.998030245
