1341846313.592026 0.000000000 0.000000000 0.000000000 0.000000000 0.000000000 0.000000000 1.000000000
1341846313.654184 0.007543317 -0.002781859 0.000398628 -0.001111974 -0.003186738 0.004911078 0.999982238
1341846313.686156 0.015892079 -0.000235125 0.007524375 0.000261978 -0.005730943 0.004586595 0.999972999
1341846313.721918 0.022772308 0.004185914 -0.000401978 0.000672957 -0.006890280 0.004786906 0.999964595
1341846313.753994 0.025615832 0.001011421 0.006429718 -0.000382652 -0.007420180 0.006367967 0.999952137
1341846313.789969 0.034168206 -0.000349333 0.006483631 0.000614083 -0.008355739 0.004729232 0.999953747
1341846313.822075 0.048009209 0.006801641 -0.020285124 0.001590815 -0.008194054 0.003764662 0.999958098
1341846313.853928 0.056271557 0.002883215 -0.021934463 0.000404836 -0.006225461 0.003025528 0.999975979
1341846313.890011 0.061000951 0.002811445 -0.000019889 -0.000142275 -0.004402890 0.004881946 0.999978364
1341846313.922055 0.070397079 0.008124389 -0.005924368 -0.001656669 -0.004731567 0.006033094 0.999969244
1341846313.957927 0.093295082 0.000803555 -0.022257702 -0.004658554 -0.002713386 0.006649553 0.999963343
1341846313.990058 0.087611467 0.004907317 0.001062583 -0.005546840 0.005389675 0.008071309 0.999937534
1341846314.022042 0.095182106 0.016196698 -0.005592461 -0.006188544 0.006390697 0.008329910 0.999925733
1341846314.057816 0.111476541 0.014589136 0.003479403 -0.009815270 0.007659032 0.010815486 0.999863982
1341846314.089801 0.114902534 0.010625404 0.006892766 -0.009529353 0.013546881 0.010411137 0.999808609
1341846314.122037 0.116372295 0.022950875 0.000825337 -0.009183631 0.017435690 0.013175030 0.999718964
1341846314.157989 0.123723045 0.015122898 0.003046662 -0.012394008 0.020567793 0.014172941 0.999611139
1341846314.190094 0.130192399 0.017520014 0.001361730 -0.011870374 0.024274714 0.014739265 0.999526203
1341846314.225969 0.132660076 0.025342014 0.000569586 -0.013641118 0.026275506 0.017747913 0.999404073
1341846314.257923 0.134343147 0.017855566 0.012335429 -0.016373772 0.028806420 0.017359812 0.999300122
1341846314.290052 0.139883682 0.018928684 0.011398065 -0.014843171 0.029946247 0.016100690 0.999311626
1341846314.325981 0.147367388 0.024278965 0.006160850 -0.015245544 0.030840529 0.014532497 0.999302387
1341846314.357905 0.155336916 0.017132435 0.010918727 -0.016762964 0.033585440 0.013073401 0.999209702
1341846314.389899 0.156694576 0.016973710 0.011439688 -0.015326954 0.036740024 0.012692867 0.999126673
1341846314.427905 0.180168882 0.026420478 0.019399516 -0.014462761 0.035576019 0.013756246 0.999167621
1341846314.493987 0.188447893 0.022085814 0.025545867 -0.013451406 0.045288511 0.006116046 0.998864651
1341846314.526085 0.199397758 0.022548582 0.016453566 -0.013497218 0.046586413 0.004257513 0.998813987
1341846314.558292 0.205130741 0.022684278 0.026726315 -0.014591992 0.049515765 0.004899765 0.998654723
1341846314.594085 0.211132079 0.015400233 0.018163385 -0.013904237 0.054045308 0.003702260 0.998434782
1341846314.626096 0.207354158 0.026607476 0.017330555 -0.012293234 0.059466746 0.004056475 0.998146355
1341846314.658455 0.220221922 0.023403691 0.009755364 -0.014959128 0.060088523 0.004575550 0.998070478
1341846314.694004 0.234903768 0.016246572 0.026744708 -0.015143955 0.062714823 0.002438103 0.997913599
1341846314.725910 0.231370300 0.007229041 0.023034947 -0.012343779 0.066951327 0.006350061 0.997659683
1341846314.761942 0.231105536 0.006932787 0.021351056 -0.008920042 0.067761429 0.010271478 0.997608781
1341846314.794030 0.238478228 0.009582492 0.022349194 -0.005423529 0.069712579 0.010906725 0.997492731
1341846314.826092 0.249680772 0.013803732 0.018117346 -0.002960424 0.073262684 0.012396336 0.997231245
1341846314.862145 0.273016810 0.016523782 0.005060811 -0.002718340 0.074370779 0.014648779 0.997119367
1341846314.894072 0.281235486 0.011738832 0.008591074 -0.003614398 0.077783503 0.016651284 0.996824622
1341846314.925969 0.283563823 0.011059094 0.004967745 -0.003638568 0.080818854 0.020084964 0.996519744
1341846314.961937 0.293840498 0.035934683 0.001471352 -0.003953333 0.080163851 0.026359348 0.996425271
1341846314.994564 0.299750388 0.033140205 0.011171266 -0.007803794 0.080891892 0.025052804 0.996377409
1341846315.029900 0.319490910 0.033417221 0.022163555 -0.007837615 0.082469992 0.023049196 0.996296167
1341846315.061965 0.315917671 0.030561406 0.019510619 -0.008881137 0.085978292 0.026289690 0.995910466
1341846315.094388 0.316808343 0.028878231 0.027131110 -0.008948216 0.085232489 0.027199766 0.995949566
1341846315.129851 0.329378396 0.026747143 0.015729379 -0.007199922 0.084628545 0.025889361 0.996050179
1341846315.161941 0.333965719 0.048248198 -0.007821117 -0.007269087 0.084136441 0.029510094 0.995990634
1341846315.197984 0.332907289 0.044968490 -0.000378136 -0.014354454 0.082602099 0.025193807 0.996160686
1341846315.230076 0.340122998 0.039586082 0.005103506 -0.018396275 0.081116073 0.021429669 0.996304393
1341846315.262069 0.335362107 0.041481644 0.008893967 -0.021304006 0.079811096 0.024845496 0.996272564
1341846315.298000 0.350613296 0.028948259 0.012482759 -0.024266502 0.074746139 0.026243027 0.996561825
1341846315.329931 0.358822972 0.015359757 0.023718897 -0.022254556 0.072953053 0.026806409 0.996726632
1341846315.361981 0.365298182 0.019635243 0.015767835 -0.016444456 0.071670644 0.030173577 0.996836245
1341846315.397962 0.366867125 0.022749094 0.019896194 -0.013330583 0.072379611 0.033284888 0.996732473
1341846315.429923 0.371135503 0.028431265 0.019176319 -0.009818224 0.074249074 0.034271073 0.996602297
1341846315.466047 0.393455982 0.029302878 0.017672475 -0.009187632 0.075051941 0.038421873 0.996396780
1341846315.497883 0.393940449 0.026042042 0.025444906 -0.010750721 0.078377776 0.043642398 0.995909989
1341846315.530008 0.392203152 0.025508188 0.023207247 -0.010715702 0.080176115 0.044332411 0.995736718
1341846315.566108 0.397814512 0.026269816 0.018556148 -0.011466554 0.081159294 0.045725740 0.995585680
1341846315.597986 0.400507629 0.022757633 0.021442316 -0.011953782 0.082273796 0.044854566 0.995528102
1341846315.630109 0.406705916 0.025515551 0.020953402 -0.011725836 0.082669124 0.044659216 0.995506823
1341846315.666042 0.411551595 0.030787047 0.006660141 -0.011987998 0.083820879 0.044566173 0.995411575
1341846315.698114 0.411940068 0.049144506 0.007381059 -0.015365233 0.087826081 0.041997604 0.995131493
1341846315.733985 0.395513564 0.031320460 0.032094479 -0.020350320 0.092760094 0.041709654 0.994606316
1341846315.766041 0.389607996 0.033178955 0.026312798 -0.019482557 0.090898894 0.043222774 0.994730890
1341846315.798188 0.390495449 0.027427241 0.019371502 -0.021189999 0.090183519 0.041534334 0.994833052
1341846315.834140 0.390484780 0.019087501 0.020815179 -0.020968867 0.092192270 0.039701961 0.994728446
1341846315.866751 0.386727512 0.023331847 0.022124112 -0.017681155 0.093829975 0.038462088 0.994687855
1341846315.898492 0.378407538 0.024000511 0.019360669 -0.016319048 0.095174350 0.037814721 0.994608223
1341846315.936901 0.373903275 0.018549193 0.018138647 -0.014179583 0.097138487 0.036113653 0.994514346
1341846315.966572 0.368549347 0.018419554 0.018486433 -0.010620137 0.098704278 0.035892867 0.994412541
1341846316.034204 0.357571721 0.016216593 0.016403541 -0.007108141 0.099017978 0.034436706 0.994464159
1341846316.066113 0.345300287 0.010274802 0.017156363 -0.005329408 0.100163877 0.034428578 0.994360805
1341846316.101867 0.339439154 0.017731342 0.012896039 -0.003153682 0.098675884 0.035873402 0.994467795
1341846316.134066 0.324128836 0.015723538 0.010932151 -0.004117940 0.096588328 0.032316078 0.994791150
1341846316.202049 0.305684149 0.007741988 0.012372211 -0.004592363 0.092779092 0.027617998 0.995293021
1341846316.233979 0.306850225 0.012624926 0.000591315 -0.003579095 0.091055311 0.025411144 0.995515108
1341846316.270052 0.308721989 0.013815000 0.003261127 -0.004718613 0.091315247 0.022785788 0.995550096
1341846316.301915 0.298359483 0.006376578 0.012189101 -0.005097271 0.093052723 0.020895833 0.995428801
1341846316.334208 0.291558415 0.004214205 0.015891854 -0.003349649 0.092197947 0.023410693 0.995459795
1341846316.370006 0.296975136 0.007580775 0.017696895 -0.000731377 0.089565605 0.024988720 0.995667100
1341846316.401994 0.279684216 0.006684775 0.021325052 0.000753347 0.090609215 0.026417885 0.995535791
1341846316.438069 0.280974120 0.000260018 0.023393806 0.002400856 0.089258820 0.029001394 0.995583236
1341846316.470076 0.266237080 -0.000137756 0.019943424 0.007036231 0.089545056 0.032144610 0.995439053
1341846316.502034 0.244225249 0.008041884 -0.000220206 0.009082180 0.088723667 0.031531639 0.995515645
1341846316.537975 0.242238820 0.011956753 0.006890696 0.007607407 0.085620001 0.029742748 0.995854795
1341846316.570121 0.239379227 0.000249724 0.011527795 0.006269962 0.085326232 0.026515620 0.995980442
1341846316.601885 0.231088340 -0.002092734 0.005113769 0.007983591 0.084817119 0.025538677 0.996037185
1341846316.638009 0.221424326 -0.003974248 0.007512912 0.010178367 0.083696790 0.026597917 0.996084213
1341846316.669925 0.211579695 -0.006528040 0.010147050 0.012333401 0.083717324 0.025547678 0.996085644
1341846316.705941 0.202397436 -0.011716731 0.012748573 0.016268659 0.084274977 0.025974872 0.995971024
1341846316.738062 0.189362898 -0.000300179 0.007567797 0.019617978 0.084332474 0.028528977 0.995835960
1341846316.770433 0.188764870 0.000354383 -0.004628593 0.018816156 0.082375437 0.030936155 0.995943367
1341846316.805932 0.186810225 -0.003621835 0.005807884 0.019137694 0.081934296 0.029987641 0.996002674
1341846316.838029 0.171038747 -0.002016434 0.008080818 0.020659354 0.081774339 0.031365465 0.995942950
1341846316.870034 0.157211080 -0.007258230 0.004293170 0.020536866 0.079089448 0.032902714 0.996112704
1341846316.906344 0.154230848 -0.009952420 0.008491829 0.021168673 0.075662397 0.031423088 0.996413410
1341846316.937940 0.148673728 -0.004979648 0.005153960 0.021688038 0.074226581 0.029021787 0.996583045
1341846316.973994 0.140014216 -0.007509954 0.004123734 0.020500451 0.072698370 0.028810708 0.996726930
1341846317.005913 0.131051138 -0.010132376 0.000149990 0.019141270 0.069906324 0.029227471 0.996941566
1341846317.037936 0.124951914 -0.011921492 0.011463195 0.019632468 0.067720413 0.029334696 0.997079730
1341846317.073972 0.117817633 -0.012454566 0.009549107 0.020768194 0.066069238 0.030088011 0.997145057
1341846317.106113 0.106720954 -0.011610035 0.017904574 0.023289328 0.065413460 0.032086231 0.997070312
1341846317.137887 0.093896545 -0.015778482 0.013481571 0.026346425 0.059296254 0.036639389 0.997219861
1341846317.173970 0.082804807 -0.008134070 0.010029363 0.027963953 0.052688442 0.039612271 0.997433126
1341846317.205887 0.075378194 -0.015625510 0.006435585 0.027404731 0.050313935 0.040614497 0.997530937
1341846317.248131 0.065692723 -0.019117495 0.008303301 0.028369667 0.048053119 0.041942574 0.997560441
1341846317.306289 0.059071433 -0.014078783 0.010305574 0.030510649 0.041319542 0.046688613 0.997588098
1341846317.348137 0.059357215 -0.015475770 0.017580157 0.031374939 0.041762471 0.046928585 0.997531593
1341846317.410120 0.035805855 -0.009796428 0.016818535 0.033581976 0.042644344 0.051992096 0.997171283
1341846317.442569 0.036308169 -0.019623419 0.010567549 0.035443313 0.041958239 0.055607308 0.996940911
1341846317.474010 0.023993991 -0.017086180 0.017381255 0.041340832 0.043242060 0.057181895 0.996569753
1341846317.509927 0.015339799 -0.011657096 0.010915400 0.044609439 0.041232876 0.061424006 0.996261537
1341846317.542282 0.006975353 -0.006776227 0.019083690 0.044355951 0.038744129 0.062515005 0.996304810
1341846317.573943 -0.000226509 -0.015710171 0.020928266 0.043023750 0.040275041 0.059615288 0.996480227
1341846317.610159 -0.005420207 -0.015305890 0.024391690 0.046128202 0.041855857 0.061632559 0.996153414
1341846317.643553 -0.019334996 -0.015117686 0.028481333 0.048393670 0.041926853 0.063401066 0.995931983
1341846317.677993 -0.025163688 -0.014476752 0.032694105 0.049322810 0.038547982 0.066823155 0.995799124
1341846317.709996 -0.043220758 -0.018157784 0.019772435 0.051418930 0.037295893 0.064810999 0.995873809
1341846317.741834 -0.049366470 -0.010632779 0.022061111 0.052116517 0.036035895 0.065289624 0.995852649
1341846317.777923 -0.052383780 -0.010189974 0.029314976 0.050549645 0.034383852 0.064849913 0.996020555
1341846317.810021 -0.063125648 -0.015249464 0.030209284 0.049823865 0.033150993 0.062933050 0.996221900
1341846317.841886 -0.074024126 -0.009950206 0.020188732 0.049710073 0.032415658 0.061441906 0.996344864
1341846317.878017 -0.085912652 -0.004233341 0.029247824 0.047853839 0.032909181 0.055552561 0.996765196
1341846317.909910 -0.083252490 -0.015721593 0.029384358 0.045696460 0.033138905 0.053303003 0.996981680
1341846317.946031 -0.099423826 -0.016204506 0.031161640 0.047115598 0.034982767 0.054733623 0.996775091
1341846317.978041 -0.105542727 -0.020208362 0.032232661 0.048788652 0.033422228 0.054738823 0.996747851
1341846318.009897 -0.105646521 -0.014213622 0.029441332 0.051812872 0.033048559 0.053275254 0.996686995
1341846318.045949 -0.124432124 -0.013775344 0.028483871 0.051822565 0.035402589 0.051929232 0.996676743
1341846318.078074 -0.132962719 -0.009100568 0.027758595 0.051795717 0.033896349 0.049801901 0.996839046
1341846318.109894 -0.146926612 -0.009294236 0.024702890 0.051442288 0.030297138 0.047041584 0.997107267
1341846318.145957 -0.146366239 -0.011392458 0.038276706 0.050437387 0.027750077 0.045463815 0.997305870
1341846318.178001 -0.146948695 -0.011995664 0.038290348 0.049919922 0.027146487 0.043250512 0.997446954
1341846318.214074 -0.170344800 -0.026811156 0.032853551 0.049226083 0.026981112 0.041444022 0.997562647
1341846318.245970 -0.174768046 -0.029530939 0.045247525 0.052347466 0.020899657 0.043276969 0.997471809
1341846318.278018 -0.184946790 -0.029751835 0.030928984 0.055663940 0.016467560 0.042863701 0.997393131
1341846318.313937 -0.207269743 -0.022171874 0.035433371 0.058313217 0.011913594 0.040588118 0.997401774
1341846318.345989 -0.223629683 -0.027724618 0.036195237 0.059576131 0.003777572 0.039086249 0.997451067
1341846318.382046 -0.216606915 -0.024307260 0.039748579 0.062136054 -0.004428380 0.039839841 0.997262418
1341846318.414072 -0.227085829 -0.020012701 0.049163628 0.064087309 -0.011459213 0.042217411 0.996985018
1341846318.446035 -0.243395567 -0.026039882 0.056034375 0.065371335 -0.015974795 0.040922910 0.996893525
1341846318.482196 -0.241448119 -0.020194575 0.060740165 0.067778297 -0.019366603 0.041196082 0.996661365
1341846318.514144 -0.246683717 -0.019100439 0.064181425 0.068270393 -0.020894192 0.042742446 0.996531785
1341846318.546259 -0.251998037 -0.025004050 0.067820854 0.068927377 -0.021945016 0.040807478 0.996545076
1341846318.582042 -0.262292176 -0.018895108 0.051917769 0.070941254 -0.021561427 0.041718867 0.996374428
1341846318.614115 -0.276399672 -0.026104728 0.030496703 0.069314897 -0.021260105 0.040773705 0.996534467
1341846318.650038 -0.287347138 -0.028182592 0.029261433 0.068873569 -0.021410143 0.037401494 0.996694148
1341846318.682350 -0.293713868 -0.024865391 0.035804458 0.068683274 -0.021820405 0.035828132 0.996756136
1341846318.714063 -0.304325759 -0.029274117 0.034248836 0.067823045 -0.022606879 0.035379473 0.996813536
1341846318.749905 -0.311017394 -0.022989206 0.053760078 0.070019014 -0.022485923 0.036763724 0.996614337
1341846318.782036 -0.329615623 -0.022979695 0.048669014 0.071777068 -0.022259519 0.038794495 0.996417344
1341846318.814121 -0.342404217 -0.023275647 0.053246044 0.071927868 -0.027085388 0.037809629 0.996324837
1341846318.850072 -0.351496279 -0.032511927 0.055064879 0.070992865 -0.033530403 0.034295071 0.996322989
1341846318.883516 -0.355878204 -0.040538870 0.025603037 0.073216096 -0.041443665 0.033455931 0.995892823
1341846318.918047 -0.386770189 -0.033607990 0.026922580 0.076699071 -0.048998177 0.031202210 0.995360672
1341846318.950044 -0.379500657 -0.051809348 0.023116820 0.077545412 -0.061310489 0.029484557 0.994664967
1341846318.982028 -0.395244688 -0.046629235 0.005627595 0.079198457 -0.064670436 0.025842730 0.994423211
1341846319.018123 -0.393679291 -0.032847784 0.028115369 0.079807334 -0.070865437 0.025409788 0.993963361
1341846319.050745 -0.389887929 -0.041303717 0.045061212 0.080448620 -0.078552850 0.025688753 0.993326545
1341846319.081905 -0.386777461 -0.032650106 0.044887159 0.086908206 -0.078964368 0.023556175 0.992802441
1341846319.117976 -0.411067575 -0.038072638 0.008990124 0.089066207 -0.077812068 0.030361205 0.992517352
1341846319.150093 -0.429600775 -0.044227835 -0.001557358 0.089907706 -0.081128970 0.036103681 0.991983473
1341846319.186069 -0.419071734 -0.026149876 0.007079929 0.092731826 -0.083566874 0.036813013 0.991494894
1341846319.218149 -0.414534569 -0.010514084 0.017126158 0.090760753 -0.078557767 0.034510527 0.992169440
1341846319.250034 -0.431933463 -0.018687667 0.013933096 0.083631895 -0.072455227 0.033607952 0.993290722
1341846319.286594 -0.448799729 -0.035051689 0.011008535 0.080611408 -0.068240240 0.037279762 0.993707836
1341846319.318034 -0.478623360 -0.023467887 0.023140751 0.082499869 -0.066959135 0.041093487 0.993489563
1341846319.350268 -0.521793425 -0.045303427 0.029594876 0.082783908 -0.064099900 0.045224316 0.993475139
1341846319.386163 -0.558743179 -0.043563746 0.056797698 0.084788106 -0.067496546 0.053629890 0.992662609
1341846319.418386 -0.590444565 -0.038788609 0.023396097 0.086027369 -0.071458288 0.055121385 0.992196858
1341846319.453961 -0.492756873 -0.024164628 0.014266536 0.086605132 -0.078856498 0.052631859 0.991721272
1341846319.486271 -0.514505267 -0.018046850 0.011462517 0.086187817 -0.077862233 0.050782360 0.991932631
1341846319.554083 -0.528670311 -0.020380169 0.008638769 0.080948308 -0.083626509 0.048920043 0.991998434
1341846319.586296 -0.540631711 -0.022082699 0.004795752 0.081041738 -0.082802348 0.045762770 0.992210567
1341846319.622031 -0.559671402 -0.026866190 -0.012708597 0.078820705 -0.085470974 0.043585546 0.992261231
1341846319.653962 -0.548617184 -0.039544079 -0.000161275 0.077119663 -0.092574298 0.044999398 0.991694331
1341846319.686352 -0.568038106 -0.035055138 0.007855050 0.079792976 -0.095112242 0.043899130 0.991291881
1341846319.721992 -0.571333289 -0.022906471 0.004987121 0.081493758 -0.099500321 0.044695966 0.990687013
1341846319.754063 -0.577726722 -0.011862282 -0.011208929 0.078874156 -0.101289131 0.043642022 0.990764737
1341846319.786397 -0.578436136 -0.016060611 0.000050656 0.074307084 -0.101620875 0.047060888 0.990927339
1341846319.822008 -0.590800464 -0.021675184 -0.014581352 0.070354939 -0.101640306 0.051992781 0.990967274
1341846319.853917 -0.596677303 -0.020323768 -0.023236662 0.065707594 -0.102183416 0.055138431 0.991060436
1341846319.889942 -0.599986374 -0.033406481 -0.005859427 0.061569229 -0.103325933 0.060828645 0.990874827
1341846319.922039 -0.608031332 -0.037921336 0.000531495 0.061120171 -0.107875332 0.062885642 0.990289152
1341846319.953946 -0.606040120 -0.038161524 0.013372898 0.062052269 -0.114504397 0.059426446 0.989700317
1341846319.990054 -0.605370104 -0.036814570 0.015029475 0.064812966 -0.117414393 0.052100364 0.989595234
1341846320.028122 -0.610317051 -0.038129289 0.007388398 0.066744916 -0.120802797 0.051524833 0.989088953
1341846320.090047 -0.596472502 -0.028515510 0.025610536 0.072691277 -0.129324123 0.051724520 0.987580836
1341846320.122011 -0.586984873 -0.022472704 0.033859000 0.073928840 -0.127577677 0.052462120 0.987677157
1341846320.157952 -0.581009746 -0.028969901 0.026473463 0.073723622 -0.124916904 0.052930743 0.988007545
1341846320.190003 -0.564889193 -0.039203763 0.025779873 0.075577617 -0.122117519 0.051578447 0.988288939
1341846320.221941 -0.534525335 -0.032213960 0.027274542 0.079837114 -0.120147452 0.052966468 0.988122046
1341846320.258015 -0.527191997 -0.036087997 0.027451150 0.083760180 -0.118961483 0.055508234 0.987801254
1341846320.289887 -0.536296606 -0.047956347 0.048742175 0.088123895 -0.119448669 0.057343967 0.987257719
1341846320.321954 -0.519261599 -0.050116505 0.026088238 0.095648751 -0.120733902 0.057367958 0.986399293
1341846320.357890 -0.513182640 -0.038510472 0.048415929 0.103405930 -0.120005198 0.054619778 0.985861361
1341846320.390064 -0.499672592 -0.039960861 0.038946658 0.104782492 -0.116349533 0.054698881 0.986149848
1341846320.426544 -0.462054223 -0.036145981 0.016420126 0.107529402 -0.110159688 0.052404713 0.986689389
1341846320.458122 -0.450962454 -0.042573832 0.017700925 0.107718997 -0.103269599 0.050254345 0.987525403
1341846320.490186 -0.439485282 -0.042870544 0.014980473 0.110981323 -0.096329264 0.049065210 0.987925291
1341846320.525911 -0.429075509 -0.038960915 0.017442085 0.114548780 -0.089015976 0.047768828 0.988267601
1341846320.558091 -0.422263682 -0.033225156 0.021810189 0.116128802 -0.085195914 0.044771798 0.988560200
1341846320.594093 -0.410024494 -0.034207918 0.029851705 0.117392004 -0.080115199 0.040866576 0.989004850
1341846320.631955 -0.396681160 -0.034260821 0.039202288 0.120365314 -0.072827280 0.039488975 0.989266932
1341846320.664916 -0.383565634 -0.033925459 0.011995118 0.120164968 -0.069905899 0.038374599 0.989545822
1341846320.699927 -0.359613836 -0.036726400 0.027610976 0.120113812 -0.067647777 0.036964931 0.989762604
1341846320.731822 -0.345774204 -0.032520536 0.007601697 0.122586302 -0.061186314 0.035366565 0.989938378
1341846320.763877 -0.348875791 -0.012692082 0.011350170 0.120892130 -0.059002690 0.035654388 0.990268946
1341846320.799999 -0.339902073 -0.020801462 0.005601510 0.113598198 -0.060246877 0.030949499 0.991215348
1341846320.831871 -0.297596455 -0.034202006 0.003077965 0.114816174 -0.051224530 0.025906870 0.991726816
1341846320.863887 -0.334570616 -0.013288217 0.008777555 0.114583567 -0.039400581 0.026279492 0.992284000
1341846320.900014 -0.319467217 -0.030455464 0.011885107 0.106721409 -0.045197532 0.032027569 0.992744625
1341846320.931889 -0.290153980 -0.036730707 0.018707721 0.107647359 -0.045885663 0.030231126 0.992669404
1341846320.967866 -0.287446171 -0.007587369 0.017002886 0.108880863 -0.040263221 0.027135486 0.992868304
1341846321.000017 -0.288388848 -0.015346373 0.021073507 0.102453724 -0.039561689 0.025058310 0.993634880
1341846321.031860 -0.270959169 -0.029409882 0.017041838 0.099190302 -0.040106941 0.024040440 0.993969202
1341846321.068047 -0.251496702 -0.022457503 0.030737799 0.100125663 -0.037718780 0.022152349 0.994012833
1341846321.099840 -0.258100182 -0.024091603 0.017429249 0.097539201 -0.035297900 0.022021553 0.994361699
1341846321.131821 -0.230978370 -0.032075781 0.030948231 0.097312927 -0.034722853 0.023608565 0.994367719
1341846321.167887 -0.215674043 -0.025961723 0.038874961 0.100449540 -0.031735141 0.025295418 0.994114161
1341846321.200042 -0.211568415 -0.022643596 0.039719790 0.100958198 -0.029266501 0.025020465 0.994145334
1341846321.231950 -0.203131974 -0.031457234 0.034018748 0.099693723 -0.028331969 0.023862902 0.994328439
1341846321.267939 -0.185968444 -0.027913947 0.022835407 0.100154512 -0.026757265 0.018958600 0.994431317
1341846321.299948 -0.177474499 -0.029548708 0.030767992 0.099018767 -0.022354359 0.013078128 0.994748473
1341846321.331858 -0.178016081 -0.035137147 0.029415978 0.098775215 -0.018966332 0.009033984 0.994888008
1341846321.367913 -0.152052090 -0.037241846 0.036962818 0.100178532 -0.017684041 0.005543297 0.994796813
1341846321.399897 -0.148354098 -0.031627081 0.040474351 0.102510661 -0.012289288 0.004223926 0.994647026
1341846321.435994 -0.147410184 -0.036276415 0.039572425 0.103816301 -0.008421016 0.003730657 0.994553804
1341846321.467946 -0.137247041 -0.034368359 0.049724802 0.105893902 -0.005739855 0.004001806 0.994352818
1341846321.499882 -0.124218427 -0.033594720 0.047535881 0.107408896 -0.003170277 0.004182191 0.994201064
1341846321.536109 -0.095023006 -0.019163916 0.061170153 0.108073205 0.000910103 0.001919783 0.994140685
1341846321.568960 -0.111400463 -0.019621754 0.047068823 0.104823582 0.009031177 -0.001148954 0.994449139
1341846321.603938 -0.100337259 -0.025245624 0.046697251 0.101097234 0.010922772 -0.000934704 0.994816184
1341846321.637163 -0.053799931 -0.016632630 0.022391941 0.098805472 0.013118794 -0.002310251 0.995017588
1341846321.668306 -0.079665907 -0.015340734 0.051251683 0.094770193 0.024394374 0.001003854 0.995199740
1341846321.704411 -0.098509513 -0.020340979 0.056959305 0.091254756 0.027296422 0.009381157 0.995409191
1341846321.736861 -0.086749688 -0.018623307 0.059090499 0.090377398 0.024467902 0.017616307 0.995451093
1341846321.771881 -0.072650246 -0.003335986 0.053504132 0.088690110 0.023949444 0.022044126 0.995527267
1341846321.804114 -0.060272366 -0.010348235 0.054474760 0.083764054 0.025487794 0.025223151 0.995840192
1341846321.836152 -0.059955865 -0.002289046 0.053604968 0.081147552 0.028021915 0.025104349 0.995991766
1341846321.871882 -0.056559581 0.009667399 0.058826298 0.076847792 0.029379465 0.022738181 0.996350467
1341846321.904074 -0.049430404 0.003918395 0.057808660 0.069936983 0.030489575 0.019643072 0.996891856
1341846321.939847 -0.044888791 -0.001889060 0.063069195 0.065550722 0.033305898 0.016758267 0.997152388
1341846322.004094 -0.051945828 -0.008248981 0.057019245 0.058032293 0.032050941 0.016885046 0.997657180
1341846322.066178 -0.033773676 -0.014254440 0.064999416 0.053287271 0.035751879 0.013675432 0.997845292
1341846322.107979 -0.040114108 -0.029358840 0.067560464 0.050338596 0.038385447 0.012116930 0.997920692
1341846322.166164 -0.040247992 -0.049698245 0.066871874 0.053238075 0.038173776 0.012492447 0.997773707
1341846322.202932 -0.039018434 -0.052773464 0.068221912 0.054858845 0.035874773 0.012395973 0.997772396
1341846322.234093 -0.037269477 -0.059941009 0.061760645 0.053489674 0.034283973 0.010015098 0.997929394
1341846322.265941 -0.035041742 -0.069090679 0.061183400 0.050937470 0.030995183 0.011055214 0.998159528
1341846322.301996 -0.025231130 -0.082749039 0.062110491 0.048896465 0.028547183 0.011815694 0.998325884
1341846322.333949 -0.036887359 -0.100461245 0.058455538 0.047512762 0.027595732 0.011536818 0.998422682
1341846322.369871 -0.026683921 -0.115467727 0.064198501 0.048193533 0.021665137 0.008279487 0.998568714
1341846322.402292 -0.014812187 -0.126916975 0.055359859 0.050077509 0.022716749 0.001111518 0.998486340
1341846322.433955 -0.026336221 -0.157805070 0.066229641 0.054274239 0.024926044 -0.001110145 0.998214245
1341846322.470030 -0.028452063 -0.160838738 0.072341815 0.063178532 0.020916034 0.002310209 0.997780323
1341846322.502433 -0.016763877 -0.180083126 0.063979678 0.068614289 0.016997093 0.005357018 0.997484028
1341846322.534002 -0.011114880 -0.192790851 0.054956622 0.076560624 0.016729947 0.005962763 0.996906698
1341846322.570196 -0.014613974 -0.201746762 0.058304213 0.086076245 0.016703680 0.008324922 0.996113718
1341846322.601920 -0.019647624 -0.213045195 0.048643246 0.091228664 0.013852583 0.012378246 0.995656669
1341846322.638119 -0.001011665 -0.225333482 0.058514331 0.096587405 0.009582136 0.012127179 0.995204508
1341846322.669947 0.006308303 -0.226479977 0.058165446 0.101617314 0.012657852 0.011358031 0.994678199
1341846322.702026 -0.003935040 -0.240149155 0.061410137 0.104004256 0.014746062 0.013060456 0.994381785
1341846322.738006 -0.000732294 -0.236497223 0.057120115 0.106005415 0.011745936 0.014790528 0.994186163
1341846322.770087 0.010181859 -0.258081079 0.061195213 0.105397299 0.011996923 0.014466713 0.994252563
1341846322.806047 -0.004058500 -0.270039260 0.065640815 0.108618572 0.012624795 0.016151194 0.993872106
1341846322.838063 -0.003576172 -0.266063511 0.080188289 0.111533396 0.008168328 0.018226797 0.993559957
1341846322.870081 0.002188808 -0.291388869 0.066429704 0.112286508 0.002821522 0.019633399 0.993477881
1341846322.906018 0.011288479 -0.291500986 0.072257578 0.117577069 0.000995895 0.019281829 0.992876053
1341846322.938349 0.012933468 -0.278228462 0.074787855 0.118882261 0.001717239 0.020930309 0.992686272
1341846322.970069 0.009881816 -0.281963348 0.072814718 0.114028811 0.001790464 0.022214999 0.993227422
1341846323.011820 0.018822275 -0.300990880 0.075685099 0.110827468 0.001644137 0.023153879 0.993568540
1341846323.073951 0.014808714 -0.298775464 0.083659708 0.108249262 0.001419334 0.027920747 0.993730605
1341846323.105962 0.017617360 -0.321734220 0.083395459 0.104409233 0.001476420 0.028063128 0.994137287
1341846323.138158 0.015438328 -0.318359971 0.088243745 0.105835110 0.001679378 0.023863165 0.994095922
1341846323.174092 0.013275740 -0.322566330 0.083192900 0.103545785 0.001333620 0.022707360 0.994364560
1341846323.206059 0.023586981 -0.329263479 0.085937962 0.100623667 0.000081915 0.020649552 0.994710267
1341846323.238053 0.023842294 -0.331316173 0.088622823 0.098092377 0.003475539 0.018758295 0.994994462
1341846323.273997 0.008215289 -0.335913390 0.081932753 0.093878619 0.004301538 0.019533735 0.995382726
1341846323.305946 0.019587032 -0.346120715 0.083173238 0.088359468 -0.000399049 0.020273451 0.995882273
1341846323.342027 0.046471961 -0.360449076 0.089321457 0.085997619 -0.000254032 0.019181622 0.996110678
1341846323.374048 0.020799488 -0.364357620 0.084678479 0.086660109 0.005003096 0.019644579 0.996031642
1341846323.405987 0.009630905 -0.378712624 0.074031211 0.086257502 0.001262869 0.024667509 0.995966673
1341846323.441956 0.023879189 -0.386362076 0.084115133 0.087606266 -0.003461031 0.026476920 0.995797217
1341846323.473878 0.022927048 -0.396268874 0.088464916 0.091580637 -0.001824748 0.025025962 0.995481491
1341846323.506129 0.017829284 -0.387013584 0.085357204 0.094850011 -0.001689271 0.022558032 0.995234489
1341846323.541972 0.028061520 -0.388583362 0.082867511 0.093394272 -0.002336470 0.020354981 0.995418370
1341846323.573913 0.051771969 -0.407777667 0.080792949 0.091894522 0.000500663 0.015493647 0.995648086
1341846323.609927 0.035928458 -0.405956954 0.079328746 0.092782237 0.007550093 0.011252862 0.995594203
1341846323.642014 0.021548800 -0.415262043 0.081316896 0.091468550 0.009896657 0.012370634 0.995681942
1341846323.674081 0.021351252 -0.426606208 0.081247203 0.091334358 0.008140850 0.014647251 0.995679259
1341846323.710069 0.023700135 -0.446986139 0.076480672 0.092301644 0.006785126 0.018442065 0.995537162
1341846323.742111 0.021373067 -0.459803760 0.079318918 0.096572995 0.004964221 0.019509152 0.995122254
1341846323.774928 0.023961017 -0.454219759 0.074351780 0.100551829 0.002553705 0.016594188 0.994790137
1341846323.810012 0.028033884 -0.458952963 0.074911326 0.101804830 0.001036004 0.013276096 0.994715214
1341846323.842207 0.029792428 -0.460837811 0.066830590 0.103271969 0.001369837 0.008349701 0.994617164
1341846323.878019 0.021331577 -0.474277437 0.072068624 0.103635885 0.000927529 0.004045871 0.994606614
1341846323.909826 0.025679672 -0.486281693 0.072584532 0.106604181 -0.001200718 0.000045444 0.994300783
1341846323.942459 0.021314954 -0.486671031 0.064656913 0.110543489 -0.000897950 -0.000970392 0.993870437
1341846323.978055 0.013068118 -0.490741998 0.061170802 0.112780876 -0.003334076 0.001260677 0.993613482
1341846324.015934 0.024917338 -0.489978045 0.067319214 0.116893604 -0.006170767 0.000729147 0.993125021
1341846324.047722 0.025648439 -0.482865989 0.065998845 0.120499685 -0.004482940 -0.000509859 0.992703140
1341846324.083904 0.025494382 -0.469581783 0.070651077 0.121072285 -0.003247755 -0.000647116 0.992638171
1341846324.115968 0.029089035 -0.470524967 0.064791754 0.118512727 -0.001858766 -0.001925647 0.992948890
1341846324.151967 0.034545798 -0.460919052 0.059636630 0.118382543 0.001036570 -0.006741810 0.992944658
1341846324.183941 0.027430242 -0.444568157 0.070803091 0.116336077 0.005394317 -0.010433214 0.993140459
1341846324.219984 0.021144906 -0.446497142 0.069701888 0.111695573 0.007542447 -0.009717686 0.993666351
1341846324.251968 0.017474707 -0.445735306 0.074671127 0.111068241 0.007763613 -0.010325113 0.993728817
1341846324.284052 0.013819594 -0.432792693 0.078557514 0.111900628 0.007199661 -0.011030204 0.993632078
1341846324.319880 0.009037403 -0.418334842 0.069969386 0.110716105 0.003821920 -0.011335714 0.993780077
1341846324.351917 0.016687160 -0.402958632 0.066091456 0.107536308 0.000116154 -0.012284664 0.994125307
1341846324.388001 0.025229730 -0.397909135 0.069084138 0.102989584 -0.000038093 -0.015933838 0.994554818
1341846324.419908 0.018941313 -0.380434245 0.080022290 0.098808967 0.002358037 -0.018395914 0.994933605
1341846324.452027 0.014926464 -0.382033497 0.084091693 0.093834862 0.002683789 -0.018847680 0.995405793
1341846324.487928 0.012678362 -0.374957353 0.082852915 0.092462949 0.002432766 -0.016727485 0.995572686
1341846324.519985 -0.004220543 -0.365428388 0.092580274 0.091484398 0.001368689 -0.012736484 0.995724142
1341846324.556001 -0.002770884 -0.346090764 0.091561407 0.090352938 -0.003797192 -0.008372430 0.995867372
1341846324.587888 0.002322141 -0.333963335 0.094920322 0.086926714 -0.007196099 -0.006311083 0.996168673
1341846324.620086 0.002777424 -0.329120100 0.090417981 0.084660679 -0.009606570 -0.008729478 0.996325254
1341846324.655955 0.005742545 -0.317116708 0.087374493 0.083415955 -0.010809606 -0.009803523 0.996407986
1341846324.688082 0.003105638 -0.314710200 0.096514679 0.082693584 -0.010461614 -0.009074788 0.996478796
1341846324.755922 -0.009879354 -0.282518715 0.089170992 0.084320180 -0.013301170 -0.005279907 0.996335924
1341846324.814016 0.012803694 -0.245053709 0.086754128 0.079953380 -0.020272437 -0.007774861 0.996562123
1341846324.849979 0.003352115 -0.237188280 0.095574886 0.074129686 -0.016573271 -0.010347964 0.997057140
1341846324.881924 -0.006072205 -0.231280804 0.100962535 0.071412094 -0.017459195 -0.010352983 0.997240305
1341846324.913902 -0.000061193 -0.224659055 0.099150293 0.070134163 -0.019229736 -0.006870443 0.997328520
1341846324.949999 -0.002904965 -0.227115586 0.101392642 0.070232473 -0.019164614 -0.004099438 0.997338116
1341846324.981922 -0.016583418 -0.220300436 0.105567545 0.074899353 -0.020907935 -0.000658655 0.996971667
1341846325.018013 -0.013955547 -0.209678918 0.096270613 0.079113543 -0.026260065 0.001980027 0.996517658
1341846325.050079 -0.022839572 -0.192190737 0.100395381 0.081334122 -0.030653201 -0.000465753 0.996215284
1341846325.081901 -0.021285318 -0.173371673 0.101490349 0.080824688 -0.035948943 -0.002495462 0.996076703
1341846325.118531 -0.010432644 -0.155925453 0.093979165 0.076939858 -0.038018763 -0.004723344 0.996299386
1341846325.149933 -0.012175154 -0.157199621 0.098870963 0.070925884 -0.035573073 -0.006053423 0.996828675
1341846325.181925 -0.015869107 -0.151940033 0.102306478 0.067743935 -0.034375176 -0.003714326 0.997103453
1341846325.218055 -0.016546007 -0.144006670 0.102029085 0.065106779 -0.034267552 0.000432084 0.997289658
1341846325.249811 -0.018990790 -0.140718088 0.105112240 0.062703744 -0.034166418 0.003734745 0.997440219
1341846325.285925 -0.016295714 -0.127687827 0.106048122 0.060513359 -0.034921456 0.006958118 0.997532070
1341846325.317988 -0.002195410 -0.132488891 0.111984581 0.057537831 -0.033641096 0.009970231 0.997726560
1341846325.349844 -0.008745486 -0.133377254 0.114567235 0.060719963 -0.028154967 0.011917899 0.997686505
1341846325.387302 -0.008321531 -0.120874621 0.111039519 0.065364875 -0.025598554 0.013993495 0.997434914
1341846325.417931 -0.003276621 -0.116693050 0.103903115 0.068036079 -0.020818979 0.017487129 0.997312307
1341846325.450747 0.009165491 -0.127008811 0.112288654 0.071929708 -0.013537914 0.019821340 0.997120798
1341846325.485954 -0.010084228 -0.103797920 0.117699645 0.081601754 -0.005493803 0.021143595 0.996425569
1341846325.517875 -0.010222066 -0.097932786 0.113765679 0.084965900 -0.002998704 0.023912936 0.996092319
1341846325.553859 -0.013187675 -0.085252263 0.116306946 0.088642001 0.000973215 0.023457168 0.995786786
1341846325.585855 -0.020233212 -0.065681458 0.120880812 0.091613144 0.004328494 0.021571660 0.995551586
1341846325.617990 -0.017038813 -0.040104963 0.131684631 0.089622088 0.005349395 0.021289067 0.995733917
1341846325.653982 -0.020574123 -0.060968153 0.132731482 0.085431501 0.007829023 0.016615558 0.996174753
1341846325.685819 -0.022874253 -0.058274060 0.136595666 0.090887263 0.009406204 0.017330369 0.995665967
1341846325.717857 -0.023677073 -0.043553084 0.136967510 0.095839798 0.010226016 0.024951056 0.995031476
1341846325.754083 -0.031819336 -0.045954064 0.130475789 0.098321848 0.010899328 0.029289756 0.994663775
1341846325.786087 -0.027552865 -0.038176931 0.131714985 0.105006009 0.011084041 0.030445013 0.993943632
1341846325.821856 -0.028981840 -0.021891817 0.130026102 0.109083042 0.012923175 0.032253060 0.993425190
1341846325.853827 -0.037118036 -0.015325043 0.133900598 0.109765463 0.013956526 0.035544422 0.993223667
1341846325.885958 -0.045683630 0.001173759 0.135161072 0.110750020 0.011595639 0.041497830 0.992913842
1341846325.921984 -0.038980942 0.004206900 0.136323810 0.109643452 0.007299986 0.046075024 0.992875636
1341846325.953899 -0.029396348 0.006161738 0.138693109 0.112473898 0.007254014 0.047349360 0.992499352
1341846325.985823 -0.033040151 0.019427806 0.147227734 0.115537666 0.010230423 0.051437441 0.991917610
1341846326.021991 -0.037478257 0.022467129 0.147610337 0.118465558 0.010446862 0.057295345 0.991248727
1341846326.054055 -0.032377150 0.037601054 0.149051026 0.123869501 0.009355346 0.060579021 0.990403473
1341846326.089984 -0.025329450 0.055377133 0.144011468 0.126952574 0.010806683 0.059912656 0.990038753
1341846326.121822 -0.029356327 0.065451592 0.154351294 0.126684770 0.015066593 0.057779565 0.990144134
1341846326.154079 -0.033894517 0.067183599 0.158929154 0.127006650 0.017673232 0.056126572 0.990154922
1341846326.190178 -0.037562169 0.077695958 0.159464136 0.129518092 0.017535349 0.058466073 0.989696562
1341846326.222162 -0.040021263 0.100671820 0.161694109 0.129686803 0.015678614 0.064745910 0.989314675
1341846326.259181 -0.043806616 0.113057867 0.164405525 0.126739159 0.013475820 0.068255335 0.989493191
1341846326.322766 -0.040545736 0.134927109 0.174909890 0.119499184 0.012864167 0.066912584 0.990493417
1341846326.359773 -0.038162261 0.139030904 0.176153094 0.115397751 0.014067231 0.065538131 0.991055071
1341846326.392109 -0.035653863 0.135177165 0.182522044 0.113805436 0.015874851 0.066445194 0.991151512
1341846326.423985 -0.039860904 0.140540585 0.183271974 0.117753647 0.016929628 0.071397007 0.990328193
1341846326.459869 -0.045317091 0.157896146 0.186876446 0.120621890 0.014557933 0.075018428 0.989752829
1341846326.526163 -0.033126764 0.193072796 0.187744796 0.121103875 0.015724974 0.073851891 0.989763856
1341846326.560211 -0.037180047 0.198455542 0.196874306 0.115695208 0.019930221 0.074183568 0.990310133
1341846326.591828 -0.039071087 0.199906796 0.194912940 0.112419181 0.022039339 0.075308993 0.990557790
1341846326.627027 -0.039015926 0.213552818 0.200698465 0.112843089 0.023818282 0.074085161 0.990560710
1341846326.658442 -0.034417868 0.232298732 0.200937897 0.111023709 0.027196495 0.073000714 0.990759790
1341846326.694856 -0.042280950 0.241619423 0.203867540 0.107199982 0.031070491 0.073562525 0.991025388
1341846326.726206 -0.044307858 0.257693350 0.204457670 0.101838917 0.032411728 0.071673550 0.991686046
1341846326.762753 -0.033819586 0.271427631 0.201658592 0.095933720 0.034144573 0.068376236 0.992449284
1341846326.826821 -0.040129799 0.303347290 0.202569738 0.081570923 0.040192872 0.064543389 0.993763030
1341846326.858887 -0.040252458 0.307310402 0.215770364 0.073224097 0.041630775 0.062545955 0.994481325
1341846326.895360 -0.048079081 0.305278093 0.215352014 0.070441701 0.042097073 0.063686453 0.994590282
1341846326.926897 -0.049655166 0.309412211 0.229924649 0.071978644 0.037429418 0.068334535 0.994358361
1341846326.958888 -0.045035854 0.325301796 0.222548619 0.074992426 0.035282675 0.070624158 0.994054079
1341846326.994594 -0.038092792 0.341504782 0.221209586 0.076152183 0.034962565 0.073011845 0.993804634
1341846327.026301 -0.039310195 0.353373796 0.221831396 0.074281700 0.036377665 0.072136186 0.993959367
1341846327.063945 -0.036649212 0.356429845 0.227921247 0.070795499 0.038203496 0.070035480 0.994295478
1341846327.094662 -0.037343673 0.367388010 0.244457975 0.070612587 0.041073509 0.066895254 0.994410336
1341846327.128901 -0.061735045 0.378194869 0.228728145 0.069690347 0.044020735 0.063565291 0.994567692
1341846327.161940 -0.043027621 0.390804708 0.244306296 0.069079459 0.040599521 0.064924203 0.994668067
1341846327.193867 -0.030256586 0.393688440 0.253255725 0.067672968 0.040619630 0.063783154 0.994837761
1341846327.229885 -0.032724977 0.411425620 0.245861351 0.069189191 0.044407707 0.061195567 0.994734108
1341846327.262014 -0.028853273 0.417162359 0.257720411 0.068022445 0.048910405 0.057460774 0.994826138
1341846327.294023 -0.014342191 0.435881495 0.256619930 0.073184229 0.059777532 0.054310378 0.994042814
1341846327.330015 -0.029721713 0.453550637 0.224715456 0.074810028 0.071042225 0.048576195 0.993477106
1341846327.361939 -0.032917686 0.466518134 0.234084308 0.072291225 0.076229542 0.043172169 0.993528664
1341846327.393887 -0.035807699 0.473009825 0.261876106 0.070940912 0.079624318 0.036188729 0.993638635
1341846327.429966 -0.037873767 0.509827018 0.262233198 0.071293645 0.079103790 0.037999127 0.993587375
1341846327.461965 -0.046130270 0.528584898 0.262678087 0.063830785 0.074926406 0.036449857 0.994476259
1341846327.497931 -0.040211856 0.519827783 0.267222255 0.057092968 0.073303767 0.034077477 0.995090783
1341846327.530068 -0.084928900 0.510782361 0.272645086 0.052325450 0.081379674 0.036184561 0.994650722
1341846327.561895 -0.045735478 0.550065637 0.275904894 0.056159299 0.071440071 0.042702932 0.994946718
1341846327.598010 -0.063769899 0.554221928 0.280843377 0.057030566 0.070846982 0.046618972 0.994763732
1341846327.629945 -0.078984492 0.570029557 0.275936186 0.057599731 0.068332940 0.044331506 0.995011330
1341846327.662003 -0.064828761 0.573800266 0.293737531 0.058068365 0.062922239 0.042923827 0.995402634
1341846327.697919 -0.067448325 0.596622288 0.293405205 0.062108591 0.062632672 0.042693596 0.995186865
1341846327.730075 -0.040608555 0.636154890 0.292319596 0.061079729 0.056515578 0.045900997 0.995473921
1341846327.766017 -0.044807799 0.626982927 0.302020133 0.053478725 0.056863781 0.046550371 0.995861232
1341846327.797917 -0.055724367 0.653357089 0.307072163 0.051797744 0.058260471 0.049108312 0.995746493
1341846327.830054 -0.066746458 0.650826931 0.310490131 0.042816140 0.059762668 0.047503017 0.996161997
1341846327.865944 -0.034292202 0.660545647 0.304787993 0.038573343 0.055610321 0.048423614 0.996531367
1341846327.898010 -0.047842812 0.667758584 0.310669631 0.035587620 0.058406483 0.050343208 0.996387362
1341846327.929991 -0.066345721 0.691925228 0.312913626 0.034302991 0.060334735 0.047398873 0.996461928
1341846327.966065 -0.076755047 0.704981565 0.310789764 0.030697701 0.062419437 0.045453396 0.996541739
1341846327.998073 -0.070446745 0.710623384 0.312703192 0.023211690 0.062258378 0.042181212 0.996898115
1341846328.034045 -0.060197838 0.713053048 0.311191946 0.016622024 0.061484624 0.040986281 0.997127593
1341846328.065993 -0.065960556 0.709826946 0.310778558 0.010556844 0.063119441 0.041640259 0.997081041
1341846328.098045 -0.058784239 0.684751630 0.310897946 0.005429987 0.062345840 0.041567411 0.997173846
1341846328.133967 -0.062173225 0.686266899 0.308695674 0.008810979 0.061550248 0.044934187 0.997053087
1341846328.166023 -0.062932298 0.686774671 0.305746138 0.008972839 0.058347978 0.046676390 0.997164130
1341846328.198018 -0.058033895 0.662330687 0.298474193 0.005782648 0.054823671 0.044099722 0.997505009
1341846328.234044 -0.059232719 0.655831337 0.298333794 0.009429622 0.053759843 0.042439859 0.997607052
1341846328.265899 -0.059103340 0.644163668 0.294141263 0.011069614 0.051925529 0.042916905 0.997666955
1341846328.302051 -0.049118161 0.615278423 0.297564983 0.011923656 0.049928930 0.043401539 0.997738063
1341846328.333917 -0.068691701 0.601171136 0.304072410 0.015708124 0.053430796 0.045592003 0.997406542
1341846328.366008 -0.066862591 0.598520219 0.313653409 0.023588091 0.052132491 0.043895070 0.997396111
1341846328.402010 -0.053000998 0.551502824 0.290000945 0.032429233 0.052163985 0.044525038 0.997118235
1341846328.433920 -0.078206830 0.536240458 0.287741125 0.035912827 0.054682158 0.044716831 0.996855319
1341846328.470003 -0.054263338 0.516155183 0.277590036 0.035688959 0.050314534 0.037867423 0.997376978
1341846328.502194 -0.038200296 0.492910743 0.271223128 0.036814883 0.050148547 0.028802397 0.997647345
1341846328.534033 -0.041560333 0.471019536 0.269594669 0.036510561 0.053797413 0.026857087 0.997522712
1341846328.570125 -0.048831791 0.439160734 0.277295887 0.036193799 0.055012498 0.028544851 0.997421086
1341846328.602804 -0.057052627 0.402939767 0.257994562 0.038852014 0.050640199 0.033738196 0.997390509
1341846328.672663 -0.048214555 0.374011248 0.258773088 0.051029194 0.036899306 0.029642057 0.997574925
1341846328.702975 -0.033018712 0.361738026 0.258543164 0.053964876 0.031880584 0.028969072 0.997613251
1341846328.770129 -0.024211777 0.327280164 0.244564578 0.061672043 0.028340124 0.025478249 0.997368634
1341846328.802331 -0.027479431 0.313483894 0.249877542 0.063189663 0.025800845 0.025194379 0.997349799
1341846328.838051 -0.021260573 0.296534568 0.243686914 0.066473551 0.023559235 0.021901418 0.997269571
1341846328.869939 -0.021690965 0.300282985 0.235012293 0.067397304 0.022551509 0.020349775 0.997263730
1341846328.904486 -0.019222610 0.272716612 0.230359703 0.061338123 0.019617310 0.020826537 0.997706890
1341846328.939814 -0.014911263 0.250881881 0.240279093 0.064707600 0.016548086 0.020677060 0.997552752
1341846328.970217 -0.011938509 0.241373777 0.220395938 0.067659996 0.014719960 0.023926044 0.997312903
1341846329.006232 -0.010329479 0.227480143 0.220990002 0.068045922 0.012406109 0.027849492 0.997216284
1341846329.038243 -0.001991213 0.207299411 0.221373513 0.071007527 0.010539019 0.028554676 0.997011304
1341846329.106125 0.001428838 0.207742453 0.201409042 0.074394025 0.009223330 0.030105636 0.996731699
1341846329.138340 0.001453474 0.186882883 0.204191998 0.074990243 0.008726069 0.027422823 0.996768951
1341846329.169991 0.000025457 0.186998427 0.193543568 0.078040645 0.008659521 0.024037132 0.996622741
1341846329.208656 0.004699632 0.174741372 0.193419144 0.077923603 0.006992401 0.023855468 0.996649325
1341846329.238169 0.008246155 0.175985649 0.188271761 0.078115933 0.005832381 0.024057986 0.996636868
1341846329.273827 0.008249637 0.158205956 0.188129023 0.075718306 0.004762766 0.024652541 0.996813059
1341846329.306052 0.007395621 0.161913201 0.186292648 0.077028856 0.002444408 0.023879830 0.996739864
1341846329.338104 0.009653074 0.158040881 0.182107747 0.073168516 0.000831587 0.021981006 0.997076988
1341846329.373907 0.013388737 0.133991614 0.180631474 0.068746395 -0.000397268 0.020536046 0.997422695
1341846329.405985 0.018905258 0.126830235 0.180894420 0.069775775 -0.002927217 0.018870575 0.997379899
1341846329.442057 0.018595401 0.125908524 0.173755780 0.069511093 -0.003129118 0.015438790 0.997456789
1341846329.473950 0.018113619 0.110043630 0.177211493 0.068038136 -0.004213312 0.009289838 0.997630537
1341846329.506147 0.010546712 0.101126820 0.176746443 0.068313450 -0.005324919 0.006300575 0.997629762
1341846329.542121 0.006255474 0.089628331 0.171614766 0.066144347 -0.007876036 0.006059081 0.997760594
1341846329.574086 0.013159058 0.070568956 0.175700605 0.068071552 -0.011007891 0.004993899 0.997607231
1341846329.606387 0.013312268 0.070516773 0.167232364 0.070865043 -0.011241769 0.003534039 0.997416317
1341846329.641955 0.009268178 0.067754269 0.164827451 0.071029320 -0.012054043 0.003917472 0.997393727
1341846329.681570 0.008570982 0.054336689 0.162357837 0.069615163 -0.015119380 0.004619195 0.997448623
1341846329.748113 0.018046601 0.055750817 0.158716321 0.071590446 -0.015514131 0.000468769 0.997313321
1341846329.810175 0.015892271 0.029534988 0.159884632 0.068904363 -0.012076814 0.005115335 0.997537076
1341846329.842255 0.016953612 0.020329295 0.159293368 0.070355445 -0.012154114 0.008788303 0.997409225
1341846329.874044 0.012394462 0.015634455 0.161378652 0.072429381 -0.011737753 0.012011943 0.997232080
1341846329.910073 0.012910011 0.019159652 0.156544685 0.072920047 -0.012203910 0.013792187 0.997167706
1341846329.942009 0.007092941 0.018452415 0.154998928 0.068597130 -0.012066340 0.018833116 0.997393668
1341846329.978087 0.009829173 -0.009070509 0.157309443 0.065410838 -0.012954690 0.020494971 0.997563779
1341846330.016305 0.013808844 -0.001295380 0.150745481 0.067860067 -0.012106272 0.018310981 0.997453332
1341846330.048192 0.006433353 0.005477790 0.152234599 0.064513169 -0.010035750 0.019229122 0.997681081
1341846330.080418 0.008628789 -0.016603198 0.150194630 0.059227377 -0.010433850 0.021614175 0.997955918
1341846330.115886 0.011607260 -0.033503294 0.151916742 0.061453555 -0.009180075 0.022771766 0.997807920
1341846330.147839 0.004282229 -0.017517779 0.146842092 0.064759456 -0.008512028 0.024509676 0.997563541
1341846330.181257 0.004256509 -0.003480761 0.141265586 0.060742017 -0.009043273 0.027138120 0.997743487
1341846330.215852 0.006225489 -0.020317700 0.146262065 0.053685360 -0.008298434 0.027164482 0.998153865
1341846330.247833 0.003543930 -0.027254470 0.141989857 0.051451866 -0.007694117 0.026340988 0.998298407
1341846330.283913 0.002069274 -0.011343299 0.140873730 0.049110524 -0.008584875 0.027417168 0.998380065
1341846330.316011 0.002921260 -0.029503578 0.145581782 0.041651174 -0.009591179 0.026869701 0.998724759
1341846330.347868 0.000679839 -0.037167028 0.146732286 0.039266087 -0.011248855 0.025881520 0.998830199
1341846330.383835 0.005460858 -0.039042190 0.142122954 0.037446253 -0.011917013 0.026063500 0.998887599
1341846330.415934 0.004206629 -0.055668913 0.142722383 0.036179446 -0.010813278 0.024336031 0.998990417
1341846330.452561 -0.001497705 -0.057398912 0.139661357 0.039016407 -0.011016713 0.023256280 0.998907149
1341846330.483903 -0.005176267 -0.049471401 0.137958989 0.039692048 -0.012598948 0.025382873 0.998810053
1341846330.515970 -0.004813491 -0.057991743 0.136211947 0.037938938 -0.014994313 0.029125160 0.998742938
1341846330.552099 -0.003405542 -0.062357038 0.133956432 0.038955387 -0.016453154 0.031771462 0.998600185
1341846330.583876 -0.008276865 -0.053335913 0.131085068 0.039192382 -0.016174957 0.031560786 0.998602152
1341846330.619992 -0.014002993 -0.044810973 0.124200404 0.035281152 -0.016967319 0.030788772 0.998758912
1341846330.652136 -0.010467950 -0.051970702 0.126371235 0.028477438 -0.019160589 0.029805737 0.998966217
1341846330.683796 -0.009852491 -0.057638574 0.123661615 0.023420146 -0.019137381 0.028976619 0.999122441
1341846330.719991 -0.015047618 -0.071035296 0.116594754 0.020348364 -0.021147089 0.030456778 0.999105155
1341846330.752103 -0.018640818 -0.076154917 0.109683394 0.021858461 -0.025051860 0.034792621 0.998841345
1341846330.787952 -0.026309542 -0.069906339 0.096343681 0.023262035 -0.028933266 0.037294880 0.998614490
1341846330.819823 -0.022100030 -0.070460193 0.100357212 0.022824183 -0.033697758 0.038354948 0.998434961
1341846330.852208 -0.022405852 -0.062129840 0.096246354 0.022901334 -0.035232708 0.039045647 0.998353481
1341846330.914111 -0.029368438 -0.048244279 0.086597815 0.014452364 -0.037850775 0.037774056 0.998464584
1341846330.949903 -0.032077849 -0.063353829 0.085933357 0.010493642 -0.038918983 0.038189642 0.998457193
1341846330.981986 -0.037912667 -0.062609345 0.078695729 0.011483967 -0.043247528 0.039096225 0.998233080
1341846331.014111 -0.038028810 -0.055027850 0.088724308 0.011832826 -0.047579572 0.039893713 0.998000324
1341846331.082139 -0.040118735 -0.059755351 0.081559375 0.013252754 -0.050357465 0.036652040 0.997970521
1341846331.114334 -0.041632742 -0.056128930 0.081405997 0.013245826 -0.052500874 0.036096469 0.997880399
1341846331.149989 -0.037914447 -0.065474004 0.083197162 0.012980131 -0.053899538 0.035681877 0.997824192
1341846331.181954 -0.042512376 -0.063845456 0.075286791 0.016380623 -0.053618241 0.034208588 0.997840941
1341846331.218151 -0.048483986 -0.047969505 0.064399503 0.016814783 -0.056427266 0.035044923 0.997649789
1341846331.249914 -0.038702387 -0.061471213 0.064752378 0.013580859 -0.058710281 0.033553995 0.997618556
1341846331.318141 -0.031458121 -0.056381419 0.072000079 0.024496250 -0.049315669 0.029504484 0.998046815
1341846331.349926 -0.034270447 -0.055286363 0.080767274 0.024144374 -0.046565525 0.027289899 0.998250425
1341846331.382003 -0.005525150 -0.076926842 0.079746246 0.025726102 -0.041768853 0.026824974 0.998435736
1341846331.418008 -0.016029529 -0.071636364 0.078971066 0.032271720 -0.030897938 0.027167046 0.998631954
1341846331.450327 -0.016199298 -0.054496683 0.088553526 0.035182640 -0.026235566 0.027431451 0.998659790
1341846331.486219 -0.028215399 -0.051936243 0.103775606 0.035400514 -0.023567205 0.028528839 0.998687863
1341846331.518344 -0.011478136 -0.052287605 0.094587252 0.033869717 -0.023983473 0.027691333 0.998754621
1341846331.550202 -0.018736292 -0.056149259 0.122380793 0.037045039 -0.018104292 0.024729574 0.998843491
1341846331.586139 -0.022368932 -0.046193775 0.119169347 0.039088137 -0.017013351 0.026716139 0.998733640
1341846331.617931 -0.014468888 -0.042136937 0.124066159 0.038391516 -0.017727641 0.027138589 0.998736858
1341846331.654027 -0.005737461 -0.051423259 0.136245102 0.038303763 -0.015527659 0.027390374 0.998769999
1341846331.686123 -0.022059126 -0.039371789 0.145443246 0.041832063 -0.010954275 0.027147636 0.998695672
1341846331.717954 -0.020578999 -0.028110616 0.147236198 0.038975041 -0.012677680 0.029113594 0.998735487
1341846331.754076 -0.006882682 -0.045464024 0.156835586 0.035346799 -0.013227537 0.028113108 0.998892009
1341846331.785920 -0.007322352 -0.043205786 0.169277444 0.038512357 -0.010245696 0.026663892 0.998849750
1341846331.818053 -0.010839812 -0.031916574 0.180542067 0.039634865 -0.008323267 0.027090797 0.998812258
1341846331.853849 -0.009938899 -0.039955594 0.191285267 0.037816927 -0.007991454 0.026360752 0.998904943
1341846331.885987 -0.005886101 -0.039614804 0.202855557 0.040659454 -0.005276060 0.023373025 0.998885691
1341846331.922014 -0.007453192 -0.033519581 0.214686885 0.042719137 -0.002021410 0.022666076 0.998827934
1341846331.954037 0.005426441 -0.032643780 0.222368330 0.042922173 -0.000692476 0.024561260 0.998776197
1341846331.986135 0.013732236 -0.043857530 0.238844499 0.044552054 0.004552509 0.026303951 0.998650312
1341846332.022364 -0.000981295 -0.047258470 0.249554992 0.051128205 0.010641145 0.025681773 0.998305142
1341846332.054175 -0.004882896 -0.038856588 0.265523583 0.058022413 0.010933436 0.027578725 0.997874379
1341846332.086502 -0.005664623 -0.036403671 0.274252683 0.060632449 0.011183630 0.028146196 0.997700572
1341846332.122051 -0.006675072 -0.031350370 0.281250834 0.062621064 0.012517598 0.026940932 0.997595131
1341846332.153983 -0.013201362 -0.017875148 0.295331895 0.061463848 0.012195725 0.025054220 0.997720242
1341846332.190165 -0.016711719 -0.016428163 0.316923171 0.055429708 0.010949181 0.022724682 0.998143911
1341846332.254145 -0.014047155 -0.035687469 0.339835972 0.054177739 0.010884555 0.020838510 0.998254478
1341846332.289948 -0.016397025 -0.028693628 0.354538620 0.056794349 0.010702167 0.022809209 0.998067915
1341846332.322172 -0.015054676 -0.031118363 0.363766968 0.057297014 0.010294091 0.024414523 0.998005509
1341846332.354003 -0.008314579 -0.038659401 0.363308847 0.060060997 0.011398685 0.022514246 0.997875690
1341846332.390180 -0.006862943 -0.025213836 0.371820182 0.062306311 0.015635628 0.019864492 0.997736871
1341846332.422055 -0.012236176 -0.021293476 0.386210442 0.060828298 0.018276505 0.016481342 0.997844815
1341846332.458114 -0.007022938 -0.023871711 0.402589738 0.059214111 0.020819666 0.011561729 0.997961223
1341846332.489993 -0.017971748 -0.020316891 0.407514215 0.061092060 0.023065167 0.013455075 0.997774899
1341846332.522130 -0.024162965 -0.015711058 0.425590366 0.060686454 0.019329108 0.019795883 0.997773349
1341846332.558114 -0.018923894 -0.025291163 0.431210726 0.059825622 0.013801821 0.026341787 0.997765779
1341846332.589874 -0.009033023 -0.015132040 0.435625046 0.060335089 0.010354522 0.030313095 0.997664094
1341846332.621889 -0.005270122 -0.009982813 0.438276798 0.056193870 0.010075440 0.032373980 0.997843981
1341846332.658202 -0.004375211 -0.014162086 0.451048493 0.051800836 0.011019725 0.029901834 0.998148859
1341846332.690001 0.001511438 -0.009922784 0.462642401 0.050314847 0.010983435 0.031961393 0.998161435
1341846332.726000 -0.004204988 -0.016443284 0.473900765 0.048724759 0.010589041 0.035849225 0.998112500
1341846332.758386 0.002377195 -0.011602338 0.485667884 0.049805883 0.007582610 0.037582256 0.998022795
1341846332.789937 0.009485317 -0.005715229 0.487760186 0.049193628 0.008201960 0.035693500 0.998117566
1341846332.825925 0.012434406 -0.007875081 0.499266326 0.046679661 0.010517746 0.034317195 0.998264849
1341846332.857898 0.015697908 -0.009440079 0.507129252 0.047434248 0.011384815 0.034670003 0.998207569
1341846332.894069 0.012278706 0.007364221 0.525058627 0.048794370 0.011948588 0.034751255 0.998132586
1341846332.926029 0.014357399 0.009260871 0.525125027 0.044987764 0.012577698 0.032171581 0.998390138
1341846332.958015 0.021179456 0.012490727 0.537033319 0.042374749 0.014251582 0.030314293 0.998540103
1341846332.994073 0.024146006 0.014911808 0.542996943 0.039586335 0.015057946 0.029320093 0.998672366
1341846333.026545 0.028517231 0.015701469 0.552953243 0.036920652 0.016134281 0.026290534 0.998842001
1341846333.057998 0.036543913 0.015903950 0.560117424 0.035936389 0.017662905 0.026384648 0.998849571
1341846333.094024 0.041202519 0.016475271 0.570013344 0.036328185 0.018762579 0.030364502 0.998702228
1341846333.126095 0.045514360 0.020297598 0.573333085 0.037128095 0.020155711 0.033447102 0.998547196
1341846333.161973 0.049244665 0.027094711 0.578940272 0.036296297 0.022874862 0.034435712 0.998485625
1341846333.195660 0.046727452 0.025864854 0.586582422 0.033393420 0.025517680 0.035738714 0.998477101
1341846333.226331 0.047762766 0.030176464 0.592712522 0.032540061 0.026109701 0.034600232 0.998530030
1341846333.262056 0.052712988 0.038591594 0.595768154 0.030318771 0.026185799 0.033670671 0.998629749
1341846333.294147 0.052408375 0.033838298 0.604779601 0.026172113 0.026256671 0.033222955 0.998760164
1341846333.326100 0.050708558 0.037137426 0.606213629 0.025032606 0.025747797 0.031090956 0.998871267
1341846333.362100 0.051929824 0.042823151 0.606990278 0.022267640 0.025143260 0.030028895 0.998984575
1341846333.394119 0.050992802 0.036049090 0.611994088 0.018168684 0.024190191 0.029741792 0.999099672
1341846333.429974 0.052976720 0.039963603 0.613985240 0.018045684 0.022384901 0.029713027 0.999144852
1341846333.462115 0.059724085 0.037556395 0.620635688 0.017084733 0.021533430 0.027833426 0.999234557
1341846333.494040 0.042562664 0.031087697 0.617873192 0.016703790 0.025540074 0.026361279 0.999186575
1341846333.529953 0.068831615 0.040843144 0.625110328 0.019438513 0.022602083 0.026811529 0.999195874
1341846333.562063 0.056266401 0.040955693 0.622069836 0.019985383 0.026692480 0.027806798 0.999056995
1341846333.594090 0.051355645 0.049374051 0.621176302 0.019635977 0.026298992 0.028353304 0.999058962
1341846333.629994 0.056794636 0.051539235 0.626539588 0.016359312 0.022938563 0.027836949 0.999215305
1341846333.662127 0.055904634 0.050997876 0.623449147 0.013183329 0.022226147 0.026921172 0.999303460
1341846333.697964 0.059064716 0.043878101 0.623384416 0.010801034 0.021799196 0.028286997 0.999303758
1341846333.730092 0.058945891 0.040841058 0.619389892 0.012883174 0.022101277 0.028991710 0.999252260
1341846333.762089 0.064647712 0.043399811 0.616365552 0.014833271 0.022006877 0.030802952 0.999173045
1341846333.798006 0.063390449 0.039930329 0.612427890 0.015840111 0.022622637 0.030445080 0.999154866
1341846333.830055 0.063475557 0.039207816 0.607255995 0.018205144 0.023892993 0.028608801 0.999139249
1341846333.866045 0.058821931 0.039407063 0.603599012 0.019381318 0.025583828 0.027071862 0.999118090
1341846333.897987 0.055625174 0.036006335 0.599746943 0.020813707 0.025936997 0.026039777 0.999107599
1341846333.930099 0.058079019 0.032284498 0.593511462 0.023305003 0.026332879 0.024962731 0.999069750
1341846333.965889 0.055108443 0.033581026 0.588414192 0.025833730 0.027505994 0.024786439 0.998980343
1341846333.997985 0.056135632 0.028186589 0.581455529 0.027964368 0.028098073 0.024354428 0.998917103
1341846334.030076 0.051337551 0.031091079 0.576534629 0.031388517 0.029749284 0.025343817 0.998742938
1341846334.066000 0.046556517 0.029858608 0.569878399 0.033010624 0.029759549 0.026527807 0.998659551
1341846334.097932 0.045183636 0.026995383 0.561416626 0.034572095 0.029875804 0.026375521 0.998607278
1341846334.133884 0.039314061 0.027884763 0.556090772 0.036219079 0.031556323 0.026675798 0.998489261
1341846334.166115 0.030970946 0.027869623 0.550709069 0.036414005 0.030749364 0.027676571 0.998480082
1341846334.198072 0.031326998 0.024878033 0.540532053 0.036582127 0.029073246 0.026549118 0.998554766
1341846334.234097 0.031856149 0.028373882 0.534535348 0.037428670 0.029372927 0.025429185 0.998543799
1341846334.266045 0.026312966 0.023637857 0.529130280 0.037040923 0.031343155 0.025588913 0.998494267
1341846334.297946 0.020652771 0.024881367 0.522324860 0.038377170 0.029880354 0.027306512 0.998443127
1341846334.334036 0.019229516 0.025723871 0.514361143 0.038765613 0.028291292 0.027790731 0.998461068
1341846334.365871 0.018707799 0.027837735 0.508256912 0.038565677 0.028270507 0.026544532 0.998503327
1341846334.401845 0.015971929 0.027870484 0.498336196 0.037141744 0.029115262 0.025300408 0.998565316
1341846334.433864 0.012689583 0.017987855 0.486166745 0.036356613 0.027639655 0.025913430 0.998620391
1341846334.466105 0.006540881 0.020388436 0.481917292 0.037367120 0.026637247 0.026404005 0.998597503
1341846334.502142 0.007165780 0.023271687 0.467894405 0.036161419 0.025038138 0.027494628 0.998653829
1341846334.540153 0.007619269 0.019359559 0.457238019 0.035342868 0.023593521 0.026241044 0.998752058
1341846334.602351 -0.005424591 0.028892139 0.442837119 0.031561375 0.020607444 0.019184969 0.999105215
1341846334.670161 -0.007816753 0.024524083 0.426547915 0.026180653 0.017637789 0.012826591 0.999419332
1341846334.702085 -0.014932783 0.019113913 0.418517172 0.024326211 0.015828704 0.013297868 0.999490321
1341846334.734751 -0.015663344 0.019188521 0.409966439 0.024637204 0.013101555 0.014768133 0.999501526
1341846334.770889 -0.020274915 0.019999968 0.401579589 0.024778271 0.011844713 0.017541310 0.999468863
1341846334.802194 -0.025067970 0.020519098 0.390450746 0.024336766 0.009442602 0.018699761 0.999484301
1341846334.833908 -0.022651562 0.022413291 0.378331423 0.024089290 0.007458214 0.016953615 0.999538243
1341846334.869874 -0.027456913 0.022527035 0.368638575 0.022447973 0.007467588 0.016915645 0.999576986
1341846334.902006 -0.036258526 0.019127391 0.359428912 0.020644534 0.006656777 0.016603356 0.999626875
1341846334.938010 -0.038472224 0.020432705 0.349218428 0.020385988 0.003397625 0.016292565 0.999653637
1341846334.970032 -0.033708837 0.019173436 0.342524171 0.020292258 0.001732733 0.015798369 0.999667764
1341846335.002203 -0.039975498 0.012801492 0.331728637 0.021297105 0.002754816 0.016681202 0.999630213
1341846335.037880 -0.047806025 0.015771305 0.319098175 0.024335019 0.000188194 0.018925611 0.999524653
1341846335.069990 -0.044275828 0.017733349 0.311488003 0.024540771 -0.003153811 0.019195428 0.999509573
1341846335.106038 -0.037296802 0.014500418 0.299582541 0.024383506 -0.002808217 0.017562089 0.999544501
1341846335.138045 -0.048356801 0.012850790 0.290883929 0.026122173 -0.000736109 0.016526010 0.999521852
1341846335.169900 -0.052501809 0.017087854 0.275247216 0.026560437 -0.003391861 0.016977398 0.999497294
1341846335.206091 -0.049658857 0.017464820 0.265838921 0.025875548 -0.005723733 0.014747851 0.999539971
1341846335.239365 -0.046411209 0.012131586 0.257043749 0.025306430 -0.005071484 0.011914321 0.999595881
1341846335.269948 -0.050990045 0.009119018 0.246443391 0.026805395 -0.003386932 0.010514691 0.999579668
1341846335.305972 -0.061055399 0.008620822 0.238090694 0.028712424 -0.004101912 0.011729372 0.999510467
1341846335.338012 -0.057423886 0.009244747 0.231094047 0.030292578 -0.005990672 0.013234890 0.999435484
1341846335.374005 -0.062212441 0.003012340 0.222571790 0.034303296 -0.002696161 0.011519023 0.999341428
1341846335.406025 -0.063730583 0.004622996 0.216175556 0.040928334 -0.000367205 0.014217100 0.999060869
1341846335.438079 -0.065364048 0.012615796 0.201008737 0.046629626 0.000275587 0.017763177 0.998754263
1341846335.473998 -0.064769581 0.017663874 0.190986529 0.049061447 0.001834808 0.018763481 0.998617828
1341846335.507038 -0.062573843 0.026630115 0.190452933 0.050740167 0.003870683 0.017664192 0.998548150
1341846335.538040 -0.068664685 0.032964058 0.182159349 0.050503749 0.006575099 0.015241493 0.998585939
1341846335.574119 -0.073351666 0.034928426 0.171460032 0.048311282 0.006379471 0.016659042 0.998673022
1341846335.605970 -0.071836710 0.026964167 0.163736045 0.046235036 0.005336225 0.015677234 0.998793304
1341846335.641978 -0.074843556 0.025899928 0.146579325 0.046936221 0.007288636 0.011795912 0.998801649
1341846335.673993 -0.080247588 0.027309302 0.134308130 0.046724886 0.008385105 0.010985484 0.998812199
1341846335.706178 -0.084831581 0.026093770 0.126221597 0.046174441 0.007148303 0.012248043 0.998832762
1341846335.741982 -0.080363110 0.032877412 0.111963056 0.047545031 0.006565654 0.011038406 0.998786509
1341846335.773960 -0.085408680 0.037189335 0.099449024 0.047835089 0.007495779 0.010461653 0.998772323
1341846335.806271 -0.085767850 0.031064536 0.102476865 0.045338780 0.006243549 0.012352796 0.998875797
1341846335.842031 -0.082681127 0.022863802 0.092446625 0.042576361 0.006796638 0.012476490 0.998992145
1341846335.873966 -0.083754160 0.024450164 0.082656257 0.043682985 0.008321097 0.011533686 0.998944223
1341846335.910005 -0.090026870 0.031282697 0.065988854 0.043546908 0.008633433 0.013572154 0.998921871
1341846335.941936 -0.092754081 0.029617202 0.055320568 0.042324133 0.006811522 0.014273214 0.998978734
1341846335.974198 -0.092033409 0.031850588 0.049199942 0.042456441 0.005844973 0.011963610 0.999009609
1341846336.010032 -0.095459200 0.032595091 0.036151402 0.042169075 0.006062078 0.010736714 0.999034405
1341846336.042129 -0.103462793 0.032872893 0.027697830 0.041249938 0.005014533 0.011470028 0.999070406
1341846336.078076 -0.105048858 0.028628102 0.017040746 0.040808354 0.003041328 0.010388766 0.999108374
1341846336.110739 -0.104020111 0.032859407 0.009105642 0.041733801 0.002733637 0.009421815 0.999080598
1341846336.142002 -0.111237653 0.028978430 -0.006356549 0.041237250 0.003058527 0.010305936 0.999091506
1341846336.183953 -0.112260334 0.032986302 -0.022428147 0.041093651 0.000352521 0.011486533 0.999089181
1341846336.241891 -0.112329707 0.034859028 -0.027861308 0.039372992 -0.000581594 0.010815388 0.999165893
1341846336.277946 -0.123005852 0.024061464 -0.031506442 0.039040163 0.000320137 0.012487672 0.999159515
1341846336.309977 -0.118834279 0.026618134 -0.049104977 0.041718952 -0.002567833 0.015896436 0.998999655
1341846336.346143 -0.122077800 0.029379165 -0.056087930 0.043861486 -0.003843968 0.016694132 0.998890758
1341846336.377975 -0.122540392 0.030499766 -0.059524044 0.044706341 -0.003775727 0.016450934 0.998857558
1341846336.410032 -0.124530062 0.031739797 -0.074929923 0.045563493 -0.002999568 0.016441636 0.998821616
1341846336.446041 -0.124618001 0.034830019 -0.088979371 0.045103360 -0.003592050 0.016596919 0.998837948
1341846336.477990 -0.127138600 0.035645250 -0.095603503 0.044272013 -0.003265542 0.015714349 0.998890519
1341846336.510056 -0.128999710 0.033792745 -0.096432857 0.044486478 -0.002705742 0.016566070 0.998868942
1341846336.546024 -0.130774349 0.034416586 -0.100522302 0.045483049 -0.002695483 0.018461213 0.998790860
1341846336.578003 -0.132955506 0.043478813 -0.115881689 0.045776848 -0.002892862 0.020254575 0.998742104
1341846336.614020 -0.128921986 0.044230156 -0.114502512 0.045247681 -0.002740367 0.019273346 0.998786092
1341846336.645982 -0.135865241 0.048055269 -0.124358095 0.044141948 -0.000939705 0.018449433 0.998854458
1341846336.678036 -0.143089756 0.040035240 -0.125572383 0.041675836 -0.002618447 0.019368229 0.998939991
1341846336.714024 -0.143176869 0.033418898 -0.125315487 0.042826705 -0.005009701 0.019164052 0.998886108
1341846336.746016 -0.145666644 0.031148266 -0.139300987 0.046299558 -0.006958904 0.021545716 0.998670995
1341846336.778014 -0.156494290 0.038623974 -0.151032254 0.049719207 -0.010121916 0.023860056 0.998426914
1341846336.820006 -0.154458210 0.044220105 -0.148645088 0.050598208 -0.014225483 0.026600610 0.998263419
1341846336.882056 -0.161168441 0.041365761 -0.159760401 0.052868314 -0.015998233 0.025327247 0.998152077
1341846336.914273 -0.162646696 0.039459910 -0.163034469 0.055294849 -0.020728167 0.027432326 0.997877896
1341846336.945998 -0.160992995 0.031366691 -0.190349981 0.061066911 -0.026987197 0.029229360 0.997340560
1341846336.981980 -0.164988086 0.051173650 -0.189980835 0.065145433 -0.030612091 0.027461844 0.997027993
1341846337.014238 -0.165425241 0.059348255 -0.183407813 0.062817536 -0.033469420 0.025139255 0.997146785
1341846337.046017 -0.204946429 0.044208497 -0.180644006 0.059672382 -0.032948505 0.020710273 0.997459114
1341846337.082104 -0.173930541 0.048519269 -0.190677151 0.059319459 -0.034509290 0.016829440 0.997500420
1341846337.114317 -0.146424770 0.054514941 -0.216702893 0.057408821 -0.038227014 0.017719120 0.997461259
1341846337.150037 -0.115423381 0.056062333 -0.197516814 0.056114919 -0.041574422 0.015936827 0.997431040
1341846337.181873 -0.084742866 0.060528979 -0.197138160 0.055645104 -0.042908397 0.013438447 0.997437656
1341846337.214073 -0.061781086 0.067114428 -0.211605161 0.053512387 -0.042134594 0.010493270 0.997622669
1341846337.250087 -0.186915308 0.049506892 -0.200634733 0.050423179 -0.038148351 0.011835704 0.997928917
1341846337.282028 -0.176084995 0.049729325 -0.206844658 0.051484518 -0.042945843 0.015812792 0.997624636
1341846337.317920 -0.165337577 0.054262966 -0.211209491 0.051301092 -0.045105029 0.016604688 0.997525930
1341846337.350018 -0.167610958 0.060829990 -0.212972715 0.050168600 -0.044291131 0.015787465 0.997633278
1341846337.382159 -0.165091813 0.051777869 -0.211006448 0.046906304 -0.044107284 0.014033422 0.997826338
1341846337.417941 -0.173354670 0.045060910 -0.214311093 0.047554001 -0.042980321 0.014386224 0.997839808
1341846337.450137 -0.173329785 0.053454190 -0.226284295 0.048459604 -0.044878054 0.015192231 0.997700751
1341846337.482096 -0.175412476 0.051516954 -0.220671579 0.046853676 -0.045198381 0.016503576 0.997742176
1341846337.518008 -0.170764744 0.042667657 -0.226753935 0.047308367 -0.045736667 0.016295299 0.997699618
1341846337.549978 -0.194974408 0.055913094 -0.220043287 0.048545785 -0.045424584 0.014687821 0.997679412
1341846337.585971 -0.171916336 0.049739212 -0.227801710 0.045120113 -0.046668760 0.013400462 0.997800887
1341846337.617903 -0.166291311 0.035972334 -0.221946806 0.045653842 -0.047735605 0.014235509 0.997714579
1341846337.650141 -0.167059615 0.052045345 -0.227044746 0.049159754 -0.047951933 0.013579267 0.997546732
1341846337.686352 -0.169206485 0.056903400 -0.224794433 0.047579326 -0.047514636 0.013508289 0.997645259
1341846337.718002 -0.166174933 0.053349052 -0.216330364 0.045598581 -0.047257267 0.013627871 0.997748375
1341846337.749920 -0.159838855 0.057477031 -0.211331517 0.045477677 -0.045701671 0.013000691 0.997834682
1341846337.786157 -0.160944298 0.063397862 -0.207678095 0.042627677 -0.042803194 0.013159379 0.998086929
1341846337.817945 -0.158062354 0.058196843 -0.201605126 0.040078428 -0.040946975 0.014747568 0.998248219
1341846337.854071 -0.157146499 0.063567474 -0.200614735 0.039174017 -0.037611373 0.013950347 0.998426855
1341846337.885951 -0.162006333 0.070004858 -0.196768522 0.036240444 -0.034894209 0.011639792 0.998665869
1341846337.918223 -0.157223836 0.068017066 -0.191195160 0.031916454 -0.033999920 0.009748320 0.998864532
1341846337.954120 -0.156196788 0.063752830 -0.183730528 0.029376840 -0.032550603 0.009363744 0.998994410
1341846337.985994 -0.155808881 0.075535037 -0.177837566 0.027413052 -0.031680137 0.009243261 0.999079287
1341846338.018107 -0.155537397 0.070905849 -0.168466032 0.023752294 -0.029952161 0.010192681 0.999217093
1341846338.054055 -0.148534745 0.071997374 -0.163339600 0.021357290 -0.029075650 0.009792000 0.999301076
1341846338.085986 -0.145090178 0.072741434 -0.151152581 0.017918691 -0.026028778 0.009477556 0.999455690
1341846338.121875 -0.147077441 0.066198573 -0.146243930 0.015664561 -0.023529464 0.011178517 0.999537885
1341846338.154089 -0.149659380 0.065476723 -0.143814608 0.014737214 -0.022808621 0.014592578 0.999524713
1341846338.186029 -0.148070723 0.068630733 -0.131016508 0.013766041 -0.023185536 0.016785515 0.999495447
1341846338.222071 -0.139295533 0.075215563 -0.121448375 0.013088737 -0.022563441 0.016215501 0.999528170
1341846338.254107 -0.141946092 0.068320327 -0.114145815 0.010699219 -0.020467114 0.016720613 0.999593437
1341846338.290130 -0.138776973 0.065605171 -0.106760733 0.010969629 -0.020631101 0.018271614 0.999559999
1341846338.321952 -0.138827592 0.072907530 -0.097483464 0.011624998 -0.019614737 0.020144910 0.999537051
1341846338.354022 -0.135953441 0.070580676 -0.089709863 0.010791926 -0.019262997 0.020499695 0.999546051
1341846338.389969 -0.136688039 0.077500455 -0.076828167 0.010809535 -0.018204002 0.020954099 0.999556243
1341846338.422377 -0.136666954 0.075284466 -0.065663517 0.008992840 -0.017798103 0.020729706 0.999586225
1341846338.454010 -0.134767920 0.079230949 -0.061938528 0.008131779 -0.018234618 0.019736983 0.999605834
1341846338.489894 -0.134581894 0.077836506 -0.046108060 0.006550287 -0.018595740 0.019860266 0.999608338
1341846338.522066 -0.131274328 0.076194413 -0.034409229 0.007238196 -0.018477233 0.019421805 0.999614418
1341846338.558058 -0.128749788 0.083563410 -0.031723574 0.006765810 -0.018697757 0.019366654 0.999614716
1341846338.589842 -0.127834409 0.080351770 -0.021829005 0.004340025 -0.018824702 0.018677780 0.999638915
1341846338.622019 -0.121786259 0.077697039 -0.005380977 0.005092425 -0.018243467 0.020239856 0.999615729
1341846338.657984 -0.125296652 0.083452836 -0.005077320 0.005585423 -0.018047087 0.021903822 0.999581575
1341846338.690198 -0.117099129 0.087306030 0.009703341 0.003878755 -0.019413099 0.021729929 0.999567866
1341846338.722454 -0.112200201 0.082323924 0.025921350 0.002940096 -0.018593810 0.022142202 0.999577582
1341846338.757945 -0.117944710 0.087527901 0.025960550 0.003329523 -0.018134000 0.023648780 0.999550283
1341846338.790039 -0.116258681 0.087903440 0.040534001 0.001327782 -0.020159217 0.023987269 0.999508083
1341846338.826048 -0.108285025 0.083708771 0.053740725 0.001351625 -0.019733215 0.022264551 0.999556422
1341846338.858027 -0.112125814 0.088125236 0.053014856 0.001354967 -0.017718600 0.021502171 0.999610841
1341846338.889902 -0.111907512 0.090249412 0.069192804 -0.000900733 -0.018568244 0.021249570 0.999601364
1341846338.925948 -0.099836141 0.085941724 0.084029980 -0.002073150 -0.019060597 0.019956574 0.999616981
1341846338.958108 -0.099628590 0.086849362 0.090739131 -0.001770283 -0.016871022 0.019046411 0.999674678
1341846338.990057 -0.097695120 0.084100813 0.104801185 -0.001494277 -0.016826769 0.020044912 0.999656379
1341846339.025928 -0.092174113 0.083550543 0.118232928 0.000526172 -0.016284717 0.020190448 0.999663353
1341846339.057939 -0.091948688 0.090106919 0.125522971 0.003768332 -0.013700110 0.020023681 0.999698520
1341846339.093927 -0.098188698 0.098587744 0.129254550 0.003124335 -0.013568535 0.020671936 0.999689341
1341846339.126562 -0.088355556 0.101674035 0.140986696 0.000184795 -0.015414299 0.019742811 0.999686241
1341846339.157969 -0.081819192 0.103503339 0.158259690 -0.001897530 -0.013181326 0.017782331 0.999753177
1341846339.194113 -0.087745130 0.102182373 0.158479795 -0.004357372 -0.011329602 0.019085273 0.999744177
1341846339.228165 -0.088133477 0.110551029 0.168887898 -0.007053129 -0.013228761 0.020637283 0.999674618
1341846339.257998 -0.075098440 0.110419743 0.199468568 -0.009420345 -0.013779492 0.021445975 0.999630630
1341846339.294132 -0.074232973 0.109122440 0.201009601 -0.009975366 -0.011142281 0.022735519 0.999629676
1341846339.326577 -0.081103317 0.121892124 0.199816689 -0.012386400 -0.012035388 0.024956560 0.999539316
1341846339.362269 -0.070165753 0.112176128 0.211803153 -0.018249892 -0.015562597 0.023891903 0.999426782
1341846339.394725 -0.062703080 0.113561414 0.223058358 -0.019065462 -0.014122215 0.023180263 0.999449730
1341846339.462186 -0.060164127 0.114685841 0.241143107 -0.022308573 -0.014736856 0.022893932 0.999380291
1341846339.496743 -0.051430501 0.115803078 0.250955075 -0.019326538 -0.011476146 0.020391786 0.999539375
1341846339.562052 -0.051889859 0.110179663 0.265552044 -0.018654928 -0.008126950 0.023170765 0.999524415
1341846339.595122 -0.039309837 0.110603921 0.280373752 -0.016623685 -0.008632100 0.022984358 0.999560356
1341846339.632085 -0.039520774 0.116293482 0.287117243 -0.014524866 -0.004525608 0.020297239 0.999678254
1341846339.664568 -0.035504662 0.115532383 0.294669896 -0.014439378 -0.002010407 0.018317329 0.999725938
1341846339.698896 -0.033736140 0.112240247 0.306107700 -0.014886630 -0.001044055 0.017681437 0.999732316
1341846339.731977 -0.032217085 0.111903504 0.317215085 -0.014633720 -0.000753686 0.015837420 0.999767184
1341846339.762241 -0.025042836 0.107118227 0.323229283 -0.015046789 0.000047796 0.016208658 0.999755383
1341846339.797873 -0.025397414 0.109263495 0.327772498 -0.014617336 0.000820487 0.017023683 0.999747872
1341846339.830245 -0.021338942 0.106288791 0.336180061 -0.015230433 -0.000002922 0.017523566 0.999730468
1341846339.862015 -0.017864591 0.108738251 0.346413463 -0.015409851 -0.000004909 0.017111022 0.999734819
1341846339.897797 -0.012558601 0.107071646 0.352824301 -0.016439343 0.000707028 0.016588455 0.999727011
1341846339.929916 -0.010490495 0.101454750 0.363080442 -0.017548364 0.001707673 0.018706625 0.999669552
1341846339.961960 -0.008172052 0.100278497 0.369162500 -0.016331673 0.001131711 0.019406976 0.999677598
1341846339.997845 -0.001675012 0.104346424 0.373330891 -0.014234600 0.001804402 0.019229176 0.999712169
1341846340.029925 0.001070963 0.101389006 0.380041927 -0.013823955 0.003971592 0.020656493 0.999683201
1341846340.066044 0.003006080 0.101241693 0.386652589 -0.011716500 0.005306482 0.021960484 0.999676108
1341846340.098009 0.004414319 0.101280980 0.389658600 -0.010989769 0.005830077 0.022851510 0.999661505
1341846340.130102 0.005933001 0.101990797 0.396973878 -0.011525366 0.005803193 0.022012765 0.999674439
1341846340.166041 0.012825031 0.099571779 0.404613167 -0.010725110 0.007614108 0.019671787 0.999719977
1341846340.197867 0.011813469 0.101442769 0.411145270 -0.009418369 0.010328002 0.019525686 0.999711633
1341846340.229904 0.014307151 0.104341380 0.418073326 -0.010318231 0.009938114 0.019478630 0.999707639
1341846340.265859 0.018231642 0.100090578 0.428768903 -0.011224628 0.010904279 0.018818729 0.999700427
1341846340.298061 0.021702692 0.100307032 0.431789279 -0.009234611 0.013003347 0.019281104 0.999686897
1341846340.334063 0.013714172 0.106640495 0.434770852 -0.009578956 0.013285974 0.020784192 0.999649823
1341846340.366064 0.022575265 0.098920584 0.442615509 -0.012102838 0.010363068 0.020789132 0.999656916
1341846340.397995 0.025814962 0.097397506 0.445953220 -0.010404309 0.010928476 0.020365955 0.999678731
1341846340.433895 0.025992958 0.098647296 0.450139493 -0.009799803 0.010789442 0.021320416 0.999666452
1341846340.465959 0.025294881 0.099757008 0.453080356 -0.008971895 0.008637347 0.022694379 0.999664843
1341846340.501858 0.033430763 0.099164143 0.453284681 -0.008181809 0.004274250 0.023249844 0.999687076
1341846340.534329 0.037217140 0.099976853 0.454424977 -0.007603033 0.002854062 0.022616787 0.999711215
1341846340.566041 0.040653892 0.097204208 0.456726760 -0.006537311 0.001962117 0.023075867 0.999710441
1341846340.601909 0.048651230 0.096977718 0.454054832 -0.004193237 0.000545134 0.024357401 0.999694347
1341846340.634005 0.050414417 0.099134915 0.450264961 -0.003243912 0.000086038 0.022827478 0.999734163
1341846340.666028 0.054457195 0.097747818 0.447152108 -0.003548730 0.000206319 0.020666216 0.999780118
1341846340.701946 0.057768680 0.096410044 0.444238454 -0.001619640 0.001557300 0.018302508 0.999830008
1341846340.733954 0.059151046 0.100369543 0.441894531 -0.000305557 0.003188791 0.016621510 0.999856710
1341846340.770081 0.059946474 0.100956790 0.441251546 -0.000982943 0.003525604 0.014517964 0.999887884
1341846340.801980 0.062640101 0.099174865 0.437982380 -0.001169512 0.004464324 0.008977469 0.999949038
1341846340.833999 0.062414721 0.103099898 0.436539054 -0.000957665 0.006940734 0.004784293 0.999963999
1341846340.870013 0.059779704 0.101002820 0.441419095 -0.002534766 0.007065627 0.003428114 0.999965966
1341846340.901955 0.063899703 0.098009497 0.442310691 -0.001874681 0.006361022 0.002910768 0.999973774
1341846340.933918 0.062697493 0.097211666 0.439536572 0.000053115 0.006001872 0.005408725 0.999967337
1341846340.970122 0.061960846 0.099403642 0.433864862 0.001381607 0.003219520 0.010319774 0.999940574
1341846341.001922 0.062052812 0.097104698 0.434847534 0.002654841 -0.000832644 0.015445703 0.999876857
1341846341.037923 0.065136351 0.097965747 0.428413004 0.003972665 -0.003475352 0.017563216 0.999831796
1341846341.070300 0.062494114 0.096801192 0.425374061 0.004263165 -0.003862556 0.017725302 0.999826312
1341846341.102028 0.058346771 0.097886764 0.422313273 0.004315816 -0.004802342 0.017821565 0.999820292
1341846341.137982 0.062072646 0.095380001 0.418856740 0.004044372 -0.007159118 0.018037055 0.999803483
1341846341.170048 0.061760612 0.094311245 0.417827874 0.004544004 -0.007429287 0.019186975 0.999777973
1341846341.202110 0.062205706 0.092880696 0.416709572 0.006089455 -0.007806031 0.020795196 0.999734759
1341846341.237996 0.064028114 0.093562394 0.414285123 0.007800581 -0.007899052 0.021989983 0.999696553
1341846341.269883 0.061497204 0.093726754 0.410687625 0.008852271 -0.007120086 0.022213899 0.999688685
1341846341.306107 0.061756793 0.093355775 0.409051389 0.009340222 -0.007906714 0.021781398 0.999687850
1341846341.338109 0.062032908 0.094428331 0.402741730 0.010366829 -0.007221839 0.019355355 0.999732852
1341846341.370120 0.063088328 0.094278961 0.402207136 0.010852102 -0.006194545 0.017375384 0.999770939
1341846341.406074 0.058927305 0.092840545 0.402703106 0.010710468 -0.005332195 0.016356654 0.999794602
1341846341.438113 0.058059119 0.087605402 0.403350264 0.011497961 -0.007179393 0.016241271 0.999776185
1341846341.470024 0.061459955 0.090187266 0.400264025 0.014582047 -0.007758126 0.015023942 0.999750674
1341846341.506077 0.057432078 0.095363483 0.397295952 0.014682403 -0.006438762 0.013991413 0.999773562
1341846341.538156 0.052538857 0.091241807 0.400080234 0.013602116 -0.007488841 0.013674969 0.999785960
1341846341.574016 0.056783766 0.092206068 0.397280455 0.014652153 -0.010282454 0.014653064 0.999732375
1341846341.612466 0.055119872 0.096247710 0.394255638 0.015564304 -0.010820959 0.015603804 0.999698520
1341846341.643972 0.052244287 0.096786708 0.395085990 0.014688219 -0.011891466 0.014578122 0.999715149
1341846341.679982 0.051362399 0.093890779 0.392025769 0.014185891 -0.013115478 0.014180610 0.999712765
1341846341.712332 0.047308892 0.095244326 0.392978519 0.015047560 -0.015011136 0.017157014 0.999626875
1341846341.744185 0.051781602 0.094489194 0.390476376 0.015412648 -0.017555038 0.019494228 0.999536991
1341846341.780061 0.052117459 0.096488938 0.385828286 0.015954748 -0.018180294 0.021377373 0.999478817
1341846341.842595 0.056389373 0.088991150 0.377362072 0.017494949 -0.019256365 0.026520964 0.999309659
1341846341.906227 0.055984553 0.086975634 0.377561867 0.020879401 -0.019884372 0.031295232 0.999094248
1341846341.942069 0.057413325 0.081019640 0.375882626 0.023819884 -0.020022700 0.033242516 0.998962760
1341846341.974775 0.057727739 0.085764766 0.369394690 0.027540028 -0.019993471 0.034191031 0.998835742
1341846342.010161 0.050797444 0.084698893 0.370887190 0.028016675 -0.020707127 0.036276340 0.998734355
1341846342.042024 0.060398590 0.076629266 0.370261431 0.029073056 -0.022449141 0.036354519 0.998663664
1341846342.080032 0.060784347 0.081538089 0.364857048 0.031634089 -0.020011231 0.036091242 0.998647213
1341846342.112265 0.056527793 0.076728761 0.364620119 0.031414993 -0.019058347 0.038388871 0.998587072
1341846342.147954 0.059041090 0.073706530 0.365715832 0.033537596 -0.020441702 0.040669911 0.998400390
1341846342.179852 0.063170053 0.074890956 0.361357391 0.036627281 -0.020291900 0.041960835 0.998241425
1341846342.211848 0.062945709 0.076254979 0.361676037 0.037345760 -0.019704653 0.041833941 0.998231888
1341846342.247920 0.062088981 0.073614299 0.360323429 0.038205560 -0.019398548 0.040126976 0.998275459
1341846342.279870 0.062345244 0.074264579 0.359586269 0.039848916 -0.018800771 0.040818889 0.998194575
1341846342.316068 0.062744811 0.073045202 0.356492251 0.040972032 -0.018688450 0.041807950 0.998110294
1341846342.347894 0.064533636 0.076111488 0.357262731 0.041629978 -0.018939070 0.041978568 0.998071194
1341846342.379953 0.062439989 0.074045733 0.357632339 0.041524686 -0.017871439 0.041863170 0.998100042
1341846342.416195 0.061571825 0.074910417 0.358941644 0.042312540 -0.017622476 0.042893302 0.998027682
