1341846313.592026 0.000000000 0.000000000 0.000000000 0.000000000 0.000000000 0.000000000 1.000000000
1341846313.654184 0.007415360 -0.002688010 0.000283573 -0.001097642 -0.003172240 0.004863970 0.999982536
1341846313.686156 0.015920006 -0.000220398 0.007392667 0.000266794 -0.005731708 0.004581018 0.999973059
1341846313.721918 0.017716136 0.005911586 0.002116675 0.001015104 -0.006368440 0.005250388 0.999965429
1341846313.753994 0.026234854 0.006941624 0.008405918 0.000531234 -0.007366204 0.006425652 0.999952078
1341846313.789969 0.035088643 0.005720502 0.007221908 0.001512458 -0.008319442 0.004887898 0.999952316
1341846313.822075 0.047763929 0.006322071 0.004202677 0.001296351 -0.008092745 0.003857750 0.999958932
1341846313.853928 0.055641174 0.003614973 0.002666039 0.000316402 -0.006143616 0.002859107 0.999976993
1341846313.890011 0.061649099 0.011546309 0.007132138 0.001201661 -0.004426410 0.004540459 0.999979198
1341846313.922055 0.070818529 0.017295934 0.001321542 -0.000257738 -0.004721804 0.005538336 0.999973476
1341846313.957927 0.098041013 0.013349673 -0.003377993 -0.002916961 -0.003168199 0.006512284 0.999969542
1341846313.990058 0.090554707 0.010145148 0.001480664 -0.004536969 0.004597308 0.006829807 0.999955833
1341846314.022042 0.092007309 0.018360944 -0.006822102 -0.005930937 0.006632550 0.008642342 0.999923050
1341846314.057816 0.105222315 0.016649114 0.004787784 -0.009532884 0.008229873 0.010214821 0.999868512
1341846314.089801 0.118592001 0.009038272 0.004572998 -0.009703314 0.012933913 0.010282662 0.999816418
1341846314.122037 0.119434655 0.022042725 0.003278716 -0.009325185 0.016374810 0.012964804 0.999738395
1341846314.157989 0.118739031 0.020115331 0.019526670 -0.011757406 0.020546529 0.012236307 0.999644876
1341846314.190094 0.124057464 0.021959238 0.022580169 -0.011201797 0.024376849 0.013344652 0.999550998
1341846314.225969 0.140085265 0.028172892 0.006704811 -0.012978129 0.025041696 0.018467303 0.999431551
1341846314.257923 0.140513822 0.021316018 0.010903679 -0.015581450 0.027811250 0.017825432 0.999332786
1341846314.290052 0.160886705 0.019652065 0.014590981 -0.014719526 0.026786240 0.018802995 0.999355912
1341846314.325981 0.157222122 0.027417175 0.017891433 -0.014486338 0.029266838 0.016020112 0.999338269
1341846314.357905 0.165029272 0.030230183 0.036782198 -0.014931189 0.032061148 0.013208602 0.999287069
1341846314.389899 0.168574855 0.036189876 0.040699836 -0.012436620 0.035099696 0.012897444 0.999223173
1341846314.427905 0.174109206 0.042089362 0.035440993 -0.011900867 0.036893912 0.011880289 0.999177694
1341846314.493987 0.194365010 0.022887221 0.028428752 -0.013063696 0.044918757 0.005958862 0.998887479
1341846314.526085 0.198353931 0.027417125 0.020692464 -0.012323549 0.047111448 0.003287840 0.998808205
1341846314.558292 0.199694067 0.027194934 0.023753781 -0.013491300 0.050681967 0.003665559 0.998616993
1341846314.594085 0.214360446 0.016589032 0.022827478 -0.013362771 0.053909715 0.003164366 0.998451412
1341846314.626096 0.205480680 0.029371450 0.026167905 -0.011566618 0.059867531 0.003402036 0.998133540
1341846314.658455 0.208186328 0.027334575 0.020768462 -0.013877534 0.062302239 0.003047582 0.997956216
1341846314.694004 0.226737812 0.018648114 0.028768456 -0.014320873 0.064479351 0.000567778 0.997816086
1341846314.725910 0.233440861 0.008072992 0.031087400 -0.011629348 0.066748120 0.006380796 0.997681677
1341846314.761942 0.231589034 0.010255661 0.029291946 -0.007764791 0.067822389 0.009775795 0.997619271
1341846314.794030 0.248883843 0.011551316 0.025667828 -0.004480435 0.068392634 0.011803408 0.997578621
1341846314.826092 0.255155712 0.016819268 0.018619452 -0.001662948 0.072618745 0.012258919 0.997283041
1341846314.862145 0.268463820 0.016689083 0.006502826 -0.002369690 0.074948557 0.013921391 0.997087359
1341846314.894072 0.275083005 0.014530829 0.010238282 -0.002936167 0.078804232 0.014224945 0.996784270
1341846314.925969 0.272823304 0.012132648 -0.000390507 -0.003141177 0.082447983 0.018072661 0.996426523
1341846314.961937 0.281261414 0.031594533 -0.000179105 -0.004065017 0.081940629 0.024437862 0.996329248
1341846314.994564 0.286378384 0.030252919 0.010753348 -0.007887657 0.082863897 0.023236573 0.996258736
1341846315.029900 0.301725566 0.028926350 0.015642017 -0.008110992 0.085251883 0.019720454 0.996131241
1341846315.061965 0.302928030 0.029030513 0.018670116 -0.008704573 0.087968744 0.024325287 0.995788157
1341846315.094388 0.306721956 0.029631985 0.028927699 -0.008314229 0.086905807 0.024963217 0.995869040
1341846315.129851 0.306155235 0.024098435 0.014879603 -0.006903261 0.087978169 0.021749826 0.995860994
1341846315.161941 0.320602179 0.042311128 -0.004286952 -0.007644753 0.086233996 0.027075622 0.995877564
1341846315.197984 0.321488023 0.041103207 -0.005450152 -0.014677146 0.084211640 0.024371406 0.996041656
1341846315.230076 0.333994627 0.041245557 0.008062776 -0.018017353 0.082137078 0.020954575 0.996237814
1341846315.262069 0.334685922 0.038242370 0.006009698 -0.021549797 0.079859272 0.024922492 0.996261537
1341846315.298000 0.341124117 0.029864626 0.017980050 -0.024202125 0.075962052 0.026546506 0.996463418
1341846315.329931 0.345576406 0.008997886 0.027445044 -0.023003235 0.074440531 0.027174896 0.996589661
1341846315.361981 0.344236076 0.017381862 0.022471037 -0.016966339 0.074650079 0.029283749 0.996635318
1341846315.397962 0.357510448 0.020363189 0.022112545 -0.013781814 0.073485114 0.033681881 0.996632099
1341846315.429923 0.361734450 0.024197167 0.023462676 -0.010459988 0.075443804 0.034438673 0.996500254
1341846315.466047 0.383067280 0.036889248 0.017937884 -0.008172363 0.076810472 0.038083032 0.996284604
1341846315.497883 0.373932481 0.032198384 0.020142041 -0.009787305 0.081149355 0.042294670 0.995756030
1341846315.530008 0.376617640 0.033968125 0.020736840 -0.009415117 0.082368843 0.042631723 0.995645165
1341846315.566108 0.379732013 0.033244945 0.027779285 -0.010444413 0.083708614 0.044237386 0.995453060
1341846315.597986 0.386829108 0.031668272 0.019100145 -0.011074441 0.084470272 0.044280373 0.995380044
1341846315.630109 0.387768090 0.029297709 0.010915756 -0.011329183 0.085505232 0.042261943 0.995376527
1341846315.666042 0.389424592 0.035675496 0.003303848 -0.011305932 0.087166145 0.041653242 0.995258391
1341846315.698114 0.406479865 0.044730723 -0.007437035 -0.015142609 0.087739289 0.041712224 0.995154560
1341846315.733985 0.389653325 0.029383166 0.012447365 -0.019784927 0.092856146 0.041342795 0.994624078
1341846315.766041 0.381984800 0.031599976 0.015588999 -0.019056408 0.091375932 0.042222541 0.994738460
1341846315.798188 0.385599732 0.024118975 0.005356677 -0.020925928 0.090210021 0.040505562 0.994878650
1341846315.834140 0.384029031 0.017902253 0.015994392 -0.020671111 0.092557169 0.039422411 0.994711876
1341846315.866751 0.379097521 0.016215846 0.006265089 -0.018348966 0.094597802 0.038756981 0.994591653
1341846315.898492 0.371272773 0.018645564 0.011085927 -0.016805142 0.095836155 0.037949480 0.994531453
1341846315.936901 0.371743411 0.008124394 0.008971438 -0.015195311 0.097236998 0.037075214 0.994454384
1341846315.966572 0.361404300 0.014582721 0.015810750 -0.010958625 0.099483013 0.035703689 0.994338095
1341846316.034204 0.354302347 0.016991803 0.021270245 -0.006977542 0.099170819 0.035596430 0.994409025
1341846316.066113 0.347656101 0.017655985 0.030452229 -0.004482168 0.099436939 0.034828145 0.994424045
1341846316.101867 0.339951932 0.014807883 0.010509685 -0.003739776 0.098296478 0.037056331 0.994459987
1341846316.134066 0.330685854 0.021127421 0.012513127 -0.003574263 0.095512569 0.033931855 0.994843304
1341846316.202049 0.315236390 0.009557733 0.017666932 -0.004451944 0.091403671 0.029542170 0.995365679
1341846316.233979 0.306986809 0.011892314 0.006455939 -0.003460465 0.090812504 0.026181849 0.995517731
1341846316.270052 0.306311905 0.012329107 0.007602535 -0.004655206 0.091152132 0.023304868 0.995553374
1341846316.301915 0.297190785 0.004606474 0.014396816 -0.005121176 0.092890367 0.021358090 0.995434046
1341846316.334208 0.283492982 0.003001151 0.013027873 -0.003652237 0.093249135 0.023004327 0.995370328
1341846316.370006 0.282086045 0.001793860 0.011422079 -0.001593114 0.091353431 0.024580972 0.995513856
1341846316.401994 0.273576736 0.004691179 0.013376191 0.000446803 0.091063924 0.026360722 0.995495975
1341846316.438069 0.273265243 0.002018033 0.016132947 0.002540674 0.089896679 0.028578626 0.995537698
1341846316.470076 0.256056666 -0.002574242 0.020211797 0.006551411 0.090830326 0.030584415 0.995375097
1341846316.502034 0.244251102 0.013699935 0.004251856 0.010137017 0.088739082 0.032407429 0.995475948
1341846316.537975 0.232192293 0.014331442 0.004077911 0.007510683 0.086633384 0.029842535 0.995764852
1341846316.570121 0.231001616 -0.003850510 -0.001616310 0.005453964 0.085890509 0.026611798 0.995934188
1341846316.601885 0.226086542 -0.004391523 0.003440775 0.007738555 0.085078225 0.026566515 0.995989978
1341846316.638009 0.213706404 -0.006066445 0.011868615 0.009907685 0.084597059 0.027313655 0.995991528
1341846316.669925 0.213753134 -0.008128113 0.006762113 0.012127250 0.083092719 0.028292190 0.996066332
1341846316.705941 0.207860962 -0.007584943 0.011720754 0.016811457 0.083308496 0.028258484 0.995981216
1341846316.738062 0.191678092 -0.003158012 -0.002185745 0.019285524 0.083776861 0.030792231 0.995821953
1341846316.770433 0.186057791 0.001839317 0.009328425 0.018967887 0.082910068 0.030574376 0.995907307
1341846316.805932 0.180270568 -0.007431538 0.016207993 0.018676033 0.082884163 0.029181194 0.995956779
1341846316.838029 0.164727062 -0.004273144 0.012254270 0.020197997 0.082330465 0.030983005 0.995918572
1341846316.870034 0.149012551 -0.009701755 0.016520040 0.019989502 0.079874814 0.031885661 0.996094227
1341846316.906344 0.146448717 -0.008146251 0.009400744 0.021492178 0.076403357 0.031615257 0.996343851
1341846316.937940 0.139461815 -0.005215826 0.016174309 0.021618247 0.075412773 0.027396277 0.996541500
1341846316.973994 0.132410631 -0.007994777 0.014802406 0.020707792 0.073391698 0.028891493 0.996669531
1341846317.005913 0.125086606 -0.007699981 0.019582454 0.019696036 0.071005397 0.028299872 0.996879816
1341846317.037936 0.114402592 -0.010696754 0.029222928 0.019724634 0.069153972 0.026562328 0.997057259
1341846317.073972 0.120496079 -0.011889430 0.020349490 0.021109885 0.065730706 0.029662931 0.997172952
1341846317.106113 0.111568481 -0.014615269 0.019219371 0.023407338 0.064384438 0.034425683 0.997056484
1341846317.137887 0.088541061 -0.010995569 0.015049748 0.027166622 0.059350412 0.038091704 0.997140169
1341846317.173970 0.081852518 -0.009931509 0.022055551 0.028180875 0.053100988 0.039983388 0.997390330
1341846317.205887 0.082221895 -0.011856094 0.028305072 0.027917868 0.049722627 0.040506553 0.997550726
1341846317.248131 0.070645325 -0.014886219 0.025820082 0.028784016 0.047646847 0.041513532 0.997586071
1341846317.306289 0.064238921 -0.010817632 0.018502800 0.030850446 0.040569432 0.047311965 0.997579038
1341846317.348137 0.055037085 -0.017851284 0.014960678 0.030982599 0.042335141 0.046336915 0.997547388
1341846317.410120 0.032021068 -0.011682398 0.013579566 0.033021562 0.042857874 0.051059633 0.997229040
1341846317.442569 0.021247020 -0.022508953 0.015612333 0.034909669 0.044222280 0.052871954 0.997010648
1341846317.474010 0.007687549 -0.019882338 0.025689106 0.040897381 0.046139318 0.055464093 0.996555209
1341846317.509927 0.012421747 -0.013885992 0.009555614 0.044224139 0.041461185 0.061090469 0.996289670
1341846317.542282 0.004820002 -0.011928766 0.005498688 0.043628603 0.038746770 0.061796103 0.996381700
1341846317.573943 0.004556648 -0.019031741 0.015434477 0.042621028 0.039616954 0.059166722 0.996550679
1341846317.610159 -0.001352359 -0.015926726 0.020288989 0.046145018 0.041119371 0.061857786 0.996169388
1341846317.643553 -0.021801012 -0.017383469 0.020473894 0.048195601 0.042113744 0.064421535 0.995868206
1341846317.677993 -0.026765810 -0.015446731 0.028722521 0.049495410 0.038501661 0.066767417 0.995796144
1341846317.709996 -0.032777812 -0.016050376 0.032909341 0.051936325 0.035926711 0.066160232 0.995808601
1341846317.741834 -0.030143939 -0.005545402 0.036646441 0.053228334 0.033870518 0.067116261 0.995748401
1341846317.777923 -0.027484648 -0.001793459 0.042835176 0.052155785 0.031426411 0.067790478 0.995839655
1341846317.810021 -0.060767006 -0.010523834 0.048845030 0.050505858 0.033276930 0.063055336 0.996175647
1341846317.841886 -0.071791053 -0.006533959 0.037981603 0.050063916 0.032707427 0.060354639 0.996384025
1341846317.878017 -0.065926753 -0.003184618 0.051016163 0.047920521 0.031233283 0.057736937 0.996691823
1341846317.909910 -0.060391337 -0.005455288 0.062547639 0.047069453 0.031167069 0.054846331 0.996897697
1341846317.946031 -0.057323977 0.002359787 0.081393033 0.049872186 0.030760869 0.057815813 0.996606171
1341846317.978041 -0.099971578 -0.020465266 0.041462842 0.048958849 0.032879561 0.055204604 0.996731877
1341846318.009897 -0.103425875 -0.018572798 0.034939274 0.051504333 0.032681208 0.053095769 0.996724665
1341846318.045949 -0.118011281 -0.011775588 0.040466279 0.052246802 0.034636557 0.051862691 0.996684909
1341846318.078074 -0.137456387 -0.016132977 0.040674720 0.051036142 0.034333140 0.050382826 0.996834040
1341846318.109894 -0.147381380 -0.013791978 0.040746346 0.051050022 0.030424254 0.047923025 0.997081578
1341846318.145957 -0.148495659 -0.013680924 0.043597080 0.050351620 0.028000627 0.045422066 0.997305155
1341846318.178001 -0.152690396 -0.018318888 0.042392138 0.049124017 0.027847229 0.041987360 0.997521162
1341846318.214074 -0.152850106 -0.015434970 0.065013446 0.050130729 0.025559504 0.041865345 0.997537434
1341846318.245970 -0.174204335 -0.025866844 0.054534867 0.052692614 0.021079069 0.042900700 0.997466147
1341846318.278018 -0.182409272 -0.032717768 0.047687355 0.055725787 0.015638681 0.044192962 0.997344971
1341846318.313937 -0.193516240 -0.024196260 0.042151272 0.058640651 0.009224085 0.044156034 0.997259438
1341846318.345989 -0.215232879 -0.038709570 0.034522224 0.058354530 0.002674273 0.042004064 0.997408271
1341846318.382046 -0.221056804 -0.039952543 0.038873561 0.060263354 -0.004727020 0.041237205 0.997319162
1341846318.414072 -0.228576362 -0.035619721 0.044629648 0.062365334 -0.010814083 0.041786667 0.997119606
1341846318.446035 -0.244407043 -0.041874565 0.054461814 0.063656099 -0.015627772 0.040727541 0.997017980
1341846318.482196 -0.240404189 -0.032316428 0.042943742 0.066284940 -0.019590564 0.040673636 0.996778905
1341846318.514144 -0.250884444 -0.033132792 0.046466134 0.066363923 -0.020571778 0.041434117 0.996722519
1341846318.546259 -0.256794482 -0.039070234 0.047024235 0.067244887 -0.021555981 0.040207878 0.996692896
1341846318.582042 -0.267197907 -0.032148212 0.049802072 0.069039434 -0.020783123 0.039778754 0.996603847
1341846318.614115 -0.276623428 -0.034179475 0.039846726 0.068349265 -0.021437155 0.039457273 0.996650338
1341846318.650038 -0.291086197 -0.035685845 0.033024922 0.068003953 -0.020520398 0.037193466 0.996780336
1341846318.682350 -0.305891454 -0.037039794 0.028543940 0.067241713 -0.020429462 0.035019848 0.996912658
1341846318.714063 -0.312169313 -0.038903959 0.029563503 0.066807464 -0.021699632 0.034906417 0.996918976
1341846318.749905 -0.327544957 -0.044352673 0.026182951 0.067016192 -0.020618685 0.035382356 0.996911108
1341846318.782036 -0.329621434 -0.034543063 0.038715258 0.070200399 -0.022019364 0.038594458 0.996542811
1341846318.814121 -0.341070890 -0.035260387 0.039800517 0.070261769 -0.026880043 0.037622649 0.996456325
1341846318.850072 -0.344256938 -0.039041333 0.033164263 0.070318013 -0.032957748 0.035558071 0.996345699
1341846318.883516 -0.355851918 -0.059220366 0.002122510 0.071738087 -0.041215524 0.034289811 0.995981455
1341846318.918047 -0.379824638 -0.052466370 0.009162471 0.075193115 -0.051006958 0.033095229 0.995313525
1341846318.950044 -0.406874031 -0.058495872 -0.012238421 0.076396383 -0.060112093 0.031168578 0.994775653
1341846318.982028 -0.412392259 -0.060162753 -0.006239995 0.078329712 -0.063828945 0.027378609 0.994505286
1341846319.018123 -0.381262630 -0.051885162 0.003168687 0.078552648 -0.070413992 0.027014945 0.994053066
1341846319.050745 -0.398395628 -0.057476729 0.006378181 0.079245895 -0.076578870 0.027016331 0.993542075
1341846319.081905 -0.410993606 -0.056483168 0.020866908 0.085032508 -0.077217855 0.024430946 0.993081093
1341846319.117976 -0.437568963 -0.051389586 0.019238554 0.088095158 -0.074805379 0.028714007 0.992884099
1341846319.150093 -0.458634377 -0.056891471 0.016364127 0.089381948 -0.078160942 0.036141898 0.992267847
1341846319.186069 -0.482940555 -0.040316164 0.015030183 0.092229269 -0.079205483 0.037754629 0.991864324
1341846319.218149 -0.503591001 -0.025892954 0.026049227 0.090339325 -0.073873453 0.036189903 0.992507815
1341846319.250034 -0.533981264 -0.030771578 0.047161385 0.084579058 -0.066467851 0.034326516 0.993604600
1341846319.286594 -0.569387317 -0.032804698 0.027352177 0.081622817 -0.061655425 0.038936581 0.993992090
1341846319.318034 -0.602641642 -0.034988154 0.036773629 0.082604423 -0.059837796 0.042350497 0.993882477
1341846319.350268 -0.640880525 -0.033729605 0.028368063 0.083366297 -0.057742026 0.048945341 0.993639946
1341846319.386163 -0.678657830 -0.044802591 0.022439048 0.084674157 -0.059716728 0.055898521 0.993045568
1341846319.418386 -0.686887980 -0.036508072 -0.016475588 0.085809611 -0.064746358 0.057760384 0.992526233
1341846319.453961 -0.681981742 -0.036759824 -0.007082582 0.086661272 -0.067239650 0.053625520 0.992518485
1341846319.486271 -0.675122201 -0.025199097 0.000887945 0.086542152 -0.068330713 0.052383658 0.992520690
1341846319.554083 -0.672260106 -0.026263423 0.005503401 0.080864549 -0.075441934 0.051801473 0.992515028
1341846319.586296 -0.671370864 -0.030027362 0.012212671 0.081075445 -0.075275429 0.047960419 0.992703438
1341846319.622031 -0.673098683 -0.023763439 -0.005093724 0.079860456 -0.078618608 0.045872189 0.992641509
1341846319.653962 -0.669651508 -0.026833102 -0.004551254 0.078171931 -0.084673822 0.044960111 0.992319524
1341846319.686352 -0.579264939 -0.037032925 -0.013488531 0.079278648 -0.093427241 0.044553246 0.991464198
1341846319.721992 -0.586338878 -0.033765368 -0.021778174 0.080102198 -0.097156569 0.045435723 0.990999401
1341846319.754063 -0.594870865 -0.016021147 -0.018945254 0.078755930 -0.099744439 0.045551248 0.990844905
1341846319.786397 -0.594626665 -0.026035720 -0.019956365 0.073281623 -0.099947132 0.048360154 0.991111338
1341846319.822008 -0.601521730 -0.025164692 -0.023190156 0.070143335 -0.100636780 0.053132795 0.991024196
1341846319.853917 -0.608784020 -0.026836500 -0.035341859 0.064967401 -0.100755781 0.057379797 0.991128147
1341846319.889942 -0.610956848 -0.040211506 -0.026505202 0.060856521 -0.101580530 0.062862553 0.990972340
1341846319.922039 -0.730825901 -0.031326890 -0.025783926 0.061729744 -0.099178262 0.064634509 0.991047680
1341846319.953946 -0.635518193 -0.048443645 -0.023455419 0.060956672 -0.111515418 0.060541265 0.990042090
1341846319.990054 -0.633781731 -0.049062282 -0.025353797 0.063337088 -0.114811942 0.054041307 0.989892006
1341846320.028122 -0.638821304 -0.045159273 -0.027810208 0.066001512 -0.117922664 0.051910870 0.989466131
1341846320.090047 -0.599156499 -0.032057136 -0.004598558 0.072152428 -0.127983421 0.052228205 0.987768412
1341846320.122011 -0.586115003 -0.033674777 -0.007285103 0.072622553 -0.126422763 0.053798944 0.987850666
1341846320.157952 -0.593384027 -0.033003956 0.009343550 0.073325455 -0.122669570 0.054828014 0.988215268
1341846320.190003 -0.672987580 -0.029290346 0.008695245 0.076624222 -0.115000434 0.054119196 0.988926053
1341846320.221941 -0.671900094 -0.030393159 0.009388313 0.080582820 -0.111254841 0.055145673 0.988983154
1341846320.258015 -0.659995198 -0.039025765 0.001981884 0.083702087 -0.110598624 0.058228265 0.988620937
1341846320.289887 -0.646102786 -0.046305459 0.008591220 0.088464439 -0.112116888 0.059898213 0.987935245
1341846320.321954 -0.530462861 -0.055893205 0.027691610 0.096073270 -0.119236812 0.057337929 0.986541867
1341846320.357890 -0.517957211 -0.036411975 0.037916265 0.103126854 -0.119134746 0.057747304 0.985817909
1341846320.390064 -0.521362305 -0.039133374 0.059679732 0.105170771 -0.115293741 0.058703061 0.986002207
1341846320.426544 -0.470000654 -0.048744410 0.027983658 0.106414855 -0.109963119 0.055353843 0.986671150
1341846320.458122 -0.479030639 -0.054521382 0.018986940 0.107141271 -0.100810096 0.051376503 0.987784624
1341846320.490186 -0.544137776 -0.041653097 0.020205379 0.111637004 -0.089847013 0.053085968 0.988254309
1341846320.525911 -0.444734007 -0.035978019 0.043701194 0.115499824 -0.087728888 0.049352080 0.988194227
1341846320.558091 -0.439483702 -0.037072413 0.031301908 0.116553068 -0.083140582 0.045385536 0.988657236
1341846320.594093 -0.434726566 -0.038584489 0.048837639 0.117737867 -0.078608841 0.041740295 0.989048123
1341846320.631955 -0.408791393 -0.029695949 0.057616159 0.121152580 -0.071600325 0.040466856 0.989220858
1341846320.664916 -0.406304687 -0.030734679 0.042478025 0.120804504 -0.068735816 0.039694555 0.989497840
1341846320.699927 -0.390701294 -0.040029202 0.051871195 0.120263100 -0.065943107 0.037463803 0.989840746
1341846320.731822 -0.378186673 -0.043419756 0.038458601 0.121673591 -0.059459604 0.035548795 0.990149677
1341846320.763877 -0.352199554 -0.015338318 -0.021804580 0.120147616 -0.058281716 0.036431208 0.990373969
1341846320.799999 -0.347454488 -0.050192092 0.008395135 0.111659177 -0.060007211 0.030776801 0.991455615
1341846320.831871 -0.353919148 -0.017658129 0.111335233 0.117023863 -0.049434189 0.028706241 0.991482556
1341846320.863887 -0.367473453 -0.004336446 0.006793223 0.115309745 -0.037609600 0.027417792 0.992238581
1341846320.900014 -0.336878777 -0.016979717 0.017749822 0.106997311 -0.043999523 0.033309385 0.992726624
1341846320.931889 -0.300935566 -0.038973533 0.020293664 0.106784858 -0.045810249 0.033168811 0.992672324
1341846320.967866 -0.274528325 -0.015784819 0.042230204 0.108458735 -0.042096462 0.029980348 0.992756665
1341846321.000017 -0.260728747 -0.022656295 0.075320721 0.102235503 -0.041954659 0.027920866 0.993482828
1341846321.031860 -0.273734957 -0.043153275 0.043895267 0.098527327 -0.040073831 0.025806183 0.993992209
1341846321.068047 -0.256078541 -0.028210972 0.033253111 0.099568829 -0.037077557 0.023298668 0.994066656
1341846321.099840 -0.246002749 -0.024313036 0.055195291 0.097789615 -0.035745628 0.023417227 0.994289219
1341846321.131821 -0.231673330 -0.043531053 0.042102348 0.096743271 -0.034527432 0.024558293 0.994407117
1341846321.167887 -0.226169467 -0.030103685 0.066523924 0.100516364 -0.030656345 0.025500020 0.994135976
1341846321.200042 -0.222879082 -0.023788814 0.048375253 0.101354510 -0.027621370 0.024057319 0.994175792
1341846321.231950 -0.209520534 -0.039145265 0.030690117 0.099232771 -0.027204975 0.024510618 0.994390249
1341846321.267939 -0.178490669 -0.036909800 0.008775139 0.099263988 -0.026494876 0.019639554 0.994514465
1341846321.299948 -0.180063486 -0.031734053 0.047902320 0.099094540 -0.021703240 0.013647305 0.994747698
1341846321.331858 -0.186047897 -0.032001145 0.051901005 0.099351488 -0.017616104 0.009161621 0.994854271
1341846321.367913 -0.144173235 -0.035373837 0.066436917 0.100806713 -0.018113369 0.006213236 0.994721711
1341846321.399897 -0.154464364 -0.035267353 0.044935152 0.102530368 -0.011128802 0.004147370 0.994658947
1341846321.435994 -0.152847916 -0.038571298 0.056105871 0.103846028 -0.007335808 0.003215166 0.994561076
1341846321.467946 -0.136014625 -0.036161970 0.056903355 0.105716713 -0.005727594 0.004268392 0.994370580
1341846321.499882 -0.127654597 -0.033685856 0.061257638 0.107424505 -0.002570469 0.004082658 0.994201481
1341846321.536109 -0.096819304 -0.027580226 0.046842158 0.107300051 0.001079226 0.001942522 0.994224191
1341846321.568960 -0.115429908 -0.024785209 0.040523879 0.104110055 0.009751802 -0.001379107 0.994517028
1341846321.603938 -0.103733547 -0.028708976 0.048129484 0.100868590 0.011124600 0.000243663 0.994837523
1341846321.637163 -0.071050406 -0.027157731 0.011241729 0.098338142 0.014255439 -0.001476608 0.995049834
1341846321.668306 -0.082415879 -0.023515915 0.053929020 0.094079822 0.024713134 0.002310834 0.995255172
1341846321.704411 -0.102216341 -0.022360373 0.060899094 0.091075778 0.027839681 0.008116446 0.995421648
1341846321.736861 -0.086544693 -0.018602792 0.071120277 0.090354256 0.024614757 0.016934717 0.995461404
1341846321.771881 -0.074209727 -0.005088809 0.058522288 0.088421740 0.024229694 0.021529656 0.995555639
1341846321.804114 -0.062504582 -0.012387317 0.059227291 0.083668202 0.025933379 0.025081759 0.995840311
1341846321.836152 -0.062814236 -0.007497332 0.066273697 0.081040293 0.028509382 0.026173107 0.995959163
1341846321.871882 -0.056191169 0.001142188 0.058802158 0.076173171 0.029329132 0.023488943 0.996386349
1341846321.904074 -0.049446490 0.000156838 0.062927470 0.069685996 0.030459372 0.020753359 0.996887863
1341846321.939847 -0.044391394 -0.007004781 0.068070695 0.065185189 0.033266049 0.017780449 0.997160017
1341846322.004094 -0.057804458 -0.013551778 0.075749509 0.058049608 0.032847688 0.015321611 0.997655511
1341846322.066178 -0.042073891 -0.021368515 0.077748887 0.052859645 0.037310019 0.012021883 0.997832298
1341846322.107979 -0.042731274 -0.038276739 0.076440260 0.049776331 0.039040640 0.011768154 0.997927666
1341846322.166164 -0.043440606 -0.058940455 0.078764722 0.052860387 0.039286472 0.011164366 0.997766376
1341846322.202932 -0.040537905 -0.064351648 0.075168155 0.054076757 0.036458109 0.011518901 0.997804523
1341846322.234093 -0.039916657 -0.066200256 0.070657149 0.053116374 0.034901395 0.009575942 0.997932255
1341846322.265941 -0.029086504 -0.084349968 0.052778699 0.049893878 0.031365439 0.010394700 0.998207808
1341846322.301996 -0.027365468 -0.093782805 0.057485044 0.048174601 0.029312847 0.012723400 0.998327613
1341846322.333949 -0.038181506 -0.107507661 0.052839026 0.047061510 0.028212871 0.012148269 0.998419583
1341846322.369871 -0.027680393 -0.120232441 0.060677327 0.047989458 0.022411035 0.009281806 0.998553276
1341846322.402292 -0.012829664 -0.138335422 0.054830369 0.049065705 0.022865923 0.003224503 0.998528600
1341846322.433955 -0.021593928 -0.165230170 0.051333226 0.053286184 0.024562024 0.000606170 0.998276949
1341846322.470030 -0.023785854 -0.168842077 0.054705806 0.062215634 0.020457670 0.003291430 0.997847617
1341846322.502433 -0.018690456 -0.176983580 0.056137100 0.067783505 0.018009638 0.004319096 0.997528136
1341846322.534002 -0.012188176 -0.192923814 0.058905162 0.075932518 0.017459735 0.006115397 0.996941328
1341846322.570196 -0.013382791 -0.205092281 0.057756588 0.085356064 0.017154438 0.008191951 0.996169150
1341846322.601920 -0.016747944 -0.222753733 0.053598970 0.091016181 0.013867340 0.012309337 0.995676756
1341846322.638119 -0.000103731 -0.234799907 0.065205671 0.096410781 0.009660315 0.012037193 0.995221972
1341846322.669947 0.011288128 -0.242608160 0.062182657 0.101010412 0.012048940 0.011516090 0.994745731
1341846322.702026 -0.004192205 -0.255429357 0.060560841 0.103649028 0.015000128 0.012757912 0.994418919
1341846322.738006 -0.000234765 -0.257621884 0.052259251 0.104947805 0.011966405 0.014299660 0.994302869
1341846322.770087 0.010672886 -0.276136905 0.062659442 0.104575969 0.012213625 0.014379431 0.994337916
1341846322.806047 0.002040147 -0.286484092 0.067925185 0.108384117 0.012475698 0.016220588 0.993898392
1341846322.838063 -0.003610482 -0.291263342 0.065978780 0.110392757 0.008461383 0.018058477 0.993687928
1341846322.870081 0.006074339 -0.306998581 0.071745381 0.111937448 0.002592689 0.019648407 0.993517578
1341846322.906018 0.017196996 -0.311899722 0.076800801 0.116967253 0.000695123 0.019522734 0.992943645
1341846322.938349 0.014378695 -0.298820108 0.078108363 0.118435726 0.001926618 0.020290675 0.992752492
1341846322.970069 0.016240532 -0.302912652 0.073233701 0.113328621 0.001448717 0.022334462 0.993305445
1341846323.011820 0.019636495 -0.322050005 0.075542279 0.109978676 0.001653703 0.022692347 0.993673503
1341846323.073951 0.019403866 -0.321007997 0.078439288 0.107575402 0.001396596 0.027295724 0.993821204
1341846323.105962 0.022460168 -0.339087039 0.083544843 0.104344390 0.001432569 0.026950505 0.994175017
1341846323.138158 0.022714026 -0.341027588 0.082100831 0.104946867 0.001237314 0.023587143 0.994197309
1341846323.174092 0.019392230 -0.338739961 0.077736609 0.103348732 0.001079987 0.022252927 0.994395673
1341846323.206059 0.028470794 -0.350949168 0.083301857 0.099727720 0.000102136 0.020171791 0.994810283
1341846323.238053 0.032084830 -0.351365924 0.085306332 0.097377755 0.002979436 0.017913315 0.995081842
1341846323.273997 0.012452755 -0.350740969 0.081194565 0.093809605 0.004384270 0.018812072 0.995402753
1341846323.305946 0.018053627 -0.358286500 0.086660996 0.088558659 -0.000039511 0.019729219 0.995875537
1341846323.342027 0.046292808 -0.377469927 0.095589735 0.085701637 -0.000138688 0.018182939 0.996154904
1341846323.374048 0.019022826 -0.385053784 0.092664078 0.086099543 0.005334811 0.019471960 0.996081948
1341846323.405987 0.009294417 -0.395579785 0.082004897 0.085962765 0.001400233 0.024756426 0.995989680
1341846323.441956 0.024595886 -0.407246381 0.092000343 0.086974628 -0.003393091 0.026710210 0.995846629
1341846323.473878 0.028364204 -0.422159225 0.087214857 0.090434805 -0.001957859 0.025514232 0.995573580
1341846323.506129 0.017445005 -0.403983831 0.083026662 0.094637051 -0.001067701 0.022358717 0.995260119
1341846323.541972 0.023396999 -0.401143134 0.084339745 0.093623199 -0.001327487 0.019614704 0.995413542
1341846323.573913 0.055850182 -0.428937674 0.093510441 0.091184191 0.000195114 0.015841395 0.995707989
1341846323.609927 0.038607407 -0.431483120 0.081303403 0.091620348 0.007656937 0.011686476 0.995695949
1341846323.642014 0.021960855 -0.441672385 0.081389539 0.090426274 0.010310343 0.011898922 0.995778680
1341846323.674081 0.021419125 -0.454548240 0.080553830 0.090094745 0.008573225 0.014407607 0.995792031
1341846323.710069 0.024357036 -0.475021303 0.081067547 0.090991862 0.007138404 0.019119821 0.995642483
1341846323.742111 0.025283361 -0.487422287 0.079012446 0.095300451 0.004882815 0.019597102 0.995243669
1341846323.774928 0.026332842 -0.481007993 0.074681699 0.099104725 0.002556459 0.017053440 0.994927585
1341846323.810012 0.029432971 -0.490139276 0.073731020 0.100168720 0.001265937 0.013646309 0.994876087
1341846323.842207 0.034212142 -0.494285166 0.068571597 0.101354510 0.001041473 0.008990022 0.994809210
1341846323.878019 0.018391145 -0.493613243 0.072356001 0.103381298 0.001667014 0.003611728 0.994633853
1341846323.909826 0.018463276 -0.514345527 0.076525129 0.105199270 0.000206076 -0.002984103 0.994446695
1341846323.942459 0.016181523 -0.517483175 0.068017162 0.108834006 0.000382319 -0.003532900 0.994053602
1341846323.978055 0.013697026 -0.522147536 0.066504762 0.111021265 -0.002507691 -0.001579362 0.993813634
1341846324.015934 0.019924978 -0.523030937 0.072871007 0.114902005 -0.005116634 -0.001728159 0.993362188
1341846324.047722 0.024245640 -0.512642086 0.072685212 0.118830964 -0.003877318 -0.002759015 0.992903113
1341846324.083904 0.021472925 -0.495020032 0.075065076 0.119821519 -0.002145798 -0.003000292 0.992788613
1341846324.115968 0.028116681 -0.496774197 0.069667682 0.117321745 -0.000888864 -0.004702287 0.993082464
1341846324.151967 0.036701649 -0.492359638 0.063758634 0.116871923 0.001304077 -0.009013844 0.993105233
1341846324.183941 0.021586150 -0.475338519 0.069709986 0.114526831 0.006748382 -0.013108054 0.993310750
1341846324.219984 0.012893393 -0.470676780 0.080084585 0.110427819 0.009071062 -0.012149032 0.993768513
1341846324.251968 0.010036050 -0.472173512 0.081237786 0.109495573 0.009291466 -0.012659854 0.993863225
1341846324.284052 0.003709825 -0.457996696 0.082626149 0.110435255 0.008981910 -0.013688489 0.993748486
1341846324.319880 0.005693459 -0.432908654 0.072371252 0.110667586 0.004803077 -0.011426223 0.993780196
1341846324.351917 0.011676950 -0.415520936 0.068944350 0.107636347 0.001065333 -0.012519201 0.994110942
1341846324.388001 0.023481144 -0.407082379 0.067342393 0.103474647 0.000618121 -0.016517380 0.994494736
1341846324.419908 0.014265968 -0.400190145 0.083524741 0.098274522 0.003452222 -0.021094667 0.994929731
1341846324.452027 0.007333671 -0.403387338 0.084512889 0.093166873 0.004173230 -0.021531114 0.995408893
1341846324.487928 0.004989381 -0.397447407 0.084985003 0.091501087 0.003946992 -0.019577485 0.995604694
1341846324.519985 -0.007888344 -0.387584269 0.087214030 0.090307020 0.002382870 -0.014869994 0.995800078
1341846324.556001 -0.005394286 -0.365785211 0.089102775 0.089205451 -0.002856173 -0.010506642 0.995953679
1341846324.587888 -0.004393394 -0.349369675 0.091903269 0.086321279 -0.005908249 -0.008433692 0.996214092
1341846324.620086 0.000961015 -0.348854423 0.091795020 0.083549030 -0.008915957 -0.010346659 0.996410072
1341846324.655955 0.005503082 -0.334062010 0.097912125 0.082576223 -0.010242078 -0.011540839 0.996465325
1341846324.688082 0.001067295 -0.332377076 0.099209994 0.081844218 -0.009766471 -0.010759911 0.996539235
1341846324.755922 -0.017063694 -0.294661552 0.098765686 0.083888285 -0.012055459 -0.006988866 0.996377707
1341846324.814016 0.008856070 -0.256672144 0.090623200 0.079356544 -0.019466037 -0.008870920 0.996616721
1341846324.849979 -0.005623396 -0.251440614 0.100911349 0.073480196 -0.015318071 -0.012057274 0.997106135
1341846324.881924 -0.012068129 -0.247631073 0.104088314 0.070323415 -0.016387312 -0.011876311 0.997318923
1341846324.913902 -0.007737598 -0.237058714 0.106805056 0.069455452 -0.017965799 -0.008775479 0.997384667
1341846324.949999 -0.008013675 -0.242745787 0.106907085 0.069406733 -0.018268267 -0.005698751 0.997404873
1341846324.981922 -0.021586360 -0.237177834 0.108281448 0.073903948 -0.019985175 -0.003003704 0.997060537
1341846325.018013 -0.020428471 -0.224960834 0.100999132 0.078374907 -0.025184153 -0.000326488 0.996605754
1341846325.050079 -0.019551935 -0.207670152 0.093925260 0.080546267 -0.030397307 -0.000872591 0.996286869
1341846325.081901 -0.026517347 -0.183942482 0.103995577 0.080544285 -0.034964014 -0.003452082 0.996131659
1341846325.118531 -0.015493957 -0.170209214 0.098836362 0.076597102 -0.037222210 -0.005536022 0.996351719
1341846325.149933 -0.018706188 -0.169822246 0.106196120 0.070762418 -0.034616563 -0.007492131 0.996864200
1341846325.181925 -0.022160120 -0.162015796 0.108546272 0.067710750 -0.033305611 -0.005088613 0.997135997
1341846325.218055 -0.021138653 -0.155706823 0.109129459 0.064773649 -0.033347659 -0.000811960 0.997342288
1341846325.249811 -0.024265742 -0.146880507 0.109355718 0.062970988 -0.033210360 0.002396655 0.997459769
1341846325.285925 -0.020829489 -0.135759905 0.110966824 0.060596187 -0.033938847 0.005462570 0.997570276
1341846325.317988 -0.007614373 -0.136279628 0.121729493 0.058262531 -0.032526799 0.008381378 0.997735977
1341846325.349844 -0.014357891 -0.141160190 0.123303153 0.060815416 -0.027079927 0.010184664 0.997729599
1341846325.387302 -0.014648532 -0.125301868 0.128082827 0.066137098 -0.024434084 0.012580885 0.997431934
1341846325.417931 0.004113791 -0.118746340 0.128147364 0.068701580 -0.020908987 0.016575556 0.997280419
1341846325.450747 0.014359557 -0.125813246 0.131565452 0.072674319 -0.013687492 0.018804826 0.997084439
1341846325.485954 -0.007684196 -0.104251400 0.129001185 0.082467943 -0.004793142 0.019820027 0.996385038
1341846325.517875 -0.010128122 -0.095727161 0.129841313 0.085966788 -0.002019529 0.022269493 0.996047020
1341846325.553859 -0.013326222 -0.087931708 0.137325361 0.089428999 0.001909249 0.021700723 0.995754898
1341846325.585855 -0.020658344 -0.069581635 0.134743780 0.092294089 0.005158972 0.019390984 0.995529532
1341846325.617990 -0.021591660 -0.051513795 0.134166405 0.089782156 0.006802159 0.018612405 0.995764196
1341846325.653982 -0.024485886 -0.067555957 0.137469530 0.085869223 0.008846578 0.015208471 0.996151030
1341846325.685819 -0.025445957 -0.064839497 0.144266099 0.091323346 0.010187588 0.016743379 0.995628357
1341846325.717857 -0.030016897 -0.048555903 0.144923061 0.096321672 0.011436928 0.023210237 0.995013833
1341846325.754083 -0.033005096 -0.050867572 0.145573452 0.098855861 0.011692951 0.027485965 0.994653285
1341846325.786087 -0.029984351 -0.041614935 0.145742938 0.105603345 0.011967274 0.029081078 0.993910909
1341846325.821856 -0.023675345 -0.024097428 0.130235776 0.109103896 0.012883789 0.033224691 0.993391395
1341846325.853827 -0.033438422 -0.018214967 0.134108976 0.109805733 0.013983957 0.036684595 0.993177414
1341846325.885958 -0.043712344 -0.001094982 0.134032503 0.110659525 0.011652478 0.042959277 0.992861152
1341846325.921984 -0.036249407 0.001275588 0.144098759 0.109679408 0.007085114 0.047657210 0.992798626
1341846325.953899 -0.023412831 0.003861189 0.144844949 0.112461366 0.006704868 0.048809618 0.992433965
1341846325.985823 -0.030646583 0.018312316 0.148258671 0.115627065 0.010162324 0.052958183 0.991827905
1341846326.021991 -0.037467346 0.018426035 0.149173483 0.118286178 0.010871424 0.058354698 0.991203785
1341846326.054055 -0.030798951 0.034663498 0.149416104 0.123751760 0.009501374 0.061880011 0.990336359
1341846326.089984 -0.026613899 0.052355979 0.146860659 0.126777232 0.011249891 0.060953114 0.989992797
1341846326.121822 -0.029148255 0.063648865 0.150851175 0.126476452 0.015488680 0.058859766 0.990100682
1341846326.154079 -0.034200031 0.064564176 0.156309292 0.126605049 0.018225145 0.057292048 0.990129590
1341846326.190178 -0.038417283 0.078076914 0.158427075 0.129459754 0.017920341 0.059565742 0.989631712
1341846326.222162 -0.039022084 0.101626828 0.155626819 0.130046308 0.015422201 0.067076072 0.989116251
1341846326.259181 -0.039584383 0.113926873 0.160756081 0.126968935 0.012825447 0.071083687 0.989273250
1341846326.322766 -0.034328442 0.138091490 0.170799777 0.120094404 0.011996184 0.069792777 0.990233541
1341846326.359773 -0.033201389 0.140666872 0.165566117 0.115775749 0.013541708 0.067847647 0.990862906
1341846326.392109 -0.032226335 0.134821951 0.171383575 0.113777190 0.015550640 0.068368621 0.991029084
1341846326.423985 -0.036497392 0.141657174 0.177177832 0.118397735 0.016482813 0.073172718 0.990129352
1341846326.459869 -0.041848864 0.158610687 0.174192190 0.120834097 0.014211626 0.077335395 0.989553630
1341846326.526163 -0.029198388 0.187991694 0.182023257 0.120982133 0.014898852 0.077371173 0.989522636
1341846326.560211 -0.035167128 0.196758851 0.189606935 0.115903102 0.019315848 0.077188246 0.990068376
1341846326.591828 -0.035099186 0.198833972 0.187083542 0.112315848 0.021390501 0.078452669 0.990339756
1341846326.627027 -0.032136653 0.212428927 0.186014697 0.112378024 0.022790261 0.077877901 0.990346849
1341846326.658442 -0.029583942 0.227570772 0.191134632 0.110564575 0.026353419 0.076366045 0.990580201
1341846326.694856 -0.038230427 0.236866236 0.192944884 0.106889263 0.030369755 0.076139122 0.990886033
1341846326.726206 -0.039500430 0.261497647 0.219794959 0.101759195 0.031613257 0.073769242 0.991566300
1341846326.762753 -0.031642012 0.275898904 0.214186117 0.095876329 0.033707149 0.071389318 0.992257595
1341846326.826821 -0.039196521 0.315523207 0.219671667 0.082217239 0.039560232 0.068840399 0.993446648
1341846326.858887 -0.042249955 0.306686282 0.228283033 0.073006324 0.041212421 0.067357823 0.994200468
1341846326.895360 -0.040955435 0.305469096 0.241149172 0.070545867 0.040655434 0.068799190 0.994302273
1341846326.926897 -0.050688662 0.311518252 0.241787434 0.072375380 0.037670579 0.069311522 0.994252801
1341846326.958888 -0.044285160 0.328808635 0.241856962 0.075462677 0.035099339 0.072205834 0.993911326
1341846326.994594 -0.039100815 0.342916578 0.237920612 0.076434784 0.035096321 0.074257776 0.993685961
1341846327.026301 -0.039855767 0.357421428 0.232512385 0.074623272 0.036410134 0.073328711 0.993845344
1341846327.063945 -0.039772518 0.354043275 0.236860588 0.070700869 0.038909215 0.070483215 0.994243205
1341846327.094662 -0.042299647 0.364485949 0.233999610 0.070722476 0.041192859 0.069135875 0.994244277
1341846327.128901 -0.043915585 0.375463814 0.239682674 0.070140280 0.041442603 0.067345172 0.994398057
1341846327.161940 -0.043592736 0.387488097 0.241656363 0.069220461 0.040147346 0.066978395 0.994540393
1341846327.193867 -0.032108046 0.399636447 0.247079536 0.068391070 0.040628772 0.064361386 0.994751036
1341846327.229885 -0.047370173 0.412453949 0.234252945 0.069149904 0.046017610 0.060543500 0.994703531
1341846327.262014 0.034949712 0.438294500 0.317526400 0.071596019 0.042105101 0.065428369 0.994394422
1341846327.294023 0.008001542 0.451104045 0.309632570 0.076148763 0.056173779 0.058873489 0.993770480
1341846327.330015 -0.019794539 0.468683034 0.284161180 0.078457169 0.070181265 0.055716831 0.992882013
1341846327.361939 -0.026259124 0.484791994 0.252345771 0.074417591 0.075626455 0.047919597 0.993200064
1341846327.393887 -0.069257796 0.484428525 0.256024480 0.071579590 0.085189089 0.039568450 0.993002236
1341846327.429966 -0.103502072 0.493294567 0.242485046 0.067820333 0.089879997 0.035834055 0.992994428
1341846327.461965 -0.135383680 0.478629112 0.243452817 0.054838482 0.090716310 0.033048533 0.993816435
1341846327.497931 -0.163068801 0.472117752 0.259100139 0.048015021 0.094825305 0.028076308 0.993938863
1341846327.530068 -0.206372812 0.475343823 0.254077047 0.045335725 0.102555744 0.029682240 0.993250191
1341846327.561895 -0.179269418 0.521739125 0.282949507 0.052747458 0.095517583 0.035263885 0.993403494
1341846327.598010 -0.179483503 0.528565049 0.281565785 0.054960158 0.092054330 0.039695140 0.993443370
1341846327.629945 -0.173018947 0.563281894 0.280238599 0.059157755 0.084750369 0.037748750 0.993927956
1341846327.662003 -0.173647493 0.577874959 0.290539056 0.061698373 0.082312047 0.033042707 0.994145989
1341846327.697919 -0.169489264 0.605046093 0.284744620 0.066462591 0.080453612 0.033478253 0.993976414
1341846327.730075 -0.169116735 0.646742046 0.290654719 0.067401551 0.079452999 0.033385530 0.993996799
1341846327.766017 -0.202624634 0.651409626 0.294690907 0.062406860 0.084523678 0.032044280 0.993948817
1341846327.797917 -0.169211477 0.700951815 0.296386242 0.064959258 0.078107037 0.034849644 0.994215846
1341846327.830054 -0.178529724 0.694426119 0.297322810 0.055718683 0.079495162 0.033791892 0.994702995
1341846327.865944 -0.183880493 0.697570443 0.302072942 0.051826298 0.082287066 0.033117756 0.994709015
1341846327.898010 -0.182735458 0.727757037 0.304402471 0.053291693 0.082430944 0.034182739 0.994583666
1341846327.929991 -0.189515710 0.745747149 0.315370649 0.051078063 0.082668908 0.029545555 0.994828582
1341846327.966065 -0.182187587 0.747965813 0.304745108 0.045207310 0.081594236 0.027760405 0.995252728
1341846327.998073 -0.188117206 0.752434313 0.307178974 0.038217962 0.084002316 0.023887897 0.995445788
1341846328.034045 -0.192073196 0.769416630 0.312168837 0.035307057 0.085441582 0.022368893 0.995466113
1341846328.065993 -0.192029923 0.765837908 0.310301453 0.028383208 0.086672887 0.022545129 0.995577216
1341846328.098045 -0.190625638 0.744347394 0.310348868 0.024990419 0.086484931 0.026025431 0.995599568
1341846328.133967 -0.202928513 0.746677816 0.310874045 0.028553495 0.087208517 0.029167345 0.995353520
1341846328.166023 -0.195141137 0.746883214 0.305526823 0.028490243 0.082217157 0.030602720 0.995736957
1341846328.198018 -0.189899325 0.718527734 0.299962640 0.024133684 0.078452349 0.029494658 0.996189117
1341846328.234044 -0.191220894 0.707882106 0.297763407 0.026293455 0.077032067 0.029226845 0.996253252
1341846328.265899 -0.184935048 0.698265433 0.296760768 0.028151922 0.073620625 0.031573039 0.996388733
1341846328.302051 -0.184458658 0.644114912 0.287550271 0.022377305 0.074089818 0.032059301 0.996484876
1341846328.333917 -0.203500599 0.620232999 0.291642815 0.023555798 0.076760910 0.036926061 0.996087015
1341846328.366008 -0.208558887 0.572200298 0.294198036 0.021976460 0.077736713 0.034199834 0.996144772
1341846328.402010 -0.190024063 0.553849399 0.287636757 0.033652786 0.076445527 0.039599217 0.995718539
1341846328.433920 -0.193070203 0.535052538 0.285992920 0.035359681 0.075119115 0.040854804 0.995709658
1341846328.470003 -0.181803927 0.515821457 0.287031472 0.034390505 0.072403535 0.035209082 0.996160269
1341846328.502194 -0.172270030 0.517247677 0.297304362 0.041017696 0.073267728 0.026620995 0.996112823
1341846328.534033 -0.172842801 0.489920050 0.271664858 0.041280732 0.077317342 0.022700159 0.995892882
1341846328.570125 -0.206717700 0.460553706 0.275902331 0.040650137 0.082478844 0.026169751 0.995419502
1341846328.602804 -0.212722138 0.418093324 0.284518540 0.042749964 0.077901274 0.031356715 0.995550394
1341846328.672663 -0.155179814 0.366808087 0.249284238 0.049672261 0.056839067 0.029410513 0.996713102
1341846328.702975 -0.170225680 0.366997510 0.246793628 0.055463456 0.056163859 0.025021674 0.996565759
1341846328.770129 -0.204952434 0.354150116 0.228999972 0.067167558 0.060260676 0.021944189 0.995678484
1341846328.802331 -0.177234530 0.344064385 0.240976036 0.069006823 0.052150838 0.024757275 0.995944500
1341846328.838051 -0.138244376 0.290970236 0.232769579 0.065896899 0.044173390 0.018846519 0.996670008
1341846328.869939 -0.151396766 0.295635432 0.228829756 0.067093581 0.045574065 0.017395642 0.996553481
1341846328.904486 -0.143535167 0.290117115 0.232713714 0.064725123 0.040956203 0.018010799 0.996899605
1341846328.939814 -0.118893482 0.288946331 0.242248043 0.072001383 0.034264017 0.017371945 0.996664464
1341846328.970217 -0.113578543 0.286702394 0.227958798 0.076493390 0.031525157 0.023752302 0.996288478
1341846329.006232 -0.111354806 0.269468546 0.224668384 0.075537838 0.029105745 0.030455612 0.996252656
1341846329.038243 -0.041833732 0.209210828 0.219105333 0.071590774 0.016850490 0.031005330 0.996809661
1341846329.106125 -0.034155346 0.199086189 0.215351790 0.073395640 0.015330628 0.029069752 0.996761262
1341846329.138340 -0.048238736 0.197003096 0.209612384 0.077494405 0.017830973 0.024936916 0.996521354
1341846329.169991 -0.034862690 0.191648975 0.206203505 0.079041548 0.014827141 0.023240894 0.996490061
1341846329.208656 -0.029403154 0.193660274 0.207041696 0.081153475 0.013005202 0.023372140 0.996342659
1341846329.238169 -0.015367147 0.186157301 0.206769615 0.079983898 0.009976417 0.023566328 0.996467590
1341846329.273827 0.007517155 0.178504646 0.196899384 0.078436241 0.005438715 0.026683044 0.996547103
1341846329.306052 0.012629149 0.184549913 0.199940741 0.080632262 0.001598099 0.025820632 0.996408105
1341846329.338104 0.063982613 0.203294531 0.195659727 0.080805466 -0.008268806 0.024267800 0.996400058
1341846329.373907 0.069070756 0.178746760 0.193327636 0.076001354 -0.009841775 0.024237376 0.996764481
1341846329.405985 0.018591827 0.129259303 0.174669132 0.070690915 -0.002677651 0.020316144 0.997287750
1341846329.442057 0.018095542 0.123822004 0.173452303 0.070120648 -0.003074978 0.016198715 0.997402310
1341846329.473950 0.017160771 0.110355310 0.175706744 0.068452127 -0.003690419 0.009938166 0.997598112
1341846329.506147 0.014506837 0.103900574 0.174464300 0.068654478 -0.005371857 0.006782939 0.997602999
1341846329.542121 0.011857416 0.091921166 0.173607722 0.066652060 -0.007967236 0.006608398 0.997722626
1341846329.574086 0.019572312 0.070009038 0.166899547 0.068163782 -0.011040276 0.006164808 0.997593999
1341846329.606387 0.019714201 0.070809424 0.162028760 0.070706606 -0.011405941 0.004066738 0.997423649
1341846329.641955 0.016034942 0.067815356 0.158116728 0.070625819 -0.012280149 0.004619366 0.997416615
1341846329.681570 0.015691258 0.053859770 0.156067178 0.069305465 -0.015166260 0.004866557 0.997468293
1341846329.748113 0.021906745 0.048485719 0.153705686 0.071607627 -0.015586507 0.002184691 0.997308671
1341846329.810175 0.019116232 0.021249371 0.158720672 0.068789206 -0.012119479 0.007008275 0.997533023
1341846329.842255 0.020172939 0.010195429 0.158707127 0.070045091 -0.012264421 0.010608829 0.997412026
1341846329.874044 0.016212258 0.006401209 0.154715329 0.072098315 -0.011919726 0.013649000 0.997232914
1341846329.910073 0.017447256 0.009022634 0.150662318 0.072614402 -0.012668196 0.015936159 0.997152328
1341846329.942009 0.013894650 0.007787505 0.153100431 0.068065241 -0.012990022 0.021367105 0.997367442
1341846329.978087 0.018540703 -0.020639520 0.148305252 0.064974383 -0.013788800 0.023210833 0.997521698
1341846330.016305 0.019235935 -0.011260049 0.146437049 0.067535892 -0.012450686 0.020543914 0.997427642
1341846330.048192 0.011843706 -0.002880098 0.142420694 0.064428441 -0.010640401 0.021352405 0.997637093
1341846330.080418 0.017645346 -0.033796050 0.121389829 0.058199171 -0.011238152 0.023394242 0.997967541
1341846330.115886 0.019732371 -0.049564138 0.123383053 0.060727503 -0.009857202 0.024484241 0.997805357
1341846330.147839 0.012292439 -0.036175482 0.115786172 0.063676663 -0.009160040 0.026072256 0.997587919
1341846330.181257 0.013022785 -0.021122117 0.112964928 0.059814963 -0.010086080 0.029311692 0.997728050
1341846330.215852 0.017146913 -0.037127513 0.111622006 0.052485075 -0.009331656 0.029522443 0.998141587
1341846330.247833 0.010233822 -0.043986637 0.114003055 0.050565913 -0.008284210 0.028110843 0.998290658
1341846330.283913 0.007303698 -0.030470477 0.109951064 0.047989547 -0.008731797 0.028140306 0.998413205
1341846330.316011 0.006829286 -0.048141837 0.111826554 0.040404666 -0.009595906 0.027936390 0.998746693
1341846330.347868 0.004795108 -0.056072537 0.109036088 0.037890773 -0.011174277 0.026953598 0.998855829
1341846330.383835 0.010255218 -0.057948258 0.110848047 0.036265980 -0.012187411 0.027566798 0.998887539
1341846330.415934 0.007691171 -0.075125098 0.112400040 0.034866914 -0.010876422 0.025511635 0.999007046
1341846330.452561 0.002625764 -0.075803414 0.111846276 0.037944876 -0.011179538 0.024322975 0.998921216
1341846330.483903 -0.001821378 -0.069983296 0.105290286 0.038436785 -0.012672189 0.026679045 0.998824418
1341846330.515970 -0.000524830 -0.078360215 0.104444586 0.036593284 -0.015085810 0.030431774 0.998752832
1341846330.552099 0.001417116 -0.082982294 0.104685917 0.037751794 -0.016575467 0.032558050 0.998619080
1341846330.583876 -0.003745690 -0.072157495 0.104854956 0.038092025 -0.016485881 0.032785527 0.998600185
1341846330.619992 -0.009267204 -0.067714088 0.094193704 0.033620976 -0.017294353 0.032564864 0.998754263
1341846330.652136 -0.005067835 -0.071282044 0.096128523 0.027163047 -0.019248569 0.030485485 0.998980641
1341846330.683796 -0.007304791 -0.075507157 0.093511745 0.022252804 -0.019042412 0.029985145 0.999121189
1341846330.719991 -0.014767912 -0.088784829 0.088878907 0.019168736 -0.020636821 0.031033220 0.999121428
1341846330.752103 -0.016348233 -0.092590712 0.086159788 0.020865541 -0.024965057 0.035278141 0.998847783
1341846330.787952 -0.027351256 -0.089267142 0.076835603 0.022202037 -0.028485239 0.038400233 0.998609543
1341846330.819823 -0.022890955 -0.088554703 0.080840245 0.021969574 -0.033652626 0.039499871 0.998411000
1341846330.852208 -0.023115315 -0.081962153 0.076355897 0.021868246 -0.035287600 0.040506657 0.998316467
1341846330.914111 -0.032241780 -0.059822097 0.090989754 0.014279800 -0.037638292 0.038974822 0.998428941
1341846330.949903 -0.038918778 -0.071013846 0.083638147 0.010461924 -0.038083538 0.038505156 0.998477578
1341846330.981986 -0.051128618 -0.069378734 0.086208537 0.011699784 -0.041729361 0.038642682 0.998312831
1341846331.014111 -0.042964306 -0.060941994 0.087370776 0.011707357 -0.046688173 0.039767653 0.998048961
1341846331.082139 -0.045674868 -0.065651491 0.080379672 0.013188548 -0.049364351 0.036622014 0.998022079
1341846331.114334 -0.046355564 -0.067178681 0.076770589 0.012587477 -0.051602356 0.036395431 0.997924924
1341846331.149989 -0.043261264 -0.075997330 0.074963942 0.012480654 -0.052821327 0.035729926 0.997886539
1341846331.181954 -0.039801504 -0.085494980 0.048039667 0.014722535 -0.053713668 0.035654731 0.997811019
1341846331.218151 -0.049671978 -0.067043573 0.041510899 0.015646463 -0.056201711 0.036036596 0.997646213
1341846331.249914 -0.042163290 -0.069890201 0.069457263 0.013513781 -0.058240540 0.034306522 0.997621417
1341846331.318141 -0.035840776 -0.072918527 0.069255129 0.023587978 -0.049168870 0.031182060 0.998024881
1341846331.349926 -0.034423668 -0.072331287 0.062465876 0.022555839 -0.046473686 0.029103370 0.998240650
1341846331.382003 -0.016001416 -0.087983929 0.070478842 0.025034389 -0.040946003 0.030475335 0.998382688
1341846331.418008 -0.001748612 -0.080583170 0.093254603 0.032710128 -0.032986335 0.034701005 0.998317480
1341846331.450327 -0.022243248 -0.070946537 0.090616822 0.034192957 -0.026014039 0.028979197 0.998656273
1341846331.486219 -0.033443682 -0.064918526 0.092256196 0.034450609 -0.022870099 0.029590078 0.998706460
1341846331.518344 -0.019495111 -0.065879315 0.091392301 0.033149254 -0.023229780 0.028902009 0.998762310
1341846331.550202 -0.011106470 -0.072482176 0.107955009 0.035119049 -0.019363163 0.027930416 0.998805106
1341846331.586139 -0.025280124 -0.059973978 0.109177738 0.038140722 -0.016539199 0.027980814 0.998743653
1341846331.617931 -0.018159490 -0.055680852 0.117932662 0.037372436 -0.017246943 0.028204715 0.998754382
1341846331.654027 -0.006637494 -0.065070309 0.127427474 0.037358381 -0.015405514 0.028555483 0.998775065
1341846331.686123 -0.019207729 -0.054083601 0.129369289 0.040199310 -0.011476452 0.029665297 0.998685300
1341846331.717954 -0.023776062 -0.042501055 0.134160608 0.037794203 -0.012386371 0.030090764 0.998755634
1341846331.754076 -0.009914652 -0.058262996 0.148507223 0.034344863 -0.012774218 0.029075705 0.998905361
1341846331.785920 -0.010891059 -0.058051109 0.159832567 0.037327752 -0.009712861 0.027491089 0.998877645
1341846331.818053 -0.015082624 -0.044196572 0.173278883 0.038777534 -0.007739427 0.027915761 0.998827875
1341846331.853849 -0.012530990 -0.054307401 0.181647375 0.036734793 -0.007426677 0.027515093 0.998918593
1341846331.885987 -0.005780997 -0.055225726 0.194477379 0.039542660 -0.005302527 0.025171610 0.998886704
1341846331.922014 -0.008427382 -0.045869596 0.204905063 0.042044252 -0.001906691 0.024114309 0.998822927
1341846331.954037 -0.001808396 -0.046919040 0.211112991 0.041792642 0.000270383 0.024629513 0.998822689
1341846331.986135 0.008424622 -0.062776372 0.225074396 0.043196935 0.005261777 0.025382124 0.998730242
1341846332.022364 -0.004425740 -0.061283648 0.240120247 0.050362948 0.011250192 0.025504479 0.998341918
1341846332.054175 -0.011190336 -0.054336838 0.253690183 0.056996856 0.011790633 0.027003702 0.997939467
1341846332.086502 0.000805819 -0.054759875 0.249092013 0.059540641 0.010738654 0.029620258 0.997728527
1341846332.122051 0.000521563 -0.050075099 0.257214308 0.061544176 0.011825257 0.028672157 0.997622371
1341846332.153983 -0.005722437 -0.033005800 0.275511622 0.061013613 0.011627607 0.026211999 0.997724950
1341846332.190165 -0.010476226 -0.031789843 0.293833673 0.054698639 0.010426305 0.023964636 0.998160839
1341846332.254145 -0.007831251 -0.050340511 0.317028999 0.053683314 0.010512548 0.022070490 0.998258710
1341846332.289948 -0.010197315 -0.046336953 0.326156169 0.055737793 0.010290780 0.024330525 0.998095870
1341846332.322172 -0.007568899 -0.046577591 0.342339784 0.056588247 0.009546553 0.026781287 0.997992694
1341846332.354003 -0.007436801 -0.049939472 0.360256672 0.058807865 0.011689086 0.022907972 0.997937977
1341846332.390180 -0.005450357 -0.034739040 0.369686395 0.061284430 0.015757810 0.020744227 0.997780323
1341846332.422055 -0.012903865 -0.036878049 0.370108664 0.059331819 0.019277897 0.016397217 0.997917473
1341846332.458114 -0.010089116 -0.040736578 0.376906872 0.058542989 0.021468053 0.012182567 0.997979701
1341846332.489993 -0.018964816 -0.034974128 0.385896832 0.059746079 0.023901008 0.013490192 0.997836232
1341846332.522130 -0.025648253 -0.030876871 0.402067482 0.059472132 0.020469137 0.019428698 0.997830927
1341846332.558114 -0.018059138 -0.032421455 0.416793376 0.059596263 0.014251862 0.027010581 0.997755289
1341846332.589874 -0.009346997 -0.023696477 0.414505005 0.059778705 0.010683452 0.031738330 0.997649789
1341846332.621889 -0.008719539 -0.014845327 0.423132300 0.056149855 0.010961734 0.033209287 0.997809708
1341846332.658202 -0.010306207 -0.018756200 0.431883931 0.051980458 0.012246844 0.030375093 0.998110950
1341846332.690001 -0.003952843 -0.017992746 0.442335367 0.049832087 0.012226589 0.032634281 0.998149455
1341846332.726000 -0.004845311 -0.023333965 0.453452379 0.048461948 0.011316769 0.036978561 0.998076141
1341846332.758386 -0.004995449 -0.022258528 0.461029500 0.049184605 0.009279156 0.037369106 0.998047233
1341846332.789937 0.012851551 -0.010536406 0.473590612 0.049455419 0.008280742 0.037168361 0.998050153
1341846332.825925 0.013246437 -0.012986049 0.486815721 0.046914380 0.011061835 0.035382383 0.998210788
1341846332.857898 0.017845968 -0.013677411 0.500063360 0.047753077 0.011694318 0.035590876 0.998156428
1341846332.894069 0.010893646 -0.000713818 0.503845155 0.048447181 0.012700200 0.034744184 0.998140514
1341846332.926029 0.015635038 0.000596546 0.499559134 0.044637419 0.012625840 0.032968521 0.998379290
1341846332.958015 0.021273501 0.005049571 0.521288157 0.042287946 0.014825969 0.030491423 0.998530030
1341846332.994073 0.023786832 0.008866433 0.527515769 0.039610285 0.015785949 0.028906586 0.998672247
1341846333.026545 0.028561110 0.007944886 0.533666849 0.036650956 0.016735645 0.026096394 0.998847127
1341846333.057998 0.036127161 0.008181799 0.538635492 0.035497706 0.018442690 0.026174145 0.998856723
1341846333.094024 0.041562080 0.007683974 0.546356618 0.035894606 0.019340416 0.030379092 0.998706520
1341846333.126095 0.047515057 0.012720108 0.554616094 0.036794044 0.020515839 0.032830812 0.998572707
1341846333.161973 0.048751142 0.020180732 0.556336164 0.036192033 0.023466110 0.034103651 0.998487115
1341846333.195660 0.047874056 0.021272961 0.566802263 0.033665191 0.025833478 0.035450391 0.998470128
1341846333.226331 0.047564983 0.028508782 0.594936192 0.032879248 0.026224609 0.036342882 0.998454034
1341846333.262056 0.045791078 0.035927929 0.597163260 0.030286917 0.027346540 0.033904314 0.998591661
1341846333.294147 0.050016075 0.033427440 0.604671180 0.026820693 0.026558245 0.034180384 0.998702645
1341846333.326100 0.054451585 0.034003936 0.608058810 0.024992656 0.024638545 0.032235682 0.998863935
1341846333.362100 0.059102662 0.042497784 0.609353125 0.022667183 0.023310032 0.030848626 0.998995125
1341846333.394119 0.055233300 0.038504131 0.607429743 0.019156737 0.023032816 0.030782601 0.999077082
1341846333.429974 0.049001746 0.035155311 0.601036787 0.017607762 0.022039393 0.029245971 0.999174118
1341846333.462115 0.057316389 0.034578439 0.614627957 0.017275646 0.021947669 0.028574917 0.999201357
1341846333.494040 0.046149906 0.030077253 0.595878124 0.017786615 0.023478845 0.027922051 0.999176025
1341846333.529953 0.061691117 0.038312539 0.610615611 0.019473787 0.023137549 0.026869344 0.999181390
1341846333.562063 0.043741960 0.034847349 0.594557703 0.019374702 0.026991850 0.027296832 0.999075055
1341846333.594090 0.029044362 0.037211575 0.574507952 0.018581951 0.026615683 0.029428456 0.999039650
1341846333.629994 0.005363338 0.032445420 0.563648760 0.013388128 0.027573075 0.025342623 0.999208808
1341846333.662127 0.000782542 0.028733142 0.521532178 0.010248214 0.023819603 0.028077252 0.999269366
1341846333.697964 -0.023419231 0.017523779 0.520922244 0.005433799 0.027939394 0.026306178 0.999248683
1341846333.730092 0.061417498 0.038167056 0.622595906 0.012911454 0.022388449 0.028855057 0.999249458
1341846333.762089 0.057235561 0.038137086 0.617009759 0.014400914 0.023857825 0.030178087 0.999155998
1341846333.798006 0.058947355 0.034918040 0.614614785 0.015543422 0.024020836 0.029847663 0.999144852
1341846333.830055 0.061715417 0.034642309 0.609349608 0.018030075 0.024847813 0.028095417 0.999133646
1341846333.866045 0.058676295 0.040170789 0.606702447 0.020020723 0.026083736 0.027079040 0.999092340
1341846333.897987 0.057996649 0.043323964 0.601758540 0.022469021 0.025964094 0.027008548 0.999045312
1341846333.930099 0.058346186 0.035653010 0.596519232 0.024382303 0.026606597 0.025013965 0.999035478
1341846333.965889 0.054772988 0.037027355 0.590903461 0.026990086 0.028030651 0.024684219 0.998937666
1341846333.997985 0.054788463 0.034971744 0.584883392 0.029729811 0.028800592 0.024620971 0.998839557
1341846334.030076 0.050176188 0.036527898 0.581042111 0.033209298 0.030413723 0.025692385 0.998655081
1341846334.066000 0.049615189 0.037144098 0.572564900 0.034952097 0.029885205 0.027169097 0.998572528
1341846334.097932 0.045464583 0.027299050 0.564129651 0.035268541 0.030143987 0.027103283 0.998555422
1341846334.133884 0.032809384 0.027597446 0.563146353 0.036936257 0.032533392 0.028093738 0.998392701
1341846334.166115 0.026761929 0.024550650 0.557284772 0.036783766 0.031834800 0.028496759 0.998409450
1341846334.198072 0.030574858 0.026437629 0.548460305 0.037641276 0.029130351 0.028076349 0.998471975
1341846334.234097 0.036655534 0.027884163 0.532717526 0.038101010 0.029213345 0.025783671 0.998513937
1341846334.266045 0.022435592 0.025326133 0.527282417 0.037836704 0.032645706 0.025924023 0.998414040
1341846334.297946 0.014491439 0.026345033 0.525601745 0.039594479 0.031435393 0.027302733 0.998347938
1341846334.334036 0.022940490 0.022918854 0.505698383 0.039266381 0.028667364 0.027989034 0.998425245
1341846334.365871 0.019215468 0.024092346 0.505252659 0.038738422 0.028282840 0.027319685 0.998475373
1341846334.401845 0.014991470 0.023548402 0.511965275 0.037554085 0.029014993 0.026368687 0.998525143
1341846334.433864 0.004997233 0.021132890 0.510817707 0.037795018 0.028424289 0.026914578 0.998518527
1341846334.466105 -0.002267063 0.019719213 0.500021577 0.038514495 0.027854554 0.026954811 0.998505950
1341846334.502142 0.000451596 0.022571169 0.508646786 0.037562992 0.026816631 0.027870890 0.998545468
1341846334.540153 -0.001640100 0.024525922 0.503582656 0.037171569 0.025558891 0.027011648 0.998616755
1341846334.602351 -0.004374139 0.021865452 0.454788536 0.031921320 0.020859675 0.019945836 0.999073565
1341846334.670161 -0.012110924 0.021492226 0.437376142 0.026661852 0.018539757 0.013322459 0.999383748
1341846334.702085 -0.025374409 0.016399099 0.422660828 0.025120776 0.017913451 0.012655647 0.999443829
1341846334.734751 -0.026089836 0.017465031 0.415276229 0.025420517 0.015130368 0.014119710 0.999462605
1341846334.770889 -0.029606603 0.016719515 0.405241489 0.025318667 0.013721550 0.017164476 0.999437869
1341846334.802194 -0.033079881 0.016709372 0.394437224 0.024903230 0.011180622 0.017846989 0.999468029
1341846334.833908 -0.032718319 0.016895799 0.384174794 0.024342230 0.009437734 0.016160589 0.999528527
1341846334.869874 -0.034103125 0.018444447 0.372093797 0.022757806 0.008998538 0.016648673 0.999561846
1341846334.902006 -0.043152817 0.015770163 0.365506411 0.021042474 0.007899134 0.017133459 0.999600530
1341846334.938010 -0.043717004 0.011494894 0.356687635 0.020160746 0.004466350 0.016304428 0.999653816
1341846334.970032 -0.038485792 0.012074559 0.348471314 0.020260433 0.002872364 0.015617951 0.999668658
1341846335.002203 -0.045878749 0.008046837 0.340014577 0.021464808 0.003849172 0.017145941 0.999615192
1341846335.037880 -0.055045739 0.012680057 0.324716389 0.024713952 0.001416858 0.019246932 0.999508262
1341846335.069990 -0.047914609 0.013834689 0.317575842 0.024769919 -0.002427546 0.019526839 0.999499500
1341846335.106038 -0.042688832 0.011935864 0.305079609 0.024789382 -0.001906085 0.018365787 0.999522150
1341846335.138045 -0.053232010 0.007401122 0.296466202 0.026016491 0.000084281 0.017175805 0.999513924
1341846335.169900 -0.059642289 0.013360566 0.283406943 0.026878089 -0.002190632 0.017294841 0.999486685
1341846335.206091 -0.061313868 0.011520023 0.271111578 0.025670389 -0.003884372 0.014825270 0.999552965
1341846335.239365 -0.058941115 0.006544198 0.260464519 0.025325075 -0.003060495 0.012336088 0.999598503
1341846335.269948 -0.066659756 0.005829860 0.251822710 0.026809124 -0.001161469 0.011276291 0.999576271
1341846335.305972 -0.073597811 0.004723163 0.241703525 0.028772291 -0.002376733 0.011755081 0.999514043
1341846335.338012 -0.071527205 0.001960540 0.234156191 0.029927397 -0.004110228 0.013786717 0.999448538
1341846335.374005 -0.056702055 -0.010316235 0.215895042 0.033727553 -0.003219462 0.013430591 0.999335587
1341846335.406025 -0.062192470 -0.006489462 0.207001582 0.040872924 -0.000411963 0.015598343 0.999042511
1341846335.438079 -0.064590186 -0.000697656 0.196045473 0.046186853 0.000414103 0.018959126 0.998752773
1341846335.473998 -0.062727727 0.008325398 0.187596813 0.049204286 0.001837175 0.019339653 0.998599827
1341846335.507038 -0.057271078 0.009858232 0.163707614 0.049910698 0.003540387 0.018863134 0.998569250
1341846335.538040 -0.063570894 0.015206845 0.154110983 0.049483128 0.006213591 0.016796211 0.998614430
1341846335.574119 -0.070772283 0.019047447 0.144774348 0.047169864 0.006464668 0.017111531 0.998719394
1341846335.605970 -0.069431663 0.010189927 0.138621330 0.045087684 0.005528548 0.016448548 0.998832345
1341846335.641978 -0.067615576 0.013041575 0.130682558 0.046573792 0.006519970 0.013780469 0.998798490
1341846335.673993 -0.072019577 0.015556198 0.115897685 0.046254326 0.007386034 0.013573247 0.998810172
1341846335.706178 -0.077080533 0.013351571 0.105568297 0.045544717 0.006363973 0.014202131 0.998841047
1341846335.741982 -0.072066866 0.011197593 0.096064962 0.045909666 0.005625522 0.013479671 0.998838782
1341846335.773960 -0.077181868 0.017070871 0.084588051 0.046132568 0.006440191 0.013064991 0.998829067
1341846335.806271 -0.087131560 0.024154017 0.085982881 0.044942219 0.007016942 0.012042380 0.998892367
1341846335.842031 -0.077332020 0.014429066 0.064637400 0.041769594 0.006481311 0.013441522 0.999015808
1341846335.873966 -0.079183139 0.013170131 0.057698775 0.042692013 0.008059152 0.012485510 0.998977721
1341846335.910005 -0.094768949 0.021840431 0.052033905 0.042951759 0.009575709 0.013705881 0.998937190
1341846335.941936 -0.096923590 0.022048417 0.042434178 0.041865524 0.007691042 0.014941534 0.998981893
1341846335.974198 -0.091665328 0.022953389 0.039760746 0.041788168 0.006060388 0.013573213 0.999015927
1341846336.010032 -0.100934304 0.024734072 0.046366900 0.041821260 0.006898500 0.011981570 0.999029458
1341846336.042129 -0.104270332 0.026423987 0.036204558 0.041102000 0.005467671 0.012786471 0.999058187
1341846336.078076 -0.105073750 0.021607235 0.027626598 0.040713277 0.003547426 0.012026206 0.999092162
1341846336.110739 -0.105538227 0.026220145 0.022138320 0.041622072 0.003293951 0.010259214 0.999075294
1341846336.142002 -0.114128485 0.023721641 -0.002674798 0.041154269 0.003735154 0.010976669 0.999085546
1341846336.183953 -0.125790820 0.028504482 -0.008079447 0.041469738 0.002094137 0.010673582 0.999080539
1341846336.241891 -0.128395975 0.030414067 -0.007114590 0.039922535 0.001302459 0.009733808 0.999154508
1341846336.277946 -0.128562793 0.023463165 -0.024980171 0.039484017 0.001157067 0.012347667 0.999143243
1341846336.309977 -0.116909392 0.022474237 -0.068154894 0.041547492 -0.001920051 0.015790511 0.999009907
1341846336.346143 -0.127014086 0.029426876 -0.047925860 0.044279136 -0.003239117 0.017238975 0.998865187
1341846336.377975 -0.126825184 0.030842302 -0.052406669 0.045140032 -0.003259741 0.016689984 0.998835921
1341846336.410032 -0.131756872 0.033079531 -0.067059487 0.046186633 -0.002067741 0.016593631 0.998792827
1341846336.446041 -0.132762790 0.037722502 -0.075577036 0.045954540 -0.002770604 0.016504871 0.998803318
1341846336.477990 -0.132900000 0.034020916 -0.083182633 0.044572417 -0.002708592 0.015902374 0.998875916
1341846336.510056 -0.137438789 0.028089603 -0.081024222 0.044636354 -0.001706644 0.016283680 0.998869121
1341846336.546024 -0.143999964 0.026785575 -0.082116134 0.045521330 -0.001485622 0.017966326 0.998800695
1341846336.578003 -0.141806960 0.035268966 -0.101954266 0.045659795 -0.001967283 0.019854302 0.998757780
1341846336.614020 -0.138691604 0.037095208 -0.100762032 0.045222417 -0.001762347 0.019097652 0.998792827
1341846336.645982 -0.147506580 0.043725714 -0.104060262 0.044632237 0.000267621 0.018369105 0.998834550
1341846336.678036 -0.146228179 0.037060447 -0.124588467 0.041910212 -0.001863152 0.019897189 0.998921514
1341846336.714024 -0.152207270 0.028951351 -0.117354348 0.043051939 -0.003948117 0.019569388 0.998873353
1341846336.746016 -0.155115351 0.019653916 -0.130244642 0.046080038 -0.005663363 0.020631483 0.998708606
1341846336.778014 -0.162307620 0.035753023 -0.139696851 0.049543981 -0.009379425 0.024969952 0.998415709
1341846336.820006 -0.156361923 0.036994804 -0.151952624 0.049973361 -0.013429843 0.027156284 0.998290956
1341846336.882056 -0.162324503 0.027550612 -0.160186231 0.052486397 -0.015247911 0.025063861 0.998190582
1341846336.914273 -0.127358675 0.025983177 -0.174773574 0.054006349 -0.021637231 0.028839322 0.997889519
1341846336.945998 -0.085395142 0.030585855 -0.153970599 0.060777720 -0.030242268 0.030179651 0.997236490
1341846336.981980 -0.045850608 0.054119281 -0.226334140 0.064409398 -0.034582268 0.028152088 0.996926725
1341846337.014238 -0.011746582 0.066545434 -0.205594122 0.062544666 -0.038624026 0.024914296 0.996983290
1341846337.046017 0.024153426 0.063771307 -0.197928965 0.059971705 -0.041818880 0.020645330 0.997110009
1341846337.082104 0.053795382 0.075369805 -0.191750303 0.060020179 -0.043496359 0.016990641 0.997104287
1341846337.114317 0.081001066 0.080166757 -0.207258672 0.058135536 -0.046651848 0.016252946 0.997085571
1341846337.150037 0.108530015 0.084027916 -0.200437307 0.056568149 -0.050322719 0.015867313 0.997003496
1341846337.181873 0.138024688 0.090422548 -0.198073313 0.056480717 -0.051129632 0.012081749 0.997020423
1341846337.214073 0.114266105 0.100673132 -0.185368732 0.055190902 -0.048594341 0.009238452 0.997249842
1341846337.250087 0.092442408 0.083831951 -0.192786053 0.051532511 -0.049047980 0.010790672 0.997407794
1341846337.282028 0.094901979 0.083514363 -0.201993123 0.052461110 -0.053305112 0.014322528 0.997096419
1341846337.317920 0.103671700 0.087233305 -0.203604430 0.052394234 -0.055257224 0.014549552 0.996990383
1341846337.350018 0.101443090 0.098886505 -0.201955840 0.051560964 -0.054638997 0.014651446 0.997066379
1341846337.382159 0.108800769 0.092411458 -0.199535400 0.048394721 -0.054923933 0.012981369 0.997232556
1341846337.417941 0.101794206 0.083353452 -0.206445828 0.048663780 -0.053830687 0.013358215 0.997274101
1341846337.450137 0.100004211 0.093053073 -0.216328919 0.049705543 -0.055551898 0.014119173 0.997117817
1341846337.482096 0.092751935 0.088853151 -0.188158453 0.048488375 -0.055947419 0.014771186 0.997146189
1341846337.518008 0.092655659 0.082242317 -0.194247440 0.048893973 -0.056460664 0.014944116 0.997094870
1341846337.549978 0.099792778 0.096948996 -0.222362578 0.049700376 -0.056979183 0.013182712 0.997050345
1341846337.585971 0.100431718 0.091266848 -0.216165036 0.046681765 -0.057486378 0.012350813 0.997177780
1341846337.617903 0.105047956 0.077398941 -0.209688291 0.046998326 -0.058330424 0.013016107 0.997105420
1341846337.650141 0.104772523 0.089470446 -0.217026323 0.050257068 -0.058528949 0.012332131 0.996943593
1341846337.686352 0.103321210 0.095217653 -0.206419230 0.048857518 -0.058373313 0.012675457 0.997017980
1341846337.718002 0.108493119 0.090370491 -0.206798419 0.046700057 -0.058123067 0.012875945 0.997133374
1341846337.749920 0.111965492 0.095504075 -0.202465802 0.046801597 -0.056347955 0.011913019 0.997242510
1341846337.786157 0.110737056 0.102917627 -0.200871691 0.044114091 -0.053449273 0.011898116 0.997524679
1341846337.817945 0.114983737 0.093872711 -0.191727638 0.041023310 -0.051578138 0.013561057 0.997733891
1341846337.854071 0.118303709 0.101159088 -0.189250201 0.040308375 -0.048516020 0.012846310 0.997926056
1341846337.885951 0.111452177 0.108042978 -0.188344151 0.037614778 -0.045595575 0.010882697 0.998192251
1341846337.918223 0.115056738 0.106059462 -0.180175558 0.033390991 -0.044562485 0.008352440 0.998413503
1341846337.954120 0.114776865 0.104628094 -0.173054874 0.030921677 -0.043039300 0.007850324 0.998563886
1341846337.985994 0.115891524 0.111349687 -0.169170022 0.028726947 -0.042221930 0.007744337 0.998665154
1341846338.018107 0.121014506 0.107985996 -0.157455370 0.025011027 -0.040942725 0.009173120 0.998806298
1341846338.054055 0.121827140 0.113683350 -0.152896777 0.023037817 -0.039444979 0.008132106 0.998923004
1341846338.085986 0.126077533 0.113526024 -0.137861088 0.019565072 -0.036571998 0.008053510 0.999107003
1341846338.121875 0.124234103 0.106706478 -0.133065999 0.017279850 -0.034154635 0.009936007 0.999217749
1341846338.154089 0.120803162 0.106107503 -0.127734601 0.016336733 -0.033306334 0.013252409 0.999223828
1341846338.186029 0.124606639 0.109922633 -0.118518546 0.015450508 -0.033974327 0.015216993 0.999187410
1341846338.222071 0.130498409 0.112238936 -0.109552830 0.014201833 -0.033094477 0.014882614 0.999240518
1341846338.254107 0.129242539 0.108439416 -0.098587334 0.012312102 -0.031071963 0.015254272 0.999324918
1341846338.290130 0.128752068 0.106771588 -0.089127086 0.012725263 -0.030878276 0.016931023 0.999298692
1341846338.321952 0.129631221 0.113108844 -0.083061032 0.013155862 -0.029903712 0.018634552 0.999292493
1341846338.354022 0.133211523 0.106964290 -0.075339019 0.011996409 -0.029685140 0.018915342 0.999308288
1341846338.389969 0.134319648 0.116726413 -0.062739462 0.012164915 -0.028862646 0.019623652 0.999316692
1341846338.422377 0.133689195 0.115246348 -0.052293211 0.010335735 -0.028269045 0.019650158 0.999353766
1341846338.454010 0.135466427 0.117826879 -0.048082616 0.009358500 -0.028856073 0.018695006 0.999364913
1341846338.489894 0.135338709 0.116331995 -0.033837367 0.007774566 -0.029209115 0.018858746 0.999365151
1341846338.522066 0.143107474 0.114157595 -0.017614529 0.008356534 -0.029710585 0.019104488 0.999341011
1341846338.558058 0.139545545 0.123246998 -0.019558910 0.008245635 -0.029197110 0.017666951 0.999383509
1341846338.589842 0.142781347 0.118835323 -0.008354700 0.005755467 -0.029523175 0.017252183 0.999398649
1341846338.622019 0.151020929 0.112908423 0.008642205 0.006017286 -0.029239684 0.019590883 0.999362290
1341846338.657984 0.141306892 0.120374143 0.010476562 0.006768930 -0.028446300 0.020619469 0.999359727
1341846338.690198 0.143093854 0.123493761 0.016029906 0.005065042 -0.029084215 0.019552609 0.999372840
1341846338.722454 0.155806825 0.117873862 0.039898898 0.003809035 -0.029202655 0.020730721 0.999351263
1341846338.757945 0.145764783 0.123408452 0.034579065 0.004457301 -0.028159402 0.021687696 0.999358237
1341846338.790039 0.145530075 0.125988305 0.048119321 0.002839825 -0.029930649 0.021694615 0.999312460
1341846338.826048 0.161544934 0.123018190 0.068844199 0.002744932 -0.030613458 0.021482900 0.999296606
1341846338.858027 0.151215330 0.132413819 0.062914506 0.003577111 -0.027870161 0.019570852 0.999413550
1341846338.889902 0.159962103 0.128834620 0.083896510 0.000359564 -0.029734707 0.019769745 0.999362230
1341846338.925948 0.169168726 0.127127126 0.101201192 -0.000257442 -0.029643023 0.018355746 0.999391973
1341846338.958108 0.166398793 0.124750078 0.106351167 -0.000416170 -0.027186738 0.017388655 0.999479055
1341846338.990057 0.171546847 0.122667290 0.120043658 -0.000199280 -0.027755305 0.018659147 0.999440551
1341846339.025928 0.177926943 0.119015053 0.133114547 0.001729308 -0.027237667 0.019554397 0.999436200
1341846339.057939 0.173990235 0.129493997 0.137270883 0.005263206 -0.024230564 0.018744005 0.999516785
1341846339.093927 0.168209195 0.136318386 0.143481001 0.004539918 -0.024047758 0.018873233 0.999522328
1341846339.126562 0.177492410 0.139356107 0.154871017 0.001533607 -0.025976401 0.017948911 0.999500215
1341846339.157969 0.180958375 0.138829276 0.169252127 -0.000819910 -0.023285229 0.015785845 0.999603868
1341846339.194113 0.178865448 0.137194917 0.172541812 -0.003346345 -0.022072278 0.017410237 0.999599159
1341846339.228165 0.179735869 0.143362626 0.187057257 -0.006267042 -0.024000483 0.019217156 0.999507606
1341846339.257998 0.188478917 0.142195225 0.206749171 -0.008987977 -0.024012577 0.020019582 0.999470770
1341846339.294132 0.189933181 0.144217879 0.210804760 -0.009005054 -0.021537611 0.020932149 0.999508321
1341846339.326577 0.183452845 0.152036667 0.205371067 -0.012367054 -0.022528848 0.023793189 0.999386489
1341846339.362269 0.192222774 0.150062010 0.218479276 -0.016704729 -0.025565641 0.021823768 0.999295294
1341846339.394725 0.199020177 0.150949046 0.232604459 -0.017313616 -0.024066964 0.020979760 0.999340236
1341846339.462186 0.202774137 0.151678562 0.254960775 -0.020876469 -0.025201624 0.021441607 0.999234378
1341846339.496743 0.212307900 0.150982350 0.269667715 -0.018240059 -0.021879666 0.019471074 0.999404550
1341846339.562052 0.209581807 0.146917358 0.284089237 -0.017595157 -0.018142136 0.021389021 0.999451756
1341846339.595122 0.218055591 0.149566814 0.295630962 -0.015063820 -0.018217323 0.020355521 0.999513328
1341846339.632085 0.225194275 0.150980547 0.304444969 -0.013908845 -0.015224829 0.018602958 0.999614239
1341846339.664568 0.222607315 0.151755273 0.312991381 -0.013438324 -0.011740360 0.016578067 0.999703348
1341846339.698896 0.227765292 0.151066974 0.323683590 -0.013368469 -0.011336719 0.015766779 0.999722064
1341846339.731977 0.229995474 0.147385329 0.332210511 -0.013630942 -0.010902749 0.014248729 0.999746144
1341846339.762241 0.234761313 0.144054875 0.340896815 -0.013739006 -0.010051006 0.014251026 0.999753535
1341846339.797873 0.236345828 0.146711692 0.348410308 -0.013185930 -0.009748577 0.015673239 0.999742687
1341846339.830245 0.242207676 0.143248171 0.356836945 -0.014018267 -0.010674591 0.016082808 0.999715388
1341846339.862015 0.241714001 0.145666078 0.360992700 -0.014003891 -0.010091179 0.015377930 0.999732733
1341846339.897797 0.247797281 0.144581318 0.370234191 -0.015140343 -0.009452740 0.015050600 0.999727428
1341846339.929916 0.249447241 0.135890633 0.377713591 -0.016528653 -0.008470025 0.017514873 0.999674082
1341846339.961960 0.251759559 0.138685748 0.388360947 -0.014628233 -0.008992510 0.017819224 0.999693751
1341846339.997845 0.257994324 0.141085267 0.390230924 -0.012940783 -0.008368552 0.017618230 0.999725997
1341846340.029925 0.261633068 0.136974126 0.397525340 -0.012586040 -0.006380749 0.019172890 0.999716580
1341846340.066044 0.261516482 0.138966590 0.404244751 -0.010118344 -0.004712570 0.019992789 0.999737799
1341846340.098009 0.262584627 0.140227556 0.409536391 -0.009214322 -0.004032218 0.020425983 0.999740779
1341846340.130102 0.263010442 0.140841112 0.418358505 -0.009651664 -0.004009353 0.019609025 0.999753118
1341846340.166041 0.271927983 0.135115787 0.422807753 -0.009505675 -0.002602537 0.018290807 0.999784172
1341846340.197867 0.271244824 0.133233935 0.424502939 -0.009087526 0.000003863 0.018439217 0.999788702
1341846340.229904 0.270952344 0.137327358 0.429571271 -0.009864141 -0.000015447 0.018332012 0.999783278
1341846340.265859 0.273159087 0.134075686 0.440161884 -0.010340253 0.001300905 0.017360363 0.999794960
1341846340.298061 0.276679754 0.132251233 0.446620822 -0.008630541 0.003354713 0.017508607 0.999803841
1341846340.334063 0.271841317 0.135534883 0.451649159 -0.009718341 0.003087376 0.019670764 0.999754488
1341846340.366064 0.279379666 0.133800119 0.463936925 -0.011146672 0.000350575 0.019367402 0.999750197
1341846340.397995 0.280969381 0.133469820 0.464442521 -0.009083173 0.001099690 0.018511580 0.999786735
1341846340.433895 0.284743488 0.137466893 0.466114014 -0.007997130 0.000352992 0.019098788 0.999785542
1341846340.465959 0.287043989 0.144289002 0.486277759 -0.006164694 -0.002107329 0.020844931 0.999761522
1341846340.501858 0.297032654 0.150130183 0.506623566 -0.004082110 -0.006991688 0.020876357 0.999749243
1341846340.534329 0.305137008 0.152709022 0.524379790 -0.003223139 -0.009472617 0.020711087 0.999735475
1341846340.566041 0.299003929 0.139271110 0.487135082 -0.004037289 -0.008662839 0.020767722 0.999738634
1341846340.601909 0.304378569 0.135423973 0.472700953 -0.002526788 -0.009464471 0.022514937 0.999698520
1341846340.634005 0.307750881 0.138441443 0.470097274 -0.001448815 -0.010223805 0.021186652 0.999722242
1341846340.666028 0.310571194 0.139358684 0.469414294 -0.001161846 -0.009701646 0.018231541 0.999786079
1341846340.701946 0.316908002 0.138737828 0.463360220 0.000781440 -0.009100305 0.016766628 0.999817729
1341846340.733954 0.316912174 0.141488120 0.464973509 0.002065226 -0.007040002 0.014735732 0.999864519
1341846340.770081 0.318484306 0.144587949 0.462104678 0.001717568 -0.007019086 0.012561334 0.999894977
1341846340.801980 0.322545648 0.138979733 0.460709155 0.000934722 -0.006219740 0.007340205 0.999953270
1341846340.833999 0.325158834 0.143402129 0.457183391 0.001264899 -0.004032943 0.002938333 0.999986768
1341846340.870013 0.322763562 0.141471267 0.460606605 -0.000344199 -0.003950726 0.001471036 0.999991059
1341846340.901955 0.325904965 0.136302248 0.461170435 0.000037951 -0.004440534 0.001534517 0.999988973
1341846340.933918 0.324156761 0.137811318 0.456499130 0.002181300 -0.004973129 0.004098285 0.999976873
1341846340.970122 0.318838775 0.138052791 0.450258553 0.003183147 -0.007062270 0.009313359 0.999926627
1341846341.001922 0.322928756 0.136785209 0.450190365 0.004607836 -0.011649930 0.014075073 0.999822438
1341846341.037923 0.320710659 0.140675023 0.448648125 0.006274340 -0.013534168 0.016151574 0.999758244
1341846341.070300 0.323884964 0.138631657 0.443480939 0.006366968 -0.014815733 0.016590450 0.999732316
1341846341.102028 0.318948478 0.139935687 0.441458702 0.006615974 -0.015605273 0.016668977 0.999717414
1341846341.137982 0.321326733 0.137932226 0.438129455 0.006403108 -0.017831536 0.016837647 0.999678731
1341846341.170048 0.325221658 0.137958005 0.437863201 0.007003977 -0.018803287 0.018482760 0.999627829
1341846341.202110 0.324421287 0.133034855 0.433298528 0.007938750 -0.018768799 0.019636028 0.999599516
1341846341.237996 0.324464023 0.134390339 0.434269816 0.009836146 -0.018512964 0.019739162 0.999585390
1341846341.269883 0.323798895 0.136040568 0.428886831 0.011200497 -0.018072793 0.020458199 0.999564588
1341846341.306107 0.323389500 0.136175022 0.425065219 0.011714646 -0.018708099 0.019684512 0.999562562
1341846341.338109 0.325507522 0.137662843 0.423732281 0.012950490 -0.018421018 0.017482409 0.999593616
1341846341.370120 0.325994402 0.137371168 0.421968579 0.013343629 -0.017284006 0.014975462 0.999649405
1341846341.406074 0.321489245 0.132593498 0.418466717 0.012572166 -0.016332144 0.014656045 0.999680161
1341846341.438113 0.321657419 0.129579440 0.420822024 0.013811870 -0.018227898 0.014263680 0.999636710
1341846341.470024 0.325441003 0.130893424 0.417651147 0.016671183 -0.018794797 0.012885675 0.999601305
1341846341.506077 0.322208315 0.138181716 0.417609721 0.017217329 -0.017826328 0.012453237 0.999615252
1341846341.538156 0.317204624 0.134648263 0.418959200 0.016007697 -0.019023614 0.012618585 0.999611259
1341846341.574016 0.321792156 0.134478644 0.417834699 0.017066201 -0.021856880 0.013666840 0.999522030
1341846341.612466 0.320251107 0.137123182 0.413674057 0.017706884 -0.022195745 0.013812659 0.999501407
1341846341.643972 0.315478027 0.138977990 0.413961381 0.016970372 -0.022943741 0.012708578 0.999511957
1341846341.679982 0.314264894 0.135270387 0.413466156 0.016417608 -0.024375416 0.013638327 0.999475002
1341846341.712332 0.311413109 0.137361050 0.410391629 0.017275205 -0.026286533 0.016111009 0.999375284
1341846341.744185 0.314042807 0.135148793 0.409524381 0.017401390 -0.028395582 0.018175730 0.999279976
1341846341.780061 0.315015197 0.136015475 0.406186819 0.017725766 -0.029294400 0.019980770 0.999213874
1341846341.842595 0.319755226 0.132068560 0.400202245 0.020003797 -0.030447071 0.024179753 0.999043643
1341846341.906227 0.322450370 0.127699450 0.399044156 0.022773372 -0.031698965 0.029828444 0.998792648
1341846341.942069 0.324388951 0.122860014 0.393049151 0.025731977 -0.031823751 0.031848606 0.998654485
1341846341.974775 0.323452950 0.125988781 0.392232120 0.029346615 -0.031828064 0.033383038 0.998504519
1341846342.010161 0.317351073 0.126550779 0.390840709 0.030164022 -0.032354947 0.034546424 0.998423696
1341846342.042024 0.325641096 0.116473615 0.387986869 0.030773580 -0.033734735 0.034991156 0.998343885
1341846342.080032 0.326432228 0.122365467 0.381790578 0.033364926 -0.031459004 0.035348430 0.998322368
1341846342.112265 0.320498824 0.116097741 0.381975025 0.032961220 -0.030230641 0.037384607 0.998299539
1341846342.147954 0.324881136 0.114094973 0.383606762 0.035449386 -0.032077193 0.039615780 0.998070657
1341846342.179852 0.328271151 0.114426844 0.381078362 0.038224008 -0.031743169 0.041009601 0.997922599
1341846342.211848 0.328484952 0.115617037 0.380831450 0.038828366 -0.031212283 0.041089397 0.997912705
1341846342.247920 0.325032651 0.114157453 0.379901201 0.040125079 -0.030375674 0.038593199 0.997986913
1341846342.279870 0.327461302 0.113506459 0.377036035 0.041447464 -0.030153824 0.039620984 0.997899294
1341846342.316068 0.329723358 0.114942715 0.373685330 0.042855859 -0.030352553 0.040520828 0.997797668
1341846342.347894 0.332539856 0.117336847 0.372401983 0.043424748 -0.030748302 0.040697809 0.997753739
1341846342.379953 0.330666870 0.114877775 0.374180764 0.043272696 -0.029810995 0.040817238 0.997783899
1341846342.416195 0.328544497 0.114379793 0.375156939 0.043732341 -0.029307017 0.042062528 0.997727096
