1341846313.592026 0.000000000 0.000000000 0.000000000 0.000000000 0.000000000 0.000000000 1.000000000
1341846313.654184 0.007415360 -0.002688010 0.000283573 -0.001097642 -0.003172240 0.004863970 0.999982536
1341846313.686156 0.015644079 -0.001869172 0.005965858 0.000023607 -0.005704334 0.004671983 0.999972820
1341846313.721918 0.016021328 0.006324401 -0.004018156 0.000839011 -0.005782044 0.003530094 0.999976695
1341846313.753994 0.030633193 0.003236440 0.001468938 -0.000140226 -0.007369580 0.005964593 0.999955058
1341846313.789969 0.038111195 0.004808429 0.002713346 0.001344216 -0.008157730 0.004214553 0.999956906
1341846313.822075 0.052144196 0.010216141 0.001384935 0.001770134 -0.008143530 0.003238907 0.999960005
1341846313.853928 0.055470180 0.012191627 0.007113826 0.001436354 -0.005629345 0.001334595 0.999982238
1341846313.890011 0.061185516 0.011927121 0.002500104 0.001097157 -0.003610588 0.002504523 0.999989748
1341846313.922055 0.076466046 0.012222713 -0.003778400 -0.001231981 -0.005411199 0.006359699 0.999964356
1341846313.957927 0.094847098 -0.001972500 -0.015196044 -0.004461957 -0.002571246 0.005466450 0.999971807
1341846313.990058 0.089341909 0.011411573 0.004282577 -0.004488360 0.005741077 0.006935090 0.999949396
1341846314.022042 0.095300689 0.015776448 -0.006069821 -0.006294038 0.006964895 0.008985728 0.999915540
1341846314.057816 0.113031566 0.013133803 -0.001903676 -0.009914263 0.008319558 0.010577090 0.999860287
1341846314.089801 0.117916420 0.008813158 0.003797437 -0.009734736 0.013970909 0.010539810 0.999799490
1341846314.122037 0.119631179 0.020395223 -0.004556952 -0.009654615 0.017841769 0.014073363 0.999695182
1341846314.157989 0.127415091 0.013849664 0.004817460 -0.012896617 0.020124611 0.015300461 0.999597192
1341846314.190094 0.135315016 0.019221103 0.012104758 -0.011928947 0.023552395 0.016431596 0.999516368
1341846314.225969 0.139864638 0.029289860 0.012013389 -0.013362001 0.026018815 0.018602183 0.999399066
1341846314.257923 0.139942735 0.014564567 0.021894464 -0.016790560 0.028130554 0.019073721 0.999281228
1341846314.290052 0.143142834 0.015927540 0.005849628 -0.015268144 0.030269358 0.017196529 0.999277174
1341846314.325981 0.152852654 0.019135788 0.002413755 -0.016032642 0.030821055 0.014973557 0.999284148
1341846314.357905 0.166100100 0.012831410 0.010061445 -0.017550081 0.032396685 0.014878629 0.999210238
1341846314.389899 0.156880766 0.016370399 0.012896520 -0.015431428 0.037137810 0.013390338 0.999101281
1341846314.427905 0.171472207 0.017858133 0.009491164 -0.015649389 0.037724596 0.012134830 0.999091923
1341846314.493987 0.184929892 0.011279379 0.011429798 -0.015003414 0.046863008 0.003995034 0.998780668
1341846314.526085 0.197996572 0.013511025 0.002926802 -0.014777214 0.047622748 0.004168124 0.998747349
1341846314.558292 0.203896523 0.014659747 0.014111616 -0.015830616 0.050742239 0.004302882 0.998577058
1341846314.594085 0.210076958 0.002451605 0.025024455 -0.015358725 0.054355741 0.002090106 0.998401284
1341846314.626096 0.199669510 0.007669497 0.013962070 -0.014663405 0.060045213 0.003335024 0.998082399
1341846314.658455 0.205791056 0.018513769 0.009982437 -0.015204036 0.062288579 0.001860531 0.997940660
1341846314.694004 0.221939161 0.015253385 0.024108142 -0.015097713 0.064862341 0.000002396 0.997780025
1341846314.725910 0.221054241 0.009001240 0.021345742 -0.011635992 0.068570517 0.005523279 0.997563124
1341846314.761942 0.218185931 0.010299278 0.025329906 -0.007902894 0.069567189 0.008617151 0.997508764
1341846314.794030 0.232180208 0.012016376 0.029521026 -0.004497627 0.070662692 0.009139424 0.997448266
1341846314.826092 0.248036459 0.010758801 0.015597492 -0.002802792 0.073478036 0.010821584 0.997234225
1341846314.862145 0.262807965 0.017729796 0.018914629 -0.002230939 0.076313235 0.013953405 0.996983767
1341846314.894072 0.267910242 0.015595345 0.021314487 -0.002915547 0.080022164 0.016379917 0.996654212
1341846314.925969 0.271589011 0.019988868 0.017602067 -0.002486617 0.082802720 0.020354845 0.996354938
1341846314.961937 0.282525480 0.016606251 -0.005432986 -0.006640001 0.082085609 0.026314693 0.996255696
1341846314.994564 0.288810879 0.017119966 0.003969904 -0.009965546 0.082870528 0.024566209 0.996207654
1341846315.029900 0.303397119 0.013698840 0.008483723 -0.010506753 0.085368738 0.021721950 0.996057212
1341846315.061965 0.305809855 0.014041162 0.006584041 -0.011080344 0.087618299 0.026126379 0.995749831
1341846315.094388 0.307112634 0.009956690 0.010186546 -0.011182165 0.086972632 0.026355879 0.995799243
1341846315.129851 0.305769742 0.020517208 0.025207520 -0.007325723 0.088046834 0.023726517 0.995806754
1341846315.161941 0.293895274 0.042359963 0.008485530 -0.007416971 0.089489974 0.024369253 0.995661914
1341846315.197984 0.299042940 0.034044575 0.016704611 -0.015255590 0.087423965 0.021986987 0.995811641
1341846315.230076 0.314967185 0.029875007 0.018235188 -0.019129667 0.084739730 0.019941563 0.996019840
1341846315.262069 0.311842769 0.032150440 0.022677403 -0.022025567 0.082814351 0.023069832 0.996054411
1341846315.298000 0.328180224 0.021495301 0.024991948 -0.025005223 0.077671602 0.026248723 0.996319652
1341846315.329931 0.340328276 0.018171098 0.031641845 -0.021679530 0.075195700 0.028143575 0.996535718
1341846315.361981 0.340939909 0.023337573 0.026371203 -0.015754661 0.074824743 0.030166142 0.996615767
1341846315.397962 0.356462359 0.021738216 0.029417377 -0.013331567 0.073770367 0.034675211 0.996583045
1341846315.429923 0.362396747 0.018564466 0.023349021 -0.011307293 0.075569622 0.036382169 0.996412456
1341846315.466047 0.374467731 0.028378010 0.020620260 -0.009251468 0.078017108 0.037899837 0.996188402
1341846315.497883 0.370677233 0.026664875 0.021407772 -0.010431892 0.081992701 0.042710125 0.995662689
1341846315.530008 0.373615891 0.026344396 0.022853646 -0.010513415 0.083246857 0.043628514 0.995517969
1341846315.566108 0.375436664 0.026173331 0.017265622 -0.011300944 0.084624335 0.044362105 0.995360732
1341846315.597986 0.383810282 0.024732023 0.023924582 -0.011505728 0.085165702 0.043314513 0.995358348
1341846315.630109 0.375902951 0.024415119 0.024370804 -0.011503818 0.087806195 0.040916827 0.995230436
1341846315.666042 0.384417564 0.032466743 0.019263156 -0.011592769 0.088203967 0.040407404 0.995214999
1341846315.698114 0.390772820 0.047428094 0.019921519 -0.014904941 0.090891950 0.039332774 0.994972050
1341846315.733985 0.386447251 0.023692986 0.024435557 -0.020179428 0.094034433 0.042082943 0.994474411
1341846315.766041 0.379793644 0.026120324 0.023534216 -0.019429570 0.092288382 0.043385424 0.994596899
1341846315.798188 0.385710508 0.025880415 0.021106839 -0.020716300 0.090870984 0.042078245 0.994757652
1341846315.834140 0.387911975 0.018631542 0.025499471 -0.020481491 0.092802793 0.040765416 0.994638801
1341846315.866751 0.377921402 0.013524612 0.022352517 -0.018658370 0.095868416 0.038831171 0.994461298
1341846315.898492 0.372313589 0.013710447 0.020222202 -0.017381676 0.096760854 0.038605295 0.994406760
1341846315.936901 0.375107408 0.010266806 0.025175437 -0.015204561 0.097851574 0.037820015 0.994365931
1341846315.966572 0.365335613 0.009978555 0.019177347 -0.011639714 0.100043498 0.037105240 0.994222820
1341846316.034204 0.348284304 0.007180395 0.018231221 -0.008137656 0.101183966 0.034916356 0.994221568
1341846316.066113 0.338536501 0.005325964 0.024810083 -0.005804569 0.101724908 0.034202874 0.994207501
1341846316.101867 0.320776045 0.010407045 0.014325991 -0.003724419 0.101324029 0.034244433 0.994256973
1341846316.134066 0.316693008 0.011825815 0.011754356 -0.004359842 0.097890913 0.031889193 0.994676530
1341846316.202049 0.295421749 0.003053435 0.022341028 -0.004959644 0.094690554 0.027237048 0.995121717
1341846316.233979 0.295397580 0.004176858 0.006926224 -0.004448163 0.092875957 0.024821494 0.995358348
1341846316.270052 0.292576969 0.004016789 0.006818686 -0.005737620 0.093622908 0.022344256 0.995340466
1341846316.301915 0.289909780 -0.003596802 0.014696576 -0.006195914 0.094214320 0.021073483 0.995309591
1341846316.334208 0.274210036 -0.007186038 0.012034286 -0.004945200 0.094707042 0.022939993 0.995228589
1341846316.370006 0.272487134 -0.007788445 0.010757633 -0.002843538 0.092972152 0.023260664 0.995392919
1341846316.401994 0.263533205 -0.005599869 0.008678395 -0.000819067 0.092766792 0.025267303 0.995366871
1341846316.438069 0.258914739 -0.010138179 0.014571387 0.001315984 0.092393853 0.027040459 0.995354414
1341846316.470076 0.244114995 -0.012872340 0.012464758 0.005441778 0.092804454 0.029736264 0.995225370
1341846316.502034 0.230558038 0.008257461 0.018931512 0.009563435 0.091039814 0.029439736 0.995366037
1341846316.537975 0.228286833 0.010614553 0.023820505 0.007237162 0.087821081 0.027973633 0.995717108
1341846316.570121 0.218226805 0.001265518 0.027976174 0.006370548 0.088356234 0.023818884 0.995783746
1341846316.601885 0.210054785 -0.001375676 0.028095376 0.008174986 0.087785080 0.023056798 0.995839000
1341846316.638009 0.201777294 -0.003496161 0.023835193 0.010445113 0.086591661 0.024664192 0.995883763
1341846316.669925 0.210649058 -0.009743908 0.008450467 0.011643918 0.083843172 0.028575586 0.996001065
1341846316.705941 0.206030712 -0.010159373 0.007888272 0.015879935 0.084038951 0.029126950 0.995910048
1341846316.738062 0.188105360 -0.010295067 0.005360305 0.018821189 0.085025005 0.028842613 0.995783389
1341846316.770433 0.183869332 -0.005199744 0.004691469 0.018555101 0.083919570 0.029863529 0.995852113
1341846316.805932 0.183659926 -0.013779786 0.013816591 0.018315587 0.083368398 0.029092405 0.995925605
1341846316.838029 0.170300424 -0.006002274 0.019474218 0.020648599 0.082621284 0.030251307 0.995907724
1341846316.870034 0.156339660 -0.011363656 0.018494254 0.020615723 0.079937540 0.031120582 0.996100605
1341846316.906344 0.145547330 -0.013399641 0.011334833 0.021432409 0.077235587 0.029969145 0.996331811
1341846316.937940 0.139302731 -0.008344566 0.008381538 0.021941928 0.076131955 0.026930040 0.996492505
1341846316.973994 0.131469727 -0.007712975 0.012299219 0.021057893 0.074242659 0.027935579 0.996626377
1341846317.005913 0.131005108 -0.014606650 0.014146671 0.019246375 0.070933886 0.028783049 0.996879876
1341846317.037936 0.118512183 -0.017791787 0.014463995 0.018994801 0.068994746 0.029087244 0.997011960
1341846317.073972 0.115400746 -0.022162613 0.011475610 0.019971816 0.066753350 0.030241521 0.997111082
1341846317.106113 0.099461704 -0.025942225 0.013899360 0.021943403 0.066184469 0.033311743 0.997009754
1341846317.137887 0.091346093 -0.018134555 0.013211757 0.026020607 0.059972133 0.037019953 0.997173905
1341846317.173970 0.076178245 -0.019237299 0.004385152 0.027023314 0.053883445 0.039461143 0.997401178
1341846317.205887 0.073195204 -0.022414193 0.015368602 0.026645288 0.050848763 0.040377747 0.997533977
1341846317.248131 0.065940216 -0.024517111 0.009401508 0.027858246 0.048107184 0.042596649 0.997544527
1341846317.306289 0.054376464 -0.022110345 0.012102454 0.029518772 0.042030517 0.046231683 0.997609496
1341846317.348137 0.052724287 -0.024532313 0.014998002 0.030474758 0.042804576 0.047108274 0.997506857
1341846317.410120 0.046492793 -0.017236423 0.022134691 0.033207651 0.041199032 0.054472737 0.997112155
1341846317.442569 0.035941925 -0.024817381 0.017496392 0.034785416 0.042479038 0.055480234 0.996949077
1341846317.474010 0.030100916 -0.026369715 0.018910456 0.040207803 0.042807106 0.058296110 0.996570349
1341846317.509927 0.016700692 -0.017043713 0.006809955 0.043881420 0.041139890 0.062257644 0.996245921
1341846317.542282 0.014169115 -0.014839454 0.011898583 0.043119851 0.037932135 0.062306985 0.996403337
1341846317.573943 0.016759869 -0.021316215 0.008442814 0.042326961 0.037979268 0.060525224 0.996545374
1341846317.610159 0.008266419 -0.022266515 0.015857499 0.045109343 0.040164724 0.061474852 0.996279478
1341846317.643553 -0.013356930 -0.021242822 0.011394102 0.047489990 0.041125726 0.063549012 0.995999455
1341846317.677993 -0.028228745 -0.019877207 0.025652256 0.048793975 0.038666889 0.066583693 0.995836675
1341846317.709996 -0.027246960 -0.025700908 0.019347999 0.050505329 0.035420738 0.066598423 0.995871127
1341846317.741834 -0.039770167 -0.013238620 0.027836094 0.051952120 0.035141882 0.066252790 0.995829582
1341846317.777923 -0.058163982 -0.014935310 0.029297089 0.049717780 0.035298947 0.063201562 0.996136367
1341846317.810021 -0.073742904 -0.020048240 0.034756176 0.048785914 0.034935798 0.060536608 0.996360719
1341846317.841886 -0.075833030 -0.012703478 0.021286260 0.048873529 0.032706104 0.059741523 0.996480167
1341846317.878017 -0.077702314 -0.012378946 0.026902117 0.046566632 0.032147065 0.056026466 0.996824503
1341846317.909910 -0.076998703 -0.017999386 0.024845557 0.045477301 0.032312557 0.053068481 0.997031331
1341846317.946031 -0.087051623 -0.019621477 0.028655937 0.046581712 0.033371378 0.054310795 0.996878505
1341846317.978041 -0.100075305 -0.027249910 0.029131843 0.047806121 0.032818742 0.055055544 0.996798098
1341846318.009897 -0.100589983 -0.020890839 0.034510437 0.050871622 0.032700542 0.053394616 0.996740520
1341846318.045949 -0.110948183 -0.014923417 0.034205813 0.051667836 0.034008104 0.052461121 0.996705413
1341846318.078074 -0.131284922 -0.019238533 0.030181585 0.050513349 0.033567782 0.050941177 0.996858358
1341846318.109894 -0.142634735 -0.020287545 0.025627811 0.050078165 0.029763909 0.047963504 0.997148812
1341846318.145957 -0.141242877 -0.019373726 0.031257804 0.049417157 0.027063189 0.045336038 0.997381628
1341846318.178001 -0.155688912 -0.023472499 0.023943352 0.048385728 0.028101761 0.042421967 0.997531712
1341846318.214074 -0.167570442 -0.031174010 0.018623710 0.048004210 0.026387256 0.041988652 0.997615278
1341846318.245970 -0.171680003 -0.028151564 0.028086375 0.051888797 0.020229014 0.042952370 0.997523606
1341846318.278018 -0.189506888 -0.038991392 0.013386816 0.054603621 0.016338268 0.042578369 0.997466087
1341846318.313937 -0.196111873 -0.023576248 0.042226851 0.058061704 0.010298366 0.041689601 0.997388959
1341846318.345989 -0.189645380 -0.025017757 0.044201873 0.059484605 -0.000215317 0.041007422 0.997386575
1341846318.382046 -0.198959887 -0.026905019 0.051239792 0.061262265 -0.006040986 0.040045556 0.997299731
1341846318.414072 -0.217238784 -0.024583992 0.050608817 0.063328691 -0.010833054 0.038468625 0.997192204
1341846318.446035 -0.220455498 -0.023975573 0.051008634 0.065631814 -0.017489446 0.038497459 0.996947587
1341846318.482196 -0.230621144 -0.028327741 0.041690536 0.066201076 -0.019739704 0.040229071 0.996799588
1341846318.514144 -0.236251175 -0.027128097 0.048997767 0.066616580 -0.021261670 0.041700576 0.996680140
1341846318.546259 -0.249276355 -0.035327464 0.044711415 0.067414582 -0.022341313 0.040747702 0.996642232
1341846318.582042 -0.253782868 -0.027436739 0.040240847 0.069644652 -0.022554150 0.040851492 0.996479869
1341846318.614115 -0.271504700 -0.026455043 0.036263831 0.069548011 -0.021696873 0.039098002 0.996575952
1341846318.650038 -0.278199315 -0.027433526 0.031712912 0.069113493 -0.022700164 0.035934590 0.996702909
1341846318.682350 -0.290135145 -0.029874148 0.033432730 0.068146683 -0.022567231 0.033000749 0.996873975
1341846318.714063 -0.302657068 -0.031077702 0.026895132 0.067537650 -0.023096235 0.032227181 0.996928573
1341846318.749905 -0.306748927 -0.033436269 0.027020402 0.068517148 -0.023557026 0.034052014 0.996790349
1341846318.782036 -0.314792514 -0.039675083 0.030006271 0.069550462 -0.024483586 0.037947431 0.996555686
1341846318.814121 -0.317763001 -0.035098985 0.026588349 0.069705747 -0.030467477 0.037094381 0.996411979
1341846318.850072 -0.322524011 -0.035915092 0.018615428 0.069926523 -0.036528163 0.034711611 0.996278584
1341846318.883516 -0.341564059 -0.054863606 0.000751063 0.071270756 -0.043351363 0.034618855 0.995912969
1341846318.918047 -0.339720786 -0.041748904 0.016125537 0.075916052 -0.056949332 0.031828552 0.994977593
1341846318.950044 -0.372375458 -0.046786766 0.000551429 0.077317156 -0.063898399 0.029201208 0.994528234
1341846318.982028 -0.378908455 -0.046290897 0.000832699 0.078705661 -0.067477822 0.026605606 0.994255662
1341846319.018123 -0.388101041 -0.049098540 0.009029102 0.078208879 -0.072637305 0.025121398 0.993969858
1341846319.050745 -0.390269816 -0.051941432 0.020053163 0.079984479 -0.079152949 0.024157826 0.993354797
1341846319.081905 -0.383593321 -0.047640231 0.024776094 0.085961007 -0.080407813 0.023075545 0.992780328
1341846319.117976 -0.408236653 -0.039422348 0.020098396 0.088733688 -0.078754820 0.028290914 0.992533922
1341846319.150093 -0.408722311 -0.047594726 0.024267048 0.089846246 -0.083836280 0.035955317 0.991769314
1341846319.186069 -0.404669136 -0.035132602 0.013636656 0.092185244 -0.085398167 0.035980795 0.991420448
1341846319.218149 -0.400318861 -0.011743790 0.003463306 0.090184689 -0.080971517 0.035121627 0.992006421
1341846319.250034 -0.411807805 -0.016922666 0.009182826 0.083946981 -0.074680328 0.033881061 0.993090034
1341846319.286594 -0.438555539 -0.030505268 0.020334508 0.081152141 -0.070065588 0.036991201 0.993547559
1341846319.318034 -0.443546593 -0.031211283 0.014495812 0.081970930 -0.069372669 0.040058162 0.993410051
1341846319.350268 -0.451635331 -0.037997551 0.015853286 0.081848390 -0.069271050 0.047809910 0.993084371
1341846319.386163 -0.457524031 -0.040339757 -0.032502875 0.082977310 -0.073498577 0.057418805 0.992177308
1341846319.418386 -0.461478502 -0.032199703 -0.019411903 0.084889382 -0.079092138 0.056466233 0.991639912
1341846319.453961 -0.466672927 -0.028896429 -0.016083047 0.085706025 -0.081122480 0.052614946 0.991617501
1341846319.486271 -0.476651102 -0.029852364 -0.024348762 0.084544249 -0.081132010 0.052267678 0.991734803
1341846319.554083 -0.492544532 -0.030147163 -0.017214656 0.079698354 -0.087126285 0.049937252 0.991747677
1341846319.586296 -0.508329749 -0.031540845 -0.011042997 0.079871856 -0.086532637 0.046949338 0.991931617
1341846319.622031 -0.527685523 -0.032446094 -0.026026480 0.078198902 -0.089037172 0.043631837 0.991994739
1341846319.653962 -0.534398973 -0.037994254 -0.012158163 0.077422395 -0.094249435 0.043070745 0.991598547
1341846319.686352 -0.536774755 -0.039747976 -0.015974015 0.078965470 -0.098307461 0.044560414 0.991016865
1341846319.721992 -0.544651031 -0.033373225 -0.020854428 0.080177411 -0.102275491 0.045513216 0.990474522
1341846319.754063 -0.550178111 -0.023077771 -0.025467508 0.077531561 -0.104403943 0.045120656 0.990481019
1341846319.786397 -0.551291943 -0.023457509 -0.012122504 0.073211797 -0.104910016 0.049087271 0.990567684
1341846319.822008 -0.561069667 -0.024606917 -0.018602841 0.069762595 -0.105229840 0.053329304 0.990563333
1341846319.853917 -0.564591408 -0.023526881 -0.013833053 0.064891912 -0.106232472 0.057201385 0.990571380
1341846319.889942 -0.567080379 -0.034354061 -0.010779120 0.061107866 -0.107123196 0.062545724 0.990393102
1341846319.922039 -0.580421686 -0.047647223 -0.001160040 0.059916716 -0.111442313 0.064920373 0.989836335
1341846319.953946 -0.577491760 -0.049514499 0.012052402 0.060617860 -0.118017159 0.061215200 0.989267468
1341846319.990054 -0.579557776 -0.045905396 0.008864477 0.063774087 -0.120536469 0.053863265 0.989192903
1341846320.028122 -0.582732975 -0.047255877 -0.001759142 0.065708302 -0.123992160 0.053289831 0.988670051
1341846320.090047 -0.567449093 -0.032930985 0.014521271 0.072167836 -0.132265940 0.052869137 0.987168849
1341846320.122011 -0.559235334 -0.032440439 0.012503460 0.072705321 -0.130124003 0.054145280 0.987344921
1341846320.157952 -0.546024799 -0.032111779 -0.000956893 0.072836645 -0.127911448 0.053638384 0.987651944
1341846320.190003 -0.531231821 -0.043499000 0.017391339 0.074981816 -0.125529245 0.052953009 0.987834036
1341846320.221941 -0.525769889 -0.038656957 -0.001194470 0.079060942 -0.121560872 0.053462986 0.987984836
1341846320.258015 -0.520203352 -0.046945848 0.018899888 0.082978241 -0.120610178 0.056376211 0.987618089
1341846320.289887 -0.510648072 -0.053652115 0.021041743 0.088099621 -0.121537656 0.056674995 0.987043560
1341846320.321954 -0.498199046 -0.052673884 0.012864575 0.097282842 -0.122601315 0.055767268 0.986100912
1341846320.357890 -0.480286092 -0.038764983 0.011391699 0.102790646 -0.123161294 0.057765067 0.985357046
1341846320.390064 -0.470801145 -0.041595392 0.033319347 0.104609907 -0.119579345 0.058528323 0.985561788
1341846320.426544 -0.449557066 -0.046188634 0.049829096 0.107259125 -0.113078229 0.054029465 0.986300945
1341846320.458122 -0.446952581 -0.041890014 0.072273560 0.108024433 -0.105390348 0.051971804 0.987179101
1341846320.490186 -0.413474709 -0.052180432 0.012594007 0.109459981 -0.098750256 0.052011129 0.987705290
1341846320.525911 -0.393839389 -0.048543215 0.001004972 0.114462622 -0.090620592 0.047362231 0.988151312
1341846320.558091 -0.414023846 -0.045001842 0.044731744 0.116147228 -0.086436838 0.043408509 0.988511086
1341846320.594093 -0.410208702 -0.051837947 0.054963171 0.117102258 -0.081310287 0.039927572 0.988979995
1341846320.631955 -0.378018767 -0.037542127 0.050182927 0.120222360 -0.074516214 0.040821977 0.989104390
1341846320.664916 -0.365457416 -0.032788202 0.058092728 0.120420784 -0.072887771 0.039363384 0.989260733
1341846320.699927 -0.345038533 -0.042877913 0.027180124 0.119352497 -0.069855057 0.037359752 0.989686549
1341846320.731822 -0.340149939 -0.039538980 0.022284437 0.122188382 -0.061944757 0.035630070 0.989930987
1341846320.763877 -0.347513497 -0.021441756 0.007424768 0.120033786 -0.060392544 0.037152983 0.990234435
1341846320.799999 -0.330080837 -0.040846664 0.037040353 0.112086356 -0.062065046 0.031772450 0.991249263
1341846320.831871 -0.310893774 -0.029953841 0.001569528 0.115312688 -0.049892839 0.026230857 0.991728663
1341846320.863887 -0.323781133 -0.027667850 0.032201827 0.113303229 -0.041311700 0.027260086 0.992326856
1341846320.900014 -0.313650638 -0.040387567 0.035402458 0.105506018 -0.046828099 0.033486426 0.992750823
1341846320.931889 -0.282783777 -0.048255339 0.045773208 0.106746502 -0.047572613 0.031896636 0.992635190
1341846320.967866 -0.290003896 -0.021753179 0.036839779 0.107593171 -0.041079793 0.028166654 0.992946565
1341846321.000017 -0.287029445 -0.027380768 0.039051518 0.101204515 -0.040744614 0.026410230 0.993680060
1341846321.031860 -0.264443368 -0.038230665 0.037275538 0.098561890 -0.041028839 0.024847789 0.993974209
1341846321.068047 -0.256699473 -0.031495307 0.037631102 0.099333659 -0.037466094 0.022377079 0.994096756
1341846321.099840 -0.253400266 -0.032410942 0.036972754 0.096835889 -0.035983589 0.023009298 0.994383454
1341846321.131821 -0.233138546 -0.044917859 0.032195337 0.096467793 -0.034916241 0.024750115 0.994415522
1341846321.167887 -0.225297913 -0.039086264 0.036993556 0.099507920 -0.031003831 0.025343433 0.994230688
1341846321.200042 -0.222498253 -0.036056109 0.035765365 0.099849686 -0.028259048 0.024744194 0.994293332
1341846321.231950 -0.209258333 -0.042229343 0.040740162 0.098940417 -0.027740225 0.023708822 0.994424045
1341846321.267939 -0.194098428 -0.037392337 0.031760477 0.099611901 -0.026099997 0.018840225 0.994505584
1341846321.299948 -0.185288250 -0.040025692 0.039331369 0.098241091 -0.021810006 0.013160908 0.994836569
1341846321.331858 -0.183425844 -0.043646850 0.038156476 0.098254271 -0.018725788 0.009377737 0.994940937
1341846321.367913 -0.161852181 -0.051581949 0.035648845 0.099095754 -0.016891882 0.005301540 0.994920373
1341846321.399897 -0.155964032 -0.044808153 0.041465234 0.101539642 -0.011588375 0.003920196 0.994756281
1341846321.435994 -0.154162794 -0.047466718 0.048254665 0.102944195 -0.007819941 0.003507958 0.994650185
1341846321.467946 -0.139221355 -0.048242088 0.044811949 0.104579225 -0.006040413 0.004741874 0.994486928
1341846321.499882 -0.131979436 -0.047296807 0.046107531 0.106044941 -0.002801701 0.004359267 0.994347811
1341846321.536109 -0.112588249 -0.039399330 0.030551583 0.106001355 0.001786341 0.001867174 0.994362652
1341846321.568960 -0.119268857 -0.031424996 0.046473324 0.103333242 0.009418217 -0.001740741 0.994600713
1341846321.603938 -0.110104278 -0.040204950 0.044015706 0.099265762 0.011599359 -0.001721252 0.994991839
1341846321.637163 -0.064539865 -0.030344736 0.022269979 0.097240441 0.014229305 -0.001164578 0.995158494
1341846321.668306 -0.082502715 -0.024200182 0.052158087 0.093372636 0.025173612 0.000897238 0.995312512
1341846321.704411 -0.101355009 -0.037685007 0.054445293 0.089011118 0.027372770 0.008182546 0.995620847
1341846321.736861 -0.088663608 -0.035933431 0.057179715 0.088147245 0.024494549 0.016572960 0.995668352
1341846321.771881 -0.075590923 -0.020036090 0.053718090 0.086522080 0.024178557 0.020950738 0.995736122
1341846321.804114 -0.065075062 -0.025026351 0.054370657 0.081879236 0.026006291 0.024323748 0.996005952
1341846321.836152 -0.066661663 -0.018451987 0.056377400 0.079286046 0.028888825 0.024181055 0.996139765
1341846321.871882 -0.064339206 -0.010923013 0.057399716 0.074296676 0.030437075 0.021911114 0.996530712
1341846321.904074 -0.056038551 -0.014103055 0.058882218 0.067653723 0.031507369 0.019044291 0.997029364
1341846321.939847 -0.050710272 -0.018586520 0.065314099 0.063423373 0.034196693 0.016361127 0.997266471
1341846322.004094 -0.058431789 -0.023091782 0.067205377 0.056420177 0.032762170 0.016007284 0.997741044
1341846322.066178 -0.039304648 -0.030259617 0.068365559 0.051395234 0.036769338 0.013278473 0.997912943
1341846322.107979 -0.042652756 -0.045846961 0.070568897 0.048495483 0.039015297 0.012044461 0.997988462
1341846322.166164 -0.044328187 -0.066869460 0.067973405 0.051362474 0.039034139 0.011942322 0.997845471
1341846322.202932 -0.038555522 -0.068735398 0.068469621 0.053242609 0.036100883 0.012352418 0.997852325
1341846322.234093 -0.037604399 -0.072806872 0.066242419 0.052113466 0.034392718 0.010669208 0.997991681
1341846322.265941 -0.038229872 -0.080645777 0.066491827 0.049724232 0.031639498 0.011077347 0.998200238
1341846322.301996 -0.028184567 -0.097763345 0.065936528 0.047341987 0.029239621 0.012071022 0.998377740
1341846322.333949 -0.039970264 -0.109179512 0.067945123 0.046575669 0.028253425 0.011263647 0.998451591
1341846322.369871 -0.033216611 -0.125158861 0.072155178 0.047055967 0.022723911 0.007199101 0.998607755
1341846322.402292 -0.017508864 -0.137361601 0.066817082 0.048937302 0.023029599 0.002652105 0.998532772
1341846322.433955 -0.028199483 -0.163728952 0.070378050 0.053074688 0.025389941 -0.002153946 0.998265386
1341846322.470030 -0.026380965 -0.170233637 0.073598780 0.061510019 0.020774573 0.001559837 0.997889042
1341846322.502433 -0.016341450 -0.183620781 0.066593200 0.067525886 0.017346716 0.003826936 0.997559369
1341846322.534002 -0.004438967 -0.204375356 0.068832025 0.075095125 0.016213940 0.006394349 0.997024000
1341846322.570196 -0.015128554 -0.207200304 0.068093866 0.085774727 0.016604343 0.007190374 0.996150255
1341846322.601920 -0.015550992 -0.213880062 0.058295973 0.091112621 0.013768241 0.011755866 0.995676041
1341846322.638119 -0.003150907 -0.230583072 0.066076502 0.096345246 0.010112552 0.010688027 0.995239198
1341846322.669947 0.004790869 -0.236127436 0.064634770 0.101162791 0.013139652 0.009570335 0.994737089
1341846322.702026 -0.006494817 -0.249523997 0.065196961 0.103694186 0.015484505 0.011741905 0.994419336
1341846322.738006 -0.002353029 -0.242790386 0.060783606 0.105926760 0.012416926 0.012947606 0.994212091
1341846322.770087 0.006335165 -0.263910741 0.069040477 0.105301648 0.012710397 0.013568281 0.994266510
1341846322.806047 -0.003582515 -0.280235231 0.070953675 0.108098842 0.012619630 0.015668735 0.993936598
1341846322.838063 -0.005478243 -0.281893373 0.071944147 0.110353246 0.007946341 0.017868903 0.993700027
1341846322.870081 -0.000556045 -0.294754654 0.078421481 0.112417050 0.002828069 0.018176371 0.993490815
1341846322.906018 0.011465033 -0.292346478 0.089586169 0.117978968 0.001239251 0.018356951 0.992845654
1341846322.938349 0.011081660 -0.277303576 0.085481420 0.119244345 0.002354887 0.019465260 0.992671311
1341846322.970069 0.012292070 -0.283140659 0.088712707 0.114347085 0.001890842 0.021247128 0.993211806
1341846323.011820 0.019757506 -0.301602930 0.092607722 0.111166328 0.001709964 0.022243034 0.993551373
1341846323.073951 0.015183445 -0.300011039 0.093761913 0.108822644 0.001970040 0.026212920 0.993713558
1341846323.105962 0.020445684 -0.321502388 0.095532864 0.105176724 0.001639946 0.026410228 0.994101465
1341846323.138158 0.019821314 -0.322818995 0.098863825 0.105997860 0.001744393 0.022672450 0.994106352
1341846323.174092 0.013968593 -0.322754562 0.094936460 0.104096465 0.001783971 0.021378476 0.994335830
1341846323.206059 0.025134712 -0.329686999 0.093521282 0.101063073 0.000634668 0.019072484 0.994696975
1341846323.238053 0.027099958 -0.333828360 0.084233731 0.098906979 0.003555787 0.016524451 0.994953096
1341846323.273997 0.005570183 -0.333008558 0.091937467 0.094754368 0.004942532 0.017346142 0.995337248
1341846323.305946 0.016676696 -0.349021077 0.092245556 0.089067280 0.000350784 0.018555036 0.995852709
1341846323.342027 0.044335432 -0.365967363 0.097754598 0.086752184 0.000521170 0.017511681 0.996075869
1341846323.374048 0.018192049 -0.367897958 0.091205679 0.087548472 0.005669284 0.017815350 0.995984793
1341846323.405987 0.001558349 -0.379881442 0.084691927 0.086960696 0.002237872 0.023815585 0.995924473
1341846323.441956 0.023810880 -0.392176032 0.096222721 0.088336602 -0.003059010 0.025741201 0.995753288
1341846323.473878 0.027883753 -0.402474642 0.097271971 0.092401214 -0.001859794 0.024436450 0.995420218
1341846323.506129 0.022431733 -0.395539522 0.087547213 0.094964683 -0.001776960 0.022148982 0.995232582
1341846323.541972 0.030781135 -0.396118701 0.087112293 0.093545258 -0.002349050 0.020150026 0.995408297
1341846323.573913 0.048342068 -0.415222704 0.083530642 0.092271551 0.001056051 0.014649158 0.995625556
1341846323.609927 0.033764377 -0.409006476 0.091429234 0.093229286 0.008151309 0.010790245 0.995552838
1341846323.642014 0.022293052 -0.416893691 0.092733711 0.092274070 0.010078636 0.011566685 0.995615423
1341846323.674081 0.020318836 -0.428167641 0.092583150 0.092110179 0.008428001 0.013942567 0.995615542
1341846323.710069 0.020455578 -0.449119896 0.086742274 0.093107246 0.007349789 0.017565038 0.995473981
1341846323.742111 0.020411547 -0.460768312 0.088879585 0.097349301 0.005372546 0.018621270 0.995061576
1341846323.774928 0.025429182 -0.460284084 0.080926046 0.100994349 0.002672462 0.016332859 0.994749367
1341846323.810012 0.026700279 -0.462952107 0.080555700 0.102534398 0.001547214 0.012755894 0.994646490
1341846323.842207 0.030330574 -0.466830254 0.080698021 0.103960015 0.001390020 0.008184345 0.994546831
1341846323.878019 0.025448177 -0.477171630 0.077297240 0.104442373 0.000733325 0.004182145 0.994521916
1341846323.909826 0.027079411 -0.492865473 0.073315814 0.107185066 -0.000801115 -0.000368416 0.994238675
1341846323.942459 0.022938803 -0.492288619 0.067869589 0.111281566 -0.000558348 -0.001174642 0.993788064
1341846323.978055 0.016109744 -0.496708214 0.066695064 0.113358602 -0.003054162 0.000558553 0.993549287
1341846324.015934 0.026874864 -0.497388422 0.066512279 0.117330812 -0.005825820 0.000326941 0.993075728
1341846324.047722 0.030412141 -0.488290071 0.067334324 0.121042922 -0.004506010 -0.000422076 0.992636979
1341846324.083904 0.029610505 -0.473168969 0.070056014 0.121762477 -0.003121624 -0.000273217 0.992554367
1341846324.115968 0.032413881 -0.473736584 0.068806596 0.119302422 -0.001513971 -0.001978052 0.992854834
1341846324.151967 0.038816568 -0.469461620 0.066358939 0.118764721 0.000980948 -0.006352729 0.992901623
1341846324.183941 0.026908685 -0.454923689 0.073740132 0.116427034 0.005906049 -0.011019181 0.993120611
1341846324.219984 0.024550764 -0.452336639 0.075493574 0.112128936 0.007628156 -0.009374827 0.993620217
1341846324.251968 0.022065822 -0.453271598 0.077406950 0.111400217 0.007774089 -0.009934987 0.993695557
1341846324.284052 0.016534654 -0.439105511 0.077938251 0.112212643 0.007395160 -0.010931076 0.993596613
1341846324.319880 0.010636222 -0.421537906 0.072887249 0.111244760 0.004232760 -0.011531897 0.993717134
1341846324.351917 0.014860821 -0.407334298 0.080371924 0.108064093 0.000507458 -0.012588258 0.994064093
1341846324.388001 0.026171461 -0.402279854 0.074966945 0.103707090 0.000136752 -0.016431147 0.994472146
1341846324.419908 0.017915828 -0.385861665 0.081912212 0.099476144 0.003024172 -0.019969791 0.994834960
1341846324.452027 0.014829485 -0.388033539 0.082797311 0.094491541 0.003260293 -0.020071521 0.995317936
1341846324.487928 0.013564665 -0.381631523 0.087879017 0.092818178 0.002700624 -0.016938444 0.995535314
1341846324.519985 0.000006297 -0.373735547 0.087254673 0.091475546 0.001313053 -0.013332156 0.995717168
1341846324.556001 0.000073615 -0.353270620 0.085220724 0.090391397 -0.003728139 -0.009142886 0.995857358
1341846324.587888 0.004958617 -0.342380047 0.090634823 0.086955220 -0.006988547 -0.007017019 0.996163011
1341846324.620086 0.005002632 -0.336756557 0.092318892 0.084676266 -0.009456401 -0.009520300 0.996318161
1341846324.655955 0.009324975 -0.324540854 0.091820292 0.083589211 -0.010760232 -0.010531643 0.996386528
1341846324.688082 0.007110780 -0.322302192 0.095112897 0.082671039 -0.010508868 -0.009780401 0.996473491
1341846324.755922 -0.008215470 -0.283486485 0.103340112 0.084900588 -0.013344493 -0.005782108 0.996283293
1341846324.814016 0.013126432 -0.247245505 0.099696681 0.080326259 -0.020201217 -0.008113556 0.996530890
1341846324.849979 0.001748565 -0.241211876 0.109467290 0.074302182 -0.016432989 -0.010803510 0.997041821
1341846324.881924 -0.008005874 -0.239015728 0.112288967 0.071060851 -0.017239215 -0.011074025 0.997261524
1341846324.913902 -0.002412553 -0.230683997 0.109808289 0.070024326 -0.018911103 -0.007970783 0.997334182
1341846324.949999 -0.003269953 -0.235806748 0.115395702 0.069848262 -0.019147979 -0.004696646 0.997362792
1341846324.981922 -0.019694222 -0.228389561 0.120992541 0.074579023 -0.020664277 -0.001749972 0.996999443
1341846325.018013 -0.016476564 -0.215389490 0.111724377 0.078870460 -0.026084390 0.000929446 0.996543109
1341846325.050079 -0.018981501 -0.199448854 0.111404337 0.080853581 -0.030915732 0.000018587 0.996246397
1341846325.081901 -0.017391872 -0.178490192 0.109911233 0.080924772 -0.036268067 -0.002127955 0.996057868
1341846325.118531 -0.003492684 -0.166588470 0.100916713 0.076557666 -0.038708024 -0.003407212 0.996307671
1341846325.149933 -0.006952655 -0.167747512 0.107372664 0.070335306 -0.036077756 -0.005388733 0.996856213
1341846325.181925 -0.010340599 -0.161754876 0.109438032 0.067192577 -0.034888681 -0.003097113 0.997125030
1341846325.218055 -0.012437521 -0.152569667 0.114752039 0.064755276 -0.034626305 0.000664734 0.997300029
1341846325.249811 -0.014894990 -0.145270333 0.118181229 0.062683381 -0.034676909 0.004404956 0.997421145
1341846325.285925 -0.010685526 -0.133839607 0.117441982 0.060251892 -0.035593051 0.007662719 0.997518957
1341846325.317988 0.000120365 -0.136835009 0.121824913 0.057661559 -0.033528838 0.010199128 0.997720838
1341846325.349844 -0.003446916 -0.141788557 0.124365717 0.060205046 -0.028618436 0.012177198 0.997701406
1341846325.387302 -0.002010019 -0.127132192 0.124967620 0.065266825 -0.026037555 0.015336465 0.997410178
1341846325.417931 0.007312038 -0.120788105 0.123673022 0.068019167 -0.021465374 0.017895799 0.997292519
1341846325.450747 0.018120091 -0.131640717 0.126999348 0.071915001 -0.013885038 0.019450750 0.997124374
1341846325.485954 0.000215298 -0.108770505 0.134519249 0.081514060 -0.006416051 0.021980412 0.996409118
1341846325.517875 -0.013080654 -0.099430874 0.133638278 0.084681869 -0.002524405 0.024857678 0.996094704
1341846325.553859 -0.003776252 -0.095163703 0.132697806 0.087812945 0.000428280 0.023709653 0.995854676
1341846325.585855 -0.017955232 -0.075087495 0.136849597 0.090333819 0.004242754 0.022371992 0.995651186
1341846325.617990 -0.020396955 -0.053687192 0.136651292 0.088238768 0.006012340 0.020494003 0.995870352
1341846325.653982 -0.022396246 -0.072428510 0.139758810 0.083983742 0.007915492 0.017842676 0.996275902
1341846325.685819 -0.022523936 -0.072366171 0.139035746 0.088946722 0.009316958 0.019663293 0.995798707
1341846325.717857 -0.027045736 -0.054144703 0.143300042 0.094188116 0.010644421 0.026352327 0.995148659
1341846325.754083 -0.032735143 -0.055760778 0.144342974 0.096823484 0.011047360 0.029747773 0.994795561
1341846325.786087 -0.025153872 -0.049218018 0.144916341 0.103251129 0.010810879 0.031904172 0.994084716
1341846325.821856 -0.019265616 -0.030637152 0.144161567 0.108089216 0.012176866 0.032964390 0.993519902
1341846325.853827 -0.035273269 -0.024149802 0.147154331 0.108249538 0.013769664 0.036461122 0.993359447
1341846325.885958 -0.042646874 -0.011474952 0.144525215 0.108853996 0.011390585 0.042379968 0.993088603
1341846325.921984 -0.037921034 -0.006953411 0.149464309 0.107864916 0.007052618 0.047145721 0.993022025
1341846325.953899 -0.028647244 -0.003438445 0.153327584 0.110911250 0.007119434 0.048359454 0.992627501
1341846325.985823 -0.032628257 0.009515900 0.156489775 0.113784783 0.010149093 0.052472346 0.992066860
1341846326.021991 -0.038636394 0.009896815 0.158051670 0.116433389 0.010704190 0.058068290 0.991441727
1341846326.054055 -0.032494683 0.023582041 0.159858897 0.121692725 0.009361295 0.062005736 0.990584910
1341846326.089984 -0.029449871 0.041730184 0.157597885 0.124695487 0.011279102 0.060857926 0.990262628
1341846326.121822 -0.033200666 0.052852001 0.163982660 0.124459215 0.015633332 0.058464669 0.990377367
1341846326.154079 -0.035492096 0.053882182 0.168989986 0.124729857 0.017957710 0.056919895 0.990393877
1341846326.190178 -0.037833009 0.065336615 0.168988913 0.127289727 0.017565994 0.059773218 0.989907026
1341846326.222162 -0.041389912 0.084146403 0.170821160 0.127076551 0.015777364 0.066169240 0.989557564
1341846326.259181 -0.045567174 0.093691632 0.173224837 0.123825006 0.013580890 0.069299109 0.989788115
1341846326.322766 -0.039556678 0.116947412 0.180284590 0.116659939 0.012883632 0.068392821 0.990730464
1341846326.359773 -0.037776817 0.121795587 0.180820197 0.112661414 0.014165496 0.066635750 0.991295338
1341846326.392109 -0.035253264 0.116318725 0.188055187 0.110720262 0.016195921 0.067384206 0.991432309
1341846326.423985 -0.041767303 0.122835875 0.188653588 0.114980295 0.017280743 0.072346956 0.990579009
1341846326.459869 -0.046047941 0.141263545 0.190222934 0.117794275 0.014955269 0.075901754 0.990020096
1341846326.526163 -0.029570132 0.182379737 0.205973715 0.118754104 0.015746098 0.074834466 0.989974380
1341846326.560211 -0.032574303 0.188284039 0.211872458 0.113218486 0.019867318 0.075572610 0.990492642
1341846326.591828 -0.032421105 0.190295175 0.211226016 0.109720282 0.021698989 0.077739425 0.990680158
1341846326.627027 -0.034822632 0.194547504 0.203993797 0.109235376 0.023330977 0.076069370 0.990826249
1341846326.658442 -0.035693873 0.213627085 0.200862765 0.107737109 0.027302071 0.073898457 0.991053164
1341846326.694856 -0.042656694 0.224830732 0.210287452 0.104015917 0.030982884 0.074674085 0.991284311
1341846326.726206 -0.044703715 0.238682762 0.212374300 0.098544054 0.032221116 0.072850488 0.991939366
1341846326.762753 -0.032285273 0.255895674 0.215167463 0.092932858 0.034273122 0.069551647 0.992648721
1341846326.826821 -0.040296562 0.285334885 0.219890475 0.078341909 0.040468227 0.065439604 0.993952990
1341846326.858887 -0.039704658 0.286731035 0.231435120 0.069486730 0.041789383 0.064388700 0.994625270
1341846326.895360 -0.043561473 0.283222109 0.231106773 0.066811062 0.041442771 0.067011282 0.994649827
1341846326.926897 -0.049775943 0.295745313 0.233538061 0.069863021 0.038110439 0.066941038 0.994578183
1341846326.958888 -0.038448978 0.311355144 0.230841622 0.072615281 0.034953341 0.070313051 0.994264245
1341846326.994594 -0.035104074 0.320337504 0.224018887 0.072624013 0.035086688 0.073051102 0.994061470
1341846327.026301 -0.031724621 0.332933366 0.220884889 0.070867702 0.035680294 0.073497511 0.994134188
1341846327.063945 -0.029479783 0.336170375 0.226077810 0.067562833 0.037826288 0.070293941 0.994516551
1341846327.094662 -0.029661693 0.347437233 0.233709097 0.067112565 0.040236656 0.066803157 0.994693041
1341846327.128901 -0.034927122 0.358713627 0.239698604 0.066347398 0.041057780 0.064990781 0.994830847
1341846327.161940 -0.038481720 0.374162287 0.235519260 0.065676287 0.040113021 0.064633012 0.994937241
1341846327.193867 -0.031476837 0.379611611 0.240094632 0.064625658 0.041245092 0.062466919 0.995098114
1341846327.229885 -0.030399106 0.393561393 0.232120350 0.065916903 0.044186957 0.061374739 0.994955063
1341846327.262014 -0.018919811 0.409578264 0.252292573 0.066055313 0.048291672 0.057211846 0.995003223
1341846327.294023 -0.033154700 0.401712924 0.242631644 0.066678099 0.062998988 0.051916625 0.994429410
1341846327.330015 -0.007449949 0.438726962 0.247521430 0.072050139 0.068445168 0.049251206 0.993830144
1341846327.361939 -0.024856353 0.448959857 0.254998982 0.069208436 0.076424524 0.042930227 0.993743658
1341846327.393887 -0.024849357 0.460914612 0.258370548 0.068051703 0.078613259 0.036423195 0.993912637
1341846327.429966 -0.032169551 0.506776214 0.253334790 0.069011241 0.077799089 0.039384123 0.993797600
1341846327.461965 -0.044228658 0.507836461 0.264752328 0.059884995 0.075444803 0.036294434 0.994688213
1341846327.497931 -0.026182743 0.503552198 0.261162579 0.054089252 0.071524039 0.034883250 0.995360136
1341846327.530068 -0.034926437 0.513783336 0.267372012 0.052436527 0.073179081 0.038425736 0.995197833
1341846327.561895 -0.040841974 0.520872951 0.275107980 0.050584592 0.071240246 0.043317515 0.995233417
1341846327.598010 -0.046213023 0.525352299 0.278717220 0.051846009 0.068717457 0.047607273 0.995149970
1341846327.629945 -0.046474408 0.550961077 0.280252516 0.053966358 0.062936746 0.047508474 0.995424330
1341846327.662003 -0.039447900 0.551822066 0.283193618 0.053740691 0.059164949 0.044444587 0.995809317
1341846327.697919 -0.048972547 0.567321241 0.281122148 0.055739325 0.059746247 0.044565082 0.995659351
1341846327.730075 -0.052676059 0.583101094 0.277654946 0.051292088 0.059365340 0.045111112 0.995896518
1341846327.766017 -0.055007074 0.592343092 0.283320785 0.046733845 0.059100680 0.046691816 0.996063709
1341846327.797917 -0.039903551 0.628129184 0.281561255 0.045902174 0.055814620 0.049589578 0.996151865
1341846327.830054 -0.039210856 0.633234620 0.285356402 0.038722202 0.055161603 0.049107276 0.996517062
1341846327.865944 -0.037407223 0.632821202 0.287984669 0.033191260 0.056602553 0.048988812 0.996641636
1341846327.898010 -0.043022364 0.643309057 0.293475270 0.030507119 0.058316849 0.050404232 0.996558011
1341846327.929991 -0.043267548 0.650943518 0.294523537 0.025926080 0.056799602 0.048854414 0.996852517
1341846327.966065 -0.039918996 0.667724609 0.293032944 0.022693595 0.056514874 0.046046074 0.997081161
1341846327.998073 -0.039783437 0.679472029 0.295290947 0.016882733 0.057268765 0.044259407 0.997234344
1341846328.034045 -0.041062426 0.681475282 0.298328966 0.010329341 0.058305822 0.042016730 0.997360647
1341846328.065993 -0.044658601 0.676498532 0.293304741 0.003552651 0.059703417 0.042211704 0.997316897
1341846328.098045 -0.049313750 0.654701948 0.301383108 0.000440778 0.060939547 0.041378871 0.997283280
1341846328.133967 -0.050835744 0.657886684 0.299492717 0.004120294 0.059671029 0.045914814 0.997153044
1341846328.166023 -0.055900525 0.652317166 0.299441576 0.003357053 0.057579875 0.046599906 0.997247100
1341846328.198018 -0.049157925 0.636137247 0.292385727 0.001742247 0.053742584 0.043623202 0.997599959
1341846328.234044 -0.050889131 0.630412877 0.290316820 0.005410113 0.052408587 0.042897422 0.997689307
1341846328.265899 -0.051335383 0.618357182 0.287830532 0.007133791 0.050657064 0.043690719 0.997734487
1341846328.302051 -0.048929974 0.596588552 0.283964306 0.008831110 0.050499514 0.043093026 0.997754872
1341846328.333917 -0.047165390 0.581695855 0.281630874 0.011888100 0.049928140 0.046414942 0.997602880
1341846328.366008 -0.053067073 0.565425634 0.278744191 0.017054653 0.050532050 0.042820022 0.997658253
1341846328.402010 -0.057092901 0.546408534 0.275286049 0.029155888 0.053207003 0.045110133 0.997137904
1341846328.433920 -0.045379467 0.522959650 0.276983321 0.031896513 0.049608111 0.045066543 0.997241497
1341846328.470003 -0.038886927 0.493401855 0.265533507 0.029934311 0.047822408 0.038072042 0.997681022
1341846328.502194 -0.031601388 0.470257103 0.261024982 0.031455602 0.049354512 0.030813748 0.997810185
1341846328.534033 -0.034023266 0.444268346 0.255292535 0.031345103 0.052846003 0.027004695 0.997745216
1341846328.570125 -0.031901620 0.414389342 0.269075096 0.031636290 0.052307766 0.032825824 0.997589827
1341846328.602804 -0.040821459 0.394712627 0.269386321 0.037285268 0.047978353 0.037151456 0.997460604
1341846328.672663 -0.035099439 0.350465864 0.250305921 0.045944981 0.035106644 0.033505037 0.997764528
1341846328.702975 -0.021579590 0.339115947 0.243710533 0.048969090 0.030331636 0.032384746 0.997814238
1341846328.770129 -0.022920389 0.304479718 0.238256037 0.057472620 0.028488379 0.026633166 0.997585058
1341846328.802331 -0.023108594 0.286601812 0.235318705 0.058116309 0.025939075 0.026471408 0.997621596
1341846328.838051 -0.014893535 0.277600348 0.233460873 0.063035950 0.023323745 0.022581616 0.997483075
1341846328.869939 -0.020492727 0.271494001 0.230900660 0.062598184 0.022443442 0.022657115 0.997529149
1341846328.904486 -0.014934896 0.265928179 0.234246805 0.059162509 0.019009870 0.022757823 0.997807860
1341846328.939814 -0.011217612 0.237048268 0.242965102 0.061691146 0.016151259 0.021953516 0.997723103
1341846328.970217 -0.005908540 0.231169045 0.227474362 0.065157808 0.013913840 0.026112027 0.997436225
1341846329.006232 -0.004811882 0.222541541 0.222407252 0.066304736 0.011599245 0.030636735 0.997261524
1341846329.038243 0.001252363 0.200998262 0.213955820 0.068963014 0.010234777 0.031155484 0.997080088
1341846329.106125 0.001397103 0.197820947 0.208408043 0.072804406 0.010057013 0.030337404 0.996834040
1341846329.138340 0.003944001 0.166904390 0.208587289 0.072082952 0.008747719 0.027961221 0.996968269
1341846329.169991 0.004762935 0.180285409 0.203319281 0.076218061 0.007920767 0.026616681 0.996704400
1341846329.208656 0.005794892 0.172688708 0.199976757 0.076742142 0.007165350 0.025171705 0.996707439
1341846329.238169 0.010586573 0.172901005 0.196116567 0.076672502 0.005643351 0.025399333 0.996716797
1341846329.273827 0.014087401 0.156637371 0.190201029 0.074108295 0.004426682 0.026364947 0.996891797
1341846329.306052 0.009515667 0.154386595 0.186597168 0.074915305 0.002657984 0.025158994 0.996868968
1341846329.338104 0.014426364 0.154089540 0.181497067 0.071505010 0.000595160 0.023113299 0.997172236
1341846329.373907 0.014612749 0.130979076 0.184832349 0.067246288 -0.000280100 0.021988889 0.997494042
1341846329.405985 0.015729770 0.119932555 0.181193739 0.068399474 -0.001757150 0.019240249 0.997470915
1341846329.442057 0.015591033 0.120104373 0.179368973 0.068342261 -0.002203130 0.015804926 0.997534335
1341846329.473950 0.013200004 0.103355952 0.174101904 0.066687800 -0.002993118 0.009053336 0.997728348
1341846329.506147 0.015337214 0.098625585 0.168171376 0.066848725 -0.005336208 0.006984910 0.997724414
1341846329.542121 0.007905506 0.073421068 0.167966560 0.063667566 -0.007755102 0.006113643 0.997922301
1341846329.574086 0.017438177 0.067595080 0.167645842 0.066897057 -0.010523790 0.005239218 0.997690618
1341846329.606387 0.017623780 0.070642047 0.160628691 0.069902740 -0.011087247 0.003703562 0.997485340
1341846329.641955 0.010866651 0.050891027 0.157380387 0.068144262 -0.012022272 0.004993484 0.997590542
1341846329.681570 0.006411738 0.038275190 0.165816799 0.067226432 -0.014475935 0.004124871 0.997624159
1341846329.748113 0.014138239 0.033379354 0.160688788 0.069588616 -0.014969666 0.001528880 0.997462273
1341846329.810175 0.015392873 0.008051125 0.155224845 0.066948302 -0.012095230 0.007020722 0.997658432
1341846329.842255 0.011959624 -0.002113044 0.159026995 0.068429977 -0.011706845 0.009827895 0.997538805
1341846329.874044 0.009602249 -0.008076349 0.156807542 0.070273615 -0.011551717 0.013515362 0.997369289
1341846329.910073 0.009077496 -0.002686806 0.154941127 0.070889547 -0.011796518 0.015076477 0.997300446
1341846329.942009 0.009265372 -0.004050849 0.155887857 0.066262275 -0.012401928 0.020644084 0.997511566
1341846329.978087 0.010176910 -0.029269099 0.152079791 0.063602082 -0.012711776 0.021299019 0.997667015
1341846330.016305 0.013539974 -0.019991295 0.151436344 0.066237926 -0.011896919 0.019373512 0.997544765
1341846330.048192 0.008682173 -0.013395291 0.148236573 0.062661588 -0.010298421 0.021652497 0.997746766
1341846330.080418 0.008623436 -0.036087036 0.148209691 0.057668719 -0.010358390 0.022828171 0.998021007
1341846330.115886 0.009237867 -0.050910100 0.149418011 0.060131699 -0.008818454 0.023778453 0.997868240
1341846330.147839 0.006174482 -0.037925694 0.143470019 0.062954120 -0.008700367 0.025527366 0.997651935
1341846330.181257 0.005666035 -0.025198907 0.140639812 0.058667846 -0.009149474 0.028625321 0.997825086
1341846330.215852 0.006524779 -0.039804414 0.143951789 0.052059185 -0.008173858 0.028029006 0.998217106
1341846330.247833 0.003188526 -0.047815379 0.144018769 0.049856368 -0.007629014 0.027281052 0.998354614
1341846330.283913 -0.002130700 -0.031529974 0.139529303 0.047373898 -0.007765813 0.027347403 0.998472571
1341846330.316011 -0.002866463 -0.047835603 0.144858435 0.040131688 -0.008738257 0.026820621 0.998796105
1341846330.347868 -0.002628713 -0.057480421 0.141703621 0.037508044 -0.010548776 0.026397500 0.998891890
1341846330.383835 0.001427484 -0.059224900 0.142161101 0.035881028 -0.011299369 0.026719201 0.998934865
1341846330.415934 -0.000833567 -0.073534511 0.141868383 0.034894921 -0.010246121 0.024698699 0.999033153
1341846330.452561 -0.006062577 -0.076086365 0.141770214 0.037578300 -0.010393355 0.023456346 0.998964310
1341846330.483903 -0.008743420 -0.071619332 0.135451898 0.037943747 -0.012199895 0.026542449 0.998852789
1341846330.515970 -0.009128705 -0.080088951 0.137351111 0.036213931 -0.014388370 0.029613201 0.998801529
1341846330.552099 -0.007500726 -0.083750516 0.134474710 0.037424065 -0.015762674 0.032118089 0.998658776
1341846330.583876 -0.010883292 -0.072945707 0.133611411 0.037533451 -0.015847657 0.032261789 0.998648703
1341846330.619992 -0.016031891 -0.056934636 0.124786884 0.033844247 -0.016566895 0.031252425 0.998800993
1341846330.652136 -0.006805632 -0.065259278 0.110196739 0.027416226 -0.018964112 0.030173140 0.998988628
1341846330.683796 -0.009036059 -0.068382770 0.104283765 0.022657057 -0.018601108 0.029316770 0.999140203
1341846330.719991 -0.014268575 -0.083083451 0.097981445 0.019527147 -0.020561090 0.030275527 0.999139309
1341846330.752103 -0.018216889 -0.084959731 0.097323373 0.021646909 -0.024533665 0.034703992 0.998861909
1341846330.787952 -0.022530047 -0.082625955 0.089107119 0.022629464 -0.029158236 0.039013520 0.998556793
1341846330.819823 -0.016296901 -0.081984013 0.088338219 0.022378255 -0.034013558 0.039636619 0.998384297
1341846330.852208 -0.017899342 -0.073801510 0.085164420 0.022406654 -0.035577260 0.040409997 0.998298109
1341846330.914111 -0.022530079 -0.065354690 0.079020061 0.013280677 -0.038629673 0.039837915 0.998370826
1341846330.949903 -0.026114430 -0.074994832 0.079180174 0.009941549 -0.039528422 0.040062603 0.998365462
1341846330.981986 -0.030111600 -0.075728066 0.071880631 0.010741782 -0.044172782 0.041273165 0.998113155
1341846331.014111 -0.029565942 -0.068030223 0.070514597 0.010846257 -0.048064630 0.041039120 0.997941852
1341846331.082139 -0.032397758 -0.072917499 0.062787123 0.012446517 -0.050733559 0.037735585 0.997921467
1341846331.114334 -0.034325413 -0.069162056 0.059333958 0.012345156 -0.052816767 0.037422359 0.997826397
1341846331.149989 -0.032703903 -0.075552329 0.064405762 0.012439107 -0.053878427 0.036340240 0.997808456
1341846331.181954 -0.034836289 -0.078018777 0.055667106 0.015332126 -0.054044805 0.035421927 0.997792244
1341846331.218151 -0.048571520 -0.063623585 0.067959666 0.015604116 -0.056675691 0.035176095 0.997650743
1341846331.249914 -0.037979882 -0.073392689 0.071948394 0.013213196 -0.058824021 0.033478718 0.997619331
1341846331.318141 -0.029806167 -0.072795637 0.072242133 0.023444420 -0.049592458 0.029509690 0.998058200
1341846331.349926 -0.024705455 -0.071301520 0.067192048 0.022334121 -0.047464520 0.028612694 0.998213232
1341846331.382003 0.020842893 -0.089668892 0.091149494 0.024247913 -0.044364873 0.029847080 0.998274982
1341846331.418008 0.009306124 -0.080650270 0.095137089 0.031199208 -0.033577416 0.028797494 0.998533845
1341846331.450327 -0.011302345 -0.069075979 0.079611927 0.034321588 -0.026647998 0.029181505 0.998629212
1341846331.486219 -0.021443065 -0.063429467 0.085431114 0.034641463 -0.023795526 0.029460408 0.998682022
1341846331.518344 -0.008986199 -0.064900167 0.084695294 0.033377573 -0.023989042 0.028747639 0.998741210
1341846331.550202 -0.002470226 -0.073376387 0.095377885 0.034915272 -0.019717697 0.027692623 0.998811901
1341846331.586139 -0.016308239 -0.060152471 0.100592531 0.038023598 -0.017037030 0.027406260 0.998755634
1341846331.617931 -0.011301653 -0.055778705 0.106810726 0.037276439 -0.017488265 0.027818128 0.998764634
1341846331.654027 -0.001423968 -0.065545522 0.111783594 0.037007492 -0.015617257 0.028154556 0.998796165
1341846331.686123 -0.009774320 -0.054424878 0.119862393 0.040072061 -0.011972954 0.029944811 0.998676181
1341846331.717954 -0.016031716 -0.042431787 0.130325735 0.037688125 -0.012616646 0.029779745 0.998766005
1341846331.754076 -0.002648202 -0.056483503 0.139295980 0.034549307 -0.012974931 0.028610384 0.998909116
1341846331.785920 -0.005100528 -0.056125350 0.151460633 0.037625659 -0.009635551 0.026848903 0.998884678
1341846331.818053 -0.011467624 -0.046259481 0.169928461 0.038281240 -0.007875402 0.026423534 0.998886526
1341846331.853849 -0.005495590 -0.053127371 0.173933655 0.036732458 -0.007850103 0.026892362 0.998932362
1341846331.885987 0.003200623 -0.053002790 0.186911002 0.039873637 -0.005936211 0.024833024 0.998878419
1341846331.922014 0.000075767 -0.046836451 0.195431426 0.041784357 -0.002481018 0.023842910 0.998839021
1341846331.954037 0.009553002 -0.044178054 0.207309261 0.041905992 -0.000635774 0.025190270 0.998803735
1341846331.986135 0.015026079 -0.058893248 0.213364691 0.042937517 0.004717237 0.026195716 0.998723090
1341846332.022364 0.001270120 -0.059676774 0.234621927 0.050164636 0.010844333 0.026312185 0.998335361
1341846332.054175 -0.001659344 -0.054161843 0.242906734 0.056503832 0.010979157 0.028391026 0.997938216
1341846332.086502 0.002867525 -0.050276265 0.257439941 0.059504703 0.010525101 0.029943859 0.997723222
1341846332.122051 0.001357165 -0.045392998 0.268593609 0.061554708 0.011743432 0.028762024 0.997620046
1341846332.153983 -0.002922073 -0.030976612 0.285893142 0.060277879 0.011250240 0.026993321 0.997753143
1341846332.190165 -0.007101489 -0.030298071 0.297073424 0.054068998 0.010099831 0.024689596 0.998180807
1341846332.254145 -0.005762103 -0.048571143 0.325458199 0.053274006 0.010225791 0.022272646 0.998279095
1341846332.289948 -0.007501950 -0.043426491 0.337629348 0.055346839 0.009989943 0.024671918 0.998112261
1341846332.322172 -0.006310357 -0.046404924 0.347600877 0.055866893 0.009444960 0.026578287 0.998039663
1341846332.354003 -0.002390280 -0.052256353 0.359682888 0.057967845 0.011014322 0.022823686 0.997996747
1341846332.390180 -0.001372582 -0.041100662 0.366982430 0.060063984 0.015342660 0.020356642 0.997869015
1341846332.422055 -0.006015320 -0.036604181 0.378973365 0.058306884 0.017924313 0.017202780 0.997989535
1341846332.458114 -0.000730177 -0.042334750 0.389079779 0.057355437 0.019840928 0.013067068 0.998071074
1341846332.489993 -0.009733437 -0.035859436 0.401601166 0.058620121 0.022336276 0.015113221 0.997915983
1341846332.522130 -0.017045656 -0.030880837 0.416957200 0.058373351 0.018877394 0.021213735 0.997890890
1341846332.558114 -0.015096867 -0.033979453 0.421495318 0.058395535 0.013550129 0.027506227 0.997822523
1341846332.589874 -0.003080330 -0.023458801 0.425849140 0.058733486 0.009718683 0.032035645 0.997712195
1341846332.621889 -0.002839196 -0.017050296 0.447359502 0.055604484 0.009707870 0.034064379 0.997824371
1341846332.658202 0.003400427 -0.023514867 0.459761739 0.051035013 0.009748326 0.032515489 0.998119771
1341846332.690001 0.003741262 -0.022482114 0.465359837 0.049031157 0.010740750 0.034649421 0.998138309
1341846332.726000 0.001238327 -0.026086356 0.478899926 0.047951378 0.009972057 0.038213219 0.998068631
1341846332.758386 0.005651973 -0.023513854 0.491345406 0.048753131 0.007482005 0.039381292 0.998006165
1341846332.789937 0.013575718 -0.014888864 0.495584786 0.048504427 0.007734412 0.037785199 0.998078048
1341846332.825925 0.018158305 -0.016681496 0.509948850 0.046031043 0.009798408 0.036740229 0.998216093
1341846332.857898 0.020139314 -0.017186373 0.515798390 0.046981618 0.010992377 0.036266826 0.998176634
1341846332.894069 0.019934239 -0.005024139 0.527575612 0.047711164 0.010916810 0.036967207 0.998117208
1341846332.926029 0.026177021 -0.000317656 0.531519711 0.044237483 0.010736345 0.034629926 0.998362899
1341846332.958015 0.027783304 0.000896499 0.544539511 0.041139599 0.013491030 0.031928569 0.998552024
1341846332.994073 0.029952636 0.002401937 0.549711704 0.038169634 0.014524259 0.030383820 0.998703659
1341846333.026545 0.034916222 0.002219211 0.560095727 0.035535913 0.015550788 0.028015921 0.998854578
1341846333.057998 0.043434963 0.003845729 0.565726340 0.034627482 0.016921258 0.028782289 0.998842418
1341846333.094024 0.045184202 0.004556879 0.574513078 0.035027411 0.018472971 0.032149293 0.998698294
1341846333.126095 0.048321649 0.007071465 0.577672839 0.035660360 0.020201432 0.034262814 0.998572171
1341846333.161973 0.053827301 0.015772525 0.582509458 0.035126869 0.022251504 0.035639878 0.998499274
1341846333.195660 0.052630607 0.017164811 0.595034242 0.032796223 0.024892190 0.037777342 0.998437583
1341846333.226331 0.052406587 0.016155161 0.600103796 0.031112254 0.025925901 0.036792018 0.998502016
1341846333.262056 0.052530445 0.031536654 0.598054945 0.029026093 0.026880825 0.033446599 0.998657227
1341846333.294147 0.053162608 0.027063342 0.602496386 0.025293881 0.026640998 0.032690778 0.998790145
1341846333.326100 0.055506561 0.027860109 0.605457842 0.023288647 0.025276568 0.031214021 0.998921633
1341846333.362100 0.059939623 0.035416476 0.605425537 0.020785253 0.024132172 0.029899491 0.999045372
1341846333.394119 0.058676466 0.028099941 0.612686276 0.016784213 0.023440870 0.029756984 0.999141335
1341846333.429974 0.062312692 0.033728722 0.614493489 0.016933391 0.021167472 0.029558232 0.999195457
1341846333.462115 0.066085994 0.029488770 0.615606129 0.015988365 0.021007560 0.028008457 0.999258995
1341846333.494040 0.070226029 0.030378684 0.619192898 0.016970338 0.021229651 0.027311735 0.999257386
1341846333.529953 0.054950602 0.028634546 0.613838553 0.017856387 0.025603024 0.026353763 0.999165237
1341846333.562063 0.072248228 0.031847350 0.622026742 0.018708961 0.024590235 0.028758636 0.999108732
1341846333.594090 0.064926453 0.037490100 0.622785509 0.017913507 0.024686562 0.029733114 0.999092400
1341846333.629994 0.065596946 0.038297091 0.623020172 0.014261414 0.021869274 0.028660856 0.999248147
1341846333.662127 0.069933757 0.035212576 0.619934261 0.010773211 0.020139322 0.028115967 0.999343693
1341846333.697964 0.069700085 0.031415705 0.620173812 0.008842543 0.020448238 0.028816562 0.999336421
1341846333.730092 0.069921881 0.029087476 0.617068648 0.011151199 0.020610832 0.029601676 0.999287009
1341846333.762089 0.069351763 0.030904992 0.612850606 0.012982907 0.021416372 0.031052876 0.999203920
1341846333.798006 0.066381007 0.028532766 0.609153628 0.014132900 0.022257037 0.030658672 0.999182105
1341846333.830055 0.065342464 0.025862338 0.603115797 0.016392540 0.023693388 0.028878994 0.999167621
1341846333.866045 0.059483953 0.029539991 0.599588633 0.018065592 0.025625890 0.027495118 0.999130130
1341846333.897987 0.058329139 0.023320513 0.595044613 0.018780172 0.025713103 0.026401628 0.999144197
1341846333.930099 0.056373276 0.022972170 0.589696884 0.021996154 0.026724556 0.024865739 0.999091446
1341846333.965889 0.056023933 0.022556318 0.584653556 0.024261992 0.027491784 0.024750259 0.999020994
1341846333.997985 0.057425246 0.016808670 0.576888800 0.026231129 0.028089305 0.024274521 0.998966336
1341846334.030076 0.051486954 0.017597280 0.572470546 0.029481102 0.029825637 0.025713012 0.998789310
1341846334.066000 0.047550604 0.017401163 0.565703630 0.031267978 0.029760852 0.027188485 0.998697817
1341846334.097932 0.049791560 0.015550967 0.556354582 0.032867055 0.029394956 0.026783820 0.998668253
1341846334.133884 0.045739979 0.016802825 0.551490724 0.034683857 0.030642450 0.026813034 0.998568535
1341846334.166115 0.038199306 0.016099136 0.544765890 0.034817073 0.029976210 0.027647886 0.998561382
1341846334.198072 0.034172826 0.015578434 0.535733402 0.035406493 0.028800113 0.026822083 0.998597741
1341846334.234097 0.037623003 0.015910897 0.528379202 0.035787251 0.028627841 0.025392581 0.998626530
1341846334.266045 0.033292051 0.015238691 0.523245811 0.035808440 0.030483831 0.026041510 0.998554111
1341846334.297946 0.022617370 0.013367839 0.514463067 0.037097331 0.029711751 0.027288420 0.998497069
1341846334.334036 0.018187784 0.014998712 0.510330915 0.037782095 0.028445674 0.026764676 0.998522401
1341846334.365871 0.021408144 0.018268853 0.498925567 0.037580237 0.028062744 0.025940953 0.998562574
1341846334.401845 0.018678868 0.016567104 0.493509859 0.036029428 0.028769381 0.024943849 0.998625040
1341846334.433864 0.012051290 0.011167716 0.485797554 0.035591222 0.028103067 0.026055384 0.998631358
1341846334.466105 0.010912915 0.015934695 0.477626801 0.036917463 0.026458759 0.026377734 0.998619676
1341846334.502142 0.003106344 0.016046610 0.470893383 0.035554510 0.025785755 0.027155736 0.998665869
1341846334.540153 0.002602166 0.013374504 0.461428821 0.034889963 0.024473146 0.025815858 0.998757899
1341846334.602351 -0.007726913 0.023380172 0.446433544 0.030939559 0.021138195 0.019129373 0.999114633
1341846334.670161 -0.011226090 0.016963866 0.429260463 0.025463255 0.018339125 0.012511128 0.999429226
1341846334.702085 -0.019274376 0.010246737 0.422936410 0.023737995 0.016656417 0.012783011 0.999497712
1341846334.734751 -0.021198809 0.011000069 0.414861441 0.024105167 0.014200710 0.014199400 0.999507725
1341846334.770889 -0.024646126 0.010599548 0.406395942 0.024029097 0.012699503 0.017143786 0.999483585
1341846334.802194 -0.031386651 0.012475688 0.394783229 0.023882857 0.010582359 0.017694896 0.999502122
1341846334.833908 -0.028002432 0.013057366 0.386384398 0.023207549 0.008602344 0.016082903 0.999564290
1341846334.869874 -0.029336885 0.013084957 0.373861611 0.021537980 0.008246296 0.016862728 0.999591768
1341846334.902006 -0.033237386 0.008838471 0.361782074 0.019333266 0.006584598 0.017801937 0.999632895
1341846334.938010 -0.036755301 0.009212191 0.353956968 0.019113852 0.003627507 0.017251654 0.999661863
1341846334.970032 -0.033423208 0.009253936 0.346577644 0.019287806 0.002474331 0.016359312 0.999677062
1341846335.002203 -0.040439956 0.001949538 0.336122364 0.020091996 0.003388112 0.017542327 0.999638498
1341846335.037880 -0.043624811 0.003557093 0.321364939 0.022777896 0.000054359 0.020301403 0.999534369
1341846335.069990 -0.043793790 0.007668557 0.315501839 0.023269363 -0.002820495 0.019647840 0.999532163
1341846335.106038 -0.040475726 0.006961660 0.305414319 0.023671277 -0.001876708 0.018028483 0.999555469
1341846335.138045 -0.047611121 0.004339952 0.295484185 0.025340868 -0.000378774 0.017401408 0.999527335
1341846335.169900 -0.051358521 0.004823538 0.276894420 0.025073532 -0.003032498 0.017952276 0.999519825
1341846335.206091 -0.050490066 0.007271950 0.272517025 0.024701051 -0.005089592 0.015290497 0.999564946
1341846335.239365 -0.047950238 0.001568022 0.265608490 0.024408324 -0.004246554 0.012324211 0.999617100
1341846335.269948 -0.053029656 0.001474349 0.253014445 0.026170135 -0.002583775 0.011196727 0.999591470
1341846335.305972 -0.059941143 -0.001023541 0.241812170 0.027630055 -0.003706405 0.012464309 0.999533653
1341846335.338012 -0.056649409 -0.002190395 0.234373137 0.029054023 -0.005498238 0.014004158 0.999464631
1341846335.374005 -0.051933307 -0.007250811 0.217340395 0.033231776 -0.003961353 0.014360296 0.999336660
1341846335.406025 -0.054323345 -0.005889080 0.208460435 0.040116020 -0.001578157 0.017207831 0.999045551
1341846335.438079 -0.057206012 0.000899171 0.197259143 0.045522243 -0.000619326 0.020182744 0.998759210
1341846335.473998 -0.056836143 0.006710418 0.192246288 0.048327923 0.001020075 0.020734165 0.998615742
1341846335.507038 -0.055331402 0.009846356 0.179029375 0.049314845 0.003238028 0.018851547 0.998600125
1341846335.538040 -0.063375071 0.015665056 0.171396077 0.048992246 0.006226962 0.016661229 0.998640776
1341846335.574119 -0.068922959 0.018138494 0.165010110 0.046657316 0.006337729 0.017376473 0.998739719
1341846335.605970 -0.067040510 0.012701607 0.154683203 0.044808686 0.005185360 0.016848620 0.998840034
1341846335.641978 -0.064487495 0.014025840 0.144128993 0.046052504 0.006119831 0.014230499 0.998818874
1341846335.673993 -0.070610009 0.015186850 0.133673340 0.045665964 0.007202367 0.014075875 0.998831630
1341846335.706178 -0.073570244 0.015835453 0.124693811 0.045350719 0.005753033 0.015017192 0.998841703
1341846335.741982 -0.068572149 0.012154929 0.114594780 0.045310959 0.004804844 0.014208832 0.998860300
1341846335.773960 -0.073389225 0.016110420 0.105080470 0.045461919 0.005629617 0.013697670 0.998856306
1341846335.806271 -0.077424407 0.023778800 0.085708201 0.044540327 0.005693527 0.012709772 0.998910487
1341846335.842031 -0.075959086 0.017903645 0.077380821 0.042074755 0.006451640 0.012873144 0.999010682
1341846335.873966 -0.075857893 0.017960740 0.068571970 0.043102030 0.007801906 0.012153324 0.998966277
1341846335.910005 -0.081454411 0.019812020 0.054564107 0.042378310 0.007784835 0.014160525 0.998970985
1341846335.941936 -0.082641646 0.018669169 0.046802163 0.041309405 0.005691513 0.015019106 0.999017298
1341846335.974198 -0.085362069 0.018693712 0.034030691 0.040927622 0.005094647 0.013142695 0.999062657
1341846336.010032 -0.089986466 0.021029886 0.027675906 0.041034434 0.005430972 0.011575995 0.999075890
1341846336.042129 -0.097514793 0.020941805 0.012853692 0.040025435 0.004361093 0.012018197 0.999116838
1341846336.078076 -0.099266909 0.019147197 0.007257143 0.039986763 0.002524270 0.011050000 0.999135911
1341846336.110739 -0.097616032 0.020946875 -0.000819850 0.040652156 0.002042329 0.009921974 0.999122024
1341846336.142002 -0.102492660 0.019545678 -0.019605990 0.040138602 0.002200217 0.011513983 0.999125361
1341846336.183953 -0.107431874 0.023143848 -0.030727267 0.040041331 -0.000307276 0.012293661 0.999122381
1341846336.241891 -0.107813917 0.024041850 -0.031693105 0.038223151 -0.001091425 0.011543828 0.999201953
1341846336.277946 -0.116081730 0.018505583 -0.034838241 0.038374264 -0.000342907 0.012996879 0.999178827
1341846336.309977 -0.118897252 0.018900195 -0.043268289 0.041092005 -0.002796928 0.015734050 0.999027550
1341846336.346143 -0.122100249 0.025107531 -0.050739605 0.043367594 -0.003888621 0.016260780 0.998919249
1341846336.377975 -0.121448323 0.025702249 -0.059757084 0.044225223 -0.003835103 0.015728544 0.998890400
1341846336.410032 -0.123030499 0.026713187 -0.076564997 0.045021284 -0.003060539 0.016580446 0.998843729
1341846336.446041 -0.125377417 0.029399659 -0.085513160 0.044821702 -0.003587476 0.016113490 0.998858631
1341846336.477990 -0.122349903 0.027922537 -0.089451604 0.043468744 -0.004027310 0.016311433 0.998913527
1341846336.510056 -0.122095361 0.025968123 -0.097161844 0.043629721 -0.003495116 0.016963275 0.998897612
1341846336.546024 -0.124555148 0.025626320 -0.103491098 0.044524331 -0.003390473 0.018824687 0.998825133
1341846336.578003 -0.129593581 0.031518515 -0.114634946 0.044616327 -0.003424465 0.020126995 0.998795569
1341846336.614020 -0.125653863 0.031778887 -0.114682347 0.043875102 -0.003064363 0.019319518 0.998845458
1341846336.645982 -0.133251414 0.038628589 -0.121729076 0.043275759 -0.001359683 0.018581932 0.998889446
1341846336.678036 -0.137757525 0.031660657 -0.128234223 0.040968247 -0.003207109 0.019603400 0.998962998
1341846336.714024 -0.138977721 0.026655924 -0.128656045 0.042204082 -0.005485381 0.019606482 0.998901546
1341846336.746016 -0.144934654 0.022181328 -0.138794795 0.045834463 -0.007367145 0.021901406 0.998681724
1341846336.778014 -0.148374438 0.030705744 -0.150309116 0.048906621 -0.010964721 0.024486102 0.998442948
1341846336.820006 -0.149518266 0.032916371 -0.153269425 0.049575124 -0.014821305 0.026681431 0.998303890
1341846336.882056 -0.155290365 0.031979289 -0.164537728 0.052282341 -0.016771166 0.025373934 0.998169065
1341846336.914273 -0.160392612 0.028625682 -0.182895243 0.054107215 -0.020882921 0.027439440 0.997939587
1341846336.945998 -0.144852698 0.025979862 -0.181134373 0.060424972 -0.028426763 0.030887896 0.997289658
1341846336.981980 -0.148223430 0.044874676 -0.200682983 0.064421348 -0.031898562 0.027610201 0.997030616
1341846337.014238 -0.151694074 0.049029894 -0.202258989 0.061751369 -0.034406867 0.025656216 0.997168362
1341846337.046017 -0.155964375 0.045668498 -0.187363237 0.059488773 -0.035696555 0.020979136 0.997369885
1341846337.082104 -0.157928064 0.046877101 -0.191103533 0.058772612 -0.036155228 0.018338602 0.997447848
1341846337.114317 -0.163752317 0.048108801 -0.193925336 0.057017066 -0.038078591 0.017910037 0.997485995
1341846337.150037 -0.161783800 0.046000354 -0.197611824 0.055210456 -0.039928827 0.016607551 0.997537792
1341846337.181873 -0.158218339 0.046376310 -0.191414267 0.055041503 -0.040065885 0.013115101 0.997593701
1341846337.214073 -0.158974200 0.052103423 -0.203165546 0.052826725 -0.038530167 0.011115022 0.997798204
1341846337.250087 -0.172725618 0.041128002 -0.211385101 0.049393419 -0.039315660 0.012523665 0.997926712
1341846337.282028 -0.170462281 0.041525152 -0.210900947 0.050710663 -0.043596663 0.016030401 0.997632623
1341846337.317920 -0.159347177 0.043997787 -0.212783217 0.050470132 -0.045903787 0.016905997 0.997526824
1341846337.350018 -0.164840192 0.049053863 -0.221729189 0.049281459 -0.044843804 0.016205994 0.997646153
1341846337.382159 -0.161373585 0.042488668 -0.215087220 0.046117380 -0.044767376 0.014243464 0.997830749
1341846337.417941 -0.167505756 0.035779588 -0.217855662 0.046693828 -0.043620802 0.014661792 0.997848630
1341846337.450137 -0.168286502 0.045349412 -0.228543580 0.047705922 -0.045651719 0.015695142 0.997694194
1341846337.482096 -0.162836224 0.038843483 -0.227832213 0.045685723 -0.046176758 0.016958915 0.997743905
1341846337.518008 -0.164554954 0.036265284 -0.226426303 0.046731740 -0.046537302 0.016636599 0.997684181
1341846337.549978 -0.166187093 0.046150841 -0.236542016 0.047438547 -0.047072675 0.014660693 0.997656643
1341846337.585971 -0.165054902 0.042427242 -0.231372342 0.044536289 -0.047555499 0.013914500 0.997778237
1341846337.617903 -0.160793781 0.031295020 -0.224734858 0.045123082 -0.048520595 0.014806302 0.997692525
1341846337.650141 -0.162184507 0.041131064 -0.232870996 0.048140492 -0.048484720 0.013908429 0.997566164
1341846337.686352 -0.161475256 0.046858709 -0.231992692 0.046594676 -0.048368715 0.014196476 0.997641146
1341846337.718002 -0.158729136 0.042502098 -0.225224361 0.044516254 -0.048102308 0.014260944 0.997748017
1341846337.749920 -0.155793548 0.046342973 -0.224616319 0.044536356 -0.046220757 0.013315122 0.997849107
1341846337.786157 -0.155121565 0.052279066 -0.218915910 0.041537877 -0.043535970 0.013650418 0.998094618
1341846337.817945 -0.152683958 0.047933362 -0.208774209 0.039130971 -0.041645572 0.015222743 0.998249829
1341846337.854071 -0.148985460 0.051458269 -0.209294498 0.037920117 -0.038505644 0.014403625 0.998434722
1341846337.885951 -0.155117720 0.056227267 -0.208114311 0.035017427 -0.035694905 0.012572331 0.998669922
1341846337.918223 -0.151278958 0.057591893 -0.196631059 0.030880565 -0.034803882 0.010139321 0.998865485
1341846337.954120 -0.151119977 0.055274665 -0.191117048 0.028536391 -0.033253979 0.009864138 0.998990774
1341846337.985994 -0.148440063 0.062855564 -0.183486775 0.026183799 -0.032540068 0.009984068 0.999077499
1341846338.018107 -0.146357015 0.058073811 -0.176612735 0.022548258 -0.030987101 0.011031134 0.999204516
1341846338.054055 -0.142941654 0.063769586 -0.170151412 0.020592807 -0.029729702 0.009945508 0.999296367
1341846338.085986 -0.136889398 0.059022207 -0.158865243 0.016663777 -0.027000351 0.010497999 0.999441385
1341846338.121875 -0.141023472 0.056316938 -0.154025167 0.014655069 -0.024259729 0.011821127 0.999528348
1341846338.154089 -0.144757509 0.056996197 -0.149598062 0.013813596 -0.023374192 0.014924591 0.999519944
1341846338.186029 -0.141583338 0.058849271 -0.140471369 0.012888417 -0.023981053 0.017575426 0.999474823
1341846338.222071 -0.134183913 0.062487740 -0.131793708 0.011677776 -0.023282170 0.016798047 0.999519587
1341846338.254107 -0.132861495 0.061607204 -0.118986540 0.010050102 -0.021471061 0.017441379 0.999566793
1341846338.290130 -0.132399634 0.055465054 -0.108961552 0.009975908 -0.021377247 0.019400066 0.999533474
1341846338.321952 -0.132388979 0.065004572 -0.102928028 0.010750328 -0.020477725 0.020982530 0.999512315
1341846338.354022 -0.130290911 0.061371401 -0.091241203 0.009922410 -0.019998448 0.021127345 0.999527514
1341846338.389969 -0.131812647 0.067504346 -0.087430164 0.009762431 -0.018765399 0.021409232 0.999547005
1341846338.422377 -0.127139270 0.064845987 -0.073569074 0.007612473 -0.018864479 0.022022355 0.999550521
1341846338.454010 -0.124516912 0.067115672 -0.061247982 0.006710047 -0.019541286 0.021165503 0.999562502
1341846338.489894 -0.124111071 0.065765664 -0.048079349 0.004979387 -0.019848602 0.021538530 0.999558568
1341846338.522066 -0.121132553 0.064465277 -0.040074136 0.005738018 -0.019642472 0.020842485 0.999573350
1341846338.558058 -0.122700393 0.072077706 -0.036286216 0.005545315 -0.019513700 0.020032998 0.999593496
1341846338.589842 -0.116324008 0.069433048 -0.022183003 0.003172696 -0.020230012 0.019878173 0.999592662
1341846338.622019 -0.114684761 0.066554189 -0.009043660 0.003953919 -0.019123411 0.021051003 0.999587655
1341846338.657984 -0.117405765 0.072973862 -0.008448819 0.004519093 -0.018940177 0.022625385 0.999554396
1341846338.690198 -0.114367969 0.075172082 0.000365190 0.002594190 -0.019701825 0.022091161 0.999558449
1341846338.722454 -0.104477391 0.070288524 0.016964175 0.001707451 -0.019476814 0.022462672 0.999556482
1341846338.757945 -0.113729551 0.075781010 0.021917239 0.002151817 -0.018629132 0.024053182 0.999534786
1341846338.790039 -0.108644783 0.078065649 0.037337448 0.000116239 -0.021106174 0.025045499 0.999463439
1341846338.826048 -0.096902721 0.074817322 0.051712509 0.000218897 -0.021178022 0.023581533 0.999497533
1341846338.858027 -0.102800325 0.082521886 0.056187384 0.000599435 -0.018895421 0.022816733 0.999560893
1341846338.889902 -0.100332990 0.078042269 0.064829715 -0.002447271 -0.020084441 0.022302305 0.999546528
1341846338.925948 -0.092462368 0.075476654 0.079988457 -0.003183881 -0.019877106 0.020585692 0.999585390
1341846338.958108 -0.091168001 0.075726040 0.085327022 -0.002936331 -0.017881734 0.019620065 0.999643266
1341846338.990057 -0.089693435 0.073306955 0.097720735 -0.002750307 -0.017958527 0.020572476 0.999623299
1341846339.025928 -0.084382139 0.073120125 0.113789767 -0.000704525 -0.017327670 0.021170015 0.999625444
1341846339.057939 -0.084749497 0.079336017 0.121705547 0.002552645 -0.014645951 0.020740509 0.999674380
1341846339.093927 -0.090563163 0.088594191 0.128595978 0.001967833 -0.014551632 0.021438889 0.999662340
1341846339.126562 -0.081878081 0.092635855 0.135141373 -0.000938160 -0.016311219 0.020669337 0.999652863
1341846339.157969 -0.075342230 0.092096835 0.152809903 -0.003313761 -0.013956251 0.018559635 0.999724865
1341846339.194113 -0.078998655 0.091733038 0.156664521 -0.005837080 -0.012563013 0.020577369 0.999692261
1341846339.228165 -0.078892514 0.097165823 0.163793236 -0.008642362 -0.014326195 0.022017406 0.999617577
1341846339.257998 -0.068637401 0.095305115 0.185199007 -0.011442384 -0.014378627 0.022604110 0.999575615
1341846339.294132 -0.067858942 0.098425686 0.187810272 -0.011435819 -0.011973076 0.023990117 0.999575078
1341846339.326577 -0.073883578 0.102256522 0.191389993 -0.015196624 -0.013034692 0.026644189 0.999444485
1341846339.362269 -0.060967136 0.102300413 0.207105890 -0.019333880 -0.016498916 0.025001543 0.999364257
1341846339.394725 -0.055411048 0.104954585 0.220112562 -0.019997871 -0.014755999 0.024538558 0.999389946
1341846339.462186 -0.049866308 0.102811597 0.234697789 -0.023723522 -0.015890675 0.024154756 0.999300361
1341846339.496743 -0.041844998 0.099861272 0.245364040 -0.021212023 -0.012608255 0.021941608 0.999454677
1341846339.562052 -0.046581242 0.097261824 0.259444803 -0.020264385 -0.008438247 0.023926532 0.999472678
1341846339.595122 -0.034977913 0.100950964 0.272689909 -0.017812647 -0.008964890 0.023450976 0.999526083
1341846339.632085 -0.031060277 0.103267886 0.280795991 -0.016398704 -0.005482985 0.021142637 0.999626935
1341846339.664568 -0.030862663 0.103006601 0.288589299 -0.016163686 -0.002583737 0.019065460 0.999684215
1341846339.698896 -0.029631745 0.101366989 0.298440725 -0.016485255 -0.001424018 0.018013772 0.999700844
1341846339.731977 -0.027806522 0.101387128 0.306564569 -0.016203186 -0.001042008 0.016256243 0.999736011
1341846339.762241 -0.021313924 0.102559090 0.319592476 -0.015503329 -0.000135398 0.015951468 0.999752581
1341846339.797873 -0.020781575 0.097223885 0.326466799 -0.016222941 0.000284198 0.017884923 0.999708414
1341846339.830245 -0.014304495 0.097442023 0.332839906 -0.016339362 -0.000789110 0.017994286 0.999704301
1341846339.862015 -0.011947434 0.098401666 0.338174552 -0.016757809 -0.000625850 0.017756402 0.999701738
1341846339.897797 -0.007146832 0.098544627 0.349429667 -0.017723102 0.000230068 0.017584492 0.999688268
1341846339.929916 -0.007301095 0.091150984 0.354751170 -0.018748971 0.001573856 0.018927692 0.999643803
1341846339.961960 -0.003404643 0.089705616 0.365021288 -0.017611569 0.000778059 0.019904487 0.999646485
1341846339.997845 0.005515671 0.091291532 0.369261831 -0.016240589 0.001095839 0.020722501 0.999652743
1341846340.029925 0.005341311 0.091965877 0.373388499 -0.015071187 0.003712710 0.020809431 0.999662936
1341846340.066044 0.007006360 0.088580042 0.380403697 -0.013399204 0.005033429 0.022683322 0.999640226
1341846340.098009 0.008653827 0.093219362 0.390551031 -0.011959141 0.005590544 0.023076879 0.999646485
1341846340.130102 0.012801012 0.093441293 0.397118598 -0.012551441 0.005158759 0.022250704 0.999660313
1341846340.166041 0.016166290 0.090955228 0.399860650 -0.011891534 0.007356670 0.020092720 0.999700308
1341846340.197867 0.012872414 0.092255615 0.410983562 -0.010543319 0.010569281 0.019592611 0.999696553
1341846340.229904 0.015874280 0.095546871 0.417108864 -0.011470536 0.010001073 0.019761425 0.999688864
1341846340.265859 0.020150080 0.090522856 0.422652066 -0.012638808 0.010865875 0.019190578 0.999676883
1341846340.298061 0.023161244 0.091723025 0.429339141 -0.010400685 0.012946310 0.019562654 0.999670684
1341846340.334063 0.019119633 0.096888170 0.434694171 -0.010895439 0.012805498 0.020800395 0.999642253
1341846340.366064 0.028341897 0.089142822 0.444514543 -0.013242428 0.009909523 0.020641873 0.999650121
1341846340.397995 0.028911717 0.090452380 0.447120160 -0.011180740 0.010797767 0.020474615 0.999669552
1341846340.433895 0.030769590 0.088784933 0.447499990 -0.011020827 0.010290056 0.021385634 0.999657571
1341846340.465959 0.031364195 0.088971406 0.458488911 -0.010272986 0.008165817 0.023224896 0.999644101
1341846340.501858 0.036003187 0.090053536 0.455784917 -0.009361158 0.004286767 0.023739034 0.999665141
1341846340.534329 0.041779261 0.092684396 0.455267251 -0.008579397 0.002554906 0.022858186 0.999698639
1341846340.566041 0.046827223 0.087750509 0.458488077 -0.007826881 0.001279331 0.023792546 0.999685466
1341846340.601909 0.051503517 0.088784225 0.457488865 -0.005217603 0.000541865 0.024202863 0.999693274
1341846340.634005 0.055043478 0.092685752 0.451944917 -0.003925437 -0.000262461 0.023038557 0.999726832
1341846340.666028 0.059236888 0.088391073 0.447597235 -0.004771786 -0.000019980 0.021063067 0.999766767
1341846340.701946 0.061684806 0.088350721 0.448813170 -0.002662867 0.001444254 0.018621102 0.999822021
1341846340.733954 0.064023919 0.091185316 0.443016022 -0.001422677 0.002894690 0.017186720 0.999847114
1341846340.770081 0.063711680 0.091453336 0.441942036 -0.002308304 0.003381755 0.014957434 0.999879718
1341846340.801980 0.066913061 0.090255044 0.439463824 -0.002185694 0.004364371 0.008723965 0.999950051
1341846340.833999 0.067551047 0.094184652 0.436964542 -0.002096795 0.006567496 0.005390158 0.999961674
1341846340.870013 0.066745579 0.091565534 0.441570967 -0.003667874 0.006412619 0.003957762 0.999964893
1341846340.901955 0.069605820 0.087675825 0.439550966 -0.003230099 0.005953063 0.003608254 0.999970555
1341846340.933918 0.067039937 0.088264197 0.438067436 -0.001243598 0.005609816 0.006641348 0.999961436
1341846340.970122 0.066361338 0.090001687 0.433477432 0.000236354 0.002633891 0.011270168 0.999933004
1341846341.001922 0.064278200 0.086388290 0.432579964 0.001246364 -0.000936177 0.016397927 0.999864340
1341846341.037923 0.067726195 0.089041077 0.427912593 0.002827597 -0.003612365 0.018611103 0.999816239
1341846341.070300 0.068562537 0.088514797 0.426214516 0.003159657 -0.004585672 0.019248798 0.999799192
1341846341.102028 0.065742053 0.086951792 0.422803819 0.002785076 -0.005889469 0.019637542 0.999785900
1341846341.137982 0.064982235 0.085184187 0.418943733 0.002662176 -0.007496985 0.019565500 0.999776900
1341846341.170048 0.066158481 0.086099550 0.416315317 0.003430390 -0.008066799 0.020538853 0.999750614
1341846341.202110 0.067445353 0.083237655 0.413681865 0.004714759 -0.008377972 0.022027770 0.999711156
1341846341.237996 0.067661710 0.083658651 0.409221947 0.006440516 -0.008198135 0.022859862 0.999684334
1341846341.269883 0.068259403 0.084110238 0.406997174 0.007558968 -0.007830161 0.023120282 0.999673426
1341846341.306107 0.067011364 0.085011519 0.405791193 0.008181102 -0.008450180 0.022428179 0.999679267
1341846341.338109 0.068013273 0.085235476 0.399898350 0.009287173 -0.007885082 0.020070018 0.999724329
1341846341.370120 0.067119040 0.085475728 0.401006520 0.009815587 -0.006530109 0.017246358 0.999781728
1341846341.406074 0.063989729 0.083874688 0.401821524 0.009525499 -0.005956075 0.017296420 0.999787271
1341846341.438113 0.063169368 0.079159237 0.401520997 0.010409284 -0.007674267 0.017325968 0.999766231
1341846341.470024 0.065123662 0.081526726 0.399397135 0.013439639 -0.007958804 0.015450857 0.999758601
1341846341.506077 0.061112486 0.086883500 0.398229688 0.013737135 -0.006849438 0.014560973 0.999776125
1341846341.538156 0.059763920 0.081563734 0.393400878 0.012229433 -0.008491260 0.014889405 0.999778271
1341846341.574016 0.061232433 0.083925508 0.395505309 0.013589457 -0.010904211 0.015798666 0.999723375
1341846341.612466 0.060752131 0.086859211 0.390474230 0.014320132 -0.011470931 0.016312022 0.999698579
1341846341.643972 0.058962371 0.087323867 0.389440626 0.013401353 -0.012685073 0.015485347 0.999709785
1341846341.679982 0.055248521 0.082358003 0.388360947 0.012694505 -0.013646279 0.015712116 0.999702811
1341846341.712332 0.053125344 0.084272668 0.387751848 0.013555552 -0.015751343 0.018469641 0.999613404
1341846341.744185 0.055857994 0.082337573 0.383606493 0.013766511 -0.017902087 0.020571243 0.999533296
1341846341.780061 0.055393454 0.085402280 0.382984310 0.014470671 -0.018592788 0.022273965 0.999474227
1341846341.842595 0.061461344 0.079387441 0.377443105 0.016203921 -0.019780656 0.026761988 0.999314725
1341846341.906227 0.061896786 0.076980397 0.373133242 0.019471722 -0.020411162 0.031539422 0.999104321
1341846341.942069 0.065130338 0.070532233 0.370851964 0.022101868 -0.020871980 0.034018625 0.998958766
1341846341.974775 0.063735969 0.072843246 0.369738370 0.025736032 -0.020912332 0.035673339 0.998813152
1341846342.010161 0.060426600 0.073021926 0.367690891 0.026438158 -0.021926261 0.037613153 0.998701930
1341846342.042024 0.065995604 0.066949829 0.367666602 0.027727954 -0.022898721 0.037369762 0.998654246
1341846342.080032 0.066631645 0.073600978 0.361308187 0.030727118 -0.020502526 0.037013981 0.998631775
1341846342.112265 0.062102046 0.067352399 0.360219330 0.030302981 -0.019463269 0.039264902 0.998579562
1341846342.147954 0.064538196 0.062476747 0.363220125 0.032253794 -0.020956583 0.041378189 0.998402894
1341846342.179852 0.067969650 0.064585038 0.359600633 0.035263672 -0.020679997 0.042599596 0.998255491
1341846342.211848 0.068083279 0.068023369 0.362413555 0.036396995 -0.020138575 0.042411871 0.998233914
1341846342.247920 0.067136467 0.064652413 0.355811328 0.037053604 -0.019757686 0.040902141 0.998280346
1341846342.279870 0.070999734 0.063311405 0.356782287 0.038338393 -0.019786099 0.041759007 0.998195827
1341846342.316068 0.070748135 0.064262196 0.354084015 0.039751958 -0.019509468 0.042693671 0.998106420
1341846342.347894 0.073051751 0.067007691 0.355711937 0.040445071 -0.019810464 0.042718679 0.998071551
1341846342.379953 0.073540084 0.064853422 0.352414370 0.040264316 -0.019206643 0.043219648 0.998069108
1341846342.416195 0.069425814 0.065547831 0.352712721 0.040932275 -0.018407770 0.043792602 0.998032033
