1341846313.592026 0.000000000 0.000000000 0.000000000 0.000000000 0.000000000 0.000000000 1.000000000
1341846313.654184 0.007530909 -0.003293080 0.000815725 -0.001182561 -0.003205534 0.005005126 0.999981642
1341846313.686156 0.015943399 -0.000442092 0.007768106 0.000224256 -0.005759079 0.004614373 0.999972761
1341846313.721918 0.021113077 0.007061342 0.010968577 0.000950906 -0.007028900 0.005148549 0.999961615
1341846313.753994 0.027384493 0.004082850 0.015194400 -0.000073955 -0.007796353 0.005956995 0.999951839
1341846313.789969 0.037003286 0.002595279 0.011923233 0.000892115 -0.008838614 0.004394638 0.999950886
1341846313.822075 0.050877649 0.008373851 0.003636135 0.001526198 -0.008671441 0.004115772 0.999952734
1341846313.853928 0.058427494 0.006080835 0.003040577 0.000557401 -0.006630411 0.003276476 0.999972522
1341846313.890011 0.062537223 0.008265855 0.004303428 0.000779574 -0.004555407 0.003824128 0.999981999
1341846313.922055 0.072543018 0.012826637 0.003100506 -0.001005622 -0.005244706 0.005273057 0.999971807
1341846313.957927 0.094523109 0.003414114 -0.016876632 -0.004045324 -0.003108267 0.007441922 0.999959290
1341846313.990058 0.089844435 0.000988018 -0.004312237 -0.005809794 0.004835969 0.009742407 0.999924004
1341846314.022042 0.090961635 0.018523443 -0.003810523 -0.005943238 0.006777541 0.008016868 0.999927223
1341846314.057816 0.100137964 0.018082539 0.008745978 -0.009293439 0.009058409 0.008315871 0.999881208
1341846314.089801 0.107939050 0.008969300 0.009496599 -0.009693784 0.014608702 0.007874527 0.999815285
1341846314.122037 0.118228666 0.021077149 0.004851170 -0.009479760 0.016844817 0.013040976 0.999728084
1341846314.157989 0.116647050 0.020103792 0.018805597 -0.011867195 0.021065284 0.011562268 0.999640763
1341846314.190094 0.125318035 0.019336242 0.016343696 -0.011612045 0.024520081 0.013552472 0.999539971
1341846314.225969 0.143375069 0.029532451 0.006373190 -0.012908002 0.024712687 0.018318105 0.999443412
1341846314.257923 0.143811688 0.023705527 0.011459042 -0.015344538 0.027475949 0.017859269 0.999345124
1341846314.290052 0.154481620 0.024197228 0.018345062 -0.014142008 0.027806301 0.017288795 0.999363780
1341846314.325981 0.164670065 0.030544147 0.018777527 -0.014402638 0.028115954 0.016545385 0.999363959
1341846314.357905 0.172394618 0.033157434 0.039750755 -0.014820875 0.031158535 0.013583676 0.999312282
1341846314.389899 0.172705352 0.036652479 0.042065371 -0.012766774 0.034483217 0.012662910 0.999243498
1341846314.427905 0.182033479 0.044181176 0.039471541 -0.012004266 0.035576250 0.012811040 0.999212742
1341846314.493987 0.197253048 0.014670884 0.011317370 -0.014274693 0.044463679 0.006635532 0.998886943
1341846314.526085 0.192183748 0.016040297 -0.009129858 -0.014004784 0.047753222 0.003322744 0.998755455
1341846314.558292 0.199939966 0.016442820 0.002823403 -0.015389994 0.050516661 0.003243804 0.998599350
1341846314.594085 0.214332938 0.015982578 0.006166916 -0.013677976 0.054027595 0.002475129 0.998442709
1341846314.626096 0.212199509 0.019099418 0.003274547 -0.013301911 0.058841553 0.004327970 0.998169303
1341846314.658455 0.221901849 0.023483543 0.009629438 -0.014930527 0.060204994 0.004295139 0.998065114
1341846314.694004 0.235728145 0.021677779 0.018216114 -0.014603485 0.062761977 0.001797329 0.997920036
1341846314.725910 0.233688384 0.018411452 0.014235115 -0.010806205 0.066856548 0.007348624 0.997677028
1341846314.761942 0.235215947 0.014932269 0.011907525 -0.007534653 0.067374296 0.011232848 0.997636080
1341846314.794030 0.254651636 0.010304227 0.020601042 -0.005177906 0.068045877 0.012883488 0.997585535
1341846314.826092 0.268704593 0.015283001 0.004902352 -0.002613637 0.070882723 0.013456086 0.997390449
1341846314.862145 0.273686975 0.018522000 0.003823943 -0.002236272 0.074481174 0.014018215 0.997121394
1341846314.894072 0.283219099 0.013163929 0.008004487 -0.003404078 0.077857085 0.017113026 0.996811807
1341846314.925969 0.285507143 0.022057991 0.014907736 -0.002434934 0.080741413 0.021130202 0.996508121
1341846314.961937 0.285097182 0.025905188 0.015312273 -0.005044808 0.081783824 0.025152661 0.996319890
1341846314.994564 0.296327472 0.025370490 0.016776629 -0.008474736 0.081643343 0.024328247 0.996328592
1341846315.029900 0.310567975 0.027778251 0.027318869 -0.008345913 0.084135957 0.021788409 0.996181071
1341846315.061965 0.307205409 0.024935005 0.025215890 -0.009236132 0.087387457 0.025147010 0.995814085
1341846315.094388 0.311457664 0.025351591 0.030777130 -0.009010024 0.086371511 0.025552185 0.995894492
1341846315.129851 0.323536038 0.022076221 0.014403708 -0.007626907 0.085563935 0.024508117 0.996002018
1341846315.161941 0.319661766 0.046094518 -0.007560153 -0.007518010 0.086090140 0.026870288 0.995896578
1341846315.197984 0.315807372 0.044273518 0.001205936 -0.014597852 0.084884331 0.021848477 0.996044278
1341846315.230076 0.326886415 0.034078639 0.010005325 -0.018831775 0.083228104 0.018869350 0.996173918
1341846315.262069 0.330844581 0.034415815 0.017015342 -0.022163326 0.080464892 0.022915319 0.996247530
1341846315.298000 0.342447490 0.023860671 0.022308402 -0.024945296 0.075887918 0.024281390 0.996508479
1341846315.329931 0.359520942 0.007859421 0.031094436 -0.023020750 0.072787017 0.028383166 0.996677697
1341846315.361981 0.364497304 0.013961405 0.029259235 -0.017123204 0.071994074 0.031139191 0.996771812
1341846315.397962 0.366628349 0.019619871 0.030257981 -0.013649157 0.072583996 0.034670178 0.996666074
1341846315.429923 0.376225621 0.019707503 0.023066591 -0.010908236 0.073729046 0.036118045 0.996564388
1341846315.466047 0.401249200 0.042400144 0.026438463 -0.007577466 0.074132405 0.040144239 0.996411264
1341846315.497883 0.397622019 0.041326929 0.028378576 -0.008571831 0.077943414 0.044468030 0.995928645
1341846315.530008 0.394293785 0.039850067 0.032817572 -0.008920750 0.080103137 0.045067940 0.995727241
1341846315.566108 0.395293534 0.038522355 0.025831237 -0.010132588 0.081722245 0.045890719 0.995546460
1341846315.597986 0.394341350 0.034681328 0.030486256 -0.010427929 0.083503023 0.044758864 0.995447218
1341846315.630109 0.397235572 0.035296991 0.032454282 -0.010395340 0.084104627 0.043621771 0.995447397
1341846315.666042 0.401910394 0.040550284 0.024664395 -0.010826044 0.085441202 0.042923149 0.995359361
1341846315.698114 0.406488895 0.049222745 0.021695301 -0.014790609 0.088059954 0.040759072 0.995171070
1341846315.733985 0.402644694 0.031103941 0.037499808 -0.019607084 0.091524452 0.043475114 0.994660139
1341846315.766041 0.397758394 0.032150928 0.022297993 -0.019518431 0.089889288 0.043176502 0.994823992
1341846315.798188 0.392132312 0.036782734 0.029574372 -0.019922845 0.090109825 0.040004101 0.994928598
1341846315.834140 0.390512586 0.032484122 0.035662740 -0.019485693 0.092317015 0.038993940 0.994775057
1341846315.866751 0.388306469 0.027971890 0.035595730 -0.017584538 0.093852609 0.038668718 0.994679451
1341846315.898492 0.381245166 0.022354234 0.037408516 -0.016449895 0.095323764 0.037393644 0.994607687
1341846315.936901 0.381867796 0.018911557 0.045718729 -0.014103527 0.095984720 0.036684584 0.994606614
1341846315.966572 0.367955357 0.012911017 0.038982511 -0.011338027 0.099049143 0.035780128 0.994374454
1341846316.034204 0.360329211 0.010864037 0.017297767 -0.007919860 0.098991029 0.034819402 0.994447410
1341846316.066113 0.355818182 0.012050348 0.019882716 -0.005240629 0.098831013 0.035467412 0.994458139
1341846316.101867 0.343812495 0.013561119 0.007620454 -0.003964607 0.098336592 0.036763266 0.994466007
1341846316.134066 0.331826895 0.014683732 0.003602412 -0.004285800 0.095945574 0.033555519 0.994811594
1341846316.202049 0.316970557 0.005415554 0.012341667 -0.004861298 0.091756955 0.029158887 0.995342553
1341846316.233979 0.314145952 0.010993884 0.007576577 -0.003802095 0.090192080 0.027336031 0.995541930
1341846316.270052 0.316419929 0.014192787 0.005461190 -0.004752503 0.090180293 0.025743818 0.995581329
1341846316.301915 0.305353671 0.003115250 0.011022456 -0.005426079 0.092268161 0.022677926 0.995461106
1341846316.334208 0.293864727 0.005325823 0.018619668 -0.003729041 0.092293337 0.024069810 0.995433927
1341846316.370006 0.290762424 0.001911686 0.016098268 -0.001853408 0.090811007 0.024308572 0.995569706
1341846316.401994 0.274139047 0.005973881 0.016543936 0.000187133 0.091688037 0.026016802 0.995447814
1341846316.438069 0.273654640 0.005722154 0.022000518 0.002550185 0.090372071 0.028453430 0.995498300
1341846316.470076 0.265292108 0.001009949 0.024170849 0.006547976 0.090138718 0.031501334 0.995409369
1341846316.502034 0.249959558 0.008337128 -0.002559055 0.009054373 0.088612877 0.031084161 0.995539844
1341846316.537975 0.265304565 0.011015976 0.015475601 0.006980986 0.082862020 0.031926192 0.996025026
1341846316.570121 0.236319333 -0.001670541 0.011502821 0.005688647 0.085411943 0.027963437 0.995936990
1341846316.601885 0.231153607 -0.003689839 0.018253401 0.007578655 0.084801205 0.026749106 0.996009946
1341846316.638009 0.221907392 -0.005469117 0.007358693 0.009834589 0.083788998 0.027988113 0.996041834
1341846316.669925 0.229062304 -0.008859595 0.017984718 0.011835676 0.081475265 0.028294576 0.996203363
1341846316.705941 0.214444801 -0.012687861 0.014929630 0.015896497 0.082508802 0.028743578 0.996048927
1341846316.738062 0.200505286 -0.007304242 -0.013478827 0.018511329 0.082954168 0.031800058 0.995873809
1341846316.770433 0.195333183 0.000834303 -0.002982192 0.018462010 0.082147814 0.030719636 0.995975494
1341846316.805932 0.181568414 -0.009623656 -0.002378259 0.018324148 0.083146743 0.029758750 0.995924354
1341846316.838029 0.171188653 -0.008122108 0.001776252 0.019741423 0.081925616 0.031599101 0.995941758
1341846316.870034 0.154438108 -0.013341367 0.005517103 0.019668760 0.079548843 0.032461174 0.996108115
1341846316.906344 0.143171057 -0.012073132 0.005104354 0.021034587 0.077201016 0.030055299 0.996340454
1341846316.937940 0.149287209 -0.008006825 0.002689840 0.021544604 0.074354522 0.028626403 0.996588051
1341846316.973994 0.133889154 -0.006371930 0.014174653 0.020814495 0.073618971 0.027581220 0.996687651
1341846317.005913 0.117957398 -0.007111004 0.024097987 0.019657362 0.071956359 0.026043950 0.996873915
1341846317.037936 0.104412764 -0.011753907 0.034717128 0.019574365 0.070689365 0.025093434 0.996990561
1341846317.073972 0.111141905 -0.015269087 0.032172062 0.020569852 0.066975601 0.026991654 0.997177303
1341846317.106113 0.092356250 -0.016457880 0.048954912 0.023429293 0.066877276 0.030758765 0.997011721
1341846317.137887 0.082608327 -0.018511014 0.039345875 0.025691044 0.061257299 0.034165930 0.997206211
1341846317.173970 0.081334457 -0.012642434 0.026203508 0.027467031 0.053415820 0.038941495 0.997434616
1341846317.205887 0.074368112 -0.014769693 0.013399061 0.027260814 0.050972980 0.039917178 0.997529566
1341846317.248131 0.073884696 -0.016187798 0.003306625 0.028566154 0.046632167 0.043252729 0.997566342
1341846317.306289 0.067141473 -0.015806744 0.005340889 0.030223766 0.040048994 0.047989145 0.997586906
1341846317.348137 0.061211098 -0.015184921 0.007623439 0.031562496 0.041363917 0.048210856 0.997481108
1341846317.410120 0.038064424 -0.013228015 0.017340885 0.033130687 0.042160347 0.053361449 0.997134626
1341846317.442569 0.033993818 -0.023268813 0.020915598 0.035056151 0.042461712 0.055069383 0.996963143
1341846317.474010 0.023707159 -0.025147282 0.015631922 0.040606100 0.043115333 0.058438897 0.996532559
1341846317.509927 0.010640094 -0.015773701 0.011870544 0.044055834 0.041615527 0.062408876 0.996208966
1341846317.542282 -0.001627683 -0.010280299 0.008606172 0.043913737 0.039090369 0.063063510 0.996276319
1341846317.573943 -0.006816628 -0.019098867 0.009355851 0.042958234 0.040376019 0.060340904 0.996435344
1341846317.610159 -0.016408209 -0.020419659 0.011840663 0.045414336 0.042748664 0.061456356 0.996159256
1341846317.643553 -0.032155938 -0.019116824 0.015812673 0.047758985 0.042865332 0.063572139 0.995911777
1341846317.677993 -0.034464076 -0.016222367 0.023429006 0.049181394 0.038639978 0.068372063 0.995697439
1341846317.709996 -0.035124134 -0.016491940 0.025229236 0.052148275 0.035688654 0.068114370 0.995674312
1341846317.741834 -0.031198505 -0.006067159 0.026773930 0.053378072 0.033260360 0.069107533 0.995624781
1341846317.777923 -0.036486812 -0.007032475 0.028136643 0.051687218 0.031697359 0.071222290 0.995615959
1341846317.810021 -0.029295901 -0.008115046 0.031068077 0.051470593 0.027869210 0.070767134 0.995774090
1341846317.841886 -0.033348795 -0.013850207 0.027074404 0.049253486 0.026285274 0.069181941 0.996040702
1341846317.878017 -0.005745304 -0.010977127 0.026697066 0.047277436 0.019878360 0.064606965 0.996591985
1341846317.909910 -0.003505932 -0.007762646 0.029338958 0.047231041 0.020273268 0.060059741 0.996870637
1341846317.946031 0.021689771 -0.010204093 0.029665643 0.047126617 0.014828484 0.058938801 0.997038305
1341846317.978041 0.027678406 -0.012490322 0.027525792 0.048633788 0.011630162 0.060482822 0.996915936
1341846318.009897 0.038888611 -0.015679996 0.027773481 0.050026618 0.008830192 0.057697043 0.997040808
1341846318.045949 0.047057338 -0.023591885 0.026330840 0.048609626 0.007747693 0.057034850 0.997157991
1341846318.078074 0.076870881 -0.028639650 0.029572763 0.046299513 -0.000081475 0.053133529 0.997513473
1341846318.109894 0.083880767 -0.026546454 0.029427016 0.046695773 -0.006386217 0.051110890 0.997580290
1341846318.145957 0.081410281 -0.025829811 0.028289847 0.046154343 -0.008771230 0.049449783 0.997671068
1341846318.178001 0.090248771 -0.027782422 0.031063803 0.045127828 -0.011069713 0.046345264 0.997844219
1341846318.214074 0.109101608 -0.025947995 0.031853266 0.045907099 -0.017302137 0.043465853 0.997849643
1341846318.245970 0.126034498 -0.022390593 0.035138328 0.049751997 -0.027108306 0.043173056 0.997459769
1341846318.278018 0.137418091 -0.023980934 0.035825454 0.053041216 -0.035193805 0.043576624 0.997020125
1341846318.313937 0.159378439 -0.024479833 0.032078732 0.054273464 -0.046847951 0.042743064 0.996510267
1341846318.345989 0.166412964 -0.015974276 0.031409845 0.057608288 -0.057954442 0.042380292 0.995754242
1341846318.382046 0.172271982 -0.017601708 0.033029769 0.059403576 -0.066812836 0.040515896 0.995171189
1341846318.414072 0.181519121 -0.006179998 0.028838351 0.062991239 -0.076715991 0.042549737 0.994150996
1341846318.446035 0.193144917 0.010063101 0.025496593 0.068709783 -0.085250787 0.041967146 0.993101180
1341846318.482196 0.211697817 0.009511072 0.024738792 0.069324546 -0.091098107 0.035902049 0.992777050
1341846318.514144 0.224682748 0.012055050 0.028312959 0.070022590 -0.095946923 0.036667231 0.992243171
1341846318.546259 0.229537338 0.006753840 0.028346891 0.070346445 -0.098659433 0.036469452 0.991961539
1341846318.582042 0.235871419 0.009239592 0.024912938 0.072136521 -0.100630812 0.036705315 0.991626203
1341846318.614115 0.249802336 0.010278963 0.020871233 0.071816631 -0.104814559 0.035983216 0.991242409
1341846318.650038 0.253273249 0.010847120 0.021696590 0.071930230 -0.107175589 0.034665711 0.991028607
1341846318.682350 0.257404596 0.006582282 0.018357757 0.070889346 -0.109582923 0.034315947 0.990852475
1341846318.714063 0.285232186 0.020507477 0.012537930 0.071906120 -0.115585499 0.027927946 0.990297675
1341846318.749905 0.288419485 0.021169249 0.012483455 0.072791457 -0.117394879 0.030044321 0.989958167
1341846318.782036 0.324130654 0.031790394 0.012656815 0.075636886 -0.124871187 0.026123518 0.988940716
1341846318.814121 0.301487327 0.031792268 -0.014782757 0.074919842 -0.127008721 0.033898417 0.988487065
1341846318.850072 0.304972529 0.029391490 -0.016121797 0.075495921 -0.134991601 0.033934511 0.987383425
1341846318.883516 0.331139565 0.053614691 -0.024086282 0.081516601 -0.147220284 0.030039592 0.985281110
1341846318.918047 0.303045988 0.057399590 -0.031474739 0.086257309 -0.154419973 0.032405090 0.983699203
1341846318.950044 0.309324771 0.061128102 -0.042701349 0.087366737 -0.165589318 0.030948803 0.981829584
1341846318.982028 0.324271679 0.076876506 -0.032488525 0.092789151 -0.169108033 0.031680495 0.980708420
1341846319.018123 0.318560272 0.079579704 -0.025612205 0.093806975 -0.173495978 0.030049967 0.979896069
1341846319.050745 0.271764606 0.080557108 -0.049346477 0.093528792 -0.174337089 0.032812756 0.979684770
1341846319.081905 0.325602174 0.050668862 -0.060956888 0.093552575 -0.182222396 0.029008359 0.978366733
1341846319.117976 0.295645416 0.066955671 -0.066076949 0.099106953 -0.177053511 0.034949884 0.978574634
1341846319.150093 0.256970018 0.064167701 -0.080626599 0.099311188 -0.175272658 0.045084368 0.978460073
1341846319.186069 0.211406618 0.084680587 -0.091340050 0.103490651 -0.173612893 0.048065688 0.978180945
1341846319.218149 0.174919218 0.079019666 -0.122837082 0.098750599 -0.164864942 0.049234431 0.980124354
1341846319.250034 0.130194589 0.084878996 -0.133986652 0.093387604 -0.153648749 0.050130703 0.982424438
1341846319.286594 0.081780925 0.084324002 -0.152313560 0.090537891 -0.143947318 0.053922094 0.983958602
1341846319.318034 0.046278927 0.079638928 -0.156442195 0.090713628 -0.139067456 0.058241870 0.984397888
1341846319.350268 0.007447947 0.077277109 -0.163321361 0.090873584 -0.133779496 0.066062875 0.984622121
1341846319.386163 -0.035440985 0.070716515 -0.171133772 0.091858141 -0.132023171 0.074775800 0.984144568
1341846319.418386 -0.083794512 0.069525793 -0.188193411 0.093085282 -0.131529525 0.078780398 0.983782887
1341846319.453961 -0.124117598 0.066142544 -0.203382745 0.093335584 -0.129602343 0.078314804 0.984052062
1341846319.486271 -0.157709509 0.056545414 -0.218080387 0.090910494 -0.123422563 0.077643231 0.985126257
1341846319.554083 -0.168652475 0.065860249 -0.220569819 0.086895168 -0.129804313 0.078413494 0.984607220
1341846319.586296 -0.196405128 0.077393569 -0.225759611 0.088920414 -0.127495989 0.075791873 0.984933257
1341846319.622031 -0.216190696 0.076384269 -0.230825305 0.088212192 -0.128196955 0.073290728 0.985095263
1341846319.653962 -0.264059663 0.073246270 -0.228256971 0.087620914 -0.127266169 0.072046928 0.985360384
1341846319.686352 -0.274429888 0.066694543 -0.240372196 0.087809511 -0.129860908 0.074407406 0.984829545
1341846319.721992 -0.276777208 0.071446344 -0.249444038 0.088998280 -0.133991063 0.076265104 0.984027088
1341846319.754063 -0.280207276 0.084669739 -0.265909165 0.087488309 -0.136461571 0.075477824 0.983883679
1341846319.786397 -0.286904722 0.079182111 -0.262327731 0.082134649 -0.136235461 0.079212904 0.984082878
1341846319.822008 -0.301654577 0.077565864 -0.259449601 0.079057895 -0.135639444 0.084068738 0.984014332
1341846319.853917 -0.310020834 0.073500670 -0.270886511 0.073309898 -0.135972455 0.087788485 0.984088600
1341846319.889942 -0.320578903 0.058334883 -0.262520105 0.068296738 -0.135296866 0.093101606 0.984054089
1341846319.922039 -0.268702567 0.085962743 -0.276671380 0.070148706 -0.148473129 0.093606956 0.981973827
1341846319.953946 -0.247299552 0.072737142 -0.275210679 0.068982437 -0.157346353 0.090111732 0.981001258
1341846319.990054 -0.243532598 0.075260438 -0.277030736 0.072079562 -0.161418140 0.082576163 0.980780244
1341846320.028122 -0.231160656 0.170579836 -0.112815261 0.091622829 -0.173910871 0.078915238 0.977308869
1341846320.090047 -0.173224419 0.196430147 -0.093749911 0.099980228 -0.189453021 0.078258976 0.973646283
1341846320.122011 -0.164426178 0.197865009 -0.095671773 0.100133039 -0.188295722 0.076457225 0.973998129
1341846320.157952 -0.149655789 0.190020278 -0.094235778 0.099267870 -0.186857641 0.077681929 0.974266708
1341846320.190003 -0.127739727 0.177170306 -0.090127230 0.099987127 -0.185849458 0.073793538 0.974688172
1341846320.221941 -0.103437394 0.187866926 -0.063952371 0.106257461 -0.185404792 0.076243803 0.973920524
1341846320.258015 -0.082217067 0.152361065 -0.081045017 0.103776619 -0.185569704 0.076725505 0.974118829
1341846320.289887 -0.075195491 0.150574118 -0.068585783 0.110446878 -0.186476693 0.076695293 0.973214090
1341846320.321954 -0.023967724 0.139366597 -0.067023166 0.116761960 -0.193686455 0.076935716 0.971047401
1341846320.357890 0.012244798 0.180041999 -0.033485137 0.127781928 -0.198799029 0.077006027 0.968617976
1341846320.390064 0.068596050 0.177951738 -0.021150272 0.128535762 -0.202799827 0.077099353 0.967680991
1341846320.426544 0.013786074 0.160598129 -0.120656557 0.126273513 -0.179947183 0.074950002 0.972654343
1341846320.458122 0.080107592 0.165739119 -0.097105660 0.127949774 -0.181448236 0.070784412 0.972468495
1341846320.490186 0.134966388 0.163883805 -0.069216475 0.131224900 -0.181288347 0.068630956 0.972216189
1341846320.525911 0.221235573 0.126816943 -0.048823044 0.130231753 -0.181860492 0.066482596 0.972392142
1341846320.558091 0.255071878 0.132301718 -0.035077929 0.132491365 -0.181837931 0.062050421 0.972384036
1341846320.594093 0.299271822 0.139906526 -0.005124226 0.136097401 -0.182461306 0.055560928 0.972161710
1341846320.631955 0.285120457 0.135848522 -0.001186699 0.137764528 -0.171664163 0.055728510 0.973882258
1341846320.664916 0.296399504 0.154062212 0.010141946 0.140145689 -0.171144262 0.056658797 0.973580301
1341846320.699927 0.340586662 0.154424697 0.047547258 0.141455829 -0.173432872 0.052771389 0.973204195
1341846320.731822 0.376367062 0.159839585 0.063011400 0.144250467 -0.171754271 0.051564850 0.973156393
1341846320.763877 0.409162998 0.173504204 0.060099803 0.142597213 -0.173706785 0.052758019 0.972989500
1341846320.799999 0.437159598 0.163844422 0.084144764 0.136461511 -0.179157346 0.045277528 0.973257840
1341846320.831871 0.466032386 0.160248905 0.096960574 0.139248148 -0.170088485 0.036314085 0.974864662
1341846320.863887 0.404540271 0.121740535 0.044916175 0.132184312 -0.151353329 0.040527113 0.978762984
1341846320.900014 0.455902696 0.144508928 0.085390702 0.127167076 -0.165014669 0.045319475 0.977008104
1341846320.931889 0.500834167 0.161360636 0.127537206 0.132196039 -0.171490073 0.041037261 0.975413382
1341846320.967866 0.450575322 0.144340560 0.073245689 0.129109636 -0.156208068 0.040608149 0.978407204
1341846321.000017 0.479200006 0.194733769 0.107181728 0.129434004 -0.160785377 0.041336641 0.977592051
1341846321.031860 0.502404392 0.174603149 0.105544597 0.124737017 -0.162301704 0.038802918 0.978055775
1341846321.068047 0.535100937 0.111806616 0.073082633 0.116842188 -0.161117643 0.036129523 0.979328156
1341846321.099840 0.548624158 0.122282505 0.080868043 0.116389260 -0.161032960 0.033815175 0.979478657
1341846321.131821 0.571981668 0.149268061 0.156974226 0.121124588 -0.163366005 0.036688149 0.978414178
1341846321.167887 0.594980180 0.165078998 0.175625458 0.126731619 -0.161793306 0.036216971 0.977982759
1341846321.200042 0.570815742 0.143292904 0.156523928 0.123023093 -0.154269397 0.032773875 0.979791880
1341846321.231950 0.598412633 0.144479915 0.173664913 0.123142302 -0.156271681 0.031087644 0.979514539
1341846321.267939 0.631982148 0.156334013 0.184443593 0.125710800 -0.157330617 0.025205255 0.979187727
1341846321.299948 0.653397202 0.163553357 0.206005856 0.126624212 -0.155466422 0.019153504 0.979504824
1341846321.331858 0.658908546 0.163086772 0.207605153 0.127300754 -0.152477354 0.015109410 0.979957581
1341846321.367913 0.727793694 0.118463919 0.219574511 0.125117302 -0.159506381 0.011902035 0.979163766
1341846321.399897 0.732258320 0.123607099 0.213753447 0.127476707 -0.154353276 0.010499885 0.979701221
1341846321.435994 0.629667342 0.126328275 0.162992582 0.127660006 -0.132831767 0.013514361 0.982789874
1341846321.467946 0.643916547 0.127315283 0.162973478 0.129374728 -0.130639717 0.014139994 0.982850671
1341846321.499882 0.657422662 0.127641946 0.172663629 0.130974710 -0.128415182 0.014585195 0.982925475
1341846321.536109 0.656928122 0.140446529 0.187630951 0.132146075 -0.122788817 0.012418277 0.983517230
1341846321.568960 0.676020443 0.143459141 0.175410509 0.129201785 -0.116489850 0.009372289 0.984707654
1341846321.603938 0.665121257 0.138743907 0.192817137 0.126214072 -0.113534600 0.008724479 0.985445976
1341846321.637163 0.697934389 0.151734829 0.213110894 0.125945702 -0.111688718 0.006948468 0.985705316
1341846321.668306 0.682308614 0.157619610 0.207075447 0.121683821 -0.100713171 0.009413019 0.987401307
1341846321.704411 0.679072738 0.142720386 0.196812078 0.114920378 -0.098620996 0.017089497 0.988319337
1341846321.736861 0.691666543 0.140853912 0.196471691 0.112821080 -0.101227030 0.025152765 0.988125443
1341846321.771881 0.704063475 0.159396127 0.200248808 0.110383332 -0.101879157 0.029800067 0.988204479
1341846321.804114 0.716571510 0.151888639 0.205776036 0.105100818 -0.100878783 0.031638149 0.988825738
1341846321.836152 0.717617035 0.167763770 0.211087242 0.104049154 -0.098559879 0.031831183 0.989164531
1341846321.871882 0.720859706 0.170621216 0.211372882 0.098668650 -0.096946150 0.028938549 0.989963889
1341846321.904074 0.730728090 0.167745695 0.214574307 0.092491418 -0.096441820 0.025045956 0.990715384
1341846321.939847 0.726857483 0.160292476 0.219953805 0.088748515 -0.092483096 0.022278646 0.991500974
1341846322.004094 0.710112214 0.154553577 0.219623074 0.081589438 -0.092559084 0.020974537 0.992137074
1341846322.066178 0.736457586 0.148983344 0.227836818 0.076907992 -0.089886747 0.017618556 0.992821753
1341846322.107979 0.732109606 0.134265363 0.227333531 0.074501403 -0.087657742 0.016176241 0.993229032
1341846322.166164 0.726099193 0.114717618 0.228207111 0.077810884 -0.087076060 0.014985341 0.993045151
1341846322.202932 0.737249494 0.106844842 0.228905797 0.078159541 -0.090902112 0.015507918 0.992666781
1341846322.234093 0.737617314 0.100743152 0.228285626 0.076812059 -0.092384636 0.013454958 0.992665052
1341846322.265941 0.730154216 0.095045455 0.221385896 0.075189956 -0.094020151 0.013781544 0.992631197
1341846322.301996 0.691202462 0.054888185 0.192775726 0.067218348 -0.086755119 0.017721089 0.993801355
1341846322.333949 0.727706730 0.064049244 0.218198642 0.071629934 -0.097279899 0.013655718 0.992582142
1341846322.369871 0.736306787 0.049548771 0.221157387 0.072741166 -0.102886178 0.010533898 0.991973877
1341846322.402292 0.759307921 0.025065370 0.217745632 0.073112272 -0.103714138 0.002898243 0.991912067
1341846322.433955 0.747808158 0.008209182 0.210113510 0.079685263 -0.100256324 0.002226741 0.991763055
1341846322.470030 0.740633070 0.003067126 0.212201282 0.087600082 -0.104173645 0.006856496 0.990670025
1341846322.502433 0.761100769 -0.020191686 0.206534922 0.092093796 -0.108542979 0.010608197 0.989759862
1341846322.534002 0.768771350 -0.047679912 0.210446075 0.099504493 -0.109536476 0.013633287 0.988895714
1341846322.570196 0.753337026 -0.041962434 0.221833020 0.110141046 -0.108904324 0.015572865 0.987808824
1341846322.601920 0.753965080 -0.056999072 0.228600800 0.114915453 -0.112566605 0.019999912 0.986774147
1341846322.638119 0.765299380 -0.066428550 0.223726377 0.120236278 -0.115565829 0.019370209 0.985805571
1341846322.669947 0.774924636 -0.068936832 0.223724604 0.125079513 -0.113058820 0.018883232 0.985503018
1341846322.702026 0.771046162 -0.085275620 0.220148161 0.126285836 -0.111705184 0.021951709 0.985439956
1341846322.738006 0.765022933 -0.078980528 0.222810388 0.128964722 -0.112919100 0.023128044 0.984927654
1341846322.770087 0.782209814 -0.106141508 0.232420713 0.126652196 -0.114234880 0.023707228 0.985062242
1341846322.806047 0.761298597 -0.110493913 0.224818379 0.132049710 -0.112365551 0.025391567 0.984526336
1341846322.838063 0.759836912 -0.108315453 0.229285300 0.134568721 -0.116439089 0.027002716 0.983668625
1341846322.870081 0.768831789 -0.138306111 0.226458728 0.135034651 -0.122064807 0.028745703 0.982873082
1341846322.906018 0.782241940 -0.136238441 0.238764524 0.140621603 -0.125006974 0.028849345 0.981716156
1341846322.938349 0.778430104 -0.121038683 0.230615079 0.142191663 -0.123365715 0.030398050 0.981650889
1341846322.970069 0.777277887 -0.129505813 0.236218065 0.136550441 -0.123649791 0.031634610 0.982376695
1341846323.011820 0.791363060 -0.159071982 0.241004795 0.130835131 -0.125062540 0.032219939 0.982956469
1341846323.073951 0.779253066 -0.144825920 0.240728378 0.130326018 -0.123819418 0.036108974 0.983046293
1341846323.105962 0.786473215 -0.175741240 0.242399752 0.124915265 -0.124517255 0.035924744 0.983667135
1341846323.138158 0.787501752 -0.178613827 0.244333535 0.125891492 -0.124659754 0.032887764 0.983630836
1341846323.174092 0.777853727 -0.170667604 0.237158835 0.126101196 -0.123980150 0.030919151 0.983753741
1341846323.206059 0.785782099 -0.177047253 0.241442025 0.123446822 -0.125063032 0.028362321 0.984030366
1341846323.238053 0.791475773 -0.176264822 0.242968172 0.121319212 -0.122603595 0.026478585 0.984656751
1341846323.273997 0.770225763 -0.180403382 0.242024302 0.117377341 -0.120529048 0.025914816 0.985405326
1341846323.305946 0.778850973 -0.191626713 0.244213045 0.111598387 -0.125312597 0.026435487 0.985466242
1341846323.342027 0.807374299 -0.212106913 0.255501688 0.108873099 -0.125601009 0.024820441 0.985776305
1341846323.374048 0.776355445 -0.208366275 0.252070606 0.110216208 -0.119833246 0.025348343 0.986331522
1341846323.405987 0.760018885 -0.219088182 0.239500061 0.109528467 -0.122794546 0.030013636 0.985912859
1341846323.441956 0.780087590 -0.229873016 0.253757387 0.110008113 -0.128686726 0.032572314 0.985026419
1341846323.473878 0.784278393 -0.241693020 0.253600031 0.114129297 -0.127096832 0.031949077 0.984784305
1341846323.506129 0.776507318 -0.234016702 0.247580871 0.117303774 -0.126469478 0.030592149 0.984535098
1341846323.541972 0.787588120 -0.234060109 0.250893116 0.116130702 -0.127513230 0.028551238 0.984600842
1341846323.573913 0.805429161 -0.250600457 0.262460589 0.115796581 -0.124445692 0.022985848 0.985178173
1341846323.609927 0.794755697 -0.245312005 0.251812220 0.117086098 -0.117389411 0.019189334 0.985972822
1341846323.642014 0.783367157 -0.258739740 0.248241544 0.115241043 -0.115005739 0.020328965 0.986448169
1341846323.674081 0.781575501 -0.271861911 0.245983899 0.114377037 -0.116694026 0.022713576 0.986298382
1341846323.710069 0.787104130 -0.286898762 0.235869378 0.114226349 -0.118338406 0.026811320 0.986017048
1341846323.742111 0.783553481 -0.298155069 0.241616026 0.119736932 -0.120301582 0.027733346 0.985099733
1341846323.774928 0.781812489 -0.293142825 0.241628081 0.124209709 -0.122264162 0.024934035 0.984378874
1341846323.810012 0.784597516 -0.300515980 0.243158370 0.125766367 -0.123558953 0.021475686 0.984100997
1341846323.842207 0.792741418 -0.302314907 0.236644790 0.127689555 -0.123621672 0.017145971 0.983930409
1341846323.878019 0.782901466 -0.314888835 0.231257558 0.128382489 -0.123467408 0.013019681 0.983922899
1341846323.909826 0.787901402 -0.325706869 0.248377979 0.132608145 -0.125690758 0.010132699 0.983114541
1341846323.942459 0.786975503 -0.329351485 0.242866963 0.136389270 -0.125613302 0.009964132 0.982608795
1341846323.978055 0.777866066 -0.330578446 0.239702404 0.138584822 -0.127624959 0.011660332 0.982023537
1341846324.015934 0.784266770 -0.335782290 0.243968725 0.141983807 -0.130280077 0.011743781 0.981187940
1341846324.047722 0.790304661 -0.328969240 0.239332065 0.145637348 -0.129046813 0.011290707 0.980820656
1341846324.083904 0.788628161 -0.312599093 0.242815703 0.146724716 -0.127517298 0.010855648 0.980863571
1341846324.115968 0.791209400 -0.310878843 0.245102331 0.144709036 -0.125975341 0.008895175 0.981381893
1341846324.151967 0.803393245 -0.300392330 0.242848575 0.145085350 -0.123793937 0.005461674 0.981629014
1341846324.183941 0.786931813 -0.283701837 0.249971852 0.143827453 -0.118540347 0.000516148 0.982477307
1341846324.219984 0.781691372 -0.282911777 0.254040062 0.139259413 -0.116663985 0.001502867 0.983358562
1341846324.251968 0.781042874 -0.296056122 0.233802244 0.136619538 -0.116478004 0.000045169 0.983752012
1341846324.284052 0.774057508 -0.281595230 0.237675667 0.137740180 -0.116891615 -0.000437777 0.983546555
1341846324.319880 0.768585980 -0.248886734 0.247407943 0.139150932 -0.119813867 -0.000462232 0.982996166
1341846324.351917 0.772476554 -0.234357581 0.253389299 0.136355162 -0.123501197 -0.002547392 0.982928395
1341846324.388001 0.787212908 -0.240757674 0.237384647 0.130503267 -0.124287695 -0.007176563 0.983600557
1341846324.419908 0.777034998 -0.223104745 0.258784950 0.127220914 -0.121568002 -0.010340270 0.984341979
1341846324.452027 0.770272255 -0.224758893 0.262516975 0.122345366 -0.121180363 -0.010959881 0.985000908
1341846324.487928 0.768697798 -0.220682725 0.263044715 0.120469563 -0.121661775 -0.008924839 0.985193312
1341846324.519985 0.757557392 -0.207629681 0.240484685 0.118783079 -0.122975491 -0.005186421 0.985261738
1341846324.556001 0.758050084 -0.187278017 0.243056625 0.117142990 -0.128189042 -0.001357796 0.984806180
1341846324.587888 0.761869073 -0.173369199 0.249958456 0.113813780 -0.131745964 0.000586502 0.984727919
1341846324.620086 0.763025343 -0.172354490 0.248903990 0.111350343 -0.134220421 -0.002109481 0.984673321
1341846324.655955 0.762113333 -0.156087950 0.255483389 0.111076675 -0.134998336 -0.003451266 0.984594047
1341846324.688082 0.758241534 -0.154838040 0.260458171 0.110176355 -0.134667113 -0.002733633 0.984742880
1341846324.755922 0.742820263 -0.117079653 0.255185902 0.111086719 -0.137360558 0.000514677 0.984272122
1341846324.814016 0.764543116 -0.080387950 0.260340959 0.106953807 -0.144354835 -0.002710275 0.983725190
1341846324.849979 0.752626121 -0.069997117 0.264388740 0.101810329 -0.140557930 -0.005728505 0.984807253
1341846324.881924 0.744453311 -0.068381526 0.264612228 0.098472439 -0.141398191 -0.005704544 0.985026479
1341846324.913902 0.749024630 -0.058388136 0.265828669 0.097415619 -0.143266544 -0.002902490 0.984873831
1341846324.949999 0.746730328 -0.065011226 0.271386653 0.096800029 -0.143418953 -0.000174130 0.984916627
1341846324.981922 0.731993496 -0.059106458 0.270278126 0.100712150 -0.144977629 0.003475717 0.984289825
1341846325.018013 0.737297237 -0.048433397 0.264074773 0.104671061 -0.150431737 0.006480976 0.983042359
1341846325.050079 0.729232848 -0.029881779 0.269152254 0.106547028 -0.155132711 0.006173485 0.982111752
1341846325.081901 0.732478321 -0.010750097 0.270287931 0.106563836 -0.160517350 0.003610973 0.981257021
1341846325.118531 0.743812382 0.006352649 0.276903749 0.102930151 -0.163023561 0.001183160 0.981237650
1341846325.149933 0.741270602 0.005918633 0.280053943 0.097282365 -0.160419762 -0.001317564 0.982242346
1341846325.181925 0.739415407 0.010670753 0.273074627 0.093648367 -0.159029007 0.000743469 0.982822120
1341846325.218055 0.735776007 0.018404365 0.278791428 0.090582870 -0.158982351 0.004618214 0.983106375
1341846325.249811 0.732661128 0.025600875 0.276296586 0.088062227 -0.158879131 0.007878090 0.983331323
1341846325.285925 0.735323489 0.035301294 0.279304296 0.085238226 -0.159765914 0.010601825 0.983410895
1341846325.317988 0.749444425 0.032869518 0.286883533 0.082153477 -0.158706933 0.013346342 0.983811378
1341846325.349844 0.742529511 0.029492227 0.292294353 0.084750965 -0.153509110 0.015335144 0.984386683
1341846325.387302 0.743214309 0.042725615 0.296195745 0.089472592 -0.151228905 0.019199116 0.984254003
1341846325.417931 0.753824353 0.047151349 0.299761325 0.091369912 -0.146727934 0.022742327 0.984685361
1341846325.450747 0.766992033 0.045347676 0.309136093 0.095556855 -0.139884159 0.026114283 0.985200167
1341846325.485954 0.745894432 0.069967762 0.309558839 0.105372198 -0.131981835 0.028829709 0.985213816
1341846325.517875 0.744642377 0.077122658 0.308253556 0.108725756 -0.129341245 0.031364780 0.985122263
1341846325.553859 0.737652719 0.080833554 0.301530957 0.111585692 -0.124509871 0.030184483 0.985461712
1341846325.585855 0.729409456 0.097209230 0.302382261 0.114631638 -0.121068515 0.028809607 0.985582113
1341846325.617990 0.729194283 0.118190877 0.303896844 0.112548664 -0.119392388 0.027342020 0.986068308
1341846325.653982 0.728584826 0.101264335 0.299751282 0.109574847 -0.117365412 0.023679260 0.986741126
1341846325.685819 0.722783387 0.102621600 0.307707518 0.114184931 -0.115954056 0.025815479 0.986331642
1341846325.717857 0.716738939 0.118728690 0.312092960 0.118459545 -0.114676133 0.033620249 0.985741556
1341846325.754083 0.718596160 0.118022732 0.314285159 0.119980067 -0.115245484 0.038968358 0.985294282
1341846325.786087 0.720661223 0.126273528 0.304786265 0.127543285 -0.114397965 0.039974213 0.984402299
1341846325.821856 0.717674196 0.145512015 0.308441758 0.131899863 -0.112403989 0.041653588 0.983988166
1341846325.853827 0.706002057 0.149413913 0.313693613 0.131214350 -0.111364648 0.045439940 0.984030485
1341846325.885958 0.698082328 0.165159121 0.307349592 0.131501347 -0.113651842 0.050989047 0.983458579
1341846325.921984 0.699824154 0.164945930 0.311770439 0.129158139 -0.117998950 0.054904722 0.983046234
1341846325.953899 0.711733520 0.168024033 0.316673338 0.131718576 -0.118460983 0.056544796 0.982557833
1341846325.985823 0.704230487 0.181160837 0.319734037 0.134285033 -0.115026288 0.061158594 0.982342184
1341846326.021991 0.701027989 0.185411185 0.321175814 0.136310026 -0.114907250 0.067365333 0.981670916
1341846326.054055 0.703387976 0.198840812 0.322064906 0.141280785 -0.115880713 0.071575172 0.980555117
1341846326.089984 0.708998919 0.217380628 0.320289135 0.144308433 -0.114014544 0.071163565 0.980362952
1341846326.121822 0.708391547 0.228786707 0.323164701 0.144080356 -0.110040933 0.069169633 0.980993092
1341846326.154079 0.702584863 0.232190460 0.342008024 0.144568011 -0.107674770 0.067528650 0.981298208
1341846326.190178 0.696996391 0.242925808 0.343428254 0.146670520 -0.107818678 0.070267931 0.980777919
1341846326.222162 0.695295691 0.261959761 0.345032632 0.146045581 -0.109801665 0.075934909 0.980228603
1341846326.259181 0.690687478 0.274319559 0.348926127 0.142650038 -0.112263963 0.079144843 0.980195820
1341846326.322766 0.697869241 0.295509636 0.358747542 0.135514036 -0.113407776 0.077238619 0.981228232
1341846326.359773 0.698512018 0.301858127 0.359129786 0.131869376 -0.111878410 0.074953698 0.982077181
1341846326.392109 0.698088050 0.293445110 0.366713345 0.129712105 -0.110200785 0.075604327 0.982504189
1341846326.423985 0.688992977 0.307451159 0.376961470 0.134198353 -0.108986124 0.082027510 0.981521428
1341846326.459869 0.684093237 0.323511809 0.378432184 0.136356935 -0.111255497 0.085534550 0.980669618
1341846326.526163 0.695522666 0.355362117 0.374308705 0.136333302 -0.110068940 0.084939562 0.980858505
1341846326.560211 0.688022733 0.364369988 0.382407457 0.131560490 -0.105782650 0.084807351 0.981992662
1341846326.591828 0.682034910 0.366844743 0.391211182 0.128268197 -0.103518113 0.085499138 0.982609332
1341846326.627027 0.694327235 0.376834035 0.388794333 0.128084108 -0.103183739 0.085667089 0.982653916
1341846326.658442 0.697022259 0.392474234 0.394769251 0.126393124 -0.099765889 0.084407084 0.983334601
1341846326.694856 0.688802302 0.404765069 0.403090715 0.123326771 -0.095800579 0.083664820 0.984181345
1341846326.726206 0.686422110 0.422283232 0.394781291 0.117905200 -0.094333619 0.080661327 0.985237658
1341846326.762753 0.694186330 0.434217453 0.391160280 0.112240791 -0.092318133 0.077419415 0.986349642
1341846326.826821 0.684357107 0.471055567 0.401138574 0.099095538 -0.086196817 0.071837611 0.988731265
1341846326.858887 0.679084241 0.465549976 0.409690499 0.090157866 -0.084624745 0.068859413 0.989933610
1341846326.895360 0.678693295 0.470231712 0.404112935 0.087169856 -0.085153796 0.071404397 0.989975572
1341846326.926897 0.667307079 0.469480336 0.409804225 0.089197412 -0.087790042 0.072095841 0.989514470
1341846326.958888 0.678978384 0.483417958 0.412664890 0.091603540 -0.091090381 0.075526394 0.988740146
1341846326.994594 0.681106806 0.496766895 0.412056327 0.092432171 -0.090588190 0.077097163 0.988587916
1341846327.026301 0.680649042 0.510141253 0.415915370 0.090967245 -0.089354090 0.075594991 0.988952041
1341846327.063945 0.689163327 0.511986375 0.413586676 0.087596022 -0.087941393 0.074311078 0.989480197
1341846327.094662 0.685395241 0.522562683 0.419740975 0.087904893 -0.085402176 0.072263226 0.989826858
1341846327.128901 0.681586087 0.534110487 0.426992118 0.087350726 -0.085105129 0.070512041 0.990027785
1341846327.161940 0.682734549 0.546728075 0.424364060 0.086646356 -0.086431675 0.069923699 0.990016520
1341846327.193867 0.688944876 0.549778163 0.427074701 0.085194774 -0.085417174 0.068056807 0.990360558
1341846327.229885 0.689935446 0.566339374 0.430879831 0.086983249 -0.082076259 0.066489488 0.990594029
1341846327.262014 0.724144161 0.588506937 0.482507706 0.088188909 -0.081933565 0.068300910 0.990375996
1341846327.294023 0.698521018 0.601036191 0.461546361 0.092961863 -0.065685980 0.059090134 0.991741776
1341846327.330015 0.689394474 0.612228394 0.439039648 0.094653845 -0.054536045 0.055130288 0.992485344
1341846327.361939 0.687709689 0.621379673 0.431361437 0.092803627 -0.049597703 0.050917480 0.993143976
1341846327.393887 0.693333030 0.627570987 0.441443861 0.091769107 -0.048287455 0.046214800 0.993534565
1341846327.429966 0.686888516 0.646708786 0.410627842 0.090156242 -0.047588728 0.044821773 0.993779719
1341846327.461965 0.670017719 0.658410013 0.390305042 0.082044527 -0.050043438 0.040116724 0.994562685
1341846327.497931 0.645237923 0.654263556 0.366299212 0.075539492 -0.047903139 0.033004008 0.995444536
1341846327.530068 0.602964818 0.646661997 0.348452777 0.070384398 -0.039577898 0.032906443 0.996191144
1341846327.561895 0.546339035 0.646554470 0.343983024 0.067248166 -0.032086339 0.037386704 0.996519148
1341846327.598010 0.487346292 0.641591311 0.335760623 0.066248164 -0.025307558 0.042338118 0.996583283
1341846327.629945 0.445414513 0.649084687 0.316171557 0.065987185 -0.023367425 0.040953457 0.996705830
1341846327.662003 0.379305273 0.637946963 0.318162501 0.062296443 -0.014870852 0.035125636 0.997328520
1341846327.697919 0.330597550 0.646802008 0.302868694 0.063000977 -0.007350560 0.031158850 0.997499883
1341846327.730075 0.320938110 0.643329263 0.276412725 0.056306005 -0.008669391 0.033440471 0.997815669
1341846327.766017 0.310008854 0.629964948 0.249218434 0.048097380 -0.008675423 0.034903698 0.998194933
1341846327.797917 0.257149160 0.631823838 0.242691606 0.041340262 -0.000043560 0.033613246 0.998579562
1341846327.830054 0.209157854 0.623015344 0.264608592 0.032351743 0.009621518 0.032049384 0.998916268
1341846327.865944 0.171998978 0.626415193 0.272888303 0.026791843 0.018389551 0.027107708 0.999104202
1341846327.898010 0.122837268 0.641950727 0.286989659 0.026622403 0.028423283 0.028199930 0.998843372
1341846327.929991 0.084792309 0.644827962 0.299685091 0.020820612 0.034763779 0.022677680 0.998921275
1341846327.966065 0.067013651 0.649658263 0.292758107 0.014910309 0.038174774 0.017517317 0.999006271
1341846327.998073 0.047311809 0.646608233 0.293255597 0.005811655 0.043134876 0.012394073 0.998975456
1341846328.034045 0.029397123 0.649835467 0.296269566 -0.001027520 0.047866624 0.007371406 0.998825967
1341846328.065993 0.020826522 0.650496006 0.303911328 -0.006020730 0.050350271 0.007666366 0.998684049
1341846328.098045 0.033221148 0.637212515 0.304994702 -0.007366599 0.048742555 0.013265405 0.998696089
1341846328.133967 0.025612950 0.652554989 0.320582837 -0.001040764 0.049258649 0.019933261 0.998586595
1341846328.166023 0.052876115 0.679198802 0.337791681 0.004063438 0.040921725 0.027365163 0.998779297
1341846328.198018 0.056955311 0.639369965 0.327901781 -0.002632362 0.037080180 0.026874796 0.998947382
1341846328.234044 0.066294283 0.573211670 0.280778974 -0.010266640 0.031977847 0.022441395 0.999183834
1341846328.265899 0.070881888 0.566184223 0.281710446 -0.008090510 0.029114533 0.023859739 0.999258518
1341846328.302051 0.080360524 0.550900340 0.283528119 -0.005927888 0.027190790 0.026504114 0.999261260
1341846328.333917 0.083599396 0.556510806 0.285507441 0.000288914 0.025794949 0.032181785 0.999149084
1341846328.366008 0.104403116 0.566710472 0.296432227 0.010003545 0.020744702 0.034912322 0.999124944
1341846328.402010 0.087807819 0.535006285 0.310021728 0.018329611 0.024956957 0.039397947 0.998743713
1341846328.433920 0.086230554 0.548212230 0.299497336 0.030901922 0.023509620 0.035674807 0.998608887
1341846328.470003 0.068091661 0.466611862 0.265053421 0.020416053 0.027684707 0.019269690 0.999222398
1341846328.502194 0.093759865 0.474753648 0.262727916 0.028148601 0.026110811 0.015241168 0.999146461
1341846328.534033 0.058889616 0.456070393 0.270405799 0.029685745 0.035061020 0.009950437 0.998894632
1341846328.570125 0.012061336 0.431380123 0.260143906 0.031974789 0.043520670 0.012165844 0.998466611
1341846328.602804 -0.030296082 0.409962088 0.254281878 0.037480600 0.044958171 0.016760943 0.998144805
1341846328.672663 -0.030035060 0.407812923 0.248637125 0.053895541 0.032514520 0.013778014 0.997921944
1341846328.702975 -0.021990821 0.401886672 0.247061327 0.058730327 0.027948292 0.011483562 0.997816503
1341846328.770129 0.078061156 0.333444297 0.243226379 0.058264561 0.008304023 0.015560321 0.998145342
1341846328.802331 0.074240416 0.345710814 0.251904935 0.064242311 0.005905645 0.016777625 0.997775793
1341846328.838051 0.080901645 0.355625600 0.263135105 0.073566087 0.002757116 0.013118675 0.997200251
1341846328.869939 0.081128068 0.339026600 0.255015254 0.071204998 0.001892419 0.012420876 0.997382581
1341846328.904486 0.076890200 0.290893912 0.240905046 0.060207240 -0.000358713 0.010822972 0.998127162
1341846328.939814 0.088393502 0.291339904 0.255168229 0.068110920 -0.004725952 0.012724360 0.997585416
1341846328.970217 0.093549706 0.293268800 0.249309599 0.072637290 -0.007531886 0.017463243 0.997177064
1341846329.006232 0.098901890 0.261805207 0.238819897 0.070019037 -0.010217849 0.023688329 0.997211993
1341846329.038243 0.093688801 0.271330923 0.237513825 0.078916892 -0.009841154 0.022490621 0.996578872
1341846329.106125 0.105783522 0.241690844 0.220493779 0.077247277 -0.011530457 0.023253221 0.996674061
1341846329.138340 0.113147542 0.238495260 0.233296096 0.082465746 -0.011981066 0.024604756 0.996218085
1341846329.169991 0.120184362 0.232527465 0.227517813 0.084053829 -0.013796967 0.024799345 0.996057034
1341846329.208656 0.109733321 0.245583221 0.215482503 0.087143451 -0.014395925 0.019842558 0.995894074
1341846329.238169 0.111348569 0.247934252 0.209350318 0.087283738 -0.015874900 0.018494155 0.995885313
1341846329.273827 0.108225875 0.231446370 0.206032932 0.084732987 -0.016230350 0.019075921 0.996088862
1341846329.306052 0.111065328 0.233093470 0.200070962 0.085904941 -0.019010877 0.017579090 0.995966792
1341846329.338104 0.108018115 0.243288890 0.201174438 0.084772550 -0.019832829 0.014807706 0.996092856
1341846329.373907 0.108601019 0.209850475 0.202140614 0.079046734 -0.020295717 0.014392463 0.996560335
1341846329.405985 0.110155441 0.202559426 0.194803953 0.080831461 -0.021558689 0.011677536 0.996426165
1341846329.442057 0.108930156 0.206235766 0.194009677 0.081335507 -0.021566322 0.008530655 0.996416926
1341846329.473950 0.114639975 0.186693758 0.190146565 0.079226680 -0.023984101 0.001706598 0.996566594
1341846329.506147 0.108580425 0.172224000 0.180975124 0.078359298 -0.024877163 -0.000409137 0.996614635
1341846329.542121 0.117578790 0.153385803 0.180097967 0.075354092 -0.029951740 -0.000445594 0.996706784
1341846329.574086 0.105999961 0.142640382 0.182573557 0.078724869 -0.029562837 -0.002644524 0.996454418
1341846329.606387 0.111216471 0.143758968 0.180229396 0.082409225 -0.030433666 -0.002347541 0.996131003
1341846329.641955 0.105365857 0.135342792 0.174233407 0.081116550 -0.031209795 -0.002460169 0.996212840
1341846329.681570 0.103265055 0.120074324 0.175370038 0.079450585 -0.033843052 -0.002045911 0.996262014
1341846329.748113 0.112760767 0.131166220 0.166197702 0.084540851 -0.034476973 -0.004541373 0.995813012
1341846329.810175 0.116400130 0.107579015 0.167456552 0.083204024 -0.031893563 0.001880857 0.996020257
1341846329.842255 0.120268784 0.095882192 0.165949509 0.084341250 -0.032536827 0.005392849 0.995890975
1341846329.874044 0.111756682 0.088569090 0.162870198 0.085219875 -0.031830847 0.007553125 0.995824933
1341846329.910073 0.114226036 0.089899749 0.164140642 0.085972384 -0.032763861 0.010979673 0.995698094
1341846329.942009 0.106687732 0.081976540 0.160895959 0.080357641 -0.032116190 0.016295051 0.996115267
1341846329.978087 0.109213717 0.063896075 0.154244378 0.078109086 -0.032831091 0.015168127 0.996288598
1341846330.016305 0.114457250 0.073143914 0.153690219 0.080958560 -0.032092638 0.014545773 0.996094465
1341846330.048192 0.101707898 0.071443632 0.152108550 0.076100253 -0.029247625 0.015937887 0.996543705
1341846330.080418 0.110653132 0.051968791 0.152845934 0.071386494 -0.030633608 0.018094657 0.996813953
1341846330.115886 0.107527375 0.042826600 0.148029387 0.074181877 -0.028524997 0.017124897 0.996689558
1341846330.147839 0.097547188 0.058445819 0.141946822 0.077214472 -0.027486406 0.017820630 0.996476173
1341846330.181257 0.099588849 0.061955109 0.135981828 0.071840085 -0.028341642 0.020792298 0.996796608
1341846330.215852 0.102762066 0.051910222 0.143531471 0.065590888 -0.027682161 0.021047523 0.997240484
1341846330.247833 0.102798514 0.039698064 0.144116327 0.062931769 -0.027311699 0.022233486 0.997396290
1341846330.283913 0.092404462 0.062810428 0.138239980 0.061066002 -0.027065931 0.020475762 0.997556567
1341846330.316011 0.101531625 0.042373147 0.145231381 0.053649109 -0.028918339 0.021508327 0.997909248
1341846330.347868 0.099283174 0.035754278 0.141297355 0.051763117 -0.030310638 0.021261537 0.997972846
1341846330.383835 0.098490804 0.034659021 0.141637400 0.050010636 -0.030849524 0.019484304 0.998081982
1341846330.415934 0.094370700 0.014633006 0.142756939 0.048552696 -0.029394461 0.016906373 0.998244822
1341846330.452561 0.092032284 0.015462845 0.138644069 0.051677212 -0.030081654 0.016051782 0.998081565
1341846330.483903 0.081659399 0.022516262 0.132412642 0.052404027 -0.030617798 0.017818077 0.997997463
1341846330.515970 0.082523912 0.013228112 0.133609876 0.050414357 -0.033099104 0.022116816 0.997934699
1341846330.552099 0.084080309 0.010909358 0.133943141 0.051486060 -0.034556374 0.023317277 0.997803271
1341846330.583876 0.082510956 0.021273509 0.130632669 0.051688608 -0.034896754 0.024075117 0.997762918
1341846330.619992 0.077339061 0.029144226 0.125897050 0.047499713 -0.035799488 0.024017537 0.997940540
1341846330.652136 0.085358456 0.024217058 0.124686509 0.041038577 -0.038297866 0.023057071 0.998157024
1341846330.683796 0.083370470 0.013441255 0.123157844 0.035221007 -0.037935868 0.022168139 0.998413205
1341846330.719991 0.072940595 0.000692236 0.116956942 0.032229997 -0.039253816 0.023359857 0.998436093
1341846330.752103 0.071221381 -0.000476785 0.111185044 0.034330871 -0.043543458 0.027181674 0.998091400
1341846330.787952 0.063132621 0.006165354 0.103479400 0.035599396 -0.047676343 0.031053778 0.997745097
1341846330.819823 0.068185173 0.009037748 0.104191184 0.035471149 -0.052498829 0.030468000 0.997525632
1341846330.852208 0.069171526 0.013907146 0.101160385 0.035134170 -0.054187503 0.032136302 0.997394919
1341846330.914111 0.062298860 0.023918331 0.096080296 0.026358655 -0.056882545 0.031295002 0.997542083
1341846330.949903 0.060979895 0.008706490 0.094777673 0.022084078 -0.058077376 0.031290945 0.997577131
1341846330.981986 0.056027483 0.014380683 0.089652784 0.023634808 -0.062867880 0.031753697 0.997236550
1341846331.014111 0.055392768 0.019536132 0.085434914 0.023370538 -0.066400260 0.031600952 0.997018635
1341846331.082139 0.051705778 0.005441363 0.074748494 0.023857946 -0.069203950 0.027990315 0.996924341
1341846331.114334 0.048288092 0.011085100 0.071187563 0.024141913 -0.071174279 0.027130768 0.996802509
1341846331.149989 0.049457844 0.002874682 0.076245554 0.024080111 -0.072078258 0.026195096 0.996764123
1341846331.181954 0.046181731 0.005200963 0.069901302 0.027731260 -0.072160520 0.024840893 0.996697903
1341846331.218151 0.039890595 0.017852273 0.063686490 0.027605662 -0.075125702 0.025548084 0.996464431
1341846331.249914 0.059616722 0.005094909 0.077333443 0.024282549 -0.078279391 0.025792353 0.996301889
1341846331.318141 0.054896265 0.009534436 0.059305117 0.035659950 -0.067262672 0.019819260 0.996900856
1341846331.349926 0.062105063 0.004694892 0.059693132 0.033747308 -0.065411083 0.018687708 0.997112453
1341846331.382003 0.065778583 0.004834100 0.113346577 0.037511509 -0.057493322 0.018686729 0.997465909
1341846331.418008 0.065143727 0.006997384 0.105185196 0.044037409 -0.048232824 0.018491946 0.997693539
1341846331.450327 0.072641373 0.012317048 0.092203021 0.046363708 -0.044629142 0.020462766 0.997717381
1341846331.486219 0.069276199 0.016111203 0.093446545 0.046498008 -0.042597178 0.021502817 0.997778058
1341846331.518344 0.069285557 0.013849114 0.096328668 0.045310099 -0.041515078 0.018429330 0.997939825
1341846331.550202 0.079085909 0.019037526 0.140060484 0.049292237 -0.037612595 0.019730523 0.997880876
1341846331.586139 0.082185946 0.035804078 0.176096320 0.052645508 -0.037349880 0.020535754 0.997703195
1341846331.617931 0.088383131 0.032342199 0.184326410 0.050942011 -0.037870854 0.021039337 0.997761488
1341846331.654027 0.085904367 0.017376009 0.130407542 0.049881235 -0.034115680 0.020701623 0.997957647
1341846331.686123 0.075600252 0.030889865 0.136093497 0.053398766 -0.030360607 0.022647018 0.997854650
1341846331.717954 0.067877248 0.041378699 0.143062428 0.050702792 -0.030916816 0.021954926 0.997993648
1341846331.754076 0.086050108 0.029027034 0.164073393 0.048025161 -0.031851619 0.021503968 0.998106539
1341846331.785920 0.085218333 0.032018110 0.176012501 0.051480226 -0.028851621 0.020358484 0.998049557
1341846331.818053 0.078767419 0.041733176 0.178535432 0.052110761 -0.026841527 0.020014858 0.998079836
1341846331.853849 0.081928976 0.030904096 0.188019112 0.049937833 -0.026844971 0.019316029 0.998204589
1341846331.885987 0.089368097 0.032178715 0.202515364 0.053379267 -0.024830425 0.017489813 0.998112321
1341846331.922014 0.084565520 0.037445173 0.210960105 0.055218671 -0.021004271 0.016697627 0.998113632
1341846331.954037 0.093511418 0.037644058 0.223446950 0.055204831 -0.019040775 0.018206373 0.998127460
1341846331.986135 0.093345925 0.023732312 0.232686326 0.056218196 -0.012887834 0.018829396 0.998157740
1341846332.022364 0.077131331 0.029634751 0.247780174 0.064697005 -0.006968841 0.018418159 0.997710586
1341846332.054175 0.074882708 0.030403186 0.257835358 0.070495665 -0.006887976 0.020321079 0.997281253
1341846332.086502 0.086481363 0.033030678 0.277305275 0.073112465 -0.008322793 0.023351425 0.997015536
1341846332.122051 0.083098516 0.036183476 0.288120925 0.074971169 -0.006999825 0.022093704 0.996916354
1341846332.153983 0.076854520 0.051657856 0.309031934 0.074126564 -0.007145667 0.020204732 0.997018516
1341846332.190165 0.070698716 0.058080416 0.321235865 0.068645597 -0.008240197 0.016648885 0.997468114
1341846332.254145 0.074070044 0.034434672 0.342410088 0.067057379 -0.008522896 0.014948701 0.997600734
1341846332.289948 0.074797161 0.042098567 0.352129132 0.069836505 -0.009206412 0.017834423 0.997356534
1341846332.322172 0.072915748 0.039242256 0.362118363 0.070186965 -0.009413969 0.019145286 0.997305691
1341846332.354003 0.085572995 0.036560725 0.373418659 0.073010534 -0.008579449 0.017071078 0.997148156
1341846332.390180 0.080721319 0.045415539 0.378534168 0.074688196 -0.003471611 0.013587842 0.997108340
1341846332.422055 0.073473305 0.047423381 0.390365124 0.072877832 -0.000469212 0.009672380 0.997293890
1341846332.458114 0.077826291 0.043443788 0.396985203 0.072348982 0.001711374 0.005813461 0.997361004
1341846332.489993 0.062279403 0.049982328 0.422715455 0.074272506 0.004804328 0.007894503 0.997195184
1341846332.522130 0.042256199 0.047741123 0.431554139 0.072752938 0.003877573 0.011862697 0.997271895
1341846332.558114 0.050375979 0.048736297 0.444895983 0.073211491 -0.003055512 0.020167688 0.997107804
1341846332.589874 0.062344089 0.055990979 0.453490436 0.072737128 -0.006895477 0.023596581 0.997048140
1341846332.621889 0.075060911 0.068341799 0.448576719 0.069521099 -0.008794223 0.025930066 0.997204602
1341846332.658202 0.074370697 0.056303438 0.472096086 0.064492263 -0.007871401 0.024351504 0.997590005
1341846332.690001 0.064142935 0.057315737 0.474329710 0.062334120 -0.005108889 0.024376750 0.997744501
1341846332.726000 0.054028086 0.057381928 0.488799363 0.061708935 -0.004644799 0.026863679 0.997721791
1341846332.758386 0.060323011 0.057351515 0.485400349 0.062125664 -0.007705071 0.026879404 0.997676551
1341846332.789937 0.071531877 0.059752665 0.494025409 0.060850203 -0.007671981 0.026166622 0.997774363
1341846332.825925 0.083282679 0.060409583 0.522555411 0.059012063 -0.007047073 0.026999488 0.997867167
1341846332.857898 0.073724464 0.058588937 0.523085475 0.059615370 -0.004125599 0.025656085 0.997883141
1341846332.894069 0.067643426 0.065647170 0.516636193 0.059180044 -0.003675824 0.024374908 0.997942924
1341846332.926029 0.093494676 0.075269744 0.546972215 0.057100333 -0.006230216 0.024656158 0.998044491
1341846332.958015 0.097173072 0.077735573 0.555092096 0.054564375 -0.004281806 0.022516770 0.998247147
1341846332.994073 0.094242349 0.081613734 0.563603997 0.051761400 -0.002376079 0.020648463 0.998443186
1341846333.026545 0.099775068 0.078925937 0.574333727 0.048790645 -0.001324890 0.017835982 0.998648882
1341846333.057998 0.109199829 0.083156183 0.579765797 0.048602708 -0.000083927 0.019200725 0.998633623
1341846333.094024 0.112688154 0.082675576 0.586055338 0.048914511 0.001075255 0.023312604 0.998530269
1341846333.126095 0.118449837 0.090438426 0.597175717 0.050200984 0.002505720 0.024810612 0.998427749
1341846333.161973 0.095130056 0.087378107 0.586120665 0.047371544 0.009367161 0.022302223 0.998584390
1341846333.195660 0.116167843 0.097208276 0.610817611 0.046595503 0.008154952 0.026665969 0.998524547
1341846333.226331 0.119864076 0.096502751 0.618130565 0.045239810 0.008419493 0.027365493 0.998565793
1341846333.262056 0.120216526 0.108704038 0.625758410 0.043649632 0.009081498 0.024822801 0.998697221
1341846333.294147 0.120604329 0.100315936 0.634559810 0.038828917 0.009177151 0.024540512 0.998902321
1341846333.326100 0.122694090 0.104777157 0.644189239 0.037738323 0.008025834 0.021792851 0.999017775
1341846333.362100 0.122925751 0.114088327 0.624661744 0.035827156 0.007150287 0.021722833 0.999096334
1341846333.394119 0.120392293 0.104662977 0.628259420 0.031451378 0.006671295 0.021096526 0.999260366
1341846333.429974 0.127250075 0.105803847 0.628939986 0.030541543 0.003693382 0.021239242 0.999301016
1341846333.462115 0.132236704 0.102517165 0.631796420 0.030053115 0.003521480 0.020443348 0.999333024
1341846333.494040 0.129580185 0.106080048 0.635077119 0.032061134 0.005144467 0.019316254 0.999285996
1341846333.529953 0.109145842 0.100502990 0.627205014 0.031958230 0.010318617 0.018327693 0.999267876
1341846333.562063 0.126716718 0.109475613 0.633282840 0.034125902 0.009069770 0.020765718 0.999160588
1341846333.594090 0.118026666 0.115749672 0.637532890 0.033085357 0.009252339 0.020572545 0.999197960
1341846333.629994 0.094950706 0.112639204 0.629139483 0.028694836 0.010738863 0.018585304 0.999357700
1341846333.662127 0.099244311 0.118605644 0.626812756 0.027082065 0.009255920 0.018271400 0.999423385
1341846333.697964 0.173934802 0.108132757 0.642854095 0.023793099 -0.003504847 0.020714602 0.999496102
1341846333.730092 0.145555720 0.108686134 0.639895797 0.026463713 0.002155467 0.021049041 0.999425828
1341846333.762089 0.131134376 0.109877080 0.628030062 0.028605172 0.004677949 0.023074955 0.999313474
1341846333.798006 0.105817549 0.105968617 0.624205410 0.029980585 0.009469730 0.023282528 0.999234438
1341846333.830055 0.089230657 0.107349090 0.616390407 0.032641210 0.013729079 0.021471744 0.999142170
1341846333.866045 0.067047410 0.106127992 0.610731721 0.033680610 0.018628070 0.020177895 0.999055326
1341846333.897987 0.045237079 0.103521243 0.603724420 0.034892049 0.021905286 0.019053858 0.998969257
1341846333.930099 0.026797790 0.102599069 0.594300508 0.037772879 0.025707273 0.018096596 0.998791695
1341846333.965889 0.007176956 0.102034129 0.591541588 0.039925046 0.029570736 0.018035036 0.998602152
1341846333.997985 -0.028684128 0.103206001 0.579478264 0.044119418 0.036916930 0.017814405 0.998184979
1341846334.030076 -0.042819183 0.105520114 0.574807405 0.047434226 0.040467888 0.018924108 0.997874856
1341846334.066000 -0.064743251 0.103791200 0.565436363 0.048967853 0.043054018 0.019832212 0.997674882
1341846334.097932 -0.079249926 0.110481575 0.562858462 0.052496385 0.045410201 0.018842340 0.997410119
1341846334.133884 -0.098119602 0.116142690 0.555933952 0.054993004 0.049412876 0.018245315 0.997096419
1341846334.166115 -0.095503867 0.111282244 0.555883586 0.054030221 0.046669155 0.019127147 0.997264683
1341846334.198072 -0.106168032 0.111216858 0.553785264 0.054602023 0.046763372 0.017903224 0.997251868
1341846334.234097 -0.121289700 0.115044206 0.550937474 0.055654433 0.050057806 0.017028814 0.997049093
1341846334.266045 -0.097778954 0.105624184 0.539094448 0.053746086 0.046872769 0.018546166 0.997281492
1341846334.297946 -0.110280618 0.107364655 0.539714932 0.055341110 0.046948273 0.020003989 0.997162521
1341846334.334036 -0.123766243 0.107062861 0.536449671 0.055289414 0.047856882 0.020080848 0.997120619
1341846334.365871 -0.125926912 0.113818064 0.522856534 0.055639613 0.047118906 0.017932570 0.997177243
1341846334.401845 -0.125857547 0.105146281 0.517278790 0.053101711 0.047164220 0.018445171 0.997304142
1341846334.433864 -0.132623881 0.097099394 0.513487697 0.051828951 0.046659362 0.020649947 0.997351646
1341846334.466105 -0.125837088 0.092625126 0.504925311 0.051229976 0.043501467 0.021748757 0.997501910
1341846334.502142 -0.142578423 0.101893097 0.501157641 0.051779758 0.044633359 0.022167716 0.997414291
1341846334.540153 -0.144883007 0.101522520 0.494954795 0.051450919 0.042996407 0.021791946 0.997511506
1341846334.602351 -0.173527449 0.108942121 0.485622495 0.046926405 0.043260034 0.015871577 0.997834921
1341846334.670161 -0.187773317 0.099938288 0.476491988 0.040232107 0.042855397 0.009612189 0.998224616
1341846334.702085 -0.186796114 0.092557222 0.462451577 0.037667513 0.039193667 0.011190623 0.998458683
1341846334.734751 -0.203999847 0.085808933 0.461269796 0.037156630 0.039114941 0.011682549 0.998475313
1341846334.770889 -0.205574080 0.084375635 0.450802654 0.036780324 0.037281901 0.014777473 0.998518348
1341846334.802194 -0.211261034 0.079742670 0.440842777 0.035246633 0.035364680 0.016695617 0.998613179
1341846334.833908 -0.222629890 0.087787814 0.442276657 0.035927404 0.034945831 0.015478154 0.998623252
1341846334.869874 -0.227593914 0.089290895 0.433309227 0.034384407 0.034690097 0.015960809 0.998678863
1341846334.902006 -0.244335756 0.077688426 0.425513357 0.030835181 0.035271537 0.017220708 0.998753488
1341846334.938010 -0.218663573 0.069247015 0.363551021 0.029989611 0.028388279 0.011478903 0.999081075
1341846334.970032 -0.213211700 0.072905183 0.358304858 0.030853810 0.026325177 0.010126616 0.999125838
1341846335.002203 -0.217608109 0.063278250 0.353173137 0.030537425 0.026764760 0.012606158 0.999095678
1341846335.037880 -0.234868169 0.056179870 0.336175621 0.031385262 0.026036933 0.015375875 0.999049842
1341846335.069990 -0.229556262 0.064909697 0.329066396 0.033186585 0.022055037 0.014893837 0.999094784
1341846335.106038 -0.218429580 0.057411030 0.325801373 0.031915288 0.021137720 0.014298455 0.999164760
1341846335.138045 -0.238000259 0.054046229 0.303358614 0.033661377 0.025305707 0.012061082 0.999040067
1341846335.169900 -0.251070142 0.057451196 0.289415479 0.034225870 0.023961240 0.011912349 0.999055862
1341846335.206091 -0.249960795 0.053947441 0.278702110 0.032649424 0.022369847 0.009190188 0.999174237
1341846335.239365 -0.242411062 0.049239464 0.278917402 0.031662848 0.022019010 0.007844755 0.999225259
1341846335.269948 -0.256611407 0.039266199 0.266120583 0.031552579 0.025077729 0.006665377 0.999165237
1341846335.305972 -0.255772114 0.040656887 0.250806332 0.033877786 0.022672607 0.008123021 0.999135733
1341846335.338012 -0.256360710 0.039013289 0.247381806 0.035561573 0.021374878 0.008289757 0.999104500
1341846335.374005 -0.250910103 0.027290776 0.246980458 0.039211307 0.022474859 0.009149196 0.998936236
1341846335.406025 -0.270846397 0.032534856 0.240108103 0.045885369 0.027192274 0.011732784 0.998507619
1341846335.438079 -0.248458013 0.035114042 0.217215329 0.051732767 0.024504911 0.014897376 0.998249114
1341846335.473998 -0.254353762 0.038296670 0.200705141 0.052923396 0.027170284 0.017061487 0.998083055
1341846335.507038 -0.260413677 0.042660289 0.189012304 0.054283760 0.030599115 0.014679655 0.997948587
1341846335.538040 -0.262649089 0.049411234 0.176583469 0.053577054 0.032817181 0.014002116 0.997926056
1341846335.574119 -0.273575574 0.059435736 0.167630151 0.052214157 0.033848099 0.014651618 0.997954547
1341846335.605970 -0.274852395 0.038248647 0.154902771 0.047927700 0.033325657 0.013073739 0.998209119
1341846335.641978 -0.272993445 0.048965462 0.150573745 0.050356716 0.033679139 0.011043861 0.998102188
1341846335.673993 -0.289388448 0.048890185 0.142281339 0.049771193 0.036334034 0.011173761 0.998036981
1341846335.706178 -0.294311583 0.040441949 0.124619387 0.048198905 0.034814835 0.012546759 0.998151958
1341846335.741982 -0.290345490 0.047007062 0.110037841 0.049975671 0.034472995 0.009960009 0.998105645
1341846335.773960 -0.293763518 0.044963717 0.097227156 0.049368560 0.035193969 0.010281678 0.998107374
1341846335.806271 -0.301008910 0.050085202 0.097776562 0.047157846 0.034804951 0.012136118 0.998207152
1341846335.842031 -0.303826749 0.034371328 0.094050184 0.043275651 0.036003742 0.012145124 0.998340368
1341846335.873966 -0.303496093 0.036131218 0.078719810 0.044431839 0.037278578 0.011504855 0.998250365
1341846335.910005 -0.322307467 0.034602348 0.072691865 0.043600596 0.039538614 0.013924421 0.998169184
1341846335.941936 -0.321028084 0.028550763 0.064176336 0.041266680 0.036723096 0.015491911 0.998352885
1341846335.974198 -0.320202410 0.039059740 0.045256592 0.042521950 0.035507195 0.012920026 0.998380780
1341846336.010032 -0.331068814 0.039888438 0.038010616 0.042169049 0.036481917 0.012050034 0.998371482
1341846336.042129 -0.339006633 0.036589961 0.025511406 0.040759683 0.035694968 0.012599415 0.998451710
1341846336.078076 -0.339696020 0.033110972 0.019742208 0.040331524 0.033676002 0.012376291 0.998542011
1341846336.110739 -0.341022998 0.033907924 0.014950699 0.040957980 0.033447865 0.010631252 0.998544216
1341846336.142002 -0.353780299 0.029796001 0.000958793 0.039865412 0.034589868 0.012447856 0.998528540
1341846336.183953 -0.356548786 0.035904583 -0.011627167 0.039960347 0.031829350 0.014054548 0.998595238
1341846336.241891 -0.366042405 0.038724128 -0.011993809 0.038478393 0.032008588 0.013344575 0.998657465
1341846336.277946 -0.372573107 0.024147626 -0.023148643 0.037143506 0.032713290 0.015846657 0.998648643
1341846336.309977 -0.410917342 0.021744207 -0.012785885 0.040078942 0.034447011 0.017743163 0.998444915
1341846336.346143 -0.381399393 0.027136648 -0.044692613 0.041483570 0.029343868 0.020299865 0.998501837
1341846336.377975 -0.350159287 0.030251496 -0.070417471 0.041948769 0.025355443 0.021629285 0.998563766
1341846336.410032 -0.312013716 0.034514919 -0.087089144 0.042717747 0.019908013 0.023947144 0.998601675
1341846336.446041 -0.263763249 0.047481474 -0.093608856 0.044002999 0.011679182 0.022720130 0.998704731
1341846336.477990 -0.208114386 0.050275970 -0.085278638 0.043249223 0.002881301 0.024258992 0.998765588
1341846336.510056 -0.162663579 0.051905837 -0.092274725 0.043571766 -0.003572911 0.025351936 0.998722196
1341846336.546024 -0.114642717 0.054518282 -0.096476309 0.044525392 -0.010865559 0.027245667 0.998577535
1341846336.578003 -0.072606765 0.062440090 -0.111715987 0.044892032 -0.017404078 0.027958438 0.998448849
1341846336.614020 -0.025462953 0.069973513 -0.109934345 0.045176964 -0.023421001 0.025966458 0.998366773
1341846336.645982 0.021917125 0.077212244 -0.127271786 0.044823524 -0.029704103 0.024877638 0.998243272
1341846336.678036 0.001013563 0.089124545 -0.126448885 0.045184582 -0.028871091 0.025902716 0.998225331
1341846336.714024 0.005572826 0.087273166 -0.123724148 0.047091112 -0.031998731 0.026692957 0.998021066
1341846336.746016 0.003565484 0.088091217 -0.133821353 0.050912257 -0.034182094 0.029035635 0.997695565
1341846336.778014 -0.004214842 0.100323424 -0.142455220 0.054657482 -0.037376769 0.031926867 0.997294426
1341846336.820006 0.042363696 0.101031899 -0.143573135 0.055343412 -0.047838673 0.034511037 0.996723413
1341846336.882056 0.007571611 0.104578592 -0.156156331 0.058186084 -0.045400463 0.033302996 0.996716678
1341846336.914273 0.049813077 0.100854650 -0.154779866 0.059953194 -0.055942804 0.035637762 0.995994925
1341846336.945998 0.078521676 0.106501430 -0.151151851 0.066955119 -0.066057011 0.037706044 0.994852602
1341846336.981980 0.111707196 0.125541493 -0.164835572 0.071910352 -0.074105345 0.033128805 0.994102478
1341846337.014238 0.115256310 0.122701354 -0.172668204 0.068232566 -0.077579163 0.031407230 0.994152606
1341846337.046017 0.119499072 0.114232391 -0.168433160 0.065081798 -0.079595000 0.026846778 0.994338095
1341846337.082104 0.098606244 0.112426698 -0.177975863 0.064156115 -0.077229902 0.023985405 0.994657874
1341846337.114317 0.141349822 0.120516039 -0.175073758 0.063617155 -0.085408382 0.023027347 0.994046271
1341846337.150037 0.080466911 0.098727226 -0.186671570 0.058724385 -0.078686811 0.022487862 0.994914114
1341846337.181873 0.096346274 0.104606867 -0.178646401 0.059357613 -0.080933563 0.019750878 0.994754374
1341846337.214073 0.132715255 0.120791659 -0.178913325 0.059295211 -0.084153324 0.015540375 0.994565606
1341846337.250087 0.157583714 0.123858929 -0.170278788 0.057693340 -0.089335352 0.017150348 0.994181335
1341846337.282028 0.188163698 0.124539934 -0.169496775 0.058621235 -0.097060621 0.019031994 0.993368268
1341846337.317920 0.218073264 0.125838548 -0.165074065 0.058393825 -0.103001125 0.018798904 0.992787719
1341846337.350018 0.239800423 0.127572507 -0.168356910 0.056847647 -0.104952246 0.017611993 0.992694914
1341846337.382159 0.252733231 0.122991316 -0.161259368 0.053993009 -0.106666051 0.015900517 0.992700458
1341846337.417941 0.258490026 0.116983518 -0.158856392 0.054156356 -0.106514640 0.015486157 0.992714405
1341846337.450137 0.265181035 0.118069023 -0.169729322 0.054324478 -0.108856082 0.015864953 0.992445171
1341846337.482096 0.270488769 0.121339500 -0.164413482 0.053362936 -0.110218227 0.016713845 0.992333114
1341846337.518008 0.264618576 0.126183376 -0.162454948 0.054895263 -0.109698981 0.017019689 0.992301822
1341846337.549978 0.268163949 0.135934204 -0.166544586 0.056513727 -0.111211374 0.015894623 0.992061257
1341846337.585971 0.270723641 0.137038365 -0.162498280 0.054081522 -0.111875810 0.014829165 0.992138624
1341846337.617903 0.274435848 0.129509524 -0.153955311 0.054568227 -0.112838857 0.013987439 0.992015123
1341846337.650141 0.283594310 0.139485657 -0.157749504 0.058387358 -0.114400692 0.013764927 0.991621852
1341846337.686352 0.293025702 0.143381312 -0.158709407 0.056931935 -0.115613945 0.014229744 0.991559207
1341846337.718002 0.299239814 0.146817952 -0.147182554 0.056105126 -0.116141967 0.013741086 0.991551518
1341846337.749920 0.311701924 0.150770441 -0.142693251 0.056528665 -0.115990095 0.012752461 0.991558433
1341846337.786157 0.330920249 0.163922623 -0.138388008 0.055266280 -0.115715727 0.012070195 0.991670191
1341846337.817945 0.346109092 0.165536582 -0.125354946 0.053512618 -0.115953274 0.012895648 0.991728246
1341846337.854071 0.365084738 0.172112450 -0.125291884 0.053038295 -0.115128972 0.011673148 0.991864920
1341846337.885951 0.351358980 0.167051986 -0.128389344 0.049120851 -0.110625967 0.009617308 0.992600918
1341846337.918223 0.367740244 0.175648227 -0.115516156 0.046854813 -0.111750841 0.007368027 0.992603660
1341846337.954120 0.372076899 0.180543706 -0.109122299 0.045707714 -0.111095890 0.006531762 0.992736578
1341846337.985994 0.393014312 0.186695725 -0.100405589 0.043999776 -0.112933956 0.005417445 0.992613018
1341846338.018107 0.410287172 0.187800318 -0.084149733 0.041061908 -0.114203632 0.006525026 0.992586970
1341846338.054055 0.360474646 0.181564659 -0.107025295 0.037114371 -0.105535060 0.006214901 0.993703306
1341846338.085986 0.371615618 0.194355473 -0.092105873 0.035939399 -0.104154229 0.005426316 0.993896782
1341846338.121875 0.335961044 0.168010578 -0.101700820 0.030234316 -0.096023075 0.005950956 0.994902015
1341846338.154089 0.341833264 0.174037948 -0.104619913 0.029786874 -0.097111061 0.010376669 0.994773626
1341846338.186029 0.349358559 0.167993218 -0.103260361 0.027520360 -0.098513864 0.012802815 0.994672656
1341846338.222071 0.359371334 0.165875226 -0.104536749 0.025561672 -0.098939478 0.012109047 0.994691372
1341846338.254107 0.355111212 0.165709943 -0.093573615 0.024341390 -0.096662626 0.012287790 0.994943619
1341846338.290130 0.351667047 0.162448108 -0.088266551 0.024200074 -0.096247174 0.014092349 0.994963408
1341846338.321952 0.366925001 0.183259293 -0.084212445 0.027453694 -0.097492285 0.015891476 0.994730592
1341846338.354022 0.372092456 0.183179483 -0.076254994 0.026771091 -0.097954959 0.016395597 0.994695604
1341846338.389969 0.378080010 0.192397118 -0.073444359 0.027722377 -0.098186843 0.017057003 0.994635522
1341846338.422377 0.375243306 0.187614694 -0.068396144 0.025266126 -0.097142242 0.016777480 0.994808316
1341846338.454010 0.376502097 0.188102618 -0.064887017 0.024416175 -0.097719617 0.015602455 0.994792044
1341846338.489894 0.375425786 0.185083270 -0.059851535 0.022343021 -0.098050557 0.015591225 0.994808435
1341846338.522066 0.375021696 0.185112074 -0.051088274 0.023504112 -0.097565800 0.015042530 0.994837761
1341846338.558058 0.377145737 0.189850360 -0.052195340 0.023030048 -0.097851470 0.014538859 0.994828284
1341846338.589842 0.378373414 0.186170816 -0.047676295 0.020652790 -0.098319486 0.014005978 0.994841993
1341846338.622019 0.376726478 0.182944342 -0.040300474 0.021233061 -0.096947908 0.014385646 0.994958937
1341846338.657984 0.376019895 0.185428798 -0.041587010 0.021383129 -0.097089112 0.017051423 0.994899869
1341846338.690198 0.379592687 0.187517554 -0.040596738 0.019462612 -0.098156147 0.016262850 0.994847775
1341846338.722454 0.377724081 0.187244713 -0.029678397 0.019350870 -0.096622556 0.015299425 0.995015383
1341846338.757945 0.378387094 0.192565963 -0.022922590 0.019687172 -0.097214662 0.018223653 0.994901836
1341846338.790039 0.380077809 0.192834899 -0.016321659 0.017676134 -0.099368609 0.018221665 0.994726777
1341846338.826048 0.380638808 0.195061386 -0.009935059 0.019003099 -0.098188326 0.015307113 0.994868636
1341846338.858027 0.379909188 0.197799027 -0.004938662 0.018758968 -0.096755691 0.015244041 0.995014608
1341846338.889902 0.380273998 0.196781367 0.003898658 0.016206067 -0.097942390 0.014586089 0.994953215
1341846338.925948 0.378347844 0.196930364 0.013561063 0.016122354 -0.096483573 0.011563309 0.995136797
1341846338.958108 0.373161972 0.194391638 0.025314856 0.016078046 -0.093447916 0.010197561 0.995442092
1341846338.990057 0.377762198 0.199916214 0.034210857 0.017624384 -0.094582893 0.011617928 0.995293200
1341846339.025928 0.376939029 0.191915840 0.046045728 0.018006831 -0.093249165 0.011095400 0.995418131
1341846339.057939 0.373383045 0.190066829 0.055896215 0.020656969 -0.090381533 0.012226187 0.995617926
1341846339.093927 0.382128894 0.198759004 0.062856443 0.019947574 -0.092564397 0.014379225 0.995402992
1341846339.126562 0.386351079 0.193434194 0.071040802 0.015406142 -0.093555346 0.012256782 0.995419383
1341846339.157969 0.390331924 0.197113484 0.086615972 0.014249941 -0.091013744 0.010856654 0.995688498
1341846339.194113 0.396922797 0.199449301 0.094205730 0.012266006 -0.091657907 0.013054150 0.995629430
1341846339.228165 0.387934089 0.214039654 0.113550857 0.010065022 -0.092652783 0.014747218 0.995538354
1341846339.257998 0.381413460 0.207636788 0.129621089 0.007232201 -0.090087011 0.012470976 0.995829523
1341846339.294132 0.383929878 0.211739630 0.136881590 0.007078629 -0.088455819 0.015158233 0.995939553
1341846339.326577 0.388974875 0.218781844 0.132939577 0.002949791 -0.091403641 0.018634217 0.995635152
1341846339.362269 0.392187148 0.209522069 0.156975508 -0.001903856 -0.093617760 0.014854964 0.995495558
1341846339.394725 0.398187816 0.209001243 0.168282092 -0.003052050 -0.092175938 0.014880034 0.995626867
1341846339.462186 0.404683262 0.210470542 0.194656014 -0.006103002 -0.094049208 0.015166905 0.995433271
1341846339.496743 0.399159580 0.214945793 0.201600477 -0.002019876 -0.088225096 0.013314032 0.996009529
1341846339.562052 0.405372918 0.206098706 0.224018887 -0.002824616 -0.086956009 0.016904421 0.996064723
1341846339.595122 0.409522533 0.216484249 0.235413253 0.001416891 -0.086489379 0.015284034 0.996134520
1341846339.632085 0.416818708 0.214721158 0.243109331 0.002343304 -0.083683975 0.012827422 0.996407032
1341846339.664568 0.421807945 0.207995623 0.249711901 0.001737976 -0.081687249 0.011943202 0.996584952
1341846339.698896 0.416036487 0.205552340 0.258190155 0.001318037 -0.079844825 0.011159670 0.996743977
1341846339.731977 0.420189202 0.208269238 0.272602618 0.002675050 -0.079862908 0.008243200 0.996768177
1341846339.762241 0.416963995 0.204868764 0.283042014 0.002578295 -0.077599309 0.008289470 0.996946871
1341846339.797873 0.415800899 0.210908875 0.290014148 0.003460081 -0.076701552 0.009210342 0.997005582
1341846339.830245 0.410695463 0.203696951 0.298615485 0.001936060 -0.076085083 0.009770595 0.997051597
1341846339.862015 0.423949897 0.207102418 0.302042961 0.002061182 -0.078014061 0.009641661 0.996903539
1341846339.897797 0.433397591 0.200683802 0.311098397 0.000203318 -0.078350447 0.009575303 0.996879876
1341846339.929916 0.419282079 0.200867996 0.320095539 0.000546697 -0.074528381 0.010556591 0.997162879
1341846339.961960 0.424642414 0.193526864 0.331087828 0.000458444 -0.076003663 0.012014815 0.997035027
1341846339.997845 0.437482715 0.197804421 0.334101468 0.002892361 -0.076868258 0.011528189 0.996970415
1341846340.029925 0.440122783 0.190992638 0.349269092 0.002429516 -0.074730940 0.013531513 0.997108996
1341846340.066044 0.443725377 0.192681029 0.361382067 0.004656504 -0.074194498 0.015589349 0.997111022
1341846340.098009 0.440218598 0.198737383 0.363046795 0.006576893 -0.072657011 0.015143502 0.997220337
1341846340.130102 0.447594523 0.195665047 0.375179797 0.005368396 -0.074126802 0.015135855 0.997119486
1341846340.166041 0.451231271 0.198943704 0.384518892 0.007773242 -0.071960568 0.011907035 0.997306108
1341846340.197867 0.443729013 0.184406504 0.377769232 0.005677107 -0.067599729 0.012919802 0.997612715
1341846340.229904 0.439674109 0.199246511 0.380560607 0.007488972 -0.067685515 0.011688709 0.997610092
1341846340.265859 0.450140506 0.204899102 0.409758747 0.008638432 -0.068787083 0.010589861 0.997537732
1341846340.298061 0.448761463 0.201589912 0.414001852 0.009851397 -0.065783478 0.012375172 0.997708559
1341846340.334063 0.446346998 0.211732537 0.421687990 0.010105443 -0.066618256 0.014753249 0.997618258
1341846340.366064 0.444536179 0.196834505 0.418185681 0.006477741 -0.067361206 0.012639010 0.997627556
1341846340.397995 0.448163033 0.199663103 0.421647727 0.008886046 -0.067179479 0.011914584 0.997630179
1341846340.433895 0.448728889 0.191062912 0.420368791 0.007448223 -0.067328624 0.014067199 0.997603834
1341846340.465959 0.446718335 0.194902331 0.428373903 0.009036423 -0.069549285 0.014732771 0.997428775
1341846340.501858 0.456252068 0.196333870 0.431990474 0.009978889 -0.074223369 0.014940484 0.997079790
1341846340.534329 0.461255550 0.197202057 0.431532264 0.010601130 -0.075949579 0.015089945 0.996941090
1341846340.566041 0.465738028 0.193986610 0.434069365 0.011588164 -0.077190265 0.015667504 0.996825933
1341846340.601909 0.471795857 0.196055368 0.433086306 0.014288085 -0.078220725 0.016196473 0.996702075
1341846340.634005 0.476344824 0.198598713 0.431367695 0.015255722 -0.078990936 0.014939826 0.996646643
1341846340.666028 0.479080737 0.199243411 0.430806011 0.015473913 -0.078694865 0.012974037 0.996694207
1341846340.701946 0.483535588 0.193285927 0.422508240 0.016797764 -0.077235952 0.011355148 0.996806622
1341846340.733954 0.485579699 0.196741566 0.420289427 0.018330375 -0.075557627 0.009638805 0.996926367
1341846340.770081 0.486441582 0.197127178 0.417946130 0.017495997 -0.075042017 0.006686402 0.997004449
1341846340.801980 0.492454350 0.197208136 0.425022244 0.018244829 -0.074783847 0.001778936 0.997031271
1341846340.833999 0.490750909 0.200396478 0.418881476 0.018636562 -0.071672685 -0.003264679 0.997248709
1341846340.870013 0.485878885 0.197292641 0.417988926 0.016940994 -0.071212068 -0.003930138 0.997309566
1341846340.901955 0.490554690 0.195337370 0.419335604 0.017990457 -0.072026201 -0.004228750 0.997231483
1341846340.933918 0.488196343 0.194363847 0.415847540 0.019424902 -0.072328962 -0.001515886 0.997190475
1341846340.970122 0.483998865 0.194865689 0.414098769 0.020096812 -0.074911863 0.003582983 0.996981204
1341846341.001922 0.487301499 0.194470137 0.412460864 0.021117738 -0.079392724 0.008848174 0.996580422
1341846341.037923 0.487301469 0.195260003 0.408672869 0.022119729 -0.081604414 0.010847313 0.996360242
1341846341.070300 0.492918670 0.192120165 0.399599969 0.022107938 -0.082994416 0.011613130 0.996237099
1341846341.102028 0.488640547 0.194884047 0.398978949 0.022526009 -0.083707497 0.011324381 0.996171355
1341846341.137982 0.489144653 0.191227913 0.398477226 0.022094065 -0.085490800 0.010483517 0.996038795
1341846341.170048 0.490910709 0.192594126 0.396048993 0.022689456 -0.086000621 0.012485476 0.995958447
1341846341.202110 0.493693203 0.190217078 0.395355433 0.023934780 -0.086902283 0.014211188 0.995827854
1341846341.237996 0.498566747 0.192494899 0.394693851 0.025812825 -0.087254591 0.015107281 0.995736957
1341846341.269883 0.495499253 0.191529974 0.391210586 0.026625652 -0.086341761 0.015257338 0.995792866
1341846341.306107 0.494661927 0.193845615 0.388911009 0.027771555 -0.086894311 0.014526644 0.995724440
1341846341.338109 0.493016839 0.191786811 0.383708745 0.028614918 -0.085685775 0.011336447 0.995846689
1341846341.370120 0.495623767 0.192236245 0.385444283 0.029220926 -0.085066259 0.009386673 0.995902479
1341846341.406074 0.492591560 0.191772133 0.382159352 0.029244587 -0.084421322 0.009453288 0.995956004
1341846341.438113 0.492143661 0.183554232 0.383557081 0.029585557 -0.086228304 0.009698956 0.995788813
1341846341.470024 0.496664882 0.187368572 0.377288014 0.032895260 -0.086753875 0.008118158 0.995653450
1341846341.506077 0.492487073 0.193735361 0.375945538 0.033386149 -0.085392661 0.007049681 0.995762885
1341846341.538156 0.485997647 0.187670633 0.370082974 0.031737488 -0.086308040 0.007512051 0.995734513
1341846341.574016 0.492139727 0.189054132 0.371524036 0.032916978 -0.089367874 0.008374081 0.995419383
1341846341.612466 0.490124941 0.192333937 0.368145525 0.033531398 -0.089639723 0.008662006 0.995371938
1341846341.643972 0.485201240 0.193223163 0.368015200 0.032729726 -0.090289690 0.007333927 0.995350599
1341846341.679982 0.485275447 0.191908151 0.368441790 0.032437883 -0.091950059 0.008138109 0.995201886
1341846341.712332 0.484791636 0.193691745 0.365514308 0.033185881 -0.094285846 0.011094723 0.994930029
1341846341.744185 0.483542323 0.192349657 0.366209865 0.033235133 -0.095986851 0.012595466 0.994747877
1341846341.780061 0.483696669 0.193790406 0.361289471 0.033669334 -0.096504286 0.013870544 0.994666219
1341846341.842595 0.489891440 0.187256768 0.359031081 0.035068780 -0.098080054 0.020103393 0.994357228
1341846341.906227 0.494265944 0.183938980 0.354670733 0.037607849 -0.099360198 0.025035476 0.994025409
1341846341.942069 0.494799167 0.177502483 0.353663564 0.040229399 -0.099257983 0.026979424 0.993882060
1341846341.974775 0.494891286 0.176903635 0.346634328 0.043230485 -0.099390328 0.028758112 0.993692935
1341846342.010161 0.488790959 0.180442959 0.346278250 0.044238180 -0.099945821 0.030818697 0.993531108
1341846342.042024 0.498335004 0.174850032 0.345964849 0.045430254 -0.101657219 0.031166794 0.993292749
1341846342.080032 0.500719130 0.182895601 0.340622902 0.048157632 -0.099493973 0.031624537 0.993368864
1341846342.112265 0.496711969 0.176694125 0.338128388 0.047559973 -0.098352417 0.033307049 0.993456364
1341846342.147954 0.499650061 0.171518579 0.341178626 0.049537461 -0.100230724 0.036118146 0.993073702
1341846342.179852 0.503837824 0.174515367 0.338091075 0.052428268 -0.099904552 0.037685115 0.992899895
1341846342.211848 0.503350973 0.174784690 0.339003831 0.053121541 -0.099429153 0.037595309 0.992914140
1341846342.247920 0.503760159 0.172021762 0.334088653 0.054052263 -0.098907836 0.035539247 0.992991745
1341846342.279870 0.504939437 0.170140028 0.336283088 0.055356260 -0.098785989 0.036680330 0.992890537
1341846342.316068 0.504478812 0.169800341 0.330945015 0.056532163 -0.098298095 0.037230272 0.992852211
1341846342.347894 0.508826554 0.175104737 0.335684180 0.057363335 -0.099245988 0.037729308 0.992691398
1341846342.379953 0.507208824 0.171124220 0.333173901 0.056862079 -0.098092623 0.038164124 0.992818236
1341846342.416195 0.506223500 0.172501475 0.333472192 0.057679713 -0.097856857 0.038969498 0.992763042
