1341846092.023798 0.000000000 0.000000000 0.000000000 0.000000000 0.000000000 0.000000000 1.000000000
1341846092.059891 0.000374055 0.000353143 0.000179091 0.001361370 0.000504574 -0.001592726 0.999997675
1341846092.091861 0.000665573 0.000803443 0.000789245 0.002864371 0.000860961 -0.001860285 0.999993801
1341846092.123884 0.000151763 0.001038301 0.000182782 0.004434153 0.000952520 -0.001489384 0.999988616
1341846092.159881 -0.000459859 -0.000169072 0.000593329 0.005618634 0.001111318 -0.000223708 0.999983549
1341846092.191824 0.000609026 0.001540399 0.001297989 0.007461894 0.000510852 0.000824779 0.999971688
1341846092.227766 0.001151077 0.004962423 -0.001462563 0.008940293 0.001042320 -0.000272802 0.999959469
1341846092.259844 0.001239175 0.005242907 -0.001935011 0.008324840 0.001313350 -0.000817489 0.999964178
1341846092.291754 0.002055513 0.001349618 0.001623851 0.008398619 0.000892818 -0.001731608 0.999962807
1341846092.327827 0.003725705 -0.001411805 0.001425883 0.010352430 0.000989530 -0.002277921 0.999943316
1341846092.359956 0.001671764 -0.002337473 0.000873652 0.013102136 0.001411615 -0.003453349 0.999907196
1341846092.395855 0.001165699 -0.001704039 0.002424289 0.016054198 0.001386779 -0.005783204 0.999853432
1341846092.428016 0.003489710 -0.001857421 0.000703018 0.018649211 0.001460306 -0.008196700 0.999791443
1341846092.459991 0.003093094 -0.003169058 0.002508632 0.021178704 0.002003583 -0.010584498 0.999717653
1341846092.495930 0.003313501 -0.004162461 0.002070618 0.024379421 0.002361647 -0.012970834 0.999615848
1341846092.528072 0.004534645 -0.005083459 0.003248854 0.027984325 0.002383479 -0.015549032 0.999484599
1341846092.559842 0.005301392 -0.005942040 0.005284689 0.032565579 0.003961178 -0.017614875 0.999306500
1341846092.595783 0.003033369 -0.003890122 0.005590940 0.037784182 0.005418804 -0.018008852 0.999108911
1341846092.628121 0.002261909 -0.006821807 0.005099670 0.041780956 0.004694249 -0.017795507 0.998957276
1341846092.659797 0.008171646 -0.004037009 0.001809533 0.046616066 0.004858992 -0.018929092 0.998721659
1341846092.696012 0.009793633 -0.001232134 0.003307505 0.049760871 0.006395847 -0.020007644 0.998540223
1341846092.727906 0.011396902 -0.007804559 0.005858399 0.052140221 0.006175932 -0.019956164 0.998421252
1341846092.760105 0.009068620 -0.012348057 0.003999736 0.058338121 0.006177988 -0.016687868 0.998138249
1341846092.795871 0.003251127 -0.012609097 0.003233537 0.063054495 0.005573352 -0.016637592 0.997855842
1341846092.827857 0.007625964 -0.008268842 0.006843609 0.070230551 0.005256251 -0.021129481 0.997293115
1341846092.863824 0.014773902 -0.006780594 0.002953895 0.074329428 0.006801590 -0.027181942 0.996840000
1341846092.895885 0.005619579 -0.004634428 0.005877526 0.076432474 0.008426711 -0.030063972 0.996585786
1341846092.927920 0.010642420 -0.021508416 0.001371474 0.077984668 0.007212052 -0.030187499 0.996471345
1341846092.963849 0.010554566 -0.021510400 -0.001057383 0.084000297 0.008522045 -0.029655045 0.995987892
1341846092.995760 0.007589942 -0.025105424 -0.001860427 0.088477783 0.009390973 -0.028588604 0.995623529
1341846093.027860 0.010798318 -0.034137383 -0.001610673 0.095211819 0.008291669 -0.027290115 0.995048344
1341846093.063741 0.014256362 -0.025995217 0.000095858 0.104098700 0.008089375 -0.025832852 0.994198501
1341846093.125933 0.020551581 -0.031534962 0.001127750 0.110749036 0.010418700 -0.030552555 0.993324041
1341846093.157795 0.016865540 -0.032314666 -0.000892065 0.116538890 0.012404733 -0.026914071 0.992743909
1341846093.189822 0.013585251 -0.036774296 -0.001310222 0.120932765 0.011090862 -0.023996452 0.992308676
1341846093.225887 0.018628014 -0.033992611 -0.003121643 0.126689017 0.010860925 -0.023026466 0.991615713
1341846093.257900 0.020758959 -0.041319344 0.000071459 0.130227461 0.012203530 -0.023014387 0.991141856
1341846093.289744 0.018225135 -0.038213454 -0.001900671 0.136258975 0.014256998 -0.022414491 0.990316987
1341846093.325795 0.018819962 -0.040220309 -0.004532899 0.142150357 0.014853964 -0.020983174 0.989511132
1341846093.357904 0.020465061 -0.042833392 -0.002875164 0.146162733 0.015570044 -0.021799054 0.988897800
1341846093.393841 0.019390613 -0.044253893 -0.000302963 0.149772137 0.016721673 -0.022423575 0.988324761
1341846093.425924 0.013585485 -0.056488492 -0.003404106 0.153934494 0.017342035 -0.018856805 0.987748861
1341846093.457796 0.029810244 -0.039655287 -0.002796680 0.163397163 0.013592196 -0.018208234 0.986298680
1341846093.493817 0.035208307 -0.052222490 -0.006715097 0.166475639 0.013300448 -0.016398620 0.985819459
1341846093.525871 0.043439727 -0.047611311 0.000388183 0.174021661 0.012004954 -0.013030824 0.984582424
1341846093.561833 0.030178025 -0.057435077 -0.004170656 0.179370150 0.014305121 -0.009867513 0.983628154
1341846093.593995 0.034549735 -0.051444728 -0.011256508 0.185999572 0.013740162 -0.010752150 0.982394874
1341846093.625945 0.033583451 -0.059628490 -0.011236261 0.188078180 0.015007100 -0.011585225 0.981971085
1341846093.661809 0.036016524 -0.059460044 -0.008191041 0.194252431 0.014526251 -0.012678610 0.980762064
1341846093.693938 0.039035302 -0.062567122 -0.009710112 0.199293926 0.014238553 -0.013044504 0.979749501
1341846093.725842 0.028929567 -0.071695127 -0.012190333 0.203406721 0.015101434 -0.013852412 0.978879809
1341846093.761995 0.025021831 -0.075018376 -0.012764329 0.210950404 0.013978044 -0.010625090 0.977339089
1341846093.794228 0.022551512 -0.076755941 -0.012879565 0.218433186 0.010944235 -0.006355083 0.975769818
1341846093.829820 0.026791450 -0.075054877 -0.018038807 0.225040585 0.008032647 -0.006187689 0.974296629
1341846093.861841 0.029307345 -0.073742278 -0.017601164 0.230056658 0.009165600 -0.009683511 0.973085880
1341846093.893823 0.021146318 -0.090603232 -0.020960437 0.234518349 0.009487460 -0.009211302 0.972021759
1341846093.929912 0.028049670 -0.090982281 -0.021158837 0.242428601 0.005782368 -0.007740639 0.970121145
1341846093.961968 0.034870133 -0.095831752 -0.027802434 0.250106156 0.004895563 -0.006241216 0.968185902
1341846093.994029 0.029266741 -0.098140836 -0.034593679 0.255410224 0.006695522 -0.008167397 0.966775060
1341846094.029902 0.025395935 -0.091053732 -0.030022724 0.260217041 0.007571193 -0.010172182 0.965466857
1341846094.062046 0.037473332 -0.096890382 -0.031776905 0.263748884 0.007622172 -0.009660904 0.964512885
1341846094.097921 0.032014571 -0.096023113 -0.025637139 0.268790126 0.008914134 -0.009058611 0.963114917
1341846094.129856 0.042062312 -0.100697353 -0.032345112 0.268941104 0.008313269 -0.008537846 0.963082910
1341846094.161786 0.046917252 -0.096513912 -0.028750475 0.272467732 0.009836909 -0.009287247 0.962069809
1341846094.197938 0.047783531 -0.095836475 -0.031366251 0.271784246 0.014050802 -0.010231593 0.962201238
1341846094.229967 0.050435185 -0.100547388 -0.029632464 0.272528887 0.014954912 -0.009092322 0.961988389
1341846094.261795 0.048298255 -0.098667957 -0.033184551 0.271092176 0.016626080 -0.009187680 0.962365925
1341846094.297927 0.050756406 -0.096253142 -0.025734307 0.269641280 0.018457539 -0.011240141 0.962718308
1341846094.329846 0.049585734 -0.093275562 -0.036688529 0.266809940 0.020877466 -0.011099059 0.963459074
1341846094.733999 0.057681210 -0.046205822 -0.014274275 0.193410426 0.011066056 0.011771102 0.980984867
1341846094.767923 0.050528828 -0.046572648 -0.007772029 0.187429786 0.010799743 0.018933848 0.982036114
1341846094.801844 0.049536455 -0.038868625 -0.008814942 0.182464063 0.007138486 0.024888976 0.982871473
1341846094.833846 0.066465296 -0.039788678 -0.013705796 0.175870180 0.005219970 0.027410612 0.984017849
1341846094.866031 0.052420229 -0.037424795 -0.011397967 0.168767884 0.009669821 0.026591042 0.985249579
1341846094.901923 0.049843937 -0.021314194 -0.011073892 0.161792904 0.009443427 0.028915962 0.986355782
1341846094.966365 0.049140800 -0.028913191 -0.008463685 0.143537909 0.005755146 0.034459271 0.989027977
1341846095.002198 0.055073690 -0.000137230 -0.004895310 0.137573928 0.006192294 0.033392657 0.989909053
1341846095.034722 0.054021727 -0.018992664 -0.012872191 0.122407176 0.007741077 0.033356909 0.991889060
1341846095.075946 0.056858119 -0.016334629 -0.007673142 0.118887812 0.008041978 0.034877747 0.992262304
1341846095.134021 0.054945447 -0.011382004 -0.002623986 0.111824520 0.011964525 0.037657984 0.992942095
1341846095.169946 0.049806412 -0.009601635 -0.010718662 0.109384336 0.013230744 0.042410634 0.993006229
1341846095.201911 0.051261809 -0.006132789 -0.008904181 0.105638370 0.011600887 0.045748439 0.993283987
1341846095.233880 0.055816658 -0.001600196 -0.011874442 0.100857951 0.010785033 0.046565190 0.993752003
1341846095.269927 0.050999243 0.002088827 -0.008726504 0.096306294 0.012277689 0.045121122 0.994252741
1341846095.301803 0.042381730 0.002923026 -0.009778623 0.090208493 0.011535387 0.046569645 0.994766593
1341846095.337767 0.050464932 0.002765663 -0.007514878 0.084314212 0.007716841 0.048499484 0.995228291
1341846095.369772 0.051594917 0.014709613 -0.007008053 0.079950102 0.008345473 0.048260916 0.995594919
1341846095.401800 0.049026906 0.003976081 -0.007091433 0.073092997 0.009609262 0.047984395 0.996123731
1341846095.437762 0.051347870 0.008486326 -0.006786651 0.069051981 0.008421569 0.050286662 0.996309280
1341846095.469900 0.053768992 0.004660773 -0.005124590 0.064536504 0.008971388 0.051583800 0.996540844
1341846095.501905 0.051651847 0.010157928 -0.010538840 0.061753307 0.010335798 0.053236417 0.996617079
1341846095.538219 0.060672697 0.015825057 -0.011842826 0.056358892 0.009823299 0.052534129 0.996979117
1341846095.569934 0.060004808 0.011252357 -0.010007966 0.050351571 0.010765801 0.051421672 0.997348845
1341846095.606238 0.061354458 0.009470556 -0.006234333 0.045605581 0.010722737 0.052349716 0.997529268
1341846095.637875 0.061643798 0.007058698 -0.007779486 0.041597418 0.010595160 0.054712109 0.997579098
1341846095.669890 0.064183421 0.013167758 -0.009462508 0.039312959 0.010194166 0.055038683 0.997657895
1341846095.705878 0.070527583 0.014803382 -0.007620174 0.035101298 0.011063665 0.055714514 0.997768223
1341846095.737902 0.063785687 0.012052367 -0.007013522 0.030912325 0.013818301 0.056590982 0.997823060
1341846095.773812 0.065098360 0.013155853 -0.006051328 0.027963558 0.013552283 0.058396298 0.997809708
1341846095.838106 0.068095498 0.025183681 -0.007168971 0.021058116 0.015353984 0.057126645 0.998026729
1341846095.873871 0.067427233 0.026888704 -0.009695560 0.016518122 0.017542472 0.055854551 0.998148143
1341846095.905980 0.056185201 0.031580355 -0.009237176 0.011378364 0.019135814 0.057553906 0.998094141
1341846095.937932 0.063624941 0.026585968 -0.007731374 0.005410257 0.016542187 0.058143966 0.998156488
1341846095.973926 0.071091101 0.037148893 -0.006453551 0.003518680 0.016417120 0.058949176 0.998119771
1341846096.005891 0.054928984 0.039295178 -0.008339332 -0.001345908 0.019474378 0.059560232 0.998033822
1341846096.041838 0.057779532 0.033391327 -0.007690128 -0.007669385 0.017635239 0.059296176 0.998055220
1341846096.073937 0.062305927 0.036121648 -0.006572171 -0.011760993 0.016665651 0.057183322 0.998155296
1341846096.105773 0.061362121 0.040118016 -0.006237512 -0.016567174 0.017003272 0.055439454 0.998179793
1341846096.141944 0.054601274 0.042053010 -0.007985329 -0.022737885 0.018460922 0.053552113 0.998135448
1341846096.173951 0.060057472 0.049455289 -0.001392667 -0.024673020 0.015991572 0.053694498 0.998124421
1341846096.205991 0.061722159 0.049655095 -0.001914578 -0.025730306 0.016024383 0.053260859 0.998120427
1341846096.241942 0.056246337 0.054217905 -0.004778698 -0.027399490 0.016239356 0.054939669 0.997981548
1341846096.273909 0.064376608 0.055502016 -0.003505072 -0.030220876 0.013903725 0.053399988 0.998018980
1341846096.309891 0.060712405 0.059956491 -0.006419596 -0.033383206 0.015086001 0.051712696 0.997989893
1341846096.341861 0.065255120 0.048920494 -0.002490427 -0.039058398 0.013618831 0.052567746 0.997760296
1341846096.374240 0.064129107 0.050908685 -0.000119417 -0.039539013 0.012759899 0.051987104 0.997783124
1341846096.409718 0.070865706 0.062331516 0.000539945 -0.038739465 0.012104013 0.050429400 0.997902632
1341846096.441905 0.056901056 0.063185968 -0.002822625 -0.041545503 0.015344516 0.047587194 0.997884750
1341846096.473846 0.056498263 0.059251785 -0.002270457 -0.045368638 0.014707826 0.045573261 0.997821867
1341846096.510050 0.061071597 0.056652155 -0.001434611 -0.048299193 0.014176539 0.043270711 0.997794509
1341846096.542063 0.061290327 0.063137971 0.001058571 -0.048216630 0.014837031 0.043021899 0.997799635
1341846096.577955 0.054773953 0.067049325 -0.001695275 -0.049773589 0.016515559 0.042385653 0.997724056
1341846096.609941 0.051376622 0.076526798 -0.003369667 -0.052256238 0.016333962 0.041233089 0.997648418
1341846096.641875 0.057894159 0.069260031 -0.003893853 -0.059427872 0.014838269 0.038249929 0.997389138
1341846096.677902 0.059819922 0.070031293 -0.005446025 -0.062324300 0.015367380 0.036961932 0.997252882
1341846096.709906 0.057576776 0.082097076 -0.009020793 -0.065309688 0.015418405 0.038123999 0.997017324
1341846096.745991 0.062114611 0.082989492 -0.004150920 -0.070593223 0.013810267 0.036997769 0.996723115
1341846096.777870 0.067052849 0.090180978 -0.000234712 -0.072676286 0.013573379 0.034288462 0.996673584
1341846096.810244 0.069769569 0.110051237 -0.009756933 -0.076357350 0.014096900 0.032656126 0.996445894
1341846096.845763 0.069903255 0.099332675 -0.008336631 -0.085579790 0.013372442 0.031882402 0.995731294
1341846096.878199 0.074258715 0.092141956 -0.005744848 -0.091108724 0.012857882 0.029503761 0.995320737
1341846096.909946 0.069635391 0.105464645 -0.006848307 -0.092604831 0.014312439 0.030556556 0.995131075
1341846096.945914 0.069752917 0.120971926 -0.009623489 -0.096811064 0.013256625 0.030742023 0.994739592
1341846096.978058 0.071298793 0.117203236 -0.010281557 -0.105760910 0.013024148 0.027725363 0.993919671
1341846097.014061 0.071578339 0.121388614 -0.009137584 -0.112016231 0.014350882 0.024781588 0.993293643
1341846097.045960 0.071742713 0.109025285 -0.007361906 -0.122917362 0.015433630 0.024103450 0.992004156
1341846097.078464 0.071167707 0.106618308 -0.006586444 -0.129762769 0.016140612 0.023096384 0.991144657
1341846097.113795 0.069014601 0.117650405 -0.002615344 -0.132318601 0.017259188 0.020478014 0.990845382
1341846097.146138 0.071679637 0.109831341 -0.003201969 -0.137902245 0.018425230 0.019415500 0.990084112
1341846097.178019 0.064552434 0.096431777 -0.000367573 -0.144727439 0.020352056 0.019992696 0.989060163
1341846097.213933 0.060654797 0.098753557 0.006072491 -0.145799041 0.019200191 0.021009104 0.988904774
1341846097.246080 0.067430221 0.099713087 0.001157980 -0.147662252 0.016242392 0.019625377 0.988709748
1341846097.282030 0.070040278 0.085568793 0.002898186 -0.153846338 0.016916763 0.019483477 0.987757862
1341846097.313977 0.072668545 0.104866654 -0.002223803 -0.151213661 0.016152903 0.024130236 0.988074481
1341846097.345922 0.071497716 0.109069966 -0.002266888 -0.154025182 0.014795424 0.028218297 0.987553060
1341846097.381852 0.074225672 0.115467459 -0.003230244 -0.157177463 0.015656799 0.029652588 0.987000942
1341846097.413864 0.074768335 0.118981011 -0.007142264 -0.159389764 0.018305311 0.029166406 0.986615002
1341846097.445910 0.077062555 0.137294397 -0.013338245 -0.163914368 0.018491544 0.029238546 0.985867798
1341846097.481979 0.074595198 0.143888980 -0.011477411 -0.171030790 0.019204296 0.028419610 0.984668493
1341846097.514061 0.074609369 0.137240350 -0.009277269 -0.179950222 0.020783905 0.022617534 0.983196020
1341846097.550048 0.075803719 0.133164972 -0.011119921 -0.188133478 0.021949947 0.023328267 0.981620967
1341846097.587812 0.075474963 0.115609951 -0.008078672 -0.200402439 0.021892201 0.023831537 0.979179084
1341846097.649731 0.079723969 0.139980137 -0.011682983 -0.203889728 0.022714827 0.017023420 0.978582263
1341846097.681970 0.079193272 0.132149220 -0.011917714 -0.210888162 0.022995101 0.017081751 0.977090359
1341846097.714026 0.082554638 0.130065024 -0.010454789 -0.214649439 0.022027487 0.017185671 0.976291478
1341846097.749749 0.076997921 0.135527343 -0.011969771 -0.214117721 0.023245480 0.015220391 0.976412594
1341846097.782019 0.078537986 0.133425146 -0.012687162 -0.218950599 0.022596851 0.014073692 0.975372732
1341846097.817835 0.074578725 0.114284433 -0.008481037 -0.225601435 0.023135200 0.012028383 0.973870695
1341846097.849998 0.069837697 0.107334524 -0.004100487 -0.224911898 0.023938954 0.010673992 0.974026501
1341846097.882032 0.071678713 0.124068066 -0.007845812 -0.220051110 0.022547238 0.011301260 0.975162268
1341846097.917945 0.071852989 0.109970108 -0.004573759 -0.222799882 0.021452086 0.009666672 0.974580228
1341846097.949812 0.064326935 0.111460656 -0.004077379 -0.219263941 0.023031965 0.006754325 0.975370288
1341846097.985786 0.066134833 0.096344337 -0.001623411 -0.216907904 0.023475744 0.007806001 0.975878537
1341846098.017778 0.062134486 0.099132359 -0.000097033 -0.211339369 0.024210462 0.006018591 0.977094293
1341846098.050033 0.065011099 0.081778787 0.001864463 -0.208087429 0.023711134 0.002112444 0.977820516
1341846098.085962 0.071176432 0.104317904 -0.010959629 -0.197722524 0.024357287 -0.002938777 0.979950964
1341846098.117764 0.076593183 0.115622126 -0.011558436 -0.194621012 0.026520245 -0.011146410 0.980456591
1341846098.149904 0.067703962 0.115502663 -0.006974757 -0.194699883 0.029747471 -0.013540419 0.980318129
1341846098.185874 0.064701408 0.113275476 -0.000512723 -0.190673575 0.029846800 -0.009316131 0.981155396
1341846098.217722 0.067835785 0.072311029 0.005663985 -0.191734761 0.028846823 -0.006780430 0.980999291
1341846098.253811 0.064425856 0.071476609 0.003951402 -0.182772934 0.032222494 -0.006123587 0.982607901
1341846098.285939 0.071169779 0.090224668 0.000146963 -0.168448612 0.032160711 -0.003415461 0.985179722
1341846098.319650 0.069465905 0.081734300 -0.002107430 -0.159268841 0.034134440 -0.006323171 0.986624718
1341846098.353827 0.066215336 0.080746382 -0.001293626 -0.149330884 0.037495624 -0.008430171 0.988040149
1341846098.385963 0.064468578 0.063250750 -0.000808021 -0.144567803 0.040004306 -0.013707019 0.988590896
1341846098.418076 0.080947839 0.075074002 -0.004202006 -0.134160295 0.040184457 -0.016248804 0.990011215
1341846098.453988 0.072939217 0.085601464 -0.003884971 -0.128098235 0.044888955 -0.019570744 0.990551770
1341846098.485927 0.068219028 0.083273925 0.003359994 -0.124472961 0.045985475 -0.020446941 0.990945876
1341846098.521907 0.065805562 0.074485347 0.004165754 -0.119226657 0.045901485 -0.020058902 0.991602600
1341846098.553851 0.072087251 0.065053284 0.000075955 -0.113240331 0.045488141 -0.016266929 0.992392480
1341846098.585937 0.066545419 0.068248093 0.004360907 -0.105606921 0.046737507 -0.013006114 0.993223846
1341846098.621830 0.073025167 0.058599595 0.004695825 -0.098661453 0.044506036 -0.009844518 0.994076550
1341846098.653874 0.060477775 0.071222857 0.002031660 -0.087178364 0.047584798 -0.008358092 0.995020509
1341846098.685832 0.059424467 0.037833452 0.009579357 -0.086629406 0.046506900 -0.005960728 0.995136619
1341846098.721860 0.058292676 0.038251366 0.009617355 -0.076675758 0.045945406 -0.003130062 0.995992005
1341846098.753828 0.058095619 0.044467650 0.007692937 -0.063277058 0.043934699 0.000211807 0.997028410
1341846098.789998 0.070509024 0.025942076 0.001775049 -0.055720732 0.040749900 0.002068134 0.997612357
1341846098.827945 0.062269989 0.027297512 -0.004116254 -0.042165779 0.042303152 0.005166856 0.998201251
1341846098.889904 0.070886277 0.017544718 -0.002570363 -0.021110767 0.036566090 0.010546927 0.999052584
1341846098.921923 0.070200749 0.032389332 -0.007260669 -0.003364210 0.036108486 0.012118837 0.999268711
1341846098.957887 0.068018660 0.022661213 -0.010507278 0.005684942 0.035771981 0.014130834 0.999243915
1341846098.990630 0.070492595 0.009740727 -0.009660129 0.011288213 0.031985972 0.013480742 0.999333620
1341846099.022028 0.069486335 0.030337045 -0.008231824 0.027974850 0.031121593 0.010708180 0.999066651
1341846099.058015 0.071040735 0.009170260 -0.013770064 0.035150226 0.031014813 0.011000425 0.998840094
1341846099.089878 0.078462794 0.013422111 -0.015651859 0.043974828 0.028721860 0.009965968 0.998569965
1341846099.121774 0.081438340 0.009181054 -0.015428635 0.053645242 0.027511492 0.010886679 0.998121619
1341846099.157775 0.079641730 0.012797765 -0.019047754 0.061723709 0.027031731 0.011549470 0.997660279
1341846099.189822 0.081207059 0.012800283 -0.019983474 0.067256019 0.026651945 0.009452038 0.997334898
1341846099.226178 0.084853858 0.011214236 -0.020134503 0.073335782 0.026645551 0.009551954 0.996905506
1341846099.264156 0.076692067 0.011212155 -0.020920381 0.078070164 0.026830746 0.011696114 0.996518135
1341846099.300270 0.084246382 0.013757033 -0.028223746 0.082076408 0.025552452 0.013149805 0.996211648
1341846099.332076 0.085492834 0.016341064 -0.023444574 0.084482789 0.027230015 0.014554983 0.995946467
1341846099.363831 0.087854579 0.019608483 -0.024780070 0.085608736 0.028553206 0.017335204 0.995768726
1341846099.399799 0.094480939 0.027461853 -0.021434996 0.085946493 0.030084269 0.016782712 0.995703995
1341846099.432113 0.103945225 0.025972275 -0.022467550 0.084441997 0.033467345 0.016588608 0.995728016
1341846099.463909 0.100625359 0.023318717 -0.024252873 0.084165774 0.039828863 0.016253239 0.995522797
1341846099.499765 0.118146434 0.024307018 -0.023344174 0.084587507 0.043572631 0.016446229 0.995326996
1341846099.564678 0.130225152 0.019430170 -0.030132521 0.086724393 0.063345879 0.014302054 0.994113445
1341846099.626222 0.138887763 0.027371256 -0.021966403 0.089643516 0.081821591 0.012944145 0.992522895
1341846099.657825 0.138085261 0.021629425 -0.028305959 0.087929100 0.092899539 0.009851345 0.991736412
1341846099.693870 0.132135868 0.018220000 -0.032811776 0.087170973 0.105437174 0.007380285 0.990570426
1341846099.725881 0.143235624 0.022342488 -0.028705148 0.089216217 0.114560105 0.005760412 0.989385307
1341846099.761986 0.150416523 0.017543884 -0.033466723 0.091593750 0.122876883 0.014579116 0.988078594
1341846099.793945 0.158910125 0.018123839 -0.030671675 0.096155263 0.131857738 0.023142811 0.986322522
1341846099.825926 0.158004344 0.021323044 -0.024919478 0.097833805 0.142907098 0.027173413 0.984513938
1341846099.862065 0.152748749 0.020614637 -0.030881044 0.097976409 0.155309260 0.025619801 0.982661307
1341846099.894034 0.150159389 0.017236903 -0.032998860 0.099700190 0.164883152 0.029080547 0.980830133
1341846099.925860 0.156150728 0.018003881 -0.031622052 0.100756936 0.171181321 0.034773611 0.979456842
1341846099.961831 0.167742506 0.017745990 -0.018542849 0.102491431 0.180482462 0.034790311 0.977604806
1341846099.993861 0.162362859 0.018262086 -0.021239307 0.102702960 0.191559792 0.035070162 0.975462496
1341846100.029846 0.169706360 0.016644960 -0.018166743 0.102903366 0.200657815 0.035369206 0.973599672
1341846100.069920 0.171678931 0.014571424 -0.027839031 0.104446940 0.212005585 0.035217945 0.971032560
1341846100.099862 0.168119818 0.016817173 -0.013021305 0.106200993 0.222965360 0.038781118 0.968247831
1341846100.132811 0.160377637 0.012452872 -0.005419463 0.107659206 0.230480120 0.041700743 0.966203630
1341846100.168188 0.167386934 0.017924827 -0.015410248 0.110359333 0.236724555 0.044241104 0.964274347
1341846100.199801 0.162836701 0.016765952 -0.018815819 0.110238589 0.243887588 0.046429023 0.962398350
1341846100.235866 0.160724238 0.015181406 -0.021038402 0.109691553 0.250641495 0.046705116 0.960710764
1341846100.267868 0.164693341 0.019327186 -0.032049045 0.109938249 0.257104993 0.048544113 0.958881676
1341846100.299821 0.159880936 0.016827280 -0.036663499 0.109480120 0.262554944 0.051648743 0.957293808
1341846100.335884 0.170665056 0.017393366 -0.029100288 0.110243134 0.266949147 0.052984957 0.955916941
1341846100.367898 0.163037926 0.013162917 -0.036341291 0.109132499 0.273566723 0.053274266 0.954155743
1341846100.400000 0.167873219 0.021045914 -0.045892183 0.109531783 0.274693429 0.054159835 0.953736305
1341846100.435828 0.170332074 0.019206341 -0.030157927 0.110458180 0.280698538 0.053346287 0.951925159
1341846100.467678 0.162676916 0.023382694 -0.022295617 0.111673892 0.288863063 0.050687674 0.949482918
1341846100.503838 0.179314598 0.022395041 -0.019912668 0.112213649 0.290193617 0.049601521 0.949070871
1341846100.535834 0.184226438 0.015192172 -0.047489401 0.113036886 0.297031999 0.047447342 0.946965396
1341846100.568004 0.178128079 0.021113925 -0.047003891 0.115870252 0.305015355 0.046137024 0.944145679
1341846100.604545 0.189594775 0.016788747 -0.057075553 0.116030939 0.311148077 0.043016184 0.942270279
1341846100.635826 0.177217290 0.020722218 -0.037992761 0.117696263 0.323914140 0.040192340 0.937876225
1341846100.672445 0.177242190 0.022461791 -0.017790340 0.118214160 0.327941477 0.044594873 0.936211050
1341846100.733981 0.185344741 0.023477973 -0.047314964 0.120429814 0.333743334 0.047011010 0.933756948
1341846100.765776 0.185905516 0.029086348 -0.041943945 0.120028809 0.339592665 0.046359476 0.931729972
1341846100.798442 0.176594436 0.027398024 -0.029377431 0.119407110 0.345611989 0.047865581 0.929517746
1341846100.833838 0.180673540 0.031206511 -0.033704698 0.120157771 0.347897589 0.050118770 0.928449035
1341846100.866041 0.184229165 0.034390703 -0.019000299 0.119985148 0.347037047 0.051345989 0.928726256
1341846100.897858 0.178807527 0.024052866 -0.031396993 0.117985703 0.346801281 0.051831082 0.929043531
1341846100.933895 0.177829161 0.025415557 -0.003173649 0.120508023 0.349266171 0.054445263 0.927645802
1341846100.965736 0.181811467 0.036936749 -0.028590880 0.121514052 0.343512923 0.056279469 0.929551423
1341846101.001817 0.178326458 0.025022002 -0.029999472 0.119593129 0.344018579 0.054755934 0.929704547
1341846101.033901 0.179581001 0.037376110 -0.005030423 0.122308172 0.344974339 0.056349467 0.928901613
1341846101.065947 0.189078435 0.024957657 -0.000872515 0.119557954 0.339616090 0.056183867 0.931241214
1341846101.102829 0.176910728 0.028754191 -0.009822778 0.119444557 0.338654995 0.055636536 0.931638598
1341846101.134613 0.176589072 0.033690527 -0.013803571 0.119306304 0.336024582 0.055195302 0.932634473
1341846101.169743 0.177487284 0.033291191 0.012202822 0.116049923 0.331835061 0.052136187 0.934719086
1341846101.202171 0.174729481 0.027628500 -0.014746293 0.114514045 0.327936918 0.049460027 0.936428130
1341846101.234098 0.172846079 0.030242881 -0.012495942 0.113472216 0.324771106 0.047128983 0.937777519
1341846101.269940 0.174895242 0.031291470 -0.004222706 0.111862533 0.318755180 0.045424137 0.940116286
1341846101.301837 0.169118986 0.026686907 -0.014525123 0.111049995 0.314847320 0.043536842 0.941617548
1341846101.333884 0.170334652 0.021053376 0.006494425 0.109701835 0.311519891 0.042581100 0.942925096
1341846101.369943 0.170357868 0.022241006 -0.004615471 0.107614018 0.306091040 0.039910585 0.945057988
1341846101.402755 0.166047141 0.027774904 0.001090959 0.107126184 0.300638497 0.038686268 0.946912766
1341846101.437821 0.163437203 0.022932315 -0.011024192 0.105047643 0.294637144 0.036242012 0.949126124
1341846101.469768 0.157815859 0.024912328 -0.003206909 0.104427598 0.289644241 0.035866000 0.950744271
1341846101.501812 0.158409521 0.021502994 -0.002909385 0.104261473 0.282784551 0.035292625 0.952846706
1341846101.537892 0.159842655 0.022868920 -0.015440058 0.104577810 0.279103041 0.033850919 0.953949213
1341846101.569873 0.150471747 0.027592601 -0.018205196 0.104279131 0.275073349 0.033578113 0.955161273
1341846101.601955 0.149114653 0.023603670 -0.040052038 0.100263141 0.264312625 0.031050369 0.958708525
1341846101.637841 0.149541572 0.024035936 -0.021316115 0.098747864 0.260584861 0.028501777 0.959964573
1341846101.670644 0.137335286 0.019089859 -0.034806263 0.098309450 0.254249394 0.029715253 0.961670160
1341846101.705786 0.144666985 0.015422536 -0.040567860 0.099690817 0.244228035 0.032720100 0.964024782
1341846101.738127 0.142945588 0.015665649 -0.040273603 0.101461656 0.239438131 0.035230249 0.964952707
1341846101.769786 0.123348847 0.018622030 -0.051792167 0.102550879 0.236510023 0.038197879 0.965446651
1341846101.805816 0.133974880 0.027134685 -0.034784898 0.104207240 0.228003919 0.038049690 0.967319667
1341846101.837808 0.135203600 0.022357721 -0.033660848 0.103987239 0.224236727 0.037076324 0.968261242
1341846101.869834 0.125417918 0.022946738 -0.045060903 0.103844173 0.220446214 0.038590163 0.969087541
1341846101.905918 0.122825623 0.021542532 -0.050099120 0.102655388 0.212314993 0.037873812 0.971056044
1341846101.937872 0.124469616 0.019984938 -0.021087212 0.102937758 0.207246512 0.037861023 0.972121000
1341846101.973942 0.111581348 0.024658095 -0.016825395 0.105116576 0.202512994 0.039401576 0.972823977
1341846102.005947 0.080242820 0.021048509 -0.066769518 0.104516767 0.192854062 0.040773220 0.974792838
1341846102.037846 0.100962207 0.018304808 -0.029208599 0.105717555 0.181551278 0.042822234 0.976744175
1341846102.073879 0.088477761 0.024013545 -0.047921117 0.107706547 0.175291136 0.041414876 0.977730572
1341846102.105961 0.076429784 0.034778681 -0.061396115 0.106116280 0.163836002 0.040249482 0.979937255
1341846102.137878 0.085862577 0.032302760 -0.031944461 0.102896035 0.154672369 0.040895991 0.981741488
1341846102.173907 0.085725084 0.032176904 -0.042556308 0.101098321 0.148717374 0.038060710 0.982961655
1341846102.205896 0.076931030 0.036957655 -0.047982506 0.099744700 0.139388397 0.035212476 0.984571993
1341846102.242018 0.058469951 0.034916427 -0.054154631 0.095661089 0.128151715 0.032998681 0.986578524
1341846102.274144 0.075971492 0.031567309 -0.047275834 0.093881801 0.114885412 0.032472603 0.988399267
1341846102.305875 0.059436470 0.033066951 -0.051338539 0.092553332 0.107783452 0.025564397 0.989526689
1341846102.341821 0.042562712 0.038105004 -0.055776693 0.089847691 0.094843268 0.023361692 0.991154075
1341846102.374024 0.062039416 0.027222769 -0.056139804 0.088336758 0.078891389 0.022480499 0.992707133
1341846102.409984 0.064373784 0.031179721 -0.059058897 0.091335818 0.070026755 0.020511784 0.993143141
1341846102.441952 0.043815605 0.039739594 -0.067193508 0.091096528 0.061588418 0.015967108 0.993807495
1341846102.473881 0.060413532 0.029055674 -0.055097502 0.089350104 0.049003985 0.015851537 0.994667709
1341846102.509959 0.063534424 0.022322172 -0.040795356 0.091065302 0.046528466 0.015983338 0.994628966
1341846102.541996 0.052038014 0.033616602 -0.059646800 0.093164198 0.045687761 0.013546640 0.994509697
1341846102.574361 0.046152931 0.038211625 -0.043505147 0.090425231 0.037568960 0.012922990 0.995110452
1341846102.610654 0.063396014 0.019924980 -0.046222772 0.089135088 0.031504933 0.018637486 0.995346665
1341846102.642222 0.059348740 0.027878886 -0.045419984 0.094254889 0.027388079 0.022947565 0.994906664
1341846102.677806 0.043809708 0.038930338 -0.083010219 0.094785184 0.018775867 0.022972265 0.995055556
1341846102.709968 0.053237226 0.034112424 -0.073811986 0.092787191 0.004048605 0.024618741 0.995373309
1341846102.741857 0.056311339 0.036038022 -0.057998605 0.093542919 -0.002857020 0.029574519 0.995171785
1341846102.777720 0.057083003 0.040876411 -0.061767537 0.092585824 -0.011393139 0.030016594 0.995186985
1341846102.809783 0.055161539 0.029464437 -0.054842573 0.089784309 -0.019004580 0.030164199 0.995322883
1341846102.841828 0.058991157 0.030147502 -0.055079244 0.096198060 -0.027104951 0.033969209 0.994413018
1341846102.877813 0.055831235 0.042704657 -0.053763628 0.097329065 -0.029987093 0.036302917 0.994137764
1341846102.909875 0.046919271 0.038649872 -0.056667157 0.094107866 -0.034641277 0.037253514 0.994261444
1341846102.945843 0.057070863 0.031320229 -0.065573722 0.093015224 -0.045971639 0.036308479 0.993939877
1341846102.977815 0.051091731 0.043447606 -0.074015185 0.094725743 -0.054762755 0.039553743 0.993208706
1341846103.009867 0.037572555 0.050235610 -0.077283666 0.091389805 -0.063392095 0.041152444 0.992942989
1341846103.045829 0.036770489 0.042711541 -0.073898166 0.087087840 -0.075734280 0.040413789 0.992495239
1341846103.077786 0.045940299 0.036431201 -0.068290614 0.086406007 -0.090002552 0.041780349 0.991306186
1341846103.110039 0.058271293 0.037252583 -0.071281344 0.087162115 -0.104404636 0.046302415 0.989625454
1341846103.145830 0.058352619 0.033779487 -0.070973575 0.086385556 -0.115553476 0.047131520 0.988414645
1341846103.177933 0.061198030 0.035088435 -0.061588034 0.087480180 -0.124387488 0.043577898 0.987408698
1341846103.213980 0.058490805 0.027154589 -0.080875032 0.087817669 -0.129402071 0.038628131 0.986940205
1341846103.246103 0.046240017 0.045322537 -0.068998113 0.091755599 -0.144829646 0.036814388 0.984504938
1341846103.277869 0.058198832 0.034300800 -0.074885696 0.088150352 -0.154797107 0.030526128 0.983532131
1341846103.314495 0.058972735 0.032322496 -0.095898442 0.086584292 -0.160579041 0.024505483 0.982912540
1341846103.345951 -0.003054760 0.030837830 -0.128452078 0.084318042 -0.167652085 0.019891957 0.982032359
1341846103.382135 0.062935211 0.037168719 -0.091228306 0.082629569 -0.201977164 0.019154534 0.975710332
1341846103.413791 0.057106964 0.031578276 -0.085121945 0.081150554 -0.207918495 0.010616165 0.974716246
1341846103.445861 0.016702304 0.035315603 -0.109073758 0.082006380 -0.212756008 0.011374380 0.973591506
1341846103.482382 -0.000662167 0.037933059 -0.127295151 0.077604592 -0.230390877 0.012461764 0.969918728
1341846103.513968 0.043089312 0.030590698 -0.085552849 0.073198371 -0.258595198 0.013698570 0.963111043
1341846103.545990 0.064424627 0.015767653 -0.090354800 0.072677620 -0.269461781 0.013553723 0.960169077
1341846103.582021 0.026899695 0.035519753 -0.112230986 0.077324212 -0.273488849 0.010855196 0.958700657
1341846103.614121 0.032630753 0.026178759 -0.099022038 0.073581621 -0.292844892 0.014772379 0.953209996
1341846103.650229 0.039976370 0.027127415 -0.084861413 0.076756619 -0.308235794 0.021301419 0.947969079
1341846103.714025 0.023528405 0.039161924 -0.097934626 0.074258015 -0.329450071 0.028627865 0.940812826
1341846103.749741 0.040975884 0.025167180 -0.084842235 0.068564057 -0.349192917 0.029352129 0.934077978
1341846103.813998 0.045186967 0.034872949 -0.099108793 0.071459524 -0.368894875 0.035613745 0.926035523
1341846103.849900 0.020744964 0.040506586 -0.097338706 0.068505444 -0.380045533 0.037049491 0.921683073
1341846103.883046 0.049214613 0.033918638 -0.086956412 0.063831702 -0.399208486 0.036101833 0.913922727
1341846103.917830 0.061198950 0.030654024 -0.089632154 0.061314296 -0.408162534 0.038276870 0.910043299
1341846103.949988 0.046542175 0.027837399 -0.110347137 0.058975831 -0.415554106 0.037426166 0.906882524
1341846103.981996 0.056221996 0.033485249 -0.092579812 0.056711841 -0.431457639 0.032485943 0.899762571
1341846104.017780 0.075070873 0.025248636 -0.101576596 0.053968366 -0.440291166 0.031588674 0.895674765
1341846104.049832 0.054385893 0.025680540 -0.117758349 0.055283234 -0.444224626 0.028867466 0.893742085
1341846104.082120 0.048015092 0.029119112 -0.102507189 0.055674978 -0.456888914 0.021135865 0.887528062
1341846104.117792 0.043075144 0.031560164 -0.086928539 0.053565163 -0.467178315 0.020193841 0.882308006
1341846104.150184 0.049590204 0.033828408 -0.107145324 0.053520117 -0.472688407 0.014285020 0.879486918
1341846104.185757 0.049576465 0.044973385 -0.107657865 0.052121859 -0.477769524 0.008377214 0.876897573
1341846104.217842 0.045091759 0.035166822 -0.102474317 0.045962363 -0.485355675 0.009129389 0.873060107
1341846104.250204 0.034373619 0.037454404 -0.064116821 0.046608351 -0.491983026 0.009129977 0.869308352
1341846104.286035 0.025178196 0.042356305 -0.078458026 0.048152998 -0.494440466 0.008506819 0.867834926
1341846104.317813 0.051973745 0.033772267 -0.114571348 0.042281218 -0.503340960 0.007168294 0.863023043
1341846105.222089 0.068081565 0.033300716 -0.107767671 0.072295517 -0.291981339 0.022639051 0.953418970
1341846105.258397 0.097289264 0.009663397 -0.099395573 0.069712207 -0.288887292 0.025715364 0.954475343
1341846105.289917 0.085578315 0.033090502 -0.090741977 0.074263953 -0.278700292 0.037564825 0.956765354
1341846105.321831 0.079182647 0.032132551 -0.078628294 0.072139978 -0.271926314 0.040680345 0.958747685
1341846105.357830 0.083624452 0.023666121 -0.086284831 0.070965268 -0.264158666 0.041549198 0.960967124
1341846105.389824 0.091596872 0.025264945 -0.087308101 0.072695822 -0.257114023 0.046715304 0.962509990
1341846105.425915 0.090419248 0.022704003 -0.102412075 0.071577474 -0.244875073 0.044294447 0.965893805
1341846105.457863 0.096441142 0.022414669 -0.065597564 0.074780673 -0.235856622 0.046482801 0.967790723
1341846105.489902 0.133910984 0.019373411 -0.084494993 0.074640326 -0.228164226 0.046811640 0.969628036
1341846105.525969 0.119568244 0.015846150 -0.089722551 0.076075621 -0.210791096 0.044541147 0.973547995
1341846105.557770 0.116064131 0.029761583 -0.064519301 0.080950804 -0.200254112 0.047183931 0.975253284
1341846105.594012 0.125769988 0.025284002 -0.075160936 0.079408541 -0.190651938 0.048707724 0.977227569
1341846105.626122 0.129382879 0.018800262 -0.077322066 0.080726944 -0.176734030 0.049586914 0.979688406
1341846105.657815 0.129815057 0.023830038 -0.076729573 0.084397711 -0.165878430 0.052858789 0.981105149
1341846105.693879 0.135824025 0.025630619 -0.067847565 0.085039154 -0.153709084 0.052555952 0.983046114
1341846105.726045 0.125310823 0.023956984 -0.065272614 0.087764002 -0.141944394 0.054102559 0.984490812
1341846105.758468 0.126765117 0.026005719 -0.081002578 0.089472443 -0.133290872 0.053899396 0.985557258
1341846105.793970 0.143663749 0.026592888 -0.083907858 0.089543253 -0.123618640 0.051771332 0.986924589
1341846105.825903 0.147549480 0.020275820 -0.082638092 0.089802630 -0.110071771 0.051506981 0.988517404
1341846105.861764 0.135150671 0.023895638 -0.075469457 0.093120009 -0.099568158 0.053034712 0.989243269
1341846105.893922 0.158655584 0.025396395 -0.089397192 0.093796566 -0.087720752 0.054546431 0.990218103
1341846105.925960 0.168136969 0.020064803 -0.075163662 0.097303152 -0.074261375 0.056307647 0.990881801
1341846105.963745 0.140896797 0.035358667 -0.074048437 0.100765318 -0.060410738 0.058038916 0.991377056
1341846106.025952 0.132657945 0.030864382 -0.066358484 0.094517462 -0.039991159 0.042572282 0.993808270
1341846106.061758 0.106044672 0.029732486 -0.067706838 0.094466038 -0.031979006 0.038661666 0.994262934
1341846106.093961 0.113121286 0.030641787 -0.070188805 0.094165459 -0.031735331 0.034781218 0.994442582
1341846106.130133 0.142023578 0.030771088 -0.062149331 0.094355144 -0.029035758 0.030645709 0.994643092
1341846106.161819 0.121274069 0.032641858 -0.062627055 0.095269099 -0.018952522 0.028470330 0.994863808
1341846106.193968 0.117362127 0.032135062 -0.061210975 0.094716817 -0.016233066 0.029400833 0.994937599
1341846106.229889 0.135327756 0.033975173 -0.067303546 0.094583809 -0.014341872 0.029620916 0.994972765
1341846106.261942 0.146605432 0.040268026 -0.054376818 0.093864486 -0.007743404 0.030898659 0.995075285
1341846106.293939 0.124737635 0.036991455 -0.057778712 0.091818430 -0.001194654 0.030895412 0.995295584
1341846106.329961 0.120286003 0.036325410 -0.062150609 0.089764044 -0.000593502 0.025845205 0.995627463
1341846106.361877 0.116652347 0.039434213 -0.063836433 0.086204797 -0.000325012 0.013814660 0.996181607
1341846106.398046 0.104726374 0.041880347 -0.062088888 0.080753885 0.000570750 -0.000916521 0.996733427
1341846106.429938 0.107432619 0.042806990 -0.056660920 0.076770395 -0.004160387 -0.010641602 0.996983290
1341846106.461886 0.106251918 0.039937608 -0.060989413 0.071291134 -0.009452972 -0.023778019 0.997127295
1341846106.497910 0.128859207 0.039371476 -0.055312645 0.067333870 -0.012399799 -0.032779966 0.997114778
1341846106.529979 0.122286312 0.030615199 -0.058805555 0.067427471 -0.009085204 -0.042514987 0.996776521
1341846106.561925 0.122459576 0.034548074 -0.064112939 0.068246268 -0.010537517 -0.054312307 0.996133268
1341846106.597815 0.130360067 0.037650172 -0.060234219 0.066081464 -0.010409482 -0.072304644 0.995136619
1341846106.632234 0.132845774 0.030194482 -0.063830025 0.062202487 -0.007393823 -0.095371500 0.993468881
1341846106.665869 0.132368013 0.036204219 -0.065997399 0.062504835 -0.006498660 -0.106373094 0.992338479
1341846106.697883 0.132979959 0.034825087 -0.067699119 0.061614569 -0.006666367 -0.120393351 0.990789950
1341846106.729896 0.140640557 0.033793055 -0.070714980 0.060614880 -0.004666664 -0.135519803 0.988907695
1341846106.766032 0.134650722 0.033537868 -0.071890943 0.060224935 -0.001697936 -0.148894459 0.987015963
1341846106.797963 0.134578899 0.039744765 -0.070190080 0.059624761 -0.004145099 -0.160865739 0.985164940
1341846106.834113 0.135516062 0.040028308 -0.069537900 0.055776998 -0.007130466 -0.176254049 0.982737303
1341846106.865869 0.138271019 0.031685151 -0.072613046 0.052648120 -0.005615162 -0.188848987 0.980577707
1341846106.897921 0.132292062 0.030035213 -0.065834098 0.052882750 -0.005562384 -0.196033686 0.979154348
1341846106.933929 0.136780351 0.029738585 -0.074442528 0.053000547 -0.006723801 -0.204005837 0.977510810
1341846106.967484 0.141390130 0.037701935 -0.076568015 0.052747916 -0.006653614 -0.213283166 0.975542784
1341846106.999098 0.134660587 0.034539908 -0.080683902 0.049818695 -0.004671463 -0.226654768 0.972689033
1341846107.033909 0.131383121 0.036412053 -0.068774924 0.049912095 -0.008082167 -0.240034878 0.969446599
1341846107.065762 0.135023236 0.034115184 -0.078671351 0.048019413 -0.008859991 -0.254342109 0.965880811
1341846107.101921 0.134146273 0.044491723 -0.069690533 0.046346892 -0.007860026 -0.266693950 0.962634146
1341846107.133974 0.126944110 0.046613432 -0.067024089 0.042341430 -0.011183624 -0.280683160 0.958800852
1341846107.166082 0.125207201 0.042275053 -0.075601213 0.039236423 -0.012808866 -0.293517679 0.955062211
1341846107.202100 0.125518501 0.049482271 -0.070715368 0.037697319 -0.012714148 -0.307342649 0.950766921
1341846107.233799 0.113590568 0.051793762 -0.064427741 0.034025408 -0.014181171 -0.319546849 0.946853161
1341846107.265874 0.118177176 0.050687365 -0.063401178 0.032155689 -0.018831534 -0.329959124 0.943259418
1341846107.301965 0.118473940 0.055685565 -0.058978412 0.032540929 -0.022274589 -0.339364171 0.939828098
1341846107.334002 0.112435840 0.061543062 -0.062682085 0.030581392 -0.025199495 -0.349738866 0.936008811
1341846107.369797 0.106455162 0.051905002 -0.062810719 0.026750103 -0.026599586 -0.365420818 0.930077732
1341846107.401899 0.107126772 0.058550429 -0.061792336 0.027810069 -0.025800038 -0.378792375 0.924703896
1341846107.434304 0.119473562 0.068093821 -0.062528357 0.026825961 -0.028817942 -0.387419403 0.921062529
1341846107.469787 0.109036937 0.066514492 -0.059814882 0.021738615 -0.028929997 -0.394727945 0.918085158
1341846107.502174 0.110177428 0.064734764 -0.060347099 0.019275164 -0.028497869 -0.402686626 0.914691150
1341846107.533946 0.113689378 0.071918063 -0.061058037 0.018336155 -0.027602229 -0.409401268 0.911752462
1341846107.601911 0.096070021 0.071637973 -0.052321106 0.010683746 -0.031919472 -0.426168770 0.904017270
1341846107.637876 0.101307727 0.077405542 -0.055156078 0.011510312 -0.031509012 -0.436131954 0.899257302
1341846107.669757 0.106855579 0.083020456 -0.058774255 0.009993779 -0.032357626 -0.447184324 0.893800497
1341846107.701892 0.099666029 0.080775134 -0.054242149 0.005448797 -0.031522933 -0.456565648 0.889114439
1341846107.737797 0.105056271 0.088457763 -0.052916508 0.004595648 -0.034224391 -0.460427970 0.887025177
1341846107.769837 0.103256524 0.087950721 -0.054222412 0.001082037 -0.033866096 -0.469139487 0.882473886
1341846107.805959 0.097847670 0.093746647 -0.053101823 -0.000313586 -0.031957645 -0.477980912 0.877788603
1341846107.837955 0.109257348 0.092579968 -0.071045019 -0.004030589 -0.033582479 -0.486770004 0.872875094
1341846107.870011 0.103077888 0.089391902 -0.076896653 -0.011656775 -0.027137835 -0.502204418 0.864244401
1341846107.905926 0.094381809 0.089016803 -0.071882188 -0.014574545 -0.020884141 -0.516252458 0.856057703
1341846107.938092 0.095533960 0.091743425 -0.091825373 -0.016040133 -0.015491058 -0.529779196 0.847842395
1341846107.969943 0.113736250 0.100036703 -0.078786567 -0.021826629 -0.009648834 -0.541194320 0.840558887
1341846108.006614 0.119328164 0.106001668 -0.077865258 -0.027379662 -0.008038162 -0.550230563 0.834525108
1341846108.073927 0.111021712 0.106451005 -0.070237070 -0.044277754 0.003748224 -0.570884049 0.819827318
1341846108.106110 0.112890266 0.108048350 -0.071982481 -0.045788515 0.005304227 -0.576532781 0.815772772
1341846108.137977 0.116189249 0.108917706 -0.062955827 -0.047218874 0.006467431 -0.577824175 0.814768553
1341846108.173901 0.114402205 0.108483657 -0.066793844 -0.048705522 0.006344184 -0.581125021 0.812330723
1341846108.205882 0.114834636 0.107257649 -0.076644063 -0.050322402 0.010496228 -0.584982872 0.809414923
1341846108.237836 0.115392238 0.109506108 -0.068453446 -0.052332859 0.014351480 -0.591392875 0.804555655
1341846108.273872 0.120422594 0.111174375 -0.083811857 -0.056541752 0.015043677 -0.596806943 0.800248861
1341846108.305866 0.115301289 0.108069554 -0.077684611 -0.064232133 0.023043288 -0.606169760 0.792402327
1341846108.341858 0.121119753 0.107756101 -0.064740315 -0.065862037 0.025741968 -0.611461818 0.788107812
1341846108.373928 0.122334920 0.112208061 -0.074834362 -0.068592519 0.027734078 -0.614002287 0.785828888
1341846108.406059 0.123733483 0.111075476 -0.067779668 -0.073548622 0.032102186 -0.617193997 0.782707870
1341846108.441881 0.119048014 0.112098865 -0.059086472 -0.074991882 0.033765644 -0.618464768 0.781496942
1341846108.473918 0.112298362 0.108945675 -0.063821092 -0.074343219 0.036244113 -0.616724670 0.782821953
1341846108.506142 0.115043797 0.109010153 -0.062931165 -0.071895003 0.038549934 -0.614775181 0.784472108
1341846108.541923 0.119668275 0.108113527 -0.069147721 -0.072728641 0.039579149 -0.615306616 0.783927143
1341846108.573967 0.116983272 0.100407556 -0.081821889 -0.073753402 0.045161337 -0.620633721 0.779316783
1341846108.609979 0.121414416 0.108272396 -0.068995453 -0.069819786 0.055702865 -0.621163249 0.778574765
1341846108.641701 0.128478676 0.112561777 -0.059628591 -0.065618016 0.055405967 -0.613934040 0.784671485
1341846108.673868 0.117887691 0.101493932 -0.078166239 -0.067084819 0.056921676 -0.609824300 0.787638187
1341846108.710024 0.114123851 0.108836569 -0.065095514 -0.060093522 0.068950787 -0.608110368 0.788566053
1341846108.742835 0.112689599 0.105441526 -0.069049776 -0.056992639 0.073290028 -0.607574880 0.788817585
1341846108.773793 0.115836106 0.094260700 -0.071273297 -0.055634845 0.077473745 -0.606570423 0.789287627
1341846108.810032 0.121165067 0.100181684 -0.063119441 -0.047785800 0.084693328 -0.607804716 0.788109779
1341846108.841885 0.135524839 0.101485044 -0.052904673 -0.043264274 0.085712470 -0.603902340 0.791254461
1341846108.877944 0.124309734 0.095478393 -0.053493574 -0.043803059 0.087260865 -0.603108704 0.791660726
1341846108.909950 0.125586331 0.093805537 -0.060349777 -0.038973410 0.089436889 -0.602160037 0.792392254
1341846108.941882 0.142110229 0.092721716 -0.057224941 -0.035051100 0.088869423 -0.594550371 0.798363030
1341846108.977902 0.145326778 0.094856925 -0.057181280 -0.035792384 0.087196529 -0.591863096 0.800508440
1341846109.009916 0.134135917 0.091643117 -0.073031530 -0.035209972 0.091298252 -0.592188716 0.799835861
1341846109.045986 0.140573367 0.089202397 -0.054926507 -0.032040648 0.093482941 -0.586240292 0.804087460
1341846109.077854 0.140403882 0.085195579 -0.061481152 -0.033152275 0.093644522 -0.585268140 0.804731548
1341846109.109839 0.134480521 0.085527189 -0.054832827 -0.032514483 0.096971825 -0.585176826 0.804429829
1341846109.145865 0.139147684 0.079920247 -0.046917722 -0.027234482 0.096809201 -0.581884205 0.807029724
1341846109.178396 0.140161142 0.081044406 -0.043066274 -0.021761997 0.095067948 -0.574541032 0.812644482
1341846109.209809 0.137425840 0.077305704 -0.042949565 -0.018141083 0.093189269 -0.572361946 0.814486623
1341846109.245810 0.139837250 0.075899474 -0.029691156 -0.007271133 0.090659842 -0.567297637 0.818474948
1341846109.277797 0.148153141 0.071795069 -0.031357661 0.004893471 0.081816524 -0.552358747 0.829567313
1341846109.313909 0.128490046 0.070404395 -0.036068924 0.014341542 0.077054724 -0.541609764 0.836968184
1341846109.345968 0.127735734 0.070087813 -0.047993343 0.023395928 0.073087052 -0.531595111 0.843514979
1341846109.377812 0.133396640 0.073673286 -0.028508637 0.030661527 0.067447737 -0.519544125 0.851225376
1341846109.413820 0.131173164 0.072629176 -0.041320235 0.036270481 0.060073048 -0.505873263 0.859748781
1341846109.445954 0.127853110 0.068619274 -0.057775378 0.038940161 0.057764485 -0.495799959 0.865638137
1341846109.490348 0.134857237 0.072054192 -0.063539661 0.039331138 0.057750314 -0.486570984 0.870842516
1341846109.545959 0.133705944 0.066704623 -0.044300582 0.042710282 0.052206021 -0.467213005 0.881568134
1341846109.581855 0.128029123 0.061108485 -0.048016399 0.045085259 0.050109528 -0.454898775 0.887988448
1341846109.613999 0.129409745 0.067483850 -0.024011221 0.052436508 0.043027755 -0.437367707 0.896721005
1341846109.645963 0.127234638 0.062182758 -0.029109981 0.057585608 0.032485444 -0.415237695 0.907307148
1341846109.681808 0.124775626 0.058369130 -0.039025560 0.063185416 0.025728678 -0.395503581 0.915927172
1341846109.713847 0.124627091 0.057395395 -0.055632658 0.066163622 0.021318465 -0.379610002 0.922531426
1341846109.745831 0.122807764 0.056494072 -0.061168306 0.067702644 0.018835071 -0.366276443 0.927848697
1341846109.781814 0.123633616 0.056287669 -0.063534342 0.069075935 0.017090766 -0.354524672 0.932335079
1341846109.813956 0.118086986 0.053433757 -0.065343238 0.069723576 0.017443014 -0.344561964 0.936008275
1341846109.850256 0.121066444 0.055737518 -0.055604003 0.072348721 0.014842504 -0.334492773 0.939499855
1341846109.913863 0.117382877 0.049156807 -0.067083925 0.077164181 0.009683988 -0.320888102 0.943918824
1341846109.949976 0.125934526 0.051932860 -0.072550848 0.078033872 0.007574398 -0.319269568 0.944415331
1341846109.981998 0.115561910 0.045744691 -0.074410371 0.077806957 0.008667443 -0.320132971 0.944132328
1341846110.017884 0.113711752 0.045429826 -0.072359979 0.080334328 0.007406297 -0.317520231 0.944813430
1341846110.049982 0.111879691 0.038700659 -0.072539032 0.082268909 0.006811408 -0.314017445 0.945821583
1341846110.117943 0.115987875 0.045646802 -0.069379017 0.090320840 0.003190996 -0.299249113 0.949885190
1341846110.150254 0.113176271 0.039502397 -0.074261636 0.090143695 0.001726797 -0.292417824 0.952031016
1341846110.181980 0.118117526 0.040920172 -0.074550122 0.092786871 0.000220538 -0.282487750 0.954772890
1341846110.217907 0.117994435 0.041297030 -0.073038623 0.092728503 -0.001299275 -0.275559723 0.956800163
1341846110.249883 0.117955983 0.044705991 -0.068311304 0.092632145 -0.004047205 -0.266342998 0.959408283
1341846110.286020 0.113196075 0.031331073 -0.072635397 0.092969730 -0.006399607 -0.255500644 0.962307155
1341846110.356025 0.122224078 0.047201347 -0.078704223 0.095787853 -0.009924009 -0.234243020 0.967396736
1341846110.417989 0.114859663 0.036076896 -0.079285823 0.093606479 -0.010225113 -0.224737227 0.969859004
1341846110.449878 0.114608690 0.039045759 -0.080392346 0.095089070 -0.012319710 -0.217660323 0.971303403
1341846110.485899 0.118307419 0.038746901 -0.088083565 0.095438555 -0.014325786 -0.215002343 0.971833467
1341846110.517949 0.117551416 0.038047612 -0.086264998 0.095131218 -0.014475890 -0.213670284 0.972155094
1341846110.554149 0.110210560 0.042204976 -0.084553555 0.095119826 -0.015261607 -0.210104406 0.972921073
1341846110.585896 0.114148736 0.039854426 -0.089013614 0.094942629 -0.019153567 -0.206884384 0.973559380
1341846110.617933 0.117579795 0.039413653 -0.087360419 0.093886666 -0.021184914 -0.202718690 0.974495590
1341846110.653885 0.112887569 0.038988739 -0.085885189 0.092373721 -0.022053828 -0.194951817 0.976204157
1341846110.686533 0.113439366 0.033912383 -0.087430589 0.092632249 -0.025984472 -0.185081854 0.978002429
1341846110.717831 0.127465531 0.039787441 -0.090987079 0.094211303 -0.027868824 -0.174799219 0.979690135
1341846110.753826 0.123173930 0.036724485 -0.087466724 0.092376672 -0.024836289 -0.163011387 0.981976092
1341846110.785789 0.118585624 0.035432797 -0.083383851 0.093237042 -0.023983086 -0.150258437 0.983948231
1341846110.821828 0.125589326 0.038605824 -0.083889812 0.094297580 -0.025412340 -0.138083294 0.985593796
1341846110.853855 0.128346965 0.034555707 -0.086779661 0.093405612 -0.024980590 -0.127445638 0.987121582
1341846110.885864 0.122176461 0.029922089 -0.084054381 0.093842611 -0.022818143 -0.117262423 0.988393843
1341846110.921999 0.117826961 0.036133878 -0.082858756 0.095620640 -0.022762792 -0.109400533 0.989125907
1341846110.953861 0.125100672 0.031887963 -0.084480762 0.094643049 -0.023420155 -0.103485882 0.989840865
1341846110.985986 0.125647455 0.030865341 -0.086860754 0.095078498 -0.020986831 -0.099629588 0.990249276
1341846111.021940 0.123238645 0.037801780 -0.087349974 0.094375961 -0.020292342 -0.097077370 0.990584373
1341846111.053945 0.120127089 0.035719968 -0.083834253 0.090477698 -0.021007691 -0.094689973 0.991164088
1341846111.089856 0.119766951 0.033187248 -0.085235097 0.089122012 -0.022321118 -0.089925244 0.991701782
1341846111.121811 0.115309820 0.033035196 -0.085387677 0.087521583 -0.024654839 -0.082432702 0.992439926
1341846111.153919 0.115651816 0.023947125 -0.082952261 0.086902373 -0.028487023 -0.075206637 0.992965460
1341846111.189911 0.120536417 0.032562502 -0.086081870 0.088370092 -0.031752698 -0.068517856 0.993220925
1341846111.221870 0.123969816 0.036642089 -0.090535194 0.085502356 -0.033673253 -0.060931683 0.993902802
1341846111.258571 0.119632766 0.032027215 -0.087298334 0.081929974 -0.033925653 -0.058246717 0.994355977
1341846111.289825 0.122248299 0.027739801 -0.089852490 0.079181649 -0.035031799 -0.054584414 0.994747996
1341846111.321895 0.120664887 0.016180035 -0.094300620 0.078202002 -0.034993507 -0.052572742 0.994935215
1341846111.357890 0.119088888 0.026191745 -0.086600512 0.080430515 -0.036071934 -0.046079606 0.995040953
1341846111.390567 0.118702084 0.023605503 -0.089876078 0.078418732 -0.038233262 -0.041548748 0.995320261
1341846111.421924 0.128839672 0.022792023 -0.085278891 0.079874627 -0.039500501 -0.037609253 0.995311618
1341846111.457975 0.122957513 0.027329881 -0.087313212 0.080041304 -0.038110878 -0.031863809 0.995552957
1341846111.490354 0.118656769 0.021002417 -0.087236479 0.078252360 -0.040421098 -0.022939755 0.995849609
1341846111.525824 0.128485128 0.020228608 -0.089035362 0.080030531 -0.043295350 -0.013569222 0.995759249
1341846111.557829 0.123933472 0.027311822 -0.088129416 0.081030563 -0.042889904 -0.003591082 0.995781898
1341846111.589761 0.118660465 0.027983204 -0.087267347 0.078902021 -0.044233471 0.006329184 0.995880425
1341846111.625966 0.131126955 0.025915753 -0.085619643 0.077595018 -0.046847790 0.018874718 0.995704770
1341846111.658029 0.135849625 0.024970099 -0.086752698 0.077174604 -0.046400510 0.032700058 0.995400310
1341846111.689871 0.129732579 0.025774650 -0.081712797 0.077222399 -0.045072578 0.042664185 0.995080352
1341846111.725851 0.136513799 0.029593108 -0.079377152 0.075935669 -0.046933256 0.056986511 0.994376004
1341846111.757957 0.142129764 0.024159845 -0.076541841 0.075092524 -0.046441350 0.069088861 0.993695617
1341846111.793921 0.136703834 0.023675945 -0.077068888 0.075245939 -0.044917386 0.080614060 0.992885649
1341846111.825999 0.132723913 0.024641007 -0.076933891 0.075201251 -0.046311431 0.092196748 0.991816401
1341846111.857852 0.142285556 0.016502712 -0.074147202 0.074748673 -0.048560020 0.102263749 0.990755618
1341846111.893939 0.136058360 0.018494487 -0.079359472 0.076826133 -0.046913411 0.107406504 0.990131676
1341846111.925817 0.126857057 0.020361561 -0.082987189 0.076280087 -0.049072832 0.115029909 0.989212513
1341846111.957857 0.137255400 0.007619083 -0.080405824 0.076272070 -0.054856263 0.122241989 0.988043666
1341846111.993917 0.137466162 0.014021691 -0.075920068 0.079452768 -0.056200452 0.128455684 0.986928523
1341846112.025975 0.137963951 0.015267700 -0.081375353 0.079612404 -0.058021732 0.136657625 0.985707879
1341846112.061964 0.144285738 0.010852277 -0.078652948 0.080307119 -0.060220439 0.148495525 0.983805537
1341846112.094004 0.146134198 0.012255199 -0.077278912 0.082127132 -0.061250351 0.160277203 0.981740654
1341846112.125857 0.143436491 0.007639663 -0.076989107 0.083557829 -0.061600517 0.173292175 0.979384124
1341846112.161882 0.148475185 -0.000562897 -0.079389863 0.085670643 -0.064114735 0.187318683 0.976453602
1341846112.193903 0.149839729 -0.005083127 -0.084783405 0.089409970 -0.066253550 0.201609105 0.973123908
1341846112.230507 0.152047515 -0.005616019 -0.084863931 0.092808478 -0.068520367 0.211997941 0.970437229
1341846112.261848 0.151008248 0.002585825 -0.081673190 0.095787309 -0.067808919 0.218538776 0.968745351
1341846112.293912 0.153450191 -0.008114027 -0.088875413 0.095144287 -0.067947388 0.229406163 0.966283381
1341846112.329892 0.165419936 -0.017562071 -0.087244838 0.099584080 -0.070582092 0.242167547 0.962525904
1341846112.361751 0.158286229 -0.015239073 -0.087839559 0.104772732 -0.069169484 0.250177622 0.960025728
1341846112.393853 0.155065492 -0.014793200 -0.081853844 0.106873415 -0.067963555 0.254388928 0.958772838
1341846112.429940 0.157702208 -0.016968869 -0.086476475 0.108277030 -0.067406870 0.261271864 0.956801653
1341846112.461839 0.158903241 -0.022547206 -0.088614374 0.109940447 -0.067691103 0.268749088 0.954518199
1341846112.498139 0.160356253 -0.014690569 -0.088074520 0.112824410 -0.068472542 0.274482489 0.952492297
1341846112.530069 0.153598070 -0.018970521 -0.093305632 0.112204850 -0.067891009 0.277602643 0.951702535
1341846112.562160 0.151174188 -0.015607998 -0.096236348 0.111450590 -0.070214741 0.283792675 0.949794888
1341846112.597968 0.156168088 -0.022501403 -0.087762758 0.110897049 -0.073679179 0.294597477 0.946300983
1341846112.630702 0.150986314 -0.014755275 -0.087132029 0.112582363 -0.075135134 0.302109152 0.943615377
1341846112.661861 0.147808000 -0.010593653 -0.090517178 0.110478066 -0.075324409 0.308394402 0.941814065
1341846112.698170 0.148432612 -0.015586702 -0.085908771 0.106815681 -0.075003959 0.318030626 0.939053416
1341846112.729995 0.157452583 -0.017775025 -0.083362773 0.105741352 -0.076986007 0.330159485 0.934819043
1341846112.765875 0.170442075 -0.015898276 -0.082119174 0.105325237 -0.076376133 0.339286476 0.931642652
1341846112.798043 0.193283215 -0.012631278 -0.078117460 0.105207004 -0.072959334 0.351657599 0.927332401
1341846112.829969 0.171035126 -0.017645568 -0.080018438 0.107209511 -0.063150197 0.362621337 0.923592985
1341846112.865900 0.158608258 -0.015018947 -0.092148095 0.106633052 -0.060131613 0.371136099 0.920473576
1341846112.897929 0.164271563 -0.014292091 -0.081990689 0.105284788 -0.060234446 0.379295558 0.917290509
1341846112.935783 0.172890916 -0.017899651 -0.080071270 0.105105586 -0.058314811 0.387674868 0.913925827
1341846112.998277 0.166118234 -0.021067889 -0.085693710 0.103532314 -0.057591278 0.404316634 0.906913698
1341846113.033814 0.173390523 -0.017476182 -0.082624592 0.104429781 -0.056727536 0.410213679 0.904213011
1341846113.072059 0.176661327 -0.016129134 -0.080286346 0.103844211 -0.053383514 0.417979956 0.900921404
1341846113.139948 0.185233340 -0.017437367 -0.083215117 0.103505373 -0.051138733 0.436801702 0.892118692
1341846113.198174 0.184620410 -0.013180790 -0.083326608 0.103638567 -0.043496899 0.458014101 0.881810784
1341846113.233852 0.181509599 -0.016562726 -0.080170535 0.103455789 -0.041251797 0.466830909 0.877305031
1341846113.265850 0.198598817 -0.010605104 -0.091616243 0.103366420 -0.040334906 0.474255055 0.873367429
1341846113.301938 0.199874565 -0.013318382 -0.090618446 0.103580147 -0.035897315 0.486273825 0.866902709
1341846113.333866 0.185144365 -0.012808885 -0.090838745 0.104801089 -0.031447198 0.496711284 0.860991120
1341846113.366028 0.185444772 -0.014796121 -0.087615743 0.103780754 -0.030657383 0.507123232 0.855053008
1341846113.401917 0.197110802 -0.012075138 -0.084956788 0.104062498 -0.030142317 0.518859565 0.847966492
1341846113.433895 0.185179427 -0.014147703 -0.095841937 0.104783729 -0.026723903 0.528255045 0.842171490
1341846113.469984 0.186139390 -0.016414046 -0.089397870 0.104197077 -0.027380729 0.537349164 0.836450338
1341846113.501829 0.195760638 -0.017307390 -0.088586234 0.104588732 -0.027116379 0.544599593 0.831707358
1341846113.533888 0.188410208 -0.017729091 -0.102886483 0.104873009 -0.026127424 0.552172780 0.826694727
1341846113.569800 0.199692726 -0.021357948 -0.101610668 0.102877438 -0.029592067 0.561758757 0.820346057
1341846113.601892 0.192322448 -0.018704725 -0.096139036 0.105010182 -0.029277358 0.565927684 0.817215741
1341846113.634488 0.188113660 -0.018016590 -0.104432002 0.104226254 -0.027462278 0.571402013 0.813561559
1341846113.669776 0.199334860 -0.019740760 -0.094426446 0.101247579 -0.029097145 0.583585441 0.805189610
1341846113.701823 0.212927938 -0.021967832 -0.086858407 0.100992739 -0.031082582 0.595779538 0.796166480
1341846113.737952 0.200252891 -0.022485865 -0.100603946 0.102973960 -0.029313931 0.601918280 0.791347861
1341846113.769790 0.201032311 -0.019331466 -0.116963714 0.100026883 -0.031527929 0.607375383 0.787461579
1341846113.801808 0.204456404 -0.020268438 -0.091963470 0.098052695 -0.033293769 0.615162373 0.781570494
1341846113.837973 0.202352688 -0.019073881 -0.098414741 0.098112188 -0.031940259 0.619325936 0.778324604
1341846113.869842 0.210224599 -0.018538201 -0.103984058 0.096229516 -0.033996921 0.627376258 0.771999359
1341846113.901753 0.210204154 -0.017930705 -0.094371155 0.097092450 -0.033988941 0.634136677 0.766347528
1341846113.937955 0.203145757 -0.020344898 -0.103321232 0.096954584 -0.030562086 0.640738308 0.760999382
1341846113.969840 0.202291936 -0.019169196 -0.114641994 0.093830422 -0.030706566 0.647948444 0.755258679
1341846114.005912 0.206914604 -0.018652152 -0.104804315 0.091518633 -0.031846114 0.655415356 0.749026597
1341846114.043864 0.207582995 -0.014182033 -0.103996880 0.090774588 -0.029474236 0.662575662 0.742889404
1341846114.106082 0.218205869 -0.015676107 -0.107637152 0.087725982 -0.032213982 0.678628922 0.728511631
1341846114.137798 0.207067311 -0.015133467 -0.106282219 0.088930815 -0.031224655 0.680119634 0.727016866
1341846114.170101 0.203678280 -0.013758468 -0.101325661 0.087998100 -0.029023508 0.683748066 0.723811150
1341846114.205882 0.207471937 -0.013319246 -0.111381166 0.086024135 -0.030768575 0.686664462 0.721210837
1341846114.237814 0.207999483 -0.012349313 -0.104902655 0.086078010 -0.032852523 0.686633408 0.721141994
1341846114.273904 0.213958204 -0.013122200 -0.099879347 0.085749522 -0.034508403 0.689555883 0.718309700
1341846114.305813 0.208623946 -0.014325595 -0.108624183 0.085996270 -0.035451867 0.693353534 0.714568853
1341846114.337919 0.209246144 -0.014734869 -0.103227630 0.086076401 -0.036303844 0.693849683 0.714034677
1341846114.374059 0.210508570 -0.014917411 -0.109277889 0.085952543 -0.036361903 0.696309865 0.711647749
1341846114.406296 0.215939268 -0.013245745 -0.111629874 0.085144885 -0.039143443 0.700548768 0.707424581
1341846114.441861 0.213919133 -0.014614504 -0.108747847 0.086157955 -0.041292377 0.701016366 0.706716180
1341846114.473886 0.205593318 -0.014183523 -0.107445575 0.087342650 -0.041266903 0.700942695 0.706645310
1341846114.506009 0.211284801 -0.014127059 -0.113386497 0.085347712 -0.043600712 0.705852091 0.701845884
1341846114.541924 0.213551700 -0.013288895 -0.102181703 0.086307660 -0.046235878 0.707080662 0.700321436
1341846114.573824 0.197928339 -0.013418602 -0.102855258 0.088324204 -0.044091091 0.702145576 0.705156982
1341846114.605897 0.192715302 -0.013347298 -0.117716312 0.085311584 -0.042961363 0.701132715 0.706603944
1341846114.641888 0.205371141 -0.012064755 -0.101268537 0.082814485 -0.046838131 0.702386618 0.705408394
1341846114.673974 0.204934135 -0.009391241 -0.099088356 0.085306682 -0.046156183 0.701875687 0.705664873
1341846114.709730 0.183025092 -0.013370644 -0.117123976 0.085016362 -0.042591941 0.696922064 0.710814834
1341846114.741795 0.192273676 -0.011184826 -0.106594324 0.081488892 -0.045374371 0.693333268 0.714555621
1341846114.773917 0.193117663 -0.007209101 -0.092639036 0.082143635 -0.046114936 0.688905478 0.718703687
1341846114.810044 0.188592494 -0.007158617 -0.097471192 0.083063275 -0.044750128 0.678866684 0.728174329
1341846114.841856 0.183154896 -0.009993739 -0.105950698 0.081884697 -0.044099398 0.664037049 0.741892755
1341846114.873982 0.189228162 -0.013320271 -0.094004229 0.081546679 -0.044972993 0.653084278 0.751537383
1341846114.909807 0.192309618 -0.013427676 -0.094223663 0.086055435 -0.043398809 0.642168045 0.760480881
1341846114.941865 0.193486914 -0.009206167 -0.086357757 0.093697883 -0.042201679 0.637075603 0.763920367
1341846114.977980 0.183904633 -0.007172368 -0.095248081 0.099930681 -0.040464070 0.629530847 0.769459188
1341846115.009784 0.174335942 -0.008284330 -0.098369136 0.101598017 -0.037022173 0.620965958 0.776342988
1341846115.041927 0.169920355 -0.005764648 -0.106222168 0.100291751 -0.034478310 0.611122310 0.784399331
1341846115.077974 0.174391359 -0.008335607 -0.110480532 0.099000841 -0.036128964 0.605162799 0.789095402
1341846115.109710 0.168884337 -0.004935028 -0.104401477 0.100264415 -0.037327349 0.596112251 0.795741081
1341846115.177979 0.150705621 -0.003678713 -0.123470850 0.094860561 -0.035141718 0.571391165 0.814419210
1341846115.209893 0.147315115 -0.000919156 -0.119426370 0.089482240 -0.038188327 0.560647666 0.822319090
1341846115.245960 0.143169448 0.009370346 -0.114567384 0.084416613 -0.037839435 0.551652312 0.828928053
1341846115.277850 0.137595102 0.002156110 -0.124264397 0.076646380 -0.033705242 0.543171763 0.835436225
1341846115.309821 0.137101308 0.010918071 -0.118554458 0.070632219 -0.035501834 0.533822060 0.841893554
1341846115.345985 0.136496946 0.014488573 -0.105158783 0.065302439 -0.035770237 0.521309912 0.850112975
1341846115.377811 0.133550242 0.016496612 -0.103036694 0.062321525 -0.034069967 0.506169319 0.859504402
1341846115.409843 0.129708439 0.022959143 -0.112873673 0.057001572 -0.033146333 0.487446338 0.870659649
1341846115.445793 0.123089753 0.028549859 -0.108772248 0.050569084 -0.032352235 0.466990143 0.882222354
1341846115.478059 0.141169891 0.027892051 -0.094760463 0.048392355 -0.033466317 0.455653727 0.888210475
1341846115.513951 0.131599009 0.029958997 -0.104326852 0.051484909 -0.031257696 0.444649994 0.893677056
1341846115.545891 0.127459943 0.032075286 -0.112547487 0.049671184 -0.032310702 0.433831751 0.899043262
1341846115.577954 0.124834567 0.038445465 -0.103719607 0.047418054 -0.032987721 0.421262860 0.905097187
1341846115.613954 0.123793036 0.038135305 -0.102200434 0.045694988 -0.031792372 0.409230530 0.910731375
1341846115.645824 0.122115597 0.034581065 -0.117681921 0.043647066 -0.032999471 0.394749671 0.917157888
1341846115.681882 0.109536134 0.044053212 -0.119500801 0.041602202 -0.033345211 0.378136843 0.924213111
1341846115.714384 0.112370625 0.045590207 -0.104738884 0.038442470 -0.031497497 0.362104237 0.930811763
1341846115.746144 0.110311203 0.045873512 -0.107243851 0.036189627 -0.028425064 0.348286897 0.936257720
1341846115.781725 0.108513355 0.048261192 -0.112173162 0.034082476 -0.028794795 0.339456141 0.939563096
1341846115.813812 0.109715261 0.050214119 -0.103548609 0.031651545 -0.026925337 0.328587502 0.943558931
1341846115.848050 0.119399257 0.047439743 -0.107625447 0.029571777 -0.023216801 0.317034990 0.947668374
1341846115.881857 0.101225525 0.051938143 -0.114325739 0.028566934 -0.018197954 0.307158858 0.951055288
1341846115.913919 0.103016213 0.050295863 -0.115373038 0.023763513 -0.018209260 0.300095737 0.953439176
1341846115.950006 0.112941317 0.051459320 -0.102703974 0.021974279 -0.017106870 0.291188091 0.956260383
1341846115.982063 0.112840980 0.051607810 -0.106786184 0.021504592 -0.012535198 0.284230858 0.958432674
1341846116.014067 0.111441955 0.047072403 -0.108664729 0.019787434 -0.011721156 0.280661017 0.959531367
1341846116.050272 0.114971563 0.047544986 -0.102404833 0.020335544 -0.012888984 0.275259763 0.961068392
1341846116.081984 0.112825193 0.048635680 -0.106677160 0.022083135 -0.010305497 0.266435534 0.963544607
1341846116.113928 0.101775080 0.052877814 -0.108307928 0.021667184 -0.006328871 0.257060349 0.966131687
1341846116.149901 0.108412176 0.044727519 -0.104288220 0.019633429 -0.009236353 0.252898574 0.967249453
1341846116.181797 0.111244798 0.048052624 -0.103171624 0.023046656 -0.009625595 0.242896512 0.969730616
1341846116.219755 0.104524307 0.052703653 -0.107830487 0.023660526 -0.005928708 0.232727110 0.972236156
1341846116.252587 0.106913090 0.044560753 -0.104030393 0.020959835 -0.005850672 0.228207156 0.973369360
1341846116.282014 0.117310144 0.043017313 -0.099725246 0.023083635 -0.006611354 0.222718418 0.974587083
1341846116.319031 0.108815357 0.048362315 -0.103418484 0.025192345 -0.003875985 0.218546167 0.975493670
1341846116.381987 0.108813092 0.049711093 -0.103955999 0.024220714 -0.001710188 0.210841477 0.977218688
1341846116.417962 0.107005827 0.049999174 -0.105750322 0.023872063 -0.000243679 0.206449941 0.978165865
1341846116.449943 0.107165560 0.056420609 -0.105657272 0.023636810 -0.000211707 0.198264882 0.979863405
1341846116.486079 0.107256986 0.054552548 -0.104130886 0.022521976 0.001761132 0.188720927 0.981770873
1341846116.517901 0.102903336 0.056796532 -0.107127450 0.021341769 0.003287698 0.179776981 0.983470380
1341846116.549851 0.102842674 0.055600010 -0.104699478 0.019567344 0.001962924 0.169596061 0.985317409
1341846116.585719 0.107541814 0.059263598 -0.105548576 0.018135628 0.001188112 0.158918038 0.987124503
1341846116.617985 0.110439882 0.060528137 -0.098998405 0.015796347 0.002816522 0.152932003 0.988106430
1341846116.653901 0.108287938 0.057000071 -0.100514755 0.014254585 0.003142952 0.150533915 0.988497078
1341846116.686079 0.112941653 0.057554811 -0.097134575 0.014342532 0.001851956 0.149461120 0.988661826
1341846116.717942 0.109809577 0.061885159 -0.104015194 0.016116600 0.005377838 0.145998582 0.989138901
1341846116.753865 0.099580958 0.065832838 -0.102596983 0.015442267 0.007730865 0.144297034 0.989383698
1341846116.785839 0.102370568 0.054036461 -0.099463776 0.013948115 0.005030890 0.141533524 0.989822447
1341846116.818815 0.105368234 0.062314477 -0.099455379 0.017285191 0.004265498 0.132108137 0.991075397
1341846116.853902 0.094473988 0.068453051 -0.105492659 0.016641047 0.006737167 0.124974042 0.991997600
1341846116.886435 0.095210858 0.055211689 -0.100919634 0.014282540 0.004508621 0.116738334 0.993049741
1341846116.921838 0.102390200 0.062002942 -0.101292871 0.016972296 0.002194735 0.110226691 0.993759155
1341846116.953941 0.091939889 0.062798530 -0.100564659 0.017525442 0.003653309 0.102518857 0.994569957
1341846116.985759 0.090744443 0.059752274 -0.103796899 0.017279271 0.002270092 0.096028231 0.995226026
1341846117.021816 0.090512887 0.059875373 -0.100124493 0.018097084 0.000332619 0.088143446 0.995943308
1341846117.054055 0.086903661 0.060489599 -0.098956414 0.018970158 -0.000770848 0.081099704 0.996525168
1341846117.085953 0.086909555 0.059770066 -0.103313461 0.018404327 -0.002628736 0.074128121 0.997075438
1341846117.121840 0.087603509 0.055926561 -0.099799834 0.018562092 -0.004849675 0.067729652 0.997519255
1341846117.154178 0.085675865 0.055999577 -0.098124161 0.019698212 -0.006344212 0.063374743 0.997775257
1341846117.190028 0.086897798 0.057938464 -0.091903210 0.021468738 -0.008052276 0.060078308 0.997930288
1341846117.221812 0.087618582 0.057765316 -0.096373700 0.021912428 -0.008717897 0.054646276 0.998227239
1341846117.253848 0.088947773 0.057008177 -0.095687442 0.021753430 -0.007584368 0.050264265 0.998470247
1341846117.289976 0.083597258 0.057742480 -0.093852140 0.021635801 -0.008625629 0.049871635 0.998484015
1341846117.321956 0.090116367 0.055747241 -0.094243534 0.022193745 -0.012151874 0.046619367 0.998592198
1341846117.354004 0.100725062 0.056482382 -0.096376777 0.023583092 -0.011122613 0.042531230 0.998754859
1341846117.389874 0.086254522 0.059542023 -0.100383788 0.023599163 -0.007166254 0.039489128 0.998915613
1341846117.421707 0.082256116 0.055259656 -0.091428451 0.022499403 -0.009930432 0.038369287 0.998960972
1341846117.457914 0.097146869 0.053597864 -0.096592866 0.024150250 -0.012447951 0.035293378 0.999007583
1341846117.490067 0.088392764 0.058919564 -0.097003438 0.024404382 -0.009863707 0.032244761 0.999133348
1341846117.521746 0.082045250 0.054990422 -0.098258123 0.022342475 -0.011493097 0.030083058 0.999231577
1341846117.557896 0.089675866 0.052604981 -0.092151821 0.023823949 -0.015292808 0.028706059 0.999186933
1341846117.590027 0.088788681 0.056362003 -0.089652359 0.024876032 -0.015734311 0.027784759 0.999180496
1341846117.621818 0.086162381 0.049585707 -0.089817427 0.024393823 -0.016957847 0.027809961 0.999171674
1341846117.658054 0.085852511 0.047887467 -0.090584114 0.027279595 -0.019310892 0.028432205 0.999036789
1341846117.689984 0.093109764 0.048095256 -0.090915225 0.029834943 -0.020725327 0.027966082 0.998948574
1341846117.725898 0.089711390 0.040539615 -0.091541715 0.031119909 -0.020629322 0.027185239 0.998932898
1341846117.757737 0.088391364 0.039880812 -0.091724701 0.035440762 -0.022203851 0.025731377 0.998793721
1341846117.790023 0.091635436 0.043088950 -0.092593342 0.037749324 -0.024820898 0.023926115 0.998692393
1341846117.825949 0.092843674 0.036400229 -0.095777124 0.038570337 -0.025515130 0.021889990 0.998690248
1341846117.857847 0.096433349 0.039538916 -0.094384506 0.041114345 -0.024900733 0.021999568 0.998601794
1341846117.893987 0.091356702 0.038247377 -0.097969964 0.041079737 -0.024932396 0.024428478 0.998546004
1341846117.925908 0.093665361 0.039980538 -0.092716888 0.041677859 -0.026911795 0.026566889 0.998415232
1341846117.958141 0.107311420 0.040438719 -0.097423486 0.042390138 -0.027112048 0.028300492 0.998332143
1341846117.993978 0.101157494 0.045356154 -0.095512286 0.041968852 -0.024480741 0.031198729 0.998331606
1341846118.025852 0.095737889 0.041106038 -0.096883968 0.040101957 -0.024839366 0.033519991 0.998324215
1341846118.058362 0.108198889 0.040916562 -0.095139585 0.039878365 -0.026820872 0.036390480 0.998181403
1341846118.093970 0.106378607 0.041165590 -0.094291911 0.040299412 -0.024919165 0.037089325 0.998188019
1341846118.125943 0.096829027 0.044022247 -0.096890606 0.039735731 -0.023712510 0.037744012 0.998215497
1341846118.161827 0.101762526 0.037481971 -0.091316491 0.038820989 -0.025430823 0.037836317 0.998205721
1341846118.194750 0.110633269 0.036897831 -0.094646320 0.040316943 -0.025057320 0.037699517 0.998161018
1341846118.226048 0.107419431 0.041214608 -0.090939209 0.041029699 -0.023543201 0.038213633 0.998149276
1341846118.261772 0.105892301 0.035864621 -0.092295714 0.041320503 -0.023232698 0.038339254 0.998139739
1341846118.294053 0.111721389 0.034800142 -0.089521639 0.043050848 -0.022840882 0.038740020 0.998060167
1341846118.336123 0.112084530 0.036378518 -0.094289362 0.044052176 -0.021893173 0.038803957 0.998035252
1341846118.362053 0.107344314 0.038112082 -0.097647987 0.043337606 -0.021197798 0.038695231 0.998085737
1341846118.393906 0.117105834 0.036807243 -0.091854371 0.043352302 -0.021670312 0.038274489 0.998091221
1341846118.429882 0.111333832 0.037414297 -0.092932723 0.043985836 -0.018741209 0.037496146 0.998152316
1341846118.461821 0.105870888 0.040415652 -0.096504107 0.043257564 -0.019029038 0.038155828 0.998153687
1341846118.509152 0.115525082 0.036552399 -0.091043621 0.041957539 -0.021305362 0.038915835 0.998133898
1341846118.535838 0.111336768 0.036935806 -0.093626074 0.042595178 -0.019428808 0.038633909 0.998156130
1341846118.567808 0.103668034 0.041199800 -0.096313231 0.042254724 -0.018770874 0.040241633 0.998119652
1341846118.603991 0.113976985 0.034112871 -0.093074195 0.040869225 -0.022065789 0.041087497 0.998075485
1341846118.635802 0.115465932 0.033797342 -0.090868235 0.043170888 -0.019735297 0.039711315 0.998083055
1341846118.667919 0.104320563 0.037659127 -0.097837873 0.043342937 -0.017122988 0.040332720 0.998098910
1341846118.703956 0.108318456 0.035019804 -0.090235330 0.042867869 -0.019281836 0.041968361 0.998012662
1341846118.735837 0.116065226 0.032473035 -0.093872063 0.044067424 -0.018797955 0.041537609 0.997987628
1341846118.772013 0.113232985 0.037596919 -0.100018211 0.044439897 -0.016676404 0.042512938 0.997967780
1341846118.804343 0.113218591 0.035351429 -0.094692208 0.043614469 -0.017485170 0.043726563 0.997937918
1341846118.835817 0.116915837 0.036018327 -0.096559361 0.045400962 -0.017505182 0.043896746 0.997850418
1341846118.872045 0.112723179 0.040450290 -0.094279125 0.045749545 -0.016281066 0.044493012 0.997828782
1341846118.903860 0.111278079 0.036752503 -0.095139623 0.044837929 -0.016741252 0.043983761 0.997885108
1341846118.935809 0.119510598 0.035783857 -0.096527487 0.044720758 -0.017486844 0.042927232 0.997923613
1341846118.971870 0.116365716 0.036421631 -0.092601046 0.045885567 -0.015749002 0.042328805 0.997925222
1341846119.003949 0.115468673 0.032818109 -0.097322524 0.045489129 -0.016226724 0.044410072 0.997845232
1341846119.035768 0.128664359 0.029265847 -0.093726635 0.048183817 -0.017058427 0.045588482 0.997651756
1341846119.071829 0.126004905 0.035757057 -0.096587218 0.052411050 -0.013357908 0.048663583 0.997349739
1341846119.103837 0.120253026 0.037146032 -0.097991854 0.053518094 -0.012181428 0.050193965 0.997230172
1341846119.136478 0.123795718 0.032771017 -0.093693048 0.053582758 -0.012858321 0.049632449 0.997246325
1341846119.171928 0.134315833 0.032973990 -0.095278613 0.055921406 -0.012792624 0.049605787 0.997120082
1341846119.203919 0.129987255 0.035775013 -0.095311366 0.058025494 -0.010827264 0.051502317 0.996926963
1341846119.266059 0.126912311 0.027156558 -0.095217325 0.058465291 -0.015192848 0.057785347 0.996499777
1341846119.297817 0.128790945 0.033385567 -0.098687805 0.059867296 -0.015970923 0.058850337 0.996342063
1341846119.334095 0.125867486 0.032716557 -0.100332052 0.058851056 -0.017263178 0.060132571 0.996304452
1341846119.365757 0.127968609 0.025861897 -0.099269748 0.059059575 -0.019832924 0.061656810 0.996151090
1341846119.401815 0.134328499 0.027260970 -0.099469200 0.061030492 -0.021744439 0.062905155 0.995914340
1341846119.434863 0.132212013 0.032942921 -0.099620901 0.062091909 -0.020481823 0.061410218 0.995968819
1341846119.465868 0.134534255 0.029116876 -0.094142191 0.061633050 -0.019884251 0.060339700 0.996074855
1341846119.501761 0.133907214 0.026883151 -0.095358208 0.062780187 -0.018939748 0.060364544 0.996020079
1341846119.533772 0.133780822 0.027771033 -0.098237209 0.063998394 -0.018595008 0.060668841 0.995930552
1341846119.565854 0.135079175 0.030730680 -0.098190211 0.064546622 -0.018761663 0.059505899 0.995962203
