1341846092.023798 0.000000000 0.000000000 0.000000000 0.000000000 0.000000000 0.000000000 1.000000000
1341846092.059891 0.000143968 0.000838518 0.000451546 0.001534619 0.000560178 -0.001628468 0.999997318
1341846092.091861 0.000321414 0.000462772 0.000094348 0.002803831 0.000937768 -0.001772965 0.999994040
1341846092.123884 0.000300448 0.001777644 -0.000176331 0.004552846 0.001071338 -0.001377777 0.999988139
1341846092.159881 0.000979848 0.001308136 0.000691134 0.005793452 0.000896065 0.000234021 0.999982774
1341846092.191824 0.000900157 0.001679781 0.000092277 0.007355292 0.000471424 0.001043882 0.999972284
1341846092.227766 0.003558064 0.004872338 -0.000537329 0.008855526 0.000575865 0.000126958 0.999960601
1341846092.259844 0.001408519 0.005232391 0.000036493 0.008225437 0.001284821 -0.000507635 0.999965191
1341846092.291754 0.002233854 0.001878454 0.001769626 0.008544689 0.000957352 -0.001708939 0.999961555
1341846092.327827 0.003377832 -0.000084449 0.002336799 0.010693378 0.001003230 -0.002290828 0.999939680
1341846092.359956 0.001048747 -0.000871004 0.001708414 0.013409550 0.001565165 -0.003403932 0.999903083
1341846092.395855 0.003026921 0.000228715 0.001263399 0.016408894 0.001061924 -0.005481611 0.999849796
1341846092.428016 0.004253115 -0.000326534 0.002681848 0.018983552 0.001423853 -0.008156518 0.999785483
1341846092.459991 0.003427917 -0.001847199 0.002742384 0.021438021 0.001987414 -0.010487876 0.999713182
1341846092.495930 0.003941059 -0.003062563 0.002652408 0.024683353 0.002328413 -0.012533833 0.999614060
1341846092.528072 0.008666838 -0.004169416 0.002203614 0.028154280 0.001555682 -0.015466831 0.999482691
1341846092.559842 0.011197787 -0.005962247 0.003407024 0.032490037 0.002876346 -0.017414462 0.999316216
1341846092.595783 0.008354930 -0.008864026 0.002361839 0.036473650 0.004387909 -0.017834773 0.999165833
1341846092.628121 0.007844914 -0.010339287 0.003337207 0.040874179 0.003521753 -0.017572485 0.999003530
1341846092.659797 0.014955982 -0.006866662 0.003647886 0.045947503 0.003436385 -0.018715199 0.998762608
1341846092.696012 0.011357230 -0.004828713 0.002883587 0.048991982 0.006023974 -0.019815324 0.998584449
1341846092.727906 0.008767904 -0.008930160 0.003518357 0.051942579 0.006679214 -0.019878963 0.998429835
1341846092.760105 0.006890388 -0.013862315 0.001851057 0.058024086 0.006614904 -0.016609428 0.998155057
1341846092.795871 0.011221961 -0.012354438 0.002224180 0.063102148 0.004081744 -0.016219899 0.997866929
1341846092.827857 0.017042890 -0.012762284 0.002904768 0.069514744 0.003460591 -0.021237487 0.997348845
1341846092.863824 0.015659254 -0.010430592 0.001927818 0.073716655 0.006507576 -0.027001522 0.996892393
1341846092.895885 0.011259859 -0.012377310 0.003496099 0.074940145 0.007388929 -0.030026382 0.996708453
1341846092.927920 0.016352037 -0.021504674 0.003226812 0.078603253 0.006044001 -0.029369280 0.996454895
1341846092.963849 0.016196119 -0.019060895 0.000776128 0.084850252 0.007493749 -0.029611906 0.995925367
1341846092.995760 0.016655656 -0.024817869 -0.000825069 0.088629268 0.007569711 -0.028247498 0.995635271
1341846093.027860 0.018908137 -0.029321529 0.001270543 0.096551843 0.006733874 -0.025263108 0.994984508
1341846093.063741 0.019585442 -0.023628747 -0.001627179 0.104880862 0.007191821 -0.025238082 0.994138479
1341846093.125933 0.026683282 -0.028383974 -0.000865633 0.111315213 0.009105935 -0.029967064 0.993291497
1341846093.157795 0.021772794 -0.030688778 -0.000042363 0.116769500 0.011306300 -0.026372392 0.992744446
1341846093.189822 0.021330278 -0.033303820 -0.000795294 0.121629305 0.009446180 -0.022765972 0.992269516
1341846093.225887 0.023381313 -0.030602265 -0.003134667 0.127416998 0.009918499 -0.022395553 0.991546750
1341846093.257900 0.028782526 -0.037205607 0.000229905 0.130960941 0.010667869 -0.021794412 0.991090536
1341846093.289744 0.026783036 -0.037404526 0.001404655 0.136546806 0.012466477 -0.021052970 0.990331411
1341846093.325795 0.024294849 -0.041443333 -0.001821005 0.141890243 0.013628632 -0.020158906 0.989583254
1341846093.357904 0.024474561 -0.036118735 -0.003259658 0.147349134 0.014613584 -0.021612421 0.988740385
1341846093.393841 0.024900351 -0.039484467 -0.002629290 0.150621608 0.015596832 -0.022416990 0.988214195
1341846093.425924 0.017696880 -0.048179135 -0.005759500 0.155397356 0.016207201 -0.019318417 0.987530172
1341846093.457796 0.025265731 -0.045312889 -0.005937678 0.162320122 0.014324207 -0.018201526 0.986466289
1341846093.493817 0.026067542 -0.050783593 -0.008412372 0.166750431 0.014852399 -0.016553434 0.985748291
1341846093.525871 0.028030507 -0.051509887 -0.008690674 0.173009112 0.014751453 -0.013823224 0.984712720
1341846093.561833 0.027415195 -0.056484565 -0.012096204 0.179178938 0.014708186 -0.009344729 0.983662188
1341846093.593995 0.032170501 -0.050957225 -0.014801515 0.185615286 0.014064872 -0.009384577 0.982477009
1341846093.625945 0.027584607 -0.057504863 -0.013385165 0.188135445 0.016102102 -0.011015151 0.981949270
1341846093.661809 0.032898482 -0.062523969 -0.015752986 0.193501979 0.015126153 -0.012410969 0.980904758
1341846093.693938 0.033345863 -0.057207737 -0.015677433 0.200503275 0.015461186 -0.014524357 0.979463339
1341846093.725842 0.025743855 -0.069867358 -0.018483106 0.203140140 0.015512863 -0.013008307 0.978940368
1341846093.761995 0.031023555 -0.075187862 -0.023873322 0.210319832 0.012886613 -0.010317687 0.977493227
1341846093.794228 0.027884096 -0.059618622 -0.021972328 0.220858663 0.010279362 -0.005449490 0.975236416
1341846093.829820 0.022901693 -0.064094439 -0.023916487 0.226448581 0.008805577 -0.004800580 0.973971486
1341846093.861841 0.033955760 -0.070428371 -0.030979466 0.229917526 0.008496117 -0.008017319 0.973140001
1341846093.893823 0.032164350 -0.082548447 -0.029535217 0.235271782 0.008003818 -0.008677565 0.971857905
1341846093.929912 0.037232678 -0.092745088 -0.030002739 0.241661593 0.004183115 -0.006757043 0.970328033
1341846093.961968 0.037452675 -0.085533015 -0.035168190 0.251348466 0.004434292 -0.004597261 0.967875540
1341846093.994029 0.026006393 -0.083670877 -0.031183418 0.257865131 0.007056866 -0.007099151 0.966129065
1341846094.029902 0.041783717 -0.088248134 -0.041081425 0.259132624 0.005120461 -0.006068372 0.965809107
1341846094.062046 0.047878820 -0.089225672 -0.034984376 0.263695836 0.006072070 -0.005905856 0.964568675
1341846094.097921 0.045292821 -0.082118183 -0.033431429 0.269662499 0.007076933 -0.005694579 0.962912023
1341846094.129856 0.048881415 -0.095544443 -0.039135635 0.268852472 0.007532872 -0.004793574 0.963139951
1341846094.161786 0.055797301 -0.077290639 -0.031709261 0.275045991 0.008849363 -0.005236911 0.961376071
1341846094.197938 0.053835228 -0.082117572 -0.031872399 0.273854405 0.013529441 -0.006844257 0.961651683
1341846094.229967 0.051638357 -0.079525180 -0.032340840 0.275175899 0.015206030 -0.003305230 0.961267948
1341846094.261795 0.055304058 -0.079392858 -0.029144023 0.273616195 0.015809059 -0.005391815 0.961693883
1341846094.297927 0.057248384 -0.074086301 -0.024223190 0.272651106 0.017831670 -0.007155403 0.961921155
1341846094.329846 0.051422827 -0.078662097 -0.030271042 0.269213378 0.020564273 -0.008224202 0.962825894
1341846094.366053 0.053812478 -0.076009624 -0.026327491 0.266088337 0.019039948 -0.007283469 0.963733077
1341846094.397911 0.056535408 -0.077943727 -0.029095510 0.261841774 0.016589457 -0.005381273 0.964953244
1341846094.429746 0.050521009 -0.072871223 -0.030116886 0.255832821 0.018513180 -0.006807319 0.966519773
1341846094.466133 0.047250193 -0.074631311 -0.028003750 0.248911858 0.017436758 -0.007074187 0.968343318
1341846094.497922 0.044803053 -0.075368710 -0.025336247 0.242371440 0.014465554 -0.002839498 0.970071495
1341846094.533970 0.051729254 -0.073656291 -0.034786601 0.234675303 0.011089441 0.003000769 0.972005904
1341846094.565945 0.054965403 -0.073024519 -0.033415671 0.227008536 0.008749389 0.004324092 0.973843873
1341846094.597899 0.056225829 -0.058161810 -0.022697937 0.222254992 0.007948468 0.007065940 0.974930584
1341846094.633912 0.054763388 -0.063858241 -0.021879721 0.211403981 0.006730025 0.011058927 0.977313042
1341846094.665844 0.059928380 -0.054264486 -0.021635806 0.206973910 0.004135512 0.011640898 0.978268445
1341846094.697961 0.068326563 -0.044878457 -0.016605528 0.201008826 0.005037445 0.011197341 0.979512453
1341846094.733999 0.068045750 -0.045336548 -0.018214367 0.193696260 0.009277558 0.010756743 0.980958700
1341846094.767923 0.052377690 -0.043399367 -0.022443099 0.188481167 0.010713761 0.016671741 0.981876850
1341846094.801844 0.049940094 -0.037737947 -0.017239971 0.183220625 0.007085348 0.022197103 0.982795656
1341846094.833846 0.065059148 -0.039184410 -0.020248463 0.176527381 0.005439044 0.025093900 0.983960748
1341846094.866031 0.058716230 -0.038634416 -0.025372669 0.168152168 0.008997753 0.026723271 0.985357702
1341846094.901923 0.051099159 -0.033308089 -0.015340579 0.158492059 0.009012460 0.029794414 0.986869454
1341846094.966365 0.054983273 -0.026652984 -0.012358513 0.143061981 0.004523234 0.036148239 0.989043057
1341846095.002198 0.062059052 -0.003118900 -0.012286021 0.137591779 0.005030890 0.033799883 0.989899337
1341846095.034722 0.058777303 -0.018905997 -0.012976828 0.122488856 0.006827108 0.030935911 0.991964161
1341846095.075946 0.058636259 -0.028144250 -0.014846778 0.116265833 0.007624635 0.034548141 0.992587805
1341846095.134021 0.064701498 -0.019193893 -0.010563059 0.110420018 0.010335349 0.037818026 0.993111491
1341846095.169946 0.062332183 -0.016027646 -0.012100043 0.108191200 0.010847480 0.042793099 0.993149400
1341846095.201911 0.064575292 -0.015086753 -0.010579180 0.103826173 0.009155343 0.046209350 0.993479252
1341846095.233880 0.063788429 -0.010996650 -0.015045872 0.099124171 0.009577356 0.045232948 0.994000316
1341846095.269927 0.061968438 -0.011235202 -0.013204679 0.093689553 0.010265727 0.044655491 0.994546533
1341846095.301803 0.050935593 -0.007680924 -0.013519358 0.088144660 0.009941760 0.046524294 0.994970918
1341846095.337767 0.058959939 -0.002984479 -0.013011861 0.083361126 0.006301373 0.048429269 0.995321989
1341846095.369772 0.063766800 -0.000996577 -0.010166728 0.077266678 0.006354630 0.047162324 0.995874047
1341846095.401800 0.054853033 0.000597091 -0.014328243 0.072392412 0.008552657 0.048133697 0.996177375
1341846095.437762 0.059822388 0.002369680 -0.010953718 0.068055928 0.006864234 0.049647819 0.996421814
1341846095.469900 0.062985048 -0.001355256 -0.012152641 0.063304409 0.007370273 0.052198414 0.996600986
1341846095.501905 0.061399698 0.006131432 -0.012630047 0.061164238 0.008739136 0.052694578 0.996697485
1341846095.538219 0.059754841 0.012764378 -0.012070784 0.056066263 0.009721111 0.050779603 0.997087538
1341846095.569934 0.059643436 0.008994786 -0.010329401 0.049854331 0.010614550 0.051282819 0.997382522
1341846095.606238 0.062140461 0.005017698 -0.009506661 0.044729460 0.010620499 0.051714491 0.997603178
1341846095.637875 0.058453847 0.004903949 -0.008835419 0.041272517 0.011224295 0.053496607 0.997651577
1341846095.669890 0.059866264 0.013010456 -0.010782049 0.039402854 0.010748365 0.054580908 0.997673690
1341846095.705878 0.060736511 0.013474194 -0.011880381 0.035341237 0.012814894 0.053894341 0.997838736
1341846095.737902 0.059832823 0.012344268 -0.011156451 0.031010544 0.014544007 0.055750620 0.997857034
1341846095.773812 0.060400572 0.012928725 -0.009142572 0.027870465 0.014392930 0.057813350 0.997834504
1341846095.838106 0.066568553 0.017446084 -0.016278567 0.019316623 0.015701754 0.057644207 0.998026788
1341846095.873871 0.068680808 0.032796208 -0.012015376 0.017208818 0.016791349 0.057248142 0.998070419
1341846095.905980 0.067522369 0.033863515 -0.011210572 0.011067304 0.016476354 0.059289023 0.998043537
1341846095.937932 0.069497198 0.033481482 -0.009568666 0.006148308 0.015113245 0.059793886 0.998077393
1341846095.973926 0.069766834 0.041003812 -0.007867821 0.003925687 0.016169252 0.059975784 0.998061121
1341846096.005891 0.063272536 0.043439817 -0.010295550 -0.001220569 0.017385125 0.061650839 0.997945607
1341846096.041838 0.067658372 0.044508245 -0.007659236 -0.006113266 0.015142549 0.060923994 0.998008788
1341846096.073937 0.070425667 0.046299424 -0.007205120 -0.010395137 0.014551863 0.059002910 0.998097599
1341846096.105773 0.069690362 0.051862132 -0.008812061 -0.014926091 0.015136003 0.056548547 0.998173475
1341846096.141944 0.065523125 0.049872052 -0.005713182 -0.021766299 0.015767738 0.055150878 0.998116195
1341846096.173951 0.066015534 0.040256854 -0.005640620 -0.026906691 0.014747322 0.054326840 0.998051703
1341846096.205991 0.064206496 0.043090828 -0.004165235 -0.027223988 0.015515086 0.053243186 0.998089790
1341846096.241942 0.061498962 0.050769962 -0.005337171 -0.028276270 0.015141272 0.055393357 0.997949302
1341846096.273909 0.066678189 0.048492629 -0.010128042 -0.032021277 0.013390287 0.054312255 0.997920573
1341846096.309891 0.067296728 0.056343466 -0.006000014 -0.034345143 0.013492381 0.053137373 0.997905195
1341846096.341861 0.065493822 0.052253038 -0.001568446 -0.038575917 0.013255653 0.052732423 0.997775257
1341846096.374240 0.071698606 0.050879568 -0.000487168 -0.040097535 0.011082589 0.052801214 0.997738123
1341846096.409718 0.074470259 0.057392646 -0.002208705 -0.040076874 0.011200193 0.051386550 0.997811496
1341846096.441905 0.071687654 0.058201276 -0.001519809 -0.042836428 0.012106833 0.048995476 0.997806549
1341846096.473846 0.068386205 0.059038647 -0.002149106 -0.045598034 0.012102792 0.045868102 0.997832894
1341846096.510050 0.073425464 0.051640987 -0.003615608 -0.049695119 0.011408863 0.044120111 0.997724235
1341846096.542063 0.073301174 0.054473944 0.000123540 -0.050331887 0.012276165 0.043598592 0.997704923
1341846096.577955 0.066957563 0.053362899 -0.005839873 -0.052812688 0.014153200 0.042644452 0.997593105
1341846096.609941 0.066619776 0.058508601 -0.008749176 -0.056514114 0.013424491 0.041447222 0.997450769
1341846096.641875 0.068740278 0.056041993 -0.009827160 -0.062496595 0.012662288 0.038748264 0.997212350
1341846096.677902 0.069521584 0.060200229 -0.008970102 -0.064577244 0.013285232 0.037781436 0.997108698
1341846096.709906 0.065374635 0.065862313 -0.011242425 -0.068674698 0.013765110 0.037639581 0.996833742
1341846096.745991 0.069068857 0.063320398 -0.008556747 -0.074684136 0.012374659 0.037125252 0.996439099
1341846096.777870 0.072467797 0.067753181 -0.008509927 -0.077404685 0.012740269 0.034179494 0.996332228
1341846096.810244 0.070948720 0.072793387 -0.011897075 -0.083814852 0.013897071 0.031969320 0.995871425
1341846096.845763 0.071134895 0.073105931 -0.009484747 -0.090619452 0.013105477 0.031092376 0.995313823
1341846096.878199 0.075927146 0.073485248 -0.008012324 -0.094764486 0.012379155 0.029152261 0.994995773
1341846096.909946 0.072274238 0.076001592 -0.011123871 -0.098384380 0.013729437 0.029965399 0.994602442
1341846096.945914 0.071443222 0.078092091 -0.011034247 -0.105483830 0.012892106 0.029494392 0.993899882
1341846096.978058 0.073498964 0.080003269 -0.010417683 -0.113257863 0.012655836 0.026995465 0.993118167
1341846097.014061 0.072008342 0.083973818 -0.010290464 -0.119555816 0.014431858 0.024272362 0.992425799
1341846097.045960 0.071468569 0.083055325 -0.011428735 -0.128044784 0.015459235 0.023577578 0.991367579
1341846097.078464 0.070324384 0.082427248 -0.008026650 -0.134310111 0.016214222 0.023216797 0.990534604
1341846097.113795 0.069306485 0.083483413 -0.008514568 -0.139103442 0.017345022 0.020202294 0.989919782
1341846097.146138 0.068772770 0.083384238 -0.008894742 -0.143101692 0.018951755 0.019009545 0.989343882
1341846097.178019 0.067512073 0.082891636 -0.009012049 -0.147185698 0.019730963 0.020723347 0.988694906
1341846097.213933 0.069799528 0.080105387 -0.009194205 -0.149128363 0.017140131 0.021475574 0.988435984
1341846097.246080 0.071609139 0.088335551 -0.005417850 -0.149632111 0.015325986 0.019375855 0.988433063
1341846097.282030 0.071537621 0.084479786 -0.007557260 -0.153375819 0.016476842 0.019895274 0.987830162
1341846097.313977 0.070045128 0.082703426 -0.007709106 -0.155822203 0.016814612 0.023392245 0.987364948
1341846097.345922 0.071408577 0.085773595 -0.009051308 -0.158874065 0.014882479 0.027951287 0.986790895
1341846097.381852 0.072051197 0.077789992 -0.010462621 -0.165427268 0.016505774 0.029811278 0.985633135
1341846097.413864 0.068592563 0.089864679 -0.009946080 -0.165876538 0.020028319 0.028343491 0.985535622
1341846097.445910 0.070645772 0.093823172 -0.013179045 -0.172731638 0.020020757 0.028109144 0.984364152
1341846097.481979 0.074358895 0.098281823 -0.011439281 -0.180559874 0.019052967 0.025814028 0.983040512
1341846097.514061 0.071941957 0.100009494 -0.012801141 -0.187145814 0.021253588 0.022900514 0.981835127
1341846097.550048 0.068054132 0.087186836 -0.013542276 -0.197507128 0.023679491 0.022090802 0.979766369
1341846097.587812 0.069955878 0.094568670 -0.010325231 -0.204293743 0.023029244 0.021871751 0.978394270
1341846097.649731 0.083403043 0.081101537 0.001229789 -0.218157798 0.021506462 0.014925844 0.975562334
1341846097.681970 0.085794218 0.080083124 0.001365848 -0.223525405 0.021099221 0.014399306 0.974363327
1341846097.714026 0.086364321 0.088141426 0.000474446 -0.225153014 0.020769455 0.015034945 0.973986030
1341846097.749749 0.083597519 0.085518129 -0.002496839 -0.226351455 0.021456189 0.013570666 0.973714769
1341846097.782019 0.083596282 0.079311676 -0.000647537 -0.231554374 0.021021958 0.011948863 0.972521365
1341846097.817835 0.081740327 0.087749541 -0.002927944 -0.232545003 0.021034209 0.009671536 0.972310066
1341846097.849998 0.078130111 0.089027077 -0.001410022 -0.229834929 0.021630410 0.009128363 0.972946405
1341846097.882032 0.076333039 0.090195403 -0.003708970 -0.228308395 0.021153156 0.009100432 0.973316491
1341846097.917945 0.081447810 0.088515304 -0.003461599 -0.228661612 0.018792836 0.008052988 0.973291218
1341846097.949812 0.077633120 0.093253151 -0.004073232 -0.223892316 0.019628119 0.007281946 0.974389017
1341846097.985786 0.075890586 0.097418167 -0.004925806 -0.217685610 0.020809468 0.006779288 0.975773513
1341846098.017778 0.079017006 0.098649509 -0.004601881 -0.211857125 0.019873751 0.005932761 0.977080584
1341846098.050033 0.072277121 0.104231142 -0.007130515 -0.203652173 0.021774152 0.003664933 0.978794277
1341846098.085962 0.070336603 0.094721459 -0.004138593 -0.201056078 0.023799766 -0.003381584 0.979284704
1341846098.117764 0.073846877 0.083672829 -0.004271701 -0.202636689 0.026168827 -0.011991430 0.978830814
1341846098.149904 0.075928725 0.087259904 -0.003110256 -0.201560214 0.027326595 -0.015215769 0.978976607
1341846098.185874 0.075858921 0.093920439 -0.002861466 -0.195338875 0.026820807 -0.009792589 0.980320096
1341846098.217722 0.068182439 0.099706814 -0.009892479 -0.185843125 0.028295383 -0.006153253 0.982152641
1341846098.253811 0.065518126 0.089492507 -0.004445389 -0.179910898 0.031665590 -0.003720345 0.983166039
1341846098.285939 0.075949237 0.077031441 -0.002449794 -0.173019513 0.030349316 -0.004081658 0.984442234
1341846098.319650 0.073204160 0.086208910 -0.003731215 -0.158932313 0.032705676 -0.005355287 0.986733079
1341846098.353827 0.073426969 0.094430305 -0.005332066 -0.146537572 0.035240773 -0.007981814 0.988544941
1341846098.385963 0.068212211 0.065118134 -0.001171896 -0.145765230 0.038607303 -0.010606482 0.988508701
1341846098.418076 0.075095572 0.071134090 -0.009255195 -0.135274038 0.040974293 -0.015444265 0.989840150
1341846098.453988 0.074615352 0.069557309 -0.008582545 -0.132090092 0.043869141 -0.019229954 0.990079761
1341846098.485927 0.073261678 0.068070613 -0.004697004 -0.128242344 0.044690698 -0.019543957 0.990542591
1341846098.521907 0.073829278 0.056360438 -0.007668091 -0.123813011 0.043761965 -0.018376824 0.991169810
1341846098.553851 0.076623067 0.056252636 -0.005433165 -0.115526274 0.043974008 -0.015351499 0.992211819
1341846098.585937 0.075744122 0.054537758 -0.005659465 -0.108900338 0.044329766 -0.011947567 0.992991865
1341846098.621830 0.079047665 0.052856322 -0.007939485 -0.100206032 0.042821247 -0.008878049 0.994005144
1341846098.653874 0.076896667 0.048965089 -0.010857783 -0.092723213 0.043601271 -0.007370415 0.994709492
1341846098.685832 0.079658471 0.043909989 -0.009632304 -0.085519738 0.042020842 -0.003996253 0.995441914
1341846098.721860 0.079689927 0.041370537 -0.010686932 -0.076264307 0.041249551 -0.001650739 0.996232629
1341846098.753828 0.080263577 0.037550140 -0.008757824 -0.065269232 0.039161172 0.001719899 0.997097433
1341846098.789998 0.083783001 0.034651965 -0.011740750 -0.054269340 0.037948024 0.003390270 0.997799218
1341846098.827945 0.081308708 0.031647585 -0.014655646 -0.041855346 0.038242515 0.006565117 0.998369932
1341846098.889904 0.088030159 0.026672874 -0.014000872 -0.019521577 0.032948870 0.011781804 0.999196947
1341846098.921923 0.088727988 0.019933464 -0.012318667 -0.007115368 0.032093231 0.013776281 0.999364614
1341846098.957887 0.079937488 0.011364537 -0.021228323 0.001771077 0.033425890 0.014269889 0.999337733
1341846098.990630 0.072862864 0.018758196 -0.022826008 0.012766588 0.031694509 0.013264692 0.999328017
1341846099.022028 0.080290437 0.012563027 -0.024391823 0.023280825 0.029376104 0.011671319 0.999229133
1341846099.058015 0.077710010 0.021435186 -0.024648421 0.036869735 0.029878762 0.010976642 0.998813033
1341846099.089878 0.079578593 0.016456937 -0.024795944 0.044322651 0.028322894 0.010829802 0.998556972
1341846099.121774 0.081582725 0.009445317 -0.025218349 0.053561915 0.027193679 0.012429849 0.998116791
1341846099.157775 0.080755182 0.016001647 -0.027064269 0.062139779 0.026570084 0.012063364 0.997640789
1341846099.189822 0.082352519 0.017363882 -0.023507215 0.068104394 0.026304930 0.009652106 0.997284651
1341846099.226178 0.083460920 0.014132760 -0.024798017 0.073878966 0.026432401 0.011429691 0.996851325
1341846099.264156 0.082094721 0.016463941 -0.023434091 0.079007864 0.025610698 0.011616760 0.996477246
1341846099.300270 0.091912344 0.020454578 -0.019379130 0.083581954 0.023539772 0.013615228 0.996129751
1341846099.332076 0.090028003 0.023159761 -0.020451356 0.085898302 0.025917133 0.014356750 0.995863259
1341846099.363831 0.091460057 0.027043317 -0.020743337 0.087273248 0.027516449 0.016196003 0.995672584
1341846099.399799 0.099519655 0.033647392 -0.016793624 0.087324381 0.028645908 0.016017487 0.995639145
1341846099.432113 0.102921724 0.030324345 -0.018761413 0.085598759 0.033101629 0.015331722 0.995661616
1341846099.463909 0.106995367 0.031962480 -0.009966955 0.086426482 0.038019907 0.015603363 0.995410204
1341846099.499765 0.111713052 0.029306240 -0.016765378 0.085887149 0.043951191 0.016984049 0.995190024
1341846099.564678 0.120616369 0.025541048 -0.013989959 0.088115990 0.064184271 0.014488682 0.993934631
1341846099.626222 0.126391500 0.029349187 -0.010400554 0.090482354 0.083735086 0.012724148 0.992290020
1341846099.657825 0.134205446 0.029344721 -0.013526976 0.089461878 0.093087062 0.010212899 0.991578043
1341846099.693870 0.137701526 0.021498546 -0.009667995 0.087699920 0.103344113 0.008428255 0.990735888
1341846099.725881 0.144547150 0.020973800 -0.010671023 0.089154094 0.113625161 0.008583406 0.989478230
1341846099.761986 0.129811391 0.018380610 -0.014346531 0.092487156 0.126402780 0.015318374 0.987539291
1341846099.793945 0.121949643 0.010728030 -0.029839044 0.094757773 0.138268039 0.024125896 0.985556126
1341846099.825926 0.153294370 0.021694878 -0.005887505 0.098211147 0.143389761 0.029424863 0.984341443
1341846099.862065 0.150782958 0.014415855 -0.018222386 0.096760675 0.154972821 0.028802508 0.982746780
1341846099.894034 0.148251027 0.015948258 -0.010771312 0.099350385 0.165287256 0.033667840 0.980650842
1341846099.925860 0.154407129 0.011726594 -0.013057515 0.100033924 0.171339363 0.036308736 0.979447663
1341846099.961831 0.144829869 0.015162162 -0.028338440 0.101750359 0.183920726 0.034702901 0.977044404
1341846099.993861 0.145472988 0.015958555 -0.011350214 0.102275237 0.194199219 0.035705764 0.974962294
1341846100.029846 0.155560583 0.015498643 -0.015960816 0.102827221 0.202699780 0.037166085 0.973117709
1341846100.069920 0.162954152 0.014483057 -0.022295061 0.104156025 0.211984470 0.037993826 0.970963717
1341846100.099862 0.149284750 0.017269462 -0.008647971 0.106610745 0.225781828 0.039076369 0.967537999
1341846100.132811 0.148872793 0.014642566 -0.006072808 0.107826479 0.231870249 0.042151090 0.965832770
1341846100.168188 0.140452713 0.018325191 -0.015994091 0.110632226 0.241683170 0.043570276 0.963042796
1341846100.199801 0.149634451 0.016615316 -0.015036516 0.109940127 0.245971441 0.046173420 0.961914361
1341846100.235866 0.151396677 0.018321183 -0.015816875 0.110579334 0.252330989 0.048427448 0.960081279
1341846100.267868 0.157650232 0.019410634 -0.009634741 0.110441498 0.259469539 0.049724638 0.958126128
1341846100.299821 0.157197118 0.019797023 -0.023185529 0.110384271 0.263600856 0.053636715 0.956793129
1341846100.335884 0.161090568 0.016673328 -0.018121842 0.110181555 0.269438386 0.055258784 0.955096602
1341846100.367898 0.154524460 0.012997231 -0.030977026 0.108367495 0.275822282 0.055925168 0.953441620
1341846100.400000 0.163286000 0.015743349 -0.027696013 0.108663715 0.276340753 0.056276936 0.953237057
1341846100.435828 0.169475213 0.013078570 -0.033267442 0.109158151 0.281631917 0.054606978 0.951727867
1341846100.467678 0.170491144 0.019607548 -0.026833747 0.110979788 0.287884951 0.052582376 0.949758291
1341846100.503838 0.180520043 0.018891800 -0.027045362 0.111693971 0.289783061 0.050983474 0.949184358
1341846100.535834 0.172588319 0.010204057 -0.049311522 0.111607328 0.299063146 0.049233500 0.946404278
1341846100.568004 0.168584943 0.014252352 -0.044715479 0.114299826 0.307816923 0.049598828 0.943251967
1341846100.604545 0.179118872 0.008973359 -0.063188776 0.113802418 0.313540280 0.045185734 0.941647351
1341846100.635826 0.171819225 0.017431160 -0.043615296 0.117036842 0.325717419 0.042613614 0.937227070
1341846100.672445 0.174025953 0.019304801 -0.036084462 0.117299914 0.327690423 0.045143038 0.936387658
1341846100.733981 0.171611279 0.017692313 -0.052268326 0.118778281 0.335693985 0.048850402 0.933174610
1341846100.765776 0.173638731 0.016282741 -0.050328016 0.117001265 0.341622323 0.047179565 0.931331813
1341846100.798442 0.173518956 0.016651509 -0.057868198 0.117108256 0.345448792 0.050295800 0.929742515
1341846100.833838 0.169948205 0.020548144 -0.058847576 0.117500946 0.348969162 0.051523775 0.928309917
1341846100.866041 0.173797026 0.029426057 -0.034589119 0.118920587 0.347272575 0.054055654 0.928621352
1341846100.897858 0.176850051 0.016636901 -0.023968950 0.115969971 0.348557174 0.053003646 0.928573906
1341846100.933895 0.175980717 0.020958574 -0.017361142 0.118214704 0.349639982 0.056396343 0.927683473
1341846100.965736 0.174532801 0.023684710 -0.018658437 0.118529372 0.345681489 0.057244144 0.929073811
1341846101.001817 0.175242871 0.017606376 -0.032027096 0.117356293 0.345233500 0.056307599 0.929446518
1341846101.033901 0.165014312 0.026705934 -0.050108407 0.119280174 0.344807446 0.059424944 0.929165602
1341846101.065947 0.168824106 0.030219354 -0.042720053 0.119184420 0.339401096 0.059226025 0.931178927
1341846101.102829 0.168144971 0.023736857 -0.052429661 0.117546953 0.337940127 0.058025539 0.931993663
1341846101.134613 0.165708676 0.034595165 -0.047310691 0.118766733 0.335873783 0.057856072 0.932596326
1341846101.169743 0.163906693 0.026588038 -0.039080795 0.113678358 0.331025541 0.054194044 0.935180366
1341846101.202171 0.165898949 0.026990762 -0.041315570 0.113319851 0.327788472 0.051599920 0.936509848
1341846101.234098 0.161487818 0.033027180 -0.032912210 0.113937072 0.325509280 0.050212033 0.937305093
1341846101.269940 0.161640063 0.028014470 -0.030793909 0.110621743 0.319391012 0.047663711 0.939936340
1341846101.301837 0.158315986 0.020074299 -0.047395285 0.108381331 0.314682424 0.044494305 0.941938818
1341846101.333884 0.154952824 0.022911757 -0.054574527 0.107741766 0.309807658 0.043010827 0.943695366
1341846101.369943 0.155812591 0.022473685 -0.041977040 0.105854362 0.305553019 0.041102946 0.945379674
1341846101.402755 0.155317158 0.024659324 -0.044818852 0.104803585 0.298588425 0.040692329 0.947736919
1341846101.437821 0.155021295 0.024199273 -0.026721381 0.104892686 0.294885457 0.038879912 0.948961794
1341846101.469768 0.146751195 0.019762084 -0.039202061 0.102116436 0.289542854 0.037213080 0.950974405
1341846101.501812 0.146924704 0.020135779 -0.042300627 0.102767706 0.282355666 0.037987091 0.953032553
1341846101.537892 0.147506133 0.020102680 -0.035388876 0.103213623 0.279632479 0.036126647 0.953859270
1341846101.569873 0.143517107 0.026786085 -0.031633694 0.103211090 0.275670975 0.035363786 0.955040514
1341846101.601955 0.139009252 0.022667803 -0.039046004 0.099273935 0.266272992 0.032670531 0.958215058
1341846101.637841 0.143365130 0.023007683 -0.031291481 0.097733386 0.260821790 0.031862151 0.959898412
1341846101.670644 0.131759539 0.019920383 -0.046289273 0.097653516 0.254741967 0.035830289 0.961398184
1341846101.705786 0.135465845 0.021955555 -0.028781749 0.100350946 0.245809332 0.037601057 0.963376164
1341846101.738127 0.131437421 0.022982799 -0.028927809 0.102407791 0.241500884 0.037763599 0.964242637
1341846101.769786 0.123040870 0.022827003 -0.039766911 0.103197001 0.236144349 0.040695015 0.965365291
1341846101.805816 0.121853895 0.024096541 -0.033408772 0.103695415 0.229685128 0.039557870 0.966916323
1341846101.837808 0.119298860 0.025099449 -0.033453252 0.104087561 0.226314381 0.038510315 0.967710972
1341846101.869834 0.110196128 0.025206001 -0.040443368 0.104182117 0.222521871 0.039587095 0.968536496
1341846101.905918 0.111780435 0.025564764 -0.030913699 0.103414305 0.214110047 0.041804221 0.970419884
1341846101.937872 0.119444504 0.021999519 -0.021584038 0.102686569 0.207401767 0.042342495 0.971929550
1341846101.973942 0.108401984 0.020925982 -0.028238598 0.104105182 0.202742264 0.041527472 0.972796559
1341846102.005947 0.092263058 0.019642383 -0.054593563 0.104080543 0.190999851 0.045517322 0.974994600
1341846102.037846 0.107185990 0.021159235 -0.028235853 0.105565004 0.180275530 0.044472206 0.976923227
1341846102.073879 0.099393129 0.025358802 -0.035798237 0.108179584 0.174542680 0.045868471 0.977613509
1341846102.105961 0.082340203 0.025766917 -0.057251990 0.104019284 0.162331358 0.044191722 0.980242610
1341846102.137878 0.100668125 0.027349161 -0.030719336 0.102014802 0.151728556 0.042187348 0.982238054
1341846102.173907 0.080367602 0.027116682 -0.047362220 0.100270838 0.149234414 0.040888537 0.982854486
1341846102.205896 0.063819356 0.030481286 -0.048831359 0.098461948 0.141728893 0.038560692 0.984241486
1341846102.242018 0.060747989 0.029115435 -0.057455845 0.094645210 0.127847001 0.035054900 0.986645103
1341846102.274144 0.067641504 0.030553017 -0.040262751 0.094092049 0.115541838 0.032444876 0.988303661
1341846102.305875 0.047233649 0.032445621 -0.057947647 0.092478000 0.109623387 0.025562989 0.989331663
1341846102.341821 0.049097415 0.028860884 -0.045661807 0.088116162 0.094267175 0.024348615 0.991340697
1341846102.374024 0.060066730 0.028302908 -0.035534102 0.088658541 0.079579420 0.022859043 0.992614865
1341846102.409984 0.055448838 0.028689004 -0.036654547 0.091334477 0.071951069 0.019438600 0.993027270
1341846102.441952 0.042543650 0.033073530 -0.062781535 0.089884803 0.062068131 0.015438455 0.993896365
1341846102.473881 0.054793321 0.029028617 -0.041211456 0.089388020 0.050018955 0.015450284 0.994620144
1341846102.509959 0.069670618 0.029285995 -0.037785828 0.092931725 0.044950143 0.015190418 0.994541347
1341846102.541996 0.058044087 0.032841787 -0.047879092 0.093653679 0.044544891 0.014014308 0.994509101
1341846102.574361 0.053143241 0.038804352 -0.042556588 0.090283580 0.036891099 0.013313452 0.995143533
1341846102.610654 0.063773818 0.017711041 -0.048435364 0.088432185 0.030980259 0.020446490 0.995390356
1341846102.642222 0.051480338 0.022813393 -0.053716023 0.093412533 0.028185016 0.023974132 0.994939685
1341846102.677806 0.026870564 0.033048693 -0.064059019 0.094144888 0.022350196 0.021587059 0.995073497
1341846102.709968 0.048000246 0.033825092 -0.055676360 0.092736311 0.004623628 0.024878750 0.995369077
1341846102.741857 0.041110031 0.032045856 -0.053298049 0.092786737 0.000019197 0.027509619 0.995305896
1341846102.777720 0.040909469 0.039278653 -0.061828133 0.092127085 -0.008921525 0.030610831 0.995236635
1341846102.809783 0.056929067 0.030110948 -0.053842690 0.090013541 -0.019744994 0.030755209 0.995269716
1341846102.841828 0.060397256 0.027763434 -0.057975113 0.095624357 -0.028390422 0.034865446 0.994401515
1341846102.877813 0.059880499 0.036424790 -0.057171971 0.096170314 -0.031244025 0.037946522 0.994150460
1341846102.909875 0.054085746 0.032248892 -0.066608168 0.093100935 -0.036042988 0.038070861 0.994275451
1341846102.945843 0.049591392 0.034819514 -0.048753705 0.093622267 -0.044599608 0.035131898 0.993987679
1341846102.977815 0.042116873 0.037797581 -0.066529647 0.094011910 -0.052771516 0.039228797 0.993397236
1341846103.009867 0.026858721 0.038842652 -0.079826467 0.089309037 -0.061099879 0.041143820 0.993276298
1341846103.045829 0.030886116 0.035062507 -0.077108324 0.085397311 -0.074436121 0.039378464 0.992781878
1341846103.077786 0.043338031 0.033030868 -0.063829362 0.086193278 -0.088915132 0.041491423 0.991434991
1341846103.110039 0.039170358 0.031908955 -0.064320818 0.086794063 -0.100570261 0.045369640 0.990098000
1341846103.145830 0.041481510 0.035298288 -0.060138810 0.087585814 -0.112214275 0.046790965 0.988709927
1341846103.177933 0.051656716 0.034464039 -0.055506550 0.087827377 -0.122564621 0.044525646 0.987563550
1341846103.213980 0.043337487 0.031696871 -0.077770650 0.089210108 -0.126533225 0.038478699 0.987193167
1341846103.246103 0.039612908 0.048985224 -0.067827880 0.092720978 -0.142637461 0.035753954 0.984773576
1341846103.277869 0.058144759 0.035952892 -0.056713767 0.088732332 -0.155213520 0.031491045 0.983383775
1341846103.314495 0.034380786 0.030702330 -0.077065594 0.087464184 -0.155860394 0.023638295 0.983615160
1341846103.345951 -0.032550782 0.032778680 -0.135502383 0.085432030 -0.160858274 0.016897330 0.983127892
1341846103.382135 -0.025808612 0.052916773 -0.093836941 0.087217353 -0.183272883 0.017622491 0.979026914
1341846103.413791 0.047377579 0.034037400 -0.064301930 0.082363993 -0.206455767 0.012467665 0.974903464
1341846103.445861 -0.017142143 0.033146679 -0.128758430 0.082157768 -0.204270214 0.009304070 0.975416422
1341846103.482382 -0.015520070 0.046533991 -0.119303100 0.080095105 -0.227939248 0.010091411 0.970322967
1341846103.513968 0.041718315 0.036552783 -0.063018411 0.075134791 -0.259382874 0.012217436 0.962769985
1341846103.545990 0.042795811 0.020947043 -0.074908100 0.074321419 -0.266038686 0.013162117 0.961002827
1341846103.582021 -0.010246117 0.024989270 -0.121091016 0.075788222 -0.265045196 0.014216026 0.961147785
1341846103.614121 0.028387427 0.038358819 -0.105604753 0.075934343 -0.291091919 0.015536593 0.953550279
1341846103.650229 0.039320175 0.023630358 -0.070740707 0.076476097 -0.309514940 0.022931553 0.947536886
1341846103.714025 0.006477341 0.044455145 -0.096114039 0.076103143 -0.326083422 0.028111540 0.941853285
1341846103.749741 0.028714284 0.037320156 -0.078103602 0.071484171 -0.346597642 0.030939735 0.934774160
1341846103.813998 0.019041914 0.035078328 -0.088686682 0.072305359 -0.364271402 0.037245691 0.927734375
1341846103.849900 0.008985970 0.042550366 -0.098339185 0.069228053 -0.376382768 0.036672752 0.923146009
1341846103.883046 0.023662357 0.033473954 -0.077955790 0.064793073 -0.394494176 0.035417061 0.915926754
1341846103.917830 0.040476047 0.030221477 -0.069410615 0.062799700 -0.405328006 0.036707986 0.911272705
1341846103.949988 0.010803953 0.036175892 -0.088784531 0.062315326 -0.410183787 0.035832938 0.909165621
1341846103.981996 0.027131366 0.035724394 -0.077356130 0.058924589 -0.426612884 0.029385908 0.902034223
1341846104.017780 0.038435657 0.028793700 -0.074410692 0.056645457 -0.435594529 0.029243376 0.897882819
1341846104.049832 0.027833149 0.024755364 -0.092022926 0.056774717 -0.441538036 0.030389158 0.894928694
1341846104.082120 0.020914055 0.030601533 -0.077844068 0.057206564 -0.453399509 0.020039344 0.889243901
1341846104.117792 0.044045210 0.023620788 -0.080438897 0.052789185 -0.465142488 0.019791516 0.883438766
1341846104.150184 0.036892872 0.031347562 -0.086631261 0.053608596 -0.471089721 0.017115267 0.880288422
1341846104.185757 0.036626950 0.039725062 -0.090910606 0.052185223 -0.475812703 0.011935300 0.877915978
1341846104.217842 0.035064571 0.032433491 -0.078703910 0.045931485 -0.483975172 0.013440239 0.873772085
1341846104.250204 0.048572972 0.021132804 -0.060369000 0.043875236 -0.492182851 0.014104661 0.869271040
1341846104.286035 0.037590899 0.028949615 -0.105526015 0.045642994 -0.492624193 0.011852683 0.868963540
1341846104.317813 0.041962121 0.035212908 -0.103431240 0.042730350 -0.501444936 0.009472967 0.864081860
1341846105.158015 0.056696184 0.004467052 -0.099013038 0.065437160 -0.322868258 0.014365234 0.944069743
1341846105.189943 0.064742386 0.010229430 -0.145493895 0.066338159 -0.305469453 0.009804580 0.949837625
1341846105.222089 0.070451990 0.015026360 -0.094312653 0.069512978 -0.292903572 0.023221387 0.953329027
1341846105.258397 0.061281741 0.023423448 -0.062315527 0.074263535 -0.283744961 0.032880146 0.955454171
1341846105.289917 0.064491689 0.030277148 -0.074342102 0.074638501 -0.275237560 0.039020795 0.957679868
1341846105.321831 0.073155217 0.030918574 -0.072438933 0.072194122 -0.270735413 0.043446790 0.958959162
1341846105.357830 0.079526588 0.021696100 -0.071090639 0.071334697 -0.263320118 0.045005035 0.961014271
1341846105.389824 0.083635695 0.020061694 -0.072069339 0.072575375 -0.255647779 0.047506317 0.962870777
1341846105.425915 0.092034377 0.024300145 -0.062297247 0.073057167 -0.245261759 0.046025563 0.965603948
1341846105.457863 0.084999144 0.017418817 -0.053227447 0.074483618 -0.234309509 0.046879809 0.968170226
1341846105.489902 0.094470143 0.016834898 -0.073364809 0.075057834 -0.222640425 0.045408301 0.970945716
1341846105.525969 0.103312932 0.005461261 -0.086351439 0.075365834 -0.207767412 0.043887336 0.974282622
1341846105.557770 0.103026032 0.024961719 -0.061260879 0.080577545 -0.198380798 0.047615018 0.975646019
1341846105.594012 0.111978441 0.020866314 -0.081064254 0.078927286 -0.187028408 0.046895258 0.978055060
1341846105.626122 0.105149388 0.017285706 -0.070104241 0.081434667 -0.173058465 0.049610961 0.980284631
1341846105.657815 0.107274875 0.020443868 -0.077961423 0.083989784 -0.162062109 0.049696259 0.981942892
1341846105.693879 0.124089807 0.019208759 -0.075843036 0.084264740 -0.151307151 0.051734608 0.983528912
1341846105.726045 0.118203327 0.018506333 -0.064251550 0.087387711 -0.140453562 0.053210225 0.984786689
1341846105.758468 0.116802678 0.024378121 -0.073872410 0.089822091 -0.131000131 0.053325709 0.985863745
1341846105.793970 0.139793277 0.016283978 -0.092101738 0.088161625 -0.121117517 0.047525380 0.987572491
1341846105.825903 0.123807527 0.016865870 -0.084437869 0.089719668 -0.105660349 0.050622087 0.989051878
1341846105.861764 0.125264317 0.020895422 -0.069756076 0.093314826 -0.097643279 0.052105498 0.989466071
1341846105.893922 0.131033421 0.012797187 -0.095305279 0.092686668 -0.081835210 0.051688220 0.990979552
1341846105.925960 0.134996727 0.011490114 -0.087759078 0.096181415 -0.068373293 0.053687241 0.991560340
1341846105.963745 0.128065974 0.036042646 -0.060211144 0.101837642 -0.058615282 0.057844389 0.991386592
1341846106.025952 0.126332775 0.027039738 -0.056713309 0.094685003 -0.039051782 0.041044440 0.993893862
1341846106.061758 0.108759828 0.030589417 -0.059207108 0.094640978 -0.033220958 0.039624676 0.994167686
1341846106.093961 0.120488830 0.032891136 -0.068863459 0.094721086 -0.033335347 0.035160966 0.994324028
1341846106.130133 0.127126515 0.025999203 -0.072594188 0.093905158 -0.026870556 0.028887670 0.994799137
1341846106.161819 0.119110309 0.029567368 -0.057625487 0.095379382 -0.019229166 0.027692780 0.994869888
1341846106.193968 0.115328863 0.031536210 -0.054029372 0.094806112 -0.016243059 0.029494394 0.994926155
1341846106.229889 0.139207378 0.031915125 -0.066813983 0.094491608 -0.015759576 0.030354094 0.994937956
1341846106.261942 0.143809721 0.036967430 -0.062624231 0.093467385 -0.008218105 0.031072933 0.995103419
1341846106.293939 0.126441881 0.034391008 -0.053270545 0.091423303 -0.001906276 0.030849330 0.995332301
1341846106.329961 0.119588532 0.043263912 -0.057464067 0.090858445 -0.000710236 0.024035059 0.995573461
1341846106.361877 0.124261677 0.044651028 -0.058063839 0.086923368 -0.002076166 0.013515787 0.996121168
1341846106.398046 0.118341729 0.037663355 -0.055585619 0.080474675 -0.002477600 0.000324037 0.996753514
1341846106.429938 0.109339677 0.035883125 -0.056401685 0.076073945 -0.004271417 -0.011800133 0.997023165
1341846106.461886 0.102072366 0.036847375 -0.061879188 0.070980787 -0.008762851 -0.024969384 0.997126579
1341846106.497910 0.128002375 0.035237052 -0.061192565 0.066800363 -0.012420917 -0.033868834 0.997114003
1341846106.529979 0.120000549 0.032926314 -0.059071530 0.068151891 -0.008972460 -0.042776257 0.996717095
1341846106.561925 0.126893878 0.035235859 -0.060590401 0.068904027 -0.011760985 -0.054681245 0.996054113
1341846106.597815 0.128605738 0.022261256 -0.071319662 0.063265987 -0.010291522 -0.075215161 0.995105088
1341846106.632234 0.133963272 0.035386898 -0.063874364 0.063394018 -0.007871374 -0.095350087 0.993391931
1341846106.665869 0.129069567 0.037580673 -0.067101464 0.063146517 -0.005995125 -0.108307980 0.992091715
1341846106.697883 0.144023180 0.033778079 -0.068137415 0.061839763 -0.008543754 -0.122163303 0.990544796
1341846106.729896 0.141582355 0.028065212 -0.072492287 0.060010359 -0.004699690 -0.139052734 0.988453805
1341846106.766032 0.130874842 0.027660288 -0.069751367 0.059465345 -0.001193311 -0.151744559 0.986628592
1341846106.797963 0.131435648 0.044460151 -0.066473745 0.060506642 -0.003465255 -0.162772298 0.984800518
1341846106.834113 0.132334173 0.034085855 -0.072963357 0.054907911 -0.006667534 -0.180126205 0.982087135
1341846106.865869 0.128682315 0.030451817 -0.073651925 0.052334089 -0.003851007 -0.190691069 0.980246484
1341846106.897921 0.123112828 0.030869056 -0.068336979 0.052700859 -0.003849292 -0.197924584 0.978791893
1341846106.933929 0.130418792 0.028385680 -0.078896336 0.052743480 -0.005382101 -0.206389323 0.977032542
1341846106.967484 0.138845727 0.031485189 -0.077453941 0.051971380 -0.006077652 -0.217082664 0.974749744
1341846106.999098 0.126002252 0.034708321 -0.071264409 0.049939413 -0.003148183 -0.228907794 0.972161174
1341846107.033909 0.123710714 0.033789493 -0.068375401 0.049485639 -0.006589068 -0.242612556 0.968837917
1341846107.065762 0.141329661 0.036623280 -0.070655629 0.049339153 -0.009642512 -0.258162886 0.964792490
1341846107.101921 0.127647191 0.044546336 -0.065263435 0.046400335 -0.006934841 -0.268391579 0.962166727
1341846107.133974 0.129794732 0.046491995 -0.063537747 0.042878922 -0.012133949 -0.281050175 0.958657920
1341846107.166082 0.137653306 0.032586195 -0.072847649 0.038944088 -0.015238946 -0.295668393 0.954374850
1341846107.202100 0.124251805 0.046464626 -0.069067404 0.037393570 -0.012520377 -0.308040470 0.950555623
1341846107.233799 0.117583074 0.045871302 -0.059978865 0.034078650 -0.015193576 -0.318858504 0.947067559
1341846107.265874 0.107130371 0.041338235 -0.067891397 0.030409398 -0.017363464 -0.331838518 0.942686021
1341846107.301965 0.116398290 0.048344601 -0.067800425 0.031136362 -0.021891640 -0.340416700 0.939503968
1341846107.334002 0.114118353 0.055592351 -0.065350384 0.029751372 -0.025603080 -0.350447685 0.935759425
1341846107.369797 0.112968586 0.053576291 -0.062162645 0.027500052 -0.027557064 -0.365592480 0.929960489
1341846107.401899 0.107982665 0.054804452 -0.067590848 0.027390884 -0.025957240 -0.379046649 0.924607813
1341846107.434304 0.108132690 0.062989809 -0.069261983 0.025080247 -0.026789730 -0.389720827 0.920201600
1341846107.469787 0.101623073 0.054652207 -0.069360673 0.019086180 -0.028142523 -0.396564722 0.917376757
1341846107.502174 0.105209470 0.048388723 -0.073077932 0.015777241 -0.028550912 -0.403063476 0.914590478
1341846107.533946 0.111006156 0.064175390 -0.065028228 0.016926335 -0.027441911 -0.410354465 0.911355913
1341846107.601911 0.099438630 0.063755579 -0.063865528 0.009420550 -0.032632854 -0.426508129 0.903845727
1341846107.637876 0.104308501 0.062522791 -0.065621249 0.009351911 -0.032800782 -0.436672211 0.898973823
1341846107.669757 0.109634697 0.062394507 -0.066539787 0.006691178 -0.034021981 -0.448141694 0.893289804
1341846107.701892 0.096506462 0.070318155 -0.065185376 0.003432599 -0.031691968 -0.457373142 0.888703346
1341846107.737797 0.108375944 0.075072780 -0.061843131 0.002768551 -0.035895463 -0.459847808 0.887267590
1341846107.769837 0.109031215 0.074719131 -0.065398723 -0.000563298 -0.035806514 -0.468936622 0.882505536
1341846107.805959 0.101790778 0.083762556 -0.065610386 -0.001416887 -0.033106629 -0.477226377 0.878155351
1341846107.837955 0.112452894 0.075632080 -0.076174296 -0.006308499 -0.034951255 -0.487648189 0.872317493
1341846107.870011 0.113887765 0.075926580 -0.082333423 -0.012138971 -0.030361535 -0.501787245 0.864372790
1341846107.905926 0.091370210 0.084719799 -0.065960042 -0.014877043 -0.020857995 -0.516915441 0.855652988
1341846107.938092 0.106240831 0.075434983 -0.084440552 -0.017186547 -0.017989866 -0.531395912 0.846758127
1341846107.969943 0.094567224 0.094074264 -0.069524176 -0.024387170 -0.006396080 -0.543995082 0.838709533
1341846108.006614 0.102276586 0.089099124 -0.075040020 -0.031312671 -0.006343095 -0.551787674 0.833372474
1341846108.073927 0.098633967 0.095140994 -0.066447139 -0.047300965 0.004924426 -0.572144151 0.818773091
1341846108.106110 0.102474362 0.094641782 -0.066242084 -0.048653875 0.005986723 -0.577630103 0.814825356
1341846108.137977 0.110752881 0.100505158 -0.064598046 -0.049023781 0.006856241 -0.578683734 0.814048350
1341846108.173901 0.106492743 0.092609987 -0.071670033 -0.052153207 0.006088607 -0.581674933 0.811724782
1341846108.205882 0.105752133 0.093815908 -0.073633984 -0.052947752 0.011004821 -0.587073922 0.807724953
1341846108.237836 0.123113945 0.101575337 -0.073084503 -0.052722778 0.012579311 -0.591443539 0.804522574
1341846108.273872 0.116265215 0.095898852 -0.077671051 -0.059147432 0.014514312 -0.597459137 0.799583316
1341846108.305866 0.107615881 0.099186942 -0.074572042 -0.065838553 0.023716563 -0.608129501 0.790747285
1341846108.341858 0.109872147 0.107461229 -0.065088034 -0.067032218 0.027601507 -0.613257289 0.786549628
1341846108.373928 0.118626393 0.106112555 -0.071917184 -0.069802441 0.027974308 -0.614742100 0.785135150
1341846108.406059 0.107330874 0.105880372 -0.069306523 -0.076267660 0.034040239 -0.617899895 0.781808317
1341846108.441881 0.100956790 0.107021518 -0.062207244 -0.078246139 0.036260404 -0.620230138 0.779664814
1341846108.473918 0.103595205 0.098596945 -0.065956213 -0.076850206 0.036415104 -0.617338240 0.782087862
1341846108.506142 0.111729302 0.102120154 -0.066041797 -0.073258400 0.038122535 -0.615107834 0.784105957
1341846108.541923 0.108557381 0.098027483 -0.069235422 -0.075336225 0.040533312 -0.616017938 0.783073068
1341846108.573967 0.112162530 0.083701521 -0.079684943 -0.076485030 0.043964498 -0.621533453 0.778404355
1341846108.609979 0.107581474 0.104798660 -0.062612586 -0.071377121 0.058058564 -0.622870386 0.776895702
1341846108.641701 0.104899697 0.108774811 -0.056500807 -0.068377636 0.059039265 -0.615361094 0.783051491
1341846108.673868 0.112674698 0.089450210 -0.076200694 -0.068972453 0.056533802 -0.611770988 0.785991728
1341846108.710024 0.102681614 0.094622754 -0.066790581 -0.063277349 0.069471173 -0.610206246 0.786649942
1341846108.742835 0.110578753 0.094322249 -0.067168847 -0.058354497 0.072351418 -0.607197165 0.789095402
1341846108.773793 0.107242502 0.088463001 -0.069309689 -0.056953188 0.078446016 -0.606489539 0.789159715
1341846108.810032 0.110440113 0.087222040 -0.068649389 -0.050721895 0.084597960 -0.607995868 0.787788987
1341846108.841885 0.116663203 0.092132337 -0.062558368 -0.046583377 0.087415934 -0.605790734 0.789433956
1341846108.877944 0.112545587 0.088541411 -0.057437297 -0.046052426 0.088218667 -0.603711009 0.790967524
1341846108.909950 0.117038116 0.083782189 -0.062967196 -0.040899709 0.089446932 -0.602192581 0.792269289
1341846108.941882 0.127663285 0.094249010 -0.058252167 -0.035940811 0.091291785 -0.595817804 0.797104299
1341846108.977902 0.127927199 0.087609515 -0.061323140 -0.038708642 0.089025833 -0.593275964 0.799124300
1341846109.009916 0.122254491 0.079556338 -0.065681890 -0.037758205 0.091962546 -0.593456507 0.798703074
1341846109.045986 0.129505426 0.086166985 -0.066275269 -0.033261877 0.094612323 -0.588075876 0.802563965
1341846109.077854 0.130536541 0.086331032 -0.069135107 -0.033619609 0.095049068 -0.586136162 0.803915262
1341846109.109839 0.126925319 0.082662158 -0.061792430 -0.033520851 0.097386964 -0.586985767 0.803019226
1341846109.145865 0.126926497 0.080869652 -0.053189136 -0.028180681 0.098419622 -0.582208455 0.806568503
1341846109.178396 0.132672474 0.082919434 -0.050510410 -0.022105779 0.096030891 -0.575215518 0.812044621
1341846109.209809 0.126580849 0.076515660 -0.051678840 -0.018989097 0.094016135 -0.571800113 0.814766824
1341846109.245810 0.122927457 0.074645042 -0.052604549 -0.008704951 0.091991261 -0.566978931 0.818533301
1341846109.277797 0.125472546 0.077507414 -0.037445039 0.003742696 0.085288465 -0.552319705 0.829249561
1341846109.313909 0.114992097 0.069758750 -0.047913399 0.012771551 0.078058086 -0.542387486 0.836396813
1341846109.345968 0.120871283 0.070345990 -0.046758786 0.022874238 0.074087121 -0.532072604 0.843140900
1341846109.377812 0.115879305 0.072024524 -0.045336243 0.028709177 0.069885470 -0.520103574 0.850755036
1341846109.413820 0.119670086 0.067511156 -0.044419523 0.034923516 0.061410289 -0.505397260 0.859989941
1341846109.445954 0.124286510 0.068882845 -0.057696622 0.039128184 0.058220267 -0.494701743 0.866227210
1341846109.490348 0.124411389 0.068710096 -0.059231717 0.038447514 0.059186403 -0.486251980 0.870963693
1341846109.545959 0.118006378 0.065702699 -0.052600682 0.041694105 0.054426689 -0.467977136 0.881077051
1341846109.581855 0.118038610 0.060952671 -0.050079372 0.044808112 0.051796313 -0.454497814 0.888110995
1341846109.613999 0.119911678 0.057215679 -0.052844577 0.050643224 0.043050673 -0.434730530 0.898104250
1341846109.645963 0.118093356 0.059299231 -0.049861066 0.057466410 0.032695256 -0.412873000 0.908385634
1341846109.681808 0.117526568 0.052557465 -0.053778246 0.062853783 0.025521914 -0.393325418 0.916893184
1341846109.713847 0.119926646 0.056106064 -0.056151412 0.066879965 0.021169724 -0.377649218 0.923287570
1341846109.745831 0.113572106 0.054801743 -0.060713045 0.067680717 0.019709162 -0.365631133 0.928086579
1341846109.781814 0.115564689 0.051870417 -0.065112397 0.068542451 0.017350942 -0.353192210 0.932875156
1341846109.813956 0.115400106 0.047436513 -0.063953072 0.069143660 0.017438967 -0.343289316 0.936518788
1341846109.850256 0.115209401 0.048650011 -0.058849718 0.071406879 0.015269303 -0.333443105 0.939938068
1341846109.913863 0.110647693 0.040359214 -0.068482131 0.075636059 0.009981119 -0.320770204 0.944079459
1341846109.949976 0.107511207 0.042669974 -0.074298516 0.075919040 0.010041865 -0.320301086 0.944215357
1341846109.981998 0.101972185 0.036720540 -0.073087215 0.075777501 0.010135301 -0.321391851 0.943855047
1341846110.017884 0.110320985 0.037454139 -0.067985795 0.079231322 0.007069054 -0.316988319 0.945087731
1341846110.049982 0.105590343 0.034123328 -0.068215400 0.081632063 0.007154141 -0.313878685 0.945920289
1341846110.117943 0.115858778 0.035661347 -0.069322966 0.089072801 0.002065047 -0.298599124 0.950210690
1341846110.150254 0.105026357 0.037981849 -0.068893179 0.090125173 0.002728495 -0.293762803 0.951616228
1341846110.181980 0.110699482 0.036059834 -0.066097051 0.092092574 0.000892515 -0.283046275 0.954674244
1341846110.217907 0.108191259 0.038791623 -0.067389250 0.092208289 -0.000494231 -0.275553137 0.956853092
1341846110.249883 0.114871033 0.037622087 -0.064174198 0.091848902 -0.004464478 -0.266610771 0.959407389
1341846110.286020 0.107314743 0.029372204 -0.068658359 0.092833109 -0.005909205 -0.254678458 0.962541401
1341846110.356025 0.117556199 0.043140013 -0.074203923 0.095287077 -0.009739595 -0.233431086 0.967644274
1341846110.417989 0.114368863 0.036346219 -0.074865863 0.094203874 -0.010691720 -0.223449454 0.970093608
1341846110.449878 0.116646640 0.037569322 -0.071826905 0.095497556 -0.013187637 -0.216866553 0.971429467
1341846110.485899 0.116294801 0.037849165 -0.078803323 0.095861688 -0.014727612 -0.214036539 0.971998990
1341846110.517949 0.116286993 0.038420931 -0.081039906 0.095820226 -0.014794262 -0.213165030 0.972193539
1341846110.554149 0.114633635 0.038185902 -0.075836018 0.095363773 -0.016471194 -0.209168956 0.973079026
1341846110.585896 0.117316797 0.036279514 -0.079939835 0.095324457 -0.020451134 -0.206006482 0.973681867
1341846110.617933 0.117174037 0.038128365 -0.087084308 0.093849860 -0.021633554 -0.201270893 0.974789321
1341846110.653885 0.109215394 0.039937273 -0.082187623 0.092835732 -0.021869814 -0.193804458 0.976392925
1341846110.686533 0.112468749 0.034709081 -0.081548549 0.093356021 -0.026294442 -0.183662519 0.978192925
1341846110.717831 0.125369683 0.040162321 -0.086513139 0.094525218 -0.027672894 -0.173347548 0.979923368
1341846110.753826 0.118017539 0.038655736 -0.082941182 0.092773929 -0.024203133 -0.161742479 0.982164204
1341846110.785789 0.120843880 0.033624552 -0.080298573 0.093323521 -0.024731576 -0.148762852 0.984148681
1341846110.821828 0.123241343 0.039192468 -0.080149002 0.094728075 -0.025384838 -0.136244148 0.985809147
1341846110.853855 0.125604749 0.036196709 -0.082033619 0.093888991 -0.024831893 -0.125468314 0.987332761
1341846110.885864 0.125845060 0.031752244 -0.077463284 0.094681218 -0.023788366 -0.116501383 0.988381028
1341846110.921999 0.122317120 0.034363531 -0.080368087 0.095816121 -0.023846613 -0.108151585 0.989218771
1341846110.953861 0.129874796 0.034057401 -0.079728700 0.095570728 -0.024646614 -0.102721214 0.989801586
1341846110.985986 0.127431422 0.031537108 -0.081191152 0.095629975 -0.021726120 -0.099185392 0.990224779
1341846111.021940 0.123795226 0.035857506 -0.083788358 0.094385207 -0.020674599 -0.096290477 0.990652382
1341846111.053945 0.123190038 0.032013979 -0.082009770 0.090419613 -0.021880025 -0.093981422 0.991217971
1341846111.089856 0.121989690 0.031365801 -0.079627089 0.089333788 -0.023317320 -0.089026436 0.991740942
1341846111.121811 0.118389808 0.031058874 -0.077176385 0.087816469 -0.025668139 -0.081959754 0.992427349
1341846111.153919 0.115703247 0.025003545 -0.079112843 0.087354101 -0.028763076 -0.074601859 0.992963493
1341846111.189911 0.119423851 0.030702345 -0.083098188 0.088486813 -0.031798217 -0.067597486 0.993272126
1341846111.221870 0.120358437 0.033940874 -0.086428002 0.085412301 -0.033365071 -0.060618769 0.993940055
1341846111.258571 0.120007128 0.032352600 -0.085377067 0.082378261 -0.034233954 -0.057590380 0.994346619
1341846111.289825 0.120131768 0.027084563 -0.084811307 0.079521693 -0.034935419 -0.055132151 0.994694054
1341846111.321895 0.120306648 0.021956906 -0.084916696 0.079668194 -0.035443481 -0.051533900 0.994857311
1341846111.357890 0.115278840 0.028547961 -0.083743587 0.081091352 -0.035711057 -0.044970784 0.995051026
1341846111.390567 0.119879529 0.023065539 -0.084931642 0.078856975 -0.038677786 -0.040967226 0.995292544
1341846111.421924 0.125171155 0.024322398 -0.082909152 0.080524117 -0.038994830 -0.037557580 0.995281219
1341846111.457975 0.120069236 0.026255360 -0.084587783 0.080028512 -0.038019072 -0.030756835 0.995592296
1341846111.490354 0.118450485 0.025643460 -0.082091436 0.079335392 -0.040672783 -0.021585166 0.995783985
1341846111.525824 0.126144871 0.022873852 -0.083577074 0.080600850 -0.043497846 -0.011555038 0.995729864
1341846111.557829 0.119595617 0.033230789 -0.081866615 0.082250781 -0.042530186 -0.001993231 0.995701790
1341846111.589761 0.121016212 0.030091977 -0.085952759 0.079292029 -0.044951484 0.008711752 0.995799303
1341846111.625966 0.127582073 0.029615132 -0.085330084 0.078104228 -0.046696573 0.020971632 0.995630145
1341846111.658029 0.133412391 0.028790409 -0.079367660 0.078163683 -0.046327941 0.034514818 0.995265245
1341846111.689871 0.124747254 0.030615833 -0.084488682 0.077852502 -0.044554986 0.044500548 0.994974136
1341846111.725851 0.130118594 0.030017486 -0.082961313 0.076121219 -0.045802109 0.057610661 0.994378567
1341846111.757957 0.133149505 0.027044941 -0.080306612 0.075691655 -0.044910043 0.070416123 0.993627429
1341846111.793921 0.132792756 0.025179490 -0.081313923 0.075456657 -0.044311382 0.081974529 0.992785454
1341846111.825999 0.132176340 0.026144536 -0.082705334 0.075310290 -0.046450406 0.093670100 0.991663575
1341846111.857852 0.140585840 0.020509647 -0.077896990 0.075388335 -0.048608348 0.102790020 0.990650296
1341846111.893939 0.134257764 0.018250961 -0.083165742 0.076739639 -0.046962358 0.108388983 0.990028977
1341846111.925817 0.126349583 0.015554835 -0.085379839 0.075481497 -0.049099457 0.115847863 0.989176989
1341846111.957857 0.137670204 0.008559495 -0.083539441 0.076454543 -0.055234216 0.123201668 0.987889290
1341846111.993917 0.135634840 0.014110288 -0.082047991 0.079334311 -0.056119915 0.129279956 0.986835003
1341846112.025975 0.136369318 0.011097059 -0.083172113 0.079006009 -0.057839189 0.137958601 0.985586166
1341846112.061964 0.141514957 0.005958151 -0.082807109 0.079719670 -0.059745289 0.149552643 0.983722150
1341846112.094004 0.141417861 0.006962186 -0.084066600 0.081147991 -0.060400479 0.161523476 0.981670499
1341846112.125857 0.140759528 0.004791856 -0.084274955 0.083163239 -0.061300863 0.175381362 0.979064584
1341846112.161882 0.147035241 -0.000475070 -0.089921333 0.085528448 -0.064140491 0.189673170 0.976009727
1341846112.193903 0.147884890 -0.004361495 -0.092723221 0.089381918 -0.066183791 0.203903332 0.972653091
1341846112.230507 0.151954859 -0.006036451 -0.089844719 0.092619702 -0.068738475 0.213612199 0.970085800
1341846112.261848 0.149201900 -0.002723748 -0.090259805 0.094957329 -0.067432478 0.219693199 0.968592167
1341846112.293912 0.148968875 -0.010006877 -0.092962131 0.094942346 -0.067255728 0.230702877 0.966042876
1341846112.329892 0.160624027 -0.014720989 -0.089466706 0.100134157 -0.070218623 0.243416324 0.962180316
1341846112.361751 0.157601550 -0.009954920 -0.087390952 0.105678998 -0.069752835 0.252160549 0.959365189
1341846112.393853 0.155272573 -0.011194054 -0.084991805 0.107235007 -0.068137065 0.257105857 0.957995057
1341846112.429940 0.159805194 -0.016156724 -0.086004853 0.108304031 -0.067717195 0.263399869 0.956193030
1341846112.461839 0.158134103 -0.020728277 -0.090874106 0.110304460 -0.067696884 0.270579249 0.953958571
1341846112.498139 0.156669065 -0.016009424 -0.085978374 0.112948626 -0.067956910 0.275694430 0.952164412
1341846112.530069 0.151470631 -0.016533518 -0.093323059 0.112666152 -0.067667052 0.279030263 0.951246321
1341846112.562160 0.150473088 -0.017263666 -0.091970257 0.111177772 -0.070246048 0.286137849 0.949120700
1341846112.597968 0.154175192 -0.025471441 -0.096932240 0.110439919 -0.073124737 0.296497613 0.945803881
1341846112.630702 0.149276957 -0.023496902 -0.099017456 0.111083962 -0.074289456 0.303777397 0.943324268
1341846112.661861 0.145072475 -0.017495625 -0.098947756 0.109411582 -0.074395977 0.310526431 0.941311657
1341846112.698170 0.150453880 -0.022474362 -0.094703652 0.105358861 -0.074926935 0.320062995 0.938533545
1341846112.729995 0.154038414 -0.024716206 -0.093182266 0.104648687 -0.075810395 0.331374764 0.934608042
1341846112.765875 0.161861286 -0.005224546 -0.083712101 0.107689999 -0.075727925 0.340998828 0.930799603
1341846112.798043 0.177156955 -0.004382676 -0.071047291 0.107721150 -0.071072556 0.353422046 0.926519156
1341846112.829969 0.164284870 -0.017612437 -0.084238738 0.107399240 -0.062218308 0.363307446 0.923364520
1341846112.865900 0.156012684 -0.019655101 -0.095450059 0.105828069 -0.059595618 0.371790022 0.920337439
1341846112.897929 0.161396638 -0.016941207 -0.088709272 0.104649305 -0.059729297 0.380454600 0.916916192
1341846112.935783 0.166287601 -0.019967804 -0.086965129 0.104937024 -0.057217065 0.388477713 0.913673639
1341846112.998277 0.164530128 -0.023540951 -0.091686964 0.103076398 -0.057272907 0.405205101 0.906589150
1341846113.033814 0.164748594 -0.019477481 -0.087901585 0.104385465 -0.055304371 0.410957038 0.903968692
1341846113.072059 0.165571734 -0.016398549 -0.089408793 0.104301289 -0.051393785 0.419218481 0.900408685
1341846113.139948 0.179253176 -0.014866650 -0.085318156 0.104160175 -0.050468188 0.438635111 0.891180575
1341846113.198174 0.171315700 -0.015302900 -0.094038434 0.104279377 -0.041055489 0.458021671 0.881848276
1341846113.233852 0.174353644 -0.015001981 -0.089083411 0.104144260 -0.040197894 0.467356265 0.876992702
1341846113.265850 0.184524894 -0.004675236 -0.076348454 0.105649561 -0.039086327 0.475269198 0.872599304
1341846113.301938 0.181173697 -0.009654250 -0.086582452 0.106041603 -0.033522252 0.486565769 0.866536319
1341846113.333866 0.175522864 -0.013954015 -0.092131220 0.105589449 -0.030081283 0.496890843 0.860839963
1341846113.366028 0.176274881 -0.010521095 -0.091475815 0.105292022 -0.029414123 0.507974684 0.854406297
1341846113.401917 0.171467394 -0.011178868 -0.098604895 0.106825441 -0.026348980 0.517638445 0.848495424
1341846113.433895 0.170629591 -0.014036555 -0.105950236 0.106154755 -0.024690976 0.527956665 0.842248976
1341846113.469984 0.174050272 -0.017437635 -0.102953792 0.104870468 -0.025776086 0.537243009 0.836485386
1341846113.501829 0.173298866 -0.016230851 -0.099938691 0.106903516 -0.023871275 0.544203937 0.831771553
1341846113.533888 0.179008633 -0.021181962 -0.108108245 0.104973122 -0.024679936 0.552586913 0.826449752
1341846113.569800 0.189777106 -0.018864486 -0.103030182 0.104166262 -0.028489508 0.562440634 0.819755018
1341846113.601892 0.185426369 -0.018319137 -0.100593865 0.105593897 -0.028493175 0.566343427 0.816880167
1341846113.634488 0.180318087 -0.019986758 -0.107567348 0.104540877 -0.026222469 0.572564065 0.812744677
1341846113.669776 0.185498506 -0.019426960 -0.105192497 0.102328077 -0.027139302 0.583518624 0.805169821
1341846113.701823 0.195307776 -0.019245181 -0.095445581 0.103274003 -0.028643157 0.595716178 0.796012759
1341846113.737952 0.192711711 -0.023042655 -0.106554858 0.103652649 -0.028063582 0.602190495 0.791097403
1341846113.769790 0.185605422 -0.023340441 -0.114335433 0.100632012 -0.029383110 0.608575404 0.786540389
1341846113.801808 0.192286670 -0.020821095 -0.100837357 0.099390410 -0.031262636 0.614970326 0.781636596
1341846113.837973 0.195625633 -0.022263125 -0.103438199 0.097976409 -0.030588565 0.619765639 0.778045952
1341846113.869842 0.201112315 -0.019662391 -0.104761153 0.096887723 -0.032653112 0.627742052 0.771677673
1341846113.901753 0.197276607 -0.022418262 -0.103882283 0.097558551 -0.031772964 0.634550810 0.766040504
1341846113.937955 0.187872306 -0.022710947 -0.110657796 0.098279111 -0.027980676 0.640781760 0.760892272
1341846113.969840 0.192756534 -0.023027608 -0.116096407 0.093973488 -0.029163431 0.649087310 0.754323661
1341846114.005912 0.192229837 -0.019330855 -0.105714850 0.093115583 -0.029910726 0.654858291 0.749396682
1341846114.043864 0.179151386 -0.019834230 -0.115469754 0.093088284 -0.024966987 0.662062585 0.743225634
1341846114.106082 0.202806890 -0.013530061 -0.109336115 0.089900292 -0.030862357 0.677957892 0.728929758
1341846114.137798 0.193388164 -0.015879646 -0.104669884 0.090391681 -0.029476155 0.680130899 0.726899207
1341846114.170101 0.186071977 -0.013981139 -0.111558154 0.090217777 -0.026770951 0.682791710 0.724527121
1341846114.205882 0.196469471 -0.016756762 -0.113539644 0.086964130 -0.029049953 0.685718715 0.722068667
1341846114.237814 0.201326445 -0.013625078 -0.105201587 0.086437352 -0.031960689 0.686772645 0.721006572
1341846114.273904 0.196368888 -0.015255930 -0.110314891 0.087778620 -0.031967610 0.688410461 0.719280243
1341846114.305813 0.196035221 -0.015029663 -0.111549117 0.087470397 -0.033886533 0.692387879 0.715401769
1341846114.337919 0.192719802 -0.010388209 -0.104002818 0.088872008 -0.034725755 0.693216503 0.714385569
1341846114.374059 0.194925427 -0.013362000 -0.106755242 0.088283405 -0.034627821 0.695338428 0.712398350
1341846114.406296 0.200073317 -0.015307203 -0.111301288 0.086959533 -0.037122864 0.700261950 0.707596719
1341846114.441861 0.200968757 -0.014028561 -0.103877485 0.087874547 -0.039973963 0.701060474 0.706536829
1341846114.473886 0.196708128 -0.016424231 -0.107572541 0.087929480 -0.040090334 0.701401234 0.706185102
1341846114.506009 0.198048815 -0.015464656 -0.112274840 0.086844295 -0.041903473 0.705665708 0.701953053
1341846114.541924 0.197438747 -0.014533411 -0.098472774 0.088223882 -0.044480279 0.706788123 0.700491667
1341846114.573824 0.185794026 -0.017036391 -0.105333835 0.089405261 -0.042257130 0.702209711 0.705069184
1341846114.605897 0.183356553 -0.015085258 -0.115323327 0.086311236 -0.041949898 0.699917316 0.707747400
1341846114.641888 0.193767101 -0.011155231 -0.105253637 0.084438577 -0.045627814 0.701989353 0.705690622
1341846114.673974 0.187529251 -0.010190454 -0.098936215 0.087596223 -0.043976434 0.700633705 0.706756949
1341846114.709730 0.175703049 -0.010619922 -0.118446432 0.086527362 -0.042343277 0.696221232 0.711333990
1341846114.741795 0.178977728 -0.006667677 -0.110118002 0.083850674 -0.044575967 0.692123711 0.715504587
1341846114.773917 0.180900022 -0.005142293 -0.095194198 0.084122933 -0.044807021 0.687821805 0.719594955
1341846114.810044 0.180269524 -0.001097091 -0.091503382 0.085378006 -0.044841982 0.677137733 0.729509592
1341846114.841856 0.180784196 0.000792058 -0.095614895 0.083910093 -0.045783494 0.663445115 0.742094040
1341846114.873982 0.173774809 0.000175989 -0.088268787 0.085208438 -0.044732254 0.651561618 0.752466559
1341846114.909807 0.178789392 0.000651193 -0.083746664 0.089596070 -0.043749176 0.642187357 0.760035455
1341846114.941865 0.184377268 -0.003220512 -0.086061120 0.095499009 -0.042137567 0.636164010 0.764460444
1341846114.977980 0.178177387 -0.001844745 -0.090715095 0.101507835 -0.040496264 0.628696978 0.769932628
1341846115.009784 0.159204766 0.001180716 -0.099520564 0.105033189 -0.036091339 0.618249714 0.778095603
1341846115.041927 0.164919958 0.000014750 -0.098832086 0.102234982 -0.034709923 0.609827220 0.785145819
1341846115.077974 0.172350094 -0.001057724 -0.103792243 0.100508913 -0.036918763 0.604451716 0.789413095
1341846115.109710 0.166815981 0.004759183 -0.096695393 0.102198735 -0.038739670 0.594829619 0.796387076
1341846115.177979 0.148373052 0.002332723 -0.124696016 0.096085869 -0.035916757 0.570918441 0.814573288
1341846115.209893 0.145341501 0.001269251 -0.116828382 0.089622863 -0.038602438 0.560028315 0.822706401
1341846115.245960 0.129225209 0.006507898 -0.117059313 0.084907554 -0.035893556 0.549331427 0.830504298
1341846115.277850 0.133796409 0.009103745 -0.113070481 0.078220606 -0.034503948 0.542881012 0.835446715
1341846115.309821 0.130659014 0.007838665 -0.122000128 0.070982166 -0.034351394 0.534403682 0.841542721
1341846115.345985 0.135076851 0.016917787 -0.106233194 0.065921165 -0.036044970 0.520281613 0.850683391
1341846115.377811 0.134943396 0.026985038 -0.099390469 0.064083099 -0.035748843 0.504065156 0.860542655
1341846115.409843 0.121290103 0.024765883 -0.116479136 0.058448199 -0.032679692 0.485792994 0.871505022
1341846115.445793 0.118351385 0.028316369 -0.107748181 0.051087320 -0.031976294 0.465780348 0.882845521
1341846115.478059 0.132623866 0.033641245 -0.088988021 0.050296254 -0.033076372 0.455409944 0.888244331
1341846115.513951 0.125103146 0.030984791 -0.103589073 0.052219242 -0.030672627 0.445034862 0.893463135
1341846115.545891 0.119039364 0.032295734 -0.113398984 0.050530139 -0.031254113 0.433365583 0.899257541
1341846115.577954 0.115272291 0.041797735 -0.103438579 0.048917316 -0.031851936 0.419753462 0.905759096
1341846115.613954 0.118668094 0.041203596 -0.098125204 0.046834990 -0.031353585 0.408470571 0.911029756
1341846115.645824 0.114464104 0.038164705 -0.115690231 0.044803049 -0.032387011 0.394255131 0.917336702
1341846115.681882 0.102152646 0.043160237 -0.113132656 0.041896686 -0.032287989 0.377851188 0.924354136
1341846115.714384 0.107242331 0.052240890 -0.097566135 0.040307410 -0.031483054 0.361366868 0.931019902
1341846115.746144 0.107548170 0.046447579 -0.104242891 0.036610279 -0.028470872 0.348370075 0.936209023
1341846115.781725 0.104092516 0.048333395 -0.108469851 0.034387793 -0.028498415 0.338596791 0.939871013
1341846115.813812 0.104652032 0.054170117 -0.098357201 0.032678470 -0.026530288 0.326603770 0.944223583
1341846115.848050 0.105036676 0.052723933 -0.101793267 0.031727161 -0.021411095 0.315228850 0.948243499
1341846115.881857 0.098355941 0.049456146 -0.109020248 0.028563365 -0.017824790 0.306842297 0.951164663
1341846115.913919 0.098210171 0.051780775 -0.110572852 0.024391599 -0.017852597 0.299668938 0.953564286
1341846115.950006 0.106286123 0.052294508 -0.100306079 0.022651833 -0.016366176 0.291345388 0.956209660
1341846115.982063 0.103501409 0.053673401 -0.106798075 0.022512442 -0.011148828 0.282218367 0.959021211
1341846116.014067 0.099248074 0.047396135 -0.113305315 0.020383770 -0.009604773 0.280059427 0.959718168
1341846116.050272 0.107312880 0.049467500 -0.102236919 0.021051032 -0.012113608 0.274816275 0.961189985
1341846116.081984 0.104098000 0.051610366 -0.103805721 0.023101365 -0.009251688 0.265487283 0.963793159
1341846116.113928 0.097307466 0.050795473 -0.108900517 0.021431655 -0.005792008 0.257456064 0.966034949
1341846116.149901 0.105233438 0.049220335 -0.102442019 0.020645933 -0.009290592 0.252915055 0.967223585
1341846116.181797 0.105405718 0.050515018 -0.099438451 0.023893615 -0.009101870 0.242735058 0.969755590
1341846116.219755 0.097424768 0.055619989 -0.104996413 0.024711246 -0.005239512 0.232238308 0.972330809
1341846116.252587 0.104016937 0.046395041 -0.099741511 0.021553606 -0.005917156 0.227989048 0.973407090
1341846116.282014 0.109405391 0.046051912 -0.096424460 0.024036592 -0.005810443 0.222825512 0.974544644
1341846116.319031 0.099985600 0.053233888 -0.102609366 0.026530026 -0.002772568 0.217114553 0.975781620
1341846116.381987 0.103674829 0.053368591 -0.100154407 0.025174152 -0.001259564 0.210347056 0.977301776
1341846116.417962 0.102979623 0.054228783 -0.103681743 0.024818562 0.000149492 0.205950171 0.978247702
1341846116.449943 0.104888774 0.055224590 -0.100918703 0.023574896 -0.000262330 0.199037582 0.979708195
1341846116.486079 0.101663008 0.056757998 -0.102420405 0.023390450 0.002390791 0.188029423 0.981881917
1341846116.517901 0.097687744 0.055453133 -0.107171811 0.021397432 0.004081531 0.178723216 0.983658254
1341846116.549851 0.101419330 0.055911787 -0.107733518 0.019610913 0.002167782 0.169583574 0.985318303
1341846116.585719 0.102966055 0.060068596 -0.102313988 0.018559447 0.001772859 0.158487871 0.987184882
1341846116.617985 0.102103144 0.059604887 -0.104423590 0.016053701 0.004480605 0.151067987 0.988382876
1341846116.653901 0.096904002 0.055451162 -0.109478287 0.014257601 0.005180445 0.149716645 0.988612533
1341846116.686079 0.102690950 0.058567256 -0.101223841 0.014930906 0.003538201 0.148497298 0.988793790
1341846116.717942 0.098392688 0.063935854 -0.104057617 0.017043002 0.007118034 0.145048022 0.989252210
1341846116.753865 0.096800327 0.061248019 -0.107483171 0.014908077 0.008267602 0.143945277 0.989438772
1341846116.785839 0.095883429 0.057766821 -0.104231246 0.014880878 0.006275197 0.140818402 0.989903688
1341846116.818815 0.098470889 0.062963448 -0.100684211 0.017798699 0.005293476 0.131602213 0.991128683
1341846116.853902 0.089397080 0.064566888 -0.107061625 0.016196623 0.007539223 0.124056123 0.992114365
1341846116.886435 0.092595175 0.059696026 -0.103804618 0.015322338 0.004645073 0.117411599 0.992954254
1341846116.921838 0.093961939 0.062182382 -0.100848712 0.017356385 0.003566152 0.108987242 0.993885219
1341846116.953941 0.093854830 0.063665457 -0.100442708 0.018026207 0.003134399 0.101731114 0.994643629
1341846116.985759 0.089178741 0.059743654 -0.102143079 0.017511280 0.002309944 0.095543750 0.995268464
1341846117.021816 0.090292014 0.061950989 -0.099198304 0.018673100 -0.000022652 0.088087127 0.995937705
1341846117.054055 0.087047346 0.060915262 -0.100907743 0.019231243 -0.000909521 0.080348819 0.996580839
1341846117.085953 0.082506835 0.060237370 -0.103014275 0.018729901 -0.001925297 0.073213726 0.997138500
1341846117.121840 0.087932773 0.056692045 -0.099001773 0.018774565 -0.005359262 0.067990735 0.997494876
1341846117.154178 0.087750152 0.055081107 -0.100216351 0.019607432 -0.006975139 0.063436508 0.997768879
1341846117.190028 0.084681839 0.054964501 -0.099635892 0.021052916 -0.007750032 0.059617873 0.997969151
1341846117.221812 0.084479585 0.059003681 -0.098490886 0.022433193 -0.008413320 0.053787533 0.998264909
1341846117.253848 0.084803991 0.056063451 -0.098556459 0.021618228 -0.007006612 0.049774922 0.998501897
1341846117.289976 0.075124294 0.053730756 -0.102216303 0.021223594 -0.006853454 0.048985105 0.998550475
1341846117.321956 0.085002229 0.055176042 -0.097118929 0.022120964 -0.011443553 0.046860695 0.998590887
1341846117.354004 0.096345715 0.056731191 -0.097299352 0.023889007 -0.010653011 0.042181984 0.998767495
1341846117.389874 0.079908527 0.057388112 -0.102174789 0.023170637 -0.006325792 0.039481409 0.998931587
1341846117.421707 0.081294879 0.053119671 -0.097951375 0.022143118 -0.009760795 0.038387306 0.998969913
1341846117.457914 0.091359712 0.056354687 -0.094032526 0.024670104 -0.011718952 0.035111912 0.999010086
1341846117.490067 0.083076425 0.059235401 -0.097635873 0.024514986 -0.009256383 0.031863991 0.999148667
1341846117.521746 0.079010934 0.055334304 -0.099035814 0.022390785 -0.011273480 0.030519951 0.999219775
1341846117.557896 0.083268546 0.050272711 -0.095477857 0.023359008 -0.014226571 0.028651193 0.999215245
1341846117.590027 0.084154300 0.054625146 -0.095651127 0.024542585 -0.014996582 0.027140874 0.999217808
1341846117.621818 0.083866879 0.048610598 -0.093478896 0.024286499 -0.016778165 0.028226243 0.999165595
1341846117.658054 0.085328177 0.046413973 -0.093470201 0.027036691 -0.019467475 0.028614359 0.999035180
1341846117.689984 0.089061357 0.047490750 -0.094741024 0.029797040 -0.020183554 0.028162828 0.998955250
1341846117.725898 0.088711567 0.040447671 -0.092538476 0.031048885 -0.020923134 0.027899621 0.998909295
1341846117.757737 0.086102605 0.037427980 -0.096609265 0.034797817 -0.022192357 0.026597444 0.998793840
1341846117.790023 0.085101441 0.041299939 -0.097635873 0.037573189 -0.023975637 0.024345307 0.998709559
1341846117.825949 0.092575282 0.038534340 -0.094554529 0.039021600 -0.025839083 0.022196865 0.998657584
1341846117.857847 0.092773445 0.039798085 -0.097530834 0.041240677 -0.024640564 0.021717230 0.998609245
1341846117.893987 0.088840261 0.040215425 -0.096619599 0.041524552 -0.024885625 0.025083503 0.998512506
1341846117.925908 0.096338645 0.041494280 -0.093840107 0.041960225 -0.027636273 0.027703201 0.998352706
1341846117.958141 0.106209680 0.041630037 -0.092647754 0.042756014 -0.027245961 0.029321523 0.998283446
1341846117.993978 0.097839445 0.044957716 -0.094512351 0.042042684 -0.024223659 0.031774107 0.998316586
1341846118.025852 0.095709674 0.042566214 -0.095065087 0.040293824 -0.025187617 0.034971409 0.998257995
1341846118.058362 0.103573963 0.042222384 -0.091359667 0.040308151 -0.026246872 0.036730021 0.998166919
1341846118.093970 0.103260785 0.042566516 -0.091329664 0.040571321 -0.024539480 0.037606947 0.998167098
1341846118.125943 0.096706487 0.041715626 -0.096691914 0.039389625 -0.023840152 0.038501214 0.998197258
1341846118.161827 0.104409344 0.035902172 -0.091052003 0.038459264 -0.026323251 0.039739408 0.998122633
1341846118.194750 0.108734928 0.038391985 -0.089831077 0.040612813 -0.024963500 0.038608178 0.998116612
1341846118.226048 0.105619572 0.038387276 -0.092079900 0.040682308 -0.023385167 0.039128192 0.998131812
1341846118.261772 0.108217157 0.035639998 -0.090473525 0.041417424 -0.023986200 0.039405275 0.998076379
1341846118.294053 0.110866405 0.033834070 -0.087989800 0.042930704 -0.023226941 0.039709616 0.998018324
1341846118.336123 0.109027855 0.039678771 -0.088455729 0.044653162 -0.021599177 0.039494697 0.997987866
1341846118.362053 0.105090559 0.039307687 -0.093364276 0.043849528 -0.020985009 0.038717676 0.998067021
1341846118.393906 0.112594321 0.037756298 -0.087616697 0.043828353 -0.021003954 0.038085714 0.998091877
1341846118.429882 0.107343726 0.039142743 -0.090941064 0.044411574 -0.018357472 0.038606223 0.998098314
1341846118.461821 0.102528915 0.039862774 -0.093063049 0.043280125 -0.018811228 0.038935538 0.998126745
1341846118.509152 0.110893302 0.037272405 -0.088253871 0.042091995 -0.020820379 0.039767273 0.998104870
1341846118.535838 0.109565973 0.037725747 -0.089017928 0.042748403 -0.019515797 0.039661404 0.998107553
1341846118.567808 0.102015555 0.040778134 -0.092157371 0.042353775 -0.018919121 0.041011062 0.998081326
1341846118.603991 0.110874847 0.035475403 -0.087531909 0.041266717 -0.022002233 0.041841637 0.998029172
1341846118.635802 0.114682004 0.036665827 -0.089231052 0.043719959 -0.020079646 0.040945433 0.998002410
1341846118.667919 0.105146267 0.040392950 -0.091656566 0.044035278 -0.017657258 0.041615061 0.998006642
1341846118.703956 0.109464213 0.033974491 -0.091253407 0.042760730 -0.019631386 0.042835589 0.997973561
1341846118.735837 0.116526701 0.033974625 -0.092119806 0.044446088 -0.019127695 0.043039698 0.997900903
1341846118.772013 0.113277614 0.040480353 -0.092462070 0.045063131 -0.017149039 0.043620758 0.997883976
1341846118.804343 0.111914873 0.035563461 -0.092970952 0.043859731 -0.017635169 0.044610035 0.997885406
1341846118.835817 0.114851728 0.035029065 -0.093821116 0.045366351 -0.017503601 0.044648401 0.997818649
1341846118.872045 0.112035200 0.039493028 -0.095064618 0.045733333 -0.016478103 0.045557674 0.997778237
1341846118.903860 0.112487316 0.037008349 -0.094532296 0.044803377 -0.017213689 0.044907659 0.997837484
1341846118.935809 0.115179308 0.037235551 -0.095334731 0.045238476 -0.017062373 0.043257948 0.997893333
1341846118.971870 0.115679123 0.037579380 -0.094615415 0.046109356 -0.016002828 0.043364342 0.997866392
1341846119.003949 0.113486588 0.035918765 -0.095648214 0.046130445 -0.016245676 0.045401718 0.997770905
1341846119.035768 0.125581205 0.032726452 -0.092164032 0.048849512 -0.016951220 0.047172461 0.997547567
1341846119.071829 0.123013362 0.032048494 -0.095535748 0.052170862 -0.013149568 0.048919145 0.997352600
1341846119.103837 0.115735009 0.035221711 -0.099089503 0.053640697 -0.011384393 0.049839608 0.997250736
1341846119.136478 0.122955814 0.032997090 -0.095472209 0.053657312 -0.012854425 0.049609985 0.997243464
1341846119.171928 0.129175052 0.031489968 -0.095193014 0.055702168 -0.012190529 0.050192062 0.997110546
1341846119.203919 0.123921789 0.033301704 -0.098263793 0.057803541 -0.009964658 0.051417541 0.996953189
1341846119.266059 0.121690102 0.028332032 -0.099421233 0.058663473 -0.014344418 0.057803530 0.996499658
1341846119.297817 0.122646555 0.034255087 -0.098581672 0.060387556 -0.015085645 0.058145545 0.996365845
1341846119.334095 0.120064519 0.031165615 -0.100954458 0.058713477 -0.016393138 0.060028981 0.996333539
1341846119.365757 0.127926126 0.025375783 -0.098239549 0.059186906 -0.020150399 0.062506497 0.996084213
1341846119.401815 0.128076121 0.026593827 -0.099440262 0.061082151 -0.020816518 0.063265741 0.995908201
1341846119.434863 0.131634295 0.030430341 -0.100769341 0.061889745 -0.020623788 0.061767664 0.995956361
1341846119.465868 0.131780937 0.029932510 -0.099405326 0.061971534 -0.019465744 0.060515258 0.996051490
1341846119.501761 0.131480500 0.025394596 -0.098624133 0.062554285 -0.018741293 0.060829442 0.996009827
1341846119.533772 0.130890131 0.027020168 -0.099322371 0.063882850 -0.018406099 0.060656492 0.995942295
1341846119.565854 0.132924810 0.031034984 -0.098152779 0.064831845 -0.018737599 0.059566930 0.995940506
