1341845688.561749 0.000000000 0.000000000 0.000000000 0.000000000 0.000000000 0.000000000 1.000000000
1341845688.593654 -0.004116297 -0.003275668 -0.000844979 0.000424115 -0.002578197 0.003707359 0.999989688
1341845688.629688 -0.006675641 0.001626759 -0.005268652 0.002571898 -0.007467195 0.008270929 0.999934614
1341845688.663680 -0.009713456 -0.004701052 -0.005862917 0.003426292 -0.012201055 0.012637170 0.999839842
1341845688.697719 -0.013806276 -0.010725223 -0.012116030 0.005786939 -0.016876806 0.018830275 0.999663472
1341845688.729899 -0.013440659 -0.004589844 -0.015548134 0.010879355 -0.023601245 0.021264778 0.999436080
1341845688.761762 -0.008322544 -0.004276511 -0.017289378 0.013201275 -0.027453130 0.021396972 0.999306858
1341845688.797687 -0.006648276 0.001868447 -0.020301064 0.015359813 -0.026573883 0.019603999 0.999336541
1341845688.829892 -0.004936879 0.007914428 -0.022323277 0.015919127 -0.024773609 0.017767850 0.999408424
1341845688.865774 -0.010998969 0.003622825 -0.026326507 0.014616775 -0.023638403 0.018593771 0.999440730
1341845688.929779 -0.024028318 0.011312170 -0.034431949 0.015788987 -0.028289773 0.020766629 0.999259293
1341845688.965631 -0.015553322 0.014758624 -0.033828415 0.016140901 -0.032470856 0.019202022 0.999157846
1341845688.997750 -0.009738391 0.025938045 -0.040612802 0.016023673 -0.032921195 0.015878469 0.999203324
1341845689.029751 -0.013719529 0.030800991 -0.041209966 0.012544518 -0.029811161 0.010272824 0.999424040
1341845689.065755 -0.014023151 0.039874312 -0.042749643 0.010142702 -0.028360909 0.009144863 0.999504447
1341845689.097725 -0.014589784 0.038772162 -0.042742334 0.006117027 -0.027483331 0.011390609 0.999538660
1341845689.133718 -0.010460605 0.032897122 -0.041936971 0.002714342 -0.027179360 0.013386042 0.999537230
1341845689.165884 -0.014504926 0.042474546 -0.044268213 0.001507671 -0.025690360 0.016953737 0.999525070
1341845689.198264 -0.016241536 0.042873453 -0.045219757 -0.002092054 -0.025309423 0.019006042 0.999496818
1341845689.234322 -0.013496561 0.033711303 -0.047949344 -0.005919450 -0.024649117 0.020620663 0.999465942
1341845689.265745 -0.020477321 0.038405411 -0.045480181 -0.006307264 -0.023329791 0.022794742 0.999448001
1341845689.297769 -0.016026437 0.043600842 -0.047091201 -0.006957770 -0.024434384 0.023794122 0.999394000
1341845689.333650 -0.014951773 0.034403592 -0.053055599 -0.009605817 -0.023229767 0.023618046 0.999404967
1341845689.365881 -0.021781038 0.036784105 -0.050599545 -0.008756058 -0.021988811 0.023086414 0.999453306
1341845689.401592 -0.020582790 0.036334068 -0.052434660 -0.007716257 -0.023069536 0.022540817 0.999449909
1341845689.433744 -0.021147117 0.037158448 -0.051917385 -0.007215022 -0.023911798 0.022625318 0.999431968
1341845689.465651 -0.026681120 0.031202862 -0.053445701 -0.005071061 -0.024459796 0.022039631 0.999444962
1341845689.501840 -0.029464677 0.033388514 -0.055611130 -0.000955467 -0.027322335 0.020144189 0.999423206
1341845689.533687 -0.019163949 0.034667060 -0.052860383 0.001240358 -0.030924588 0.015270928 0.999404311
1341845689.565814 -0.020968731 0.030920673 -0.053850573 0.003051829 -0.030439179 0.011622260 0.999464393
1341845689.601682 -0.025997899 0.030533314 -0.057532519 0.005670048 -0.031557593 0.009223580 0.999443293
1341845689.633591 -0.022968937 0.031962469 -0.059171729 0.007864293 -0.035030298 0.004576005 0.999344826
1341845689.669672 -0.026903717 0.030933529 -0.058028094 0.008678217 -0.036094107 0.003258836 0.999305427
1341845689.701700 -0.027331948 0.030502193 -0.064467765 0.009601898 -0.038388930 0.002977335 0.999212325
1341845689.733773 -0.029204290 0.034611523 -0.061562676 0.010553068 -0.040924981 0.001122979 0.999105871
1341845689.769822 -0.023301631 0.032935075 -0.062968232 0.010580665 -0.043431100 -0.000232794 0.999000371
1341845689.802003 -0.027387774 0.032011241 -0.062313069 0.010493414 -0.044464726 -0.000737265 0.998955548
1341845689.833757 -0.033996802 0.029737365 -0.064337753 0.011001883 -0.046447765 -0.002742164 0.998856366
1341845689.869861 -0.032682426 0.034814566 -0.065040357 0.012782979 -0.048906606 -0.003921882 0.998713851
1341845689.901825 -0.032164514 0.034771465 -0.064985625 0.012982124 -0.050414149 -0.003634430 0.998637378
1341845689.937674 -0.031283170 0.033274241 -0.064580284 0.013675713 -0.053007685 -0.002670601 0.998496890
1341845689.969679 -0.026280887 0.036752939 -0.063830838 0.014300948 -0.055107802 -0.002511653 0.998374820
1341845690.003830 -0.029204309 0.038228426 -0.062942639 0.014380368 -0.054645732 -0.002985512 0.998397827
1341845690.037686 -0.028474724 0.036865979 -0.062228441 0.014239714 -0.055155825 -0.004320655 0.998366892
1341845690.069636 -0.025228864 0.038628329 -0.060190357 0.015095158 -0.055273265 -0.003969056 0.998349249
1341845690.106587 -0.034056768 0.038093805 -0.066572502 0.014679871 -0.054128520 -0.003607675 0.998419523
1341845690.138859 -0.025555111 0.038386658 -0.063911304 0.014560396 -0.056137476 -0.004149953 0.998308241
1341845690.169919 -0.025688503 0.038773753 -0.063439660 0.014852996 -0.055289019 -0.004071036 0.998351634
1341845690.206103 -0.025946597 0.041517209 -0.064587593 0.014743025 -0.055386379 -0.003716259 0.998349249
1341845690.237700 -0.030612875 0.032185800 -0.068011470 0.012454866 -0.055069435 -0.004489748 0.998394787
1341845690.269981 -0.034050435 0.033509288 -0.067697518 0.013379497 -0.055900168 -0.005046534 0.998333991
1341845690.306143 -0.025206635 0.041537803 -0.062044244 0.015251507 -0.058616478 -0.005529268 0.998148799
1341845690.338646 -0.028831767 0.040196616 -0.067794040 0.014102394 -0.058080733 -0.005631621 0.998196423
1341845690.373833 -0.028719153 0.034963708 -0.069688082 0.012143857 -0.058444407 -0.005355651 0.998202443
1341845690.405976 -0.028352525 0.036412194 -0.063968033 0.012578012 -0.058787238 -0.006310907 0.998171329
1341845690.437908 -0.024671510 0.040195707 -0.062580839 0.013349305 -0.058905456 -0.005928423 0.998156726
1341845690.473654 -0.023911085 0.037853990 -0.069858640 0.012670208 -0.059573315 -0.004290561 0.998134315
1341845690.505978 -0.037383065 0.036879018 -0.067483582 0.013149080 -0.058945131 -0.005038057 0.998161912
1341845690.537884 -0.033262808 0.039427064 -0.065898806 0.013790125 -0.059742175 -0.006585217 0.998096824
1341845690.573708 -0.032177795 0.040768664 -0.065727942 0.013336953 -0.058377545 -0.005844532 0.998188376
1341845690.605848 -0.033711836 0.038870711 -0.065096743 0.012869485 -0.057888713 -0.004314432 0.998230755
1341845690.641747 -0.034085512 0.038513318 -0.065404445 0.013727202 -0.058218062 -0.005160703 0.998196185
1341845690.673751 -0.027554849 0.042046014 -0.063026816 0.014165856 -0.058454242 -0.005242605 0.998175800
1341845690.706003 -0.028346382 0.038040560 -0.064226821 0.013769548 -0.057126999 -0.005423477 0.998257220
1341845690.741684 -0.029676151 0.040128339 -0.063494116 0.015022520 -0.056328539 -0.006206545 0.998279989
1341845690.773770 -0.026829548 0.040153451 -0.058698203 0.015413129 -0.055953156 -0.006050680 0.998296082
1341845690.805715 -0.028497990 0.039760333 -0.059912812 0.015661120 -0.054704111 -0.004940172 0.998367548
1341845690.841674 -0.026724197 0.040226925 -0.061697640 0.015758369 -0.054374550 -0.004877561 0.998384356
1341845690.873770 -0.026177838 0.043415882 -0.062052533 0.015963085 -0.053628996 -0.005144037 0.998420060
1341845690.909837 -0.026525239 0.041323524 -0.060700182 0.015334131 -0.052787270 -0.004331552 0.998478651
1341845690.941576 -0.026944105 0.040896624 -0.058539495 0.015165566 -0.052558556 -0.004091544 0.998494327
1341845690.973879 -0.023410868 0.040465295 -0.059090637 0.015051447 -0.052671898 -0.003797231 0.998491228
1341845691.011558 -0.021486526 0.043152787 -0.059046604 0.015298626 -0.052239809 -0.002542965 0.998514116
1341845691.077986 -0.023140298 0.041590907 -0.056652244 0.015714433 -0.051872179 -0.004006839 0.998522043
1341845691.109685 -0.016114073 0.040259980 -0.056867387 0.015962100 -0.052333325 -0.004223716 0.998493195
1341845691.141759 -0.019476436 0.040628038 -0.057071961 0.016531829 -0.050639965 -0.004035938 0.998571992
1341845691.177729 -0.021259248 0.037377503 -0.061256915 0.016766304 -0.050833829 -0.005205910 0.998552859
1341845691.209644 -0.017593306 0.043652352 -0.057461333 0.017693313 -0.051491905 -0.006262196 0.998497009
1341845691.241757 -0.017490281 0.041242536 -0.054487262 0.017212672 -0.050276227 -0.006513525 0.998565733
1341845691.277595 -0.024282914 0.039754283 -0.058720119 0.017818939 -0.049170058 -0.005085152 0.998618543
1341845691.310138 -0.024881413 0.042689037 -0.060881123 0.018693125 -0.051147658 -0.006693959 0.998493731
1341845691.345620 -0.014056433 0.040376164 -0.058819659 0.018281683 -0.052099124 -0.007626201 0.998445451
1341845691.378062 -0.018768229 0.038289420 -0.058133699 0.018546263 -0.049137503 -0.009415753 0.998575449
1341845691.451922 -0.015403442 0.048460439 -0.059381921 0.020424018 -0.049315378 -0.009817781 0.998526156
1341845691.509739 -0.019055735 0.040324409 -0.058801793 0.018551007 -0.047173310 -0.009967866 0.998664677
1341845691.545833 -0.012393137 0.046374165 -0.060466129 0.019675354 -0.048643027 -0.011593690 0.998555124
1341845691.578399 -0.011935906 0.045617886 -0.060560580 0.018447110 -0.047419291 -0.013529788 0.998613060
1341845691.613857 -0.009138471 0.041754406 -0.063419044 0.018029466 -0.044749133 -0.018015603 0.998673022
1341845691.645632 -0.012921004 0.037038300 -0.064588606 0.018536797 -0.041143045 -0.021094214 0.998758554
1341845691.677793 -0.013364894 0.039584838 -0.062076591 0.020076057 -0.041147649 -0.019314654 0.998764634
1341845691.713727 -0.016045295 0.037360169 -0.063609257 0.019932557 -0.042422373 -0.016361238 0.998766899
1341845691.746050 -0.008664622 0.045197200 -0.062838539 0.021535918 -0.043617245 -0.016554160 0.998678982
1341845691.778411 -0.008505868 0.052780334 -0.060046941 0.021535445 -0.040969804 -0.018526964 0.998756468
1341845691.813646 -0.012143495 0.043589238 -0.059268877 0.018876154 -0.039376087 -0.017200883 0.998898029
1341845691.845603 -0.018934464 0.045019921 -0.056340385 0.019374298 -0.039369602 -0.016811620 0.998895407
1341845691.881595 -0.010577607 0.045185998 -0.060958244 0.019481655 -0.041533291 -0.017979505 0.998785317
1341845691.913600 -0.008459638 0.046902861 -0.057602484 0.019945776 -0.040943652 -0.017673800 0.998806000
1341845691.945997 -0.011803556 0.038348239 -0.060647573 0.019269975 -0.041041255 -0.015151434 0.998856723
1341845691.981657 -0.018416313 0.039931975 -0.061729770 0.021442056 -0.044471234 -0.012650759 0.998700380
1341845692.013904 -0.013239883 0.044365257 -0.058840469 0.024045508 -0.049116258 -0.010900983 0.998444080
1341845692.049676 -0.009759760 0.043802913 -0.062740117 0.024261305 -0.050335072 -0.009777468 0.998389781
1341845692.081862 -0.008488985 0.041378468 -0.060952295 0.024431808 -0.051284589 -0.009366117 0.998341262
1341845692.113695 -0.004723213 0.046910822 -0.058582332 0.025963709 -0.053132538 -0.010139594 0.998198390
1341845692.149736 -0.001639671 0.043625984 -0.057838399 0.025086327 -0.052656122 -0.010801062 0.998239160
1341845692.182123 -0.002055624 0.041808944 -0.061357271 0.025910355 -0.051586892 -0.010395246 0.998278201
1341845692.213661 -0.000448297 0.043982465 -0.062536485 0.027010202 -0.052226473 -0.009296636 0.998226643
1341845692.249828 0.001013774 0.044046596 -0.063943565 0.026883015 -0.052256756 -0.009616582 0.998225451
1341845692.282146 -0.003747446 0.042237934 -0.066050626 0.026027465 -0.050734516 -0.010389715 0.998318911
1341845692.317711 -0.005547956 0.041131698 -0.066241927 0.025600502 -0.051115125 -0.010633982 0.998307943
1341845692.349688 -0.002361317 0.037787203 -0.064813092 0.025647305 -0.052920494 -0.010643238 0.998212576
1341845692.381560 0.003375610 0.035139270 -0.066644616 0.026547348 -0.053661957 -0.011782564 0.998136699
1341845692.417776 0.000332260 0.038159836 -0.066718116 0.027946971 -0.052760504 -0.013131039 0.998129666
1341845692.449672 0.000810637 0.036280580 -0.067136019 0.028284160 -0.052969776 -0.013888708 0.998098850
1341845692.481594 0.001686437 0.036387298 -0.069230258 0.029324697 -0.053678837 -0.014601261 0.998020768
1341845692.517778 0.004193641 0.030756522 -0.068623826 0.029654223 -0.054323539 -0.015318755 0.997965395
1341845692.549744 0.001646154 0.037577946 -0.071054272 0.032187104 -0.053774118 -0.015699206 0.997910738
1341845692.585822 0.003381032 0.037311807 -0.072057374 0.032327779 -0.054105237 -0.016977159 0.997867405
1341845692.617836 0.004709084 0.036594294 -0.070365697 0.032639511 -0.053411283 -0.016047183 0.997910023
1341845692.649770 -0.000163137 0.038673788 -0.074812047 0.033688623 -0.052475993 -0.015475768 0.997933805
1341845692.685749 -0.003068092 0.036648747 -0.074962936 0.033671394 -0.053182855 -0.015561141 0.997895598
1341845692.717676 0.002936632 0.038915731 -0.073211908 0.034244806 -0.053767342 -0.016282747 0.997833312
1341845692.749897 -0.000016905 0.038946755 -0.071414784 0.034369897 -0.051957939 -0.015545364 0.997936606
1341845692.785833 -0.007598709 0.036432303 -0.079460412 0.034849882 -0.051365040 -0.015825266 0.997946262
1341845692.817657 -0.002480873 0.037413012 -0.074702181 0.036291800 -0.053008743 -0.020410789 0.997725606
1341845692.853833 -0.002521703 0.034129575 -0.080356628 0.036488593 -0.051330436 -0.021131877 0.997791171
1341845692.885614 -0.005194901 0.035122201 -0.081651986 0.038368288 -0.051013429 -0.021713369 0.997724414
1341845692.917728 -0.003449524 0.033131175 -0.080875643 0.038895473 -0.052030820 -0.022958683 0.997623622
1341845692.953573 0.003386419 0.034950156 -0.083912313 0.040008012 -0.052306246 -0.022657225 0.997572124
1341845692.985667 -0.001565942 0.031831425 -0.082893983 0.040708520 -0.051093969 -0.023295444 0.997591913
1341845693.017585 -0.001639289 0.042476021 -0.082800612 0.042258434 -0.051383849 -0.022676738 0.997526824
1341845693.053684 -0.003547951 0.034096763 -0.084117584 0.040952370 -0.050251175 -0.023935476 0.997609556
1341845693.086059 -0.005118698 0.036917232 -0.086419456 0.042142641 -0.050171643 -0.022319283 0.997601449
1341845693.121690 -0.005904989 0.039816767 -0.084267773 0.042729054 -0.051176146 -0.020370604 0.997567177
1341845693.153852 -0.000658558 0.043384686 -0.084243491 0.042523593 -0.052966114 -0.021265185 0.997463822
1341845693.185655 0.002612785 0.036814112 -0.085603409 0.040706813 -0.051522993 -0.021759177 0.997604549
1341845693.221687 -0.006472429 0.034363270 -0.090255961 0.040338799 -0.049718861 -0.019083980 0.997765839
1341845693.254518 -0.010550781 0.033085722 -0.091209002 0.040735621 -0.052146491 -0.017475024 0.997655272
1341845693.289735 0.005887287 0.039131355 -0.087729819 0.041734338 -0.054736238 -0.018481761 0.997457087
1341845693.321741 0.010447484 0.041330278 -0.083785154 0.041541234 -0.050924774 -0.018670531 0.997663498
1341845693.353715 0.003598245 0.036533728 -0.085127488 0.040999491 -0.046545491 -0.017218046 0.997925878
1341845693.421993 0.004986476 0.037885871 -0.083250232 0.041811865 -0.043803487 -0.017422153 0.998012781
1341845693.453700 0.001844056 0.037596680 -0.085367888 0.041785441 -0.041590340 -0.019847037 0.998063266
1341845693.489783 0.001575956 0.035695061 -0.081229106 0.042833161 -0.040064562 -0.020510243 0.998067856
1341845693.522084 -0.003802651 0.033352230 -0.083380140 0.044270884 -0.040032484 -0.019668628 0.998023391
1341845693.557666 0.000432997 0.032033894 -0.082168259 0.045948345 -0.042100277 -0.020658143 0.997842431
1341845693.589792 0.002751033 0.036640324 -0.085811220 0.047480643 -0.042897154 -0.021775048 0.997713029
1341845693.622158 0.006932247 0.037891760 -0.083691731 0.047730286 -0.042321432 -0.022616928 0.997706950
1341845693.689929 0.008681643 0.041985054 -0.086293817 0.047194768 -0.041421067 -0.020943278 0.997806728
1341845693.721602 0.009378930 0.044983510 -0.086895823 0.045426432 -0.039933048 -0.022715898 0.997910738
1341845693.757636 0.006519906 0.042984046 -0.085941479 0.043298971 -0.038824134 -0.022162348 0.998061478
1341845693.789776 0.003585540 0.045150314 -0.084443644 0.042769656 -0.039353959 -0.021260027 0.998083174
1341845693.825637 0.005671903 0.044824645 -0.088190310 0.040990435 -0.039985567 -0.021094207 0.998136282
1341845693.857724 0.003959478 0.039028924 -0.082260266 0.039644238 -0.039869383 -0.020315442 0.998211443
1341845693.889741 0.004491104 0.042955834 -0.083042674 0.040631425 -0.039582770 -0.019386033 0.998201609
1341845693.925573 0.002412672 0.040996592 -0.083473794 0.039762177 -0.038991220 -0.018772947 0.998271644
1341845693.957722 0.004039179 0.037349597 -0.083693147 0.039822616 -0.038673852 -0.017739560 0.998300493
1341845693.990410 0.007396692 0.040057834 -0.084089078 0.041113202 -0.038207371 -0.017537635 0.998269677
1341845694.025740 0.006102169 0.040478364 -0.082312204 0.041484907 -0.036753275 -0.018099133 0.998298883
1341845694.057728 0.004960527 0.036949262 -0.083670318 0.041591402 -0.035671674 -0.018650968 0.998323500
1341845694.093631 0.003140885 0.036558256 -0.082068272 0.043175165 -0.035554808 -0.018415293 0.998264790
1341845694.125598 0.004462682 0.035860773 -0.084291101 0.044429518 -0.035783578 -0.018934423 0.998191893
1341845694.157890 0.007850065 0.036826611 -0.086101107 0.045125324 -0.035529617 -0.019111685 0.998166382
1341845694.193528 0.006166610 0.033695944 -0.086651616 0.045619704 -0.034794912 -0.019305449 0.998166084
1341845694.226254 0.006929086 0.036564488 -0.084882334 0.047358733 -0.035168543 -0.018883185 0.998080015
1341845694.261793 0.007900164 0.037578732 -0.084766239 0.047984477 -0.034895234 -0.018218899 0.998072088
1341845694.293655 0.005058178 0.034470834 -0.086427622 0.048043963 -0.034550153 -0.016952407 0.998103559
1341845694.325844 0.000710477 0.033995684 -0.082455479 0.049338058 -0.035662800 -0.014691941 0.998037100
1341845694.361761 0.002579777 0.034145318 -0.087398924 0.050844669 -0.038064130 -0.012959810 0.997896791
1341845694.393754 0.003556004 0.033562593 -0.087261818 0.051401533 -0.040231463 -0.012258961 0.997792065
1341845694.425809 0.002820069 0.035243183 -0.086751007 0.051606759 -0.041588884 -0.012492468 0.997722924
1341845694.461731 0.006434211 0.035771973 -0.088303015 0.051437400 -0.043325365 -0.012468279 0.997658074
1341845694.493931 0.010359762 0.040911756 -0.087712869 0.050788689 -0.043691717 -0.013666853 0.997659624
1341845694.529694 0.007115500 0.039647952 -0.088181853 0.049409505 -0.042781148 -0.014978226 0.997749567
1341845694.561652 0.005611687 0.038450476 -0.085122958 0.049173579 -0.043813419 -0.014700892 0.997720540
1341845694.595586 0.004530414 0.037724368 -0.085615642 0.049984183 -0.045160316 -0.014345849 0.997625351
1341845694.629850 0.004284821 0.036242016 -0.084710225 0.051094200 -0.046932686 -0.013399467 0.997500479
1341845694.661659 0.012524244 0.041483399 -0.081491537 0.053308196 -0.048727587 -0.011505311 0.997322142
1341845694.693720 0.032724179 0.045606416 -0.091617629 0.053005539 -0.047146954 -0.009204376 0.997438133
1341845694.735664 0.031283513 0.044590112 -0.088391878 0.051096108 -0.039973702 -0.008717978 0.997855365
1341845694.767988 0.028032225 0.048844635 -0.085896559 0.049841505 -0.033815529 -0.006900820 0.998160660
1341845694.803611 0.028122511 0.046212211 -0.083772399 0.047525413 -0.028591709 -0.005948986 0.998443007
1341845694.835585 0.021167848 0.043435872 -0.075353429 0.046342894 -0.023940941 -0.005569239 0.998623133
1341845694.867728 0.025639538 0.047989413 -0.078376941 0.046326682 -0.021798931 -0.004389613 0.998678803
1341845694.903566 0.024364509 0.046492755 -0.078003675 0.044444926 -0.018947998 -0.003880108 0.998824596
1341845694.935679 0.019806147 0.044359401 -0.076780722 0.044000015 -0.016468927 -0.003074809 0.998890996
1341845694.967669 0.021053346 0.044275578 -0.073797271 0.044448700 -0.015522453 -0.002145411 0.998888791
1341845695.003730 0.028739840 0.043462757 -0.074034117 0.044362534 -0.014495313 -0.001102491 0.998909712
1341845695.035689 0.031191641 0.043930970 -0.072354116 0.044353824 -0.011554053 -0.000753282 0.998948753
1341845695.072465 0.022991700 0.041455742 -0.071308129 0.044087533 -0.008606020 0.000055910 0.998990595
1341845695.103895 0.020320218 0.040675178 -0.072164670 0.044240348 -0.009875894 0.000894240 0.998971701
1341845695.135680 0.018648650 0.035516042 -0.071101218 0.044658612 -0.012962552 0.001085298 0.998917580
1341845695.172193 0.016254518 0.035953246 -0.077591501 0.047487173 -0.018103428 0.001510123 0.998706639
1341845695.203618 0.017418928 0.034712285 -0.075524911 0.050096527 -0.026439052 0.002520957 0.998391151
1341845695.235612 0.016143650 0.032958444 -0.079569019 0.053557150 -0.033316806 0.001993492 0.998006821
1341845695.271738 0.018787179 0.036991395 -0.073821813 0.057023384 -0.039372593 0.001366332 0.997595251
1341845695.303569 0.023542622 0.035866201 -0.076687254 0.058453135 -0.044228882 0.000370815 0.997309804
1341845695.335657 0.021459688 0.038130261 -0.075050600 0.059446942 -0.047187962 -0.001790978 0.997113943
1341845695.371706 0.019946942 0.036216773 -0.078084059 0.059425857 -0.049896155 -0.005064684 0.996972084
1341845695.403745 0.022482414 0.036818389 -0.078510314 0.059903767 -0.053197201 -0.007537382 0.996757150
1341845695.435657 0.017763980 0.034901395 -0.077857092 0.061092690 -0.056109518 -0.007986075 0.996521771
1341845695.471720 0.017857380 0.035559185 -0.083556972 0.062543228 -0.060103357 -0.008014262 0.996198654
1341845695.503710 0.018461727 0.040497217 -0.083227620 0.063272849 -0.063525185 -0.008535839 0.995935857
1341845695.539693 0.020025266 0.040099770 -0.081045724 0.062926322 -0.066259302 -0.010325700 0.995762706
1341845695.603908 0.017745268 0.036417663 -0.083829559 0.063047290 -0.068180636 -0.013119536 0.995592475
1341845695.665980 0.019562634 0.040229537 -0.084671408 0.062906615 -0.071535572 -0.013416533 0.995361924
1341845695.701693 0.017557263 0.037721179 -0.081920601 0.062655061 -0.072357826 -0.013669257 0.995314956
1341845695.733686 0.021567289 0.043452788 -0.079685129 0.063040726 -0.073838599 -0.012051686 0.995202720
1341845695.769679 0.025423801 0.044951081 -0.080652706 0.062816001 -0.074466817 -0.011501025 0.995176673
1341845695.801697 0.019752774 0.044456024 -0.080709472 0.061511759 -0.073248684 -0.011851890 0.995344400
1341845695.833635 0.021898706 0.040196270 -0.082189344 0.059885256 -0.073459588 -0.010899954 0.995438933
1341845695.869766 0.026325064 0.043612164 -0.081739761 0.060103137 -0.073727518 -0.009224636 0.995422900
1341845695.901827 0.023777513 0.044243015 -0.089737035 0.059005480 -0.073063456 -0.008952513 0.995540023
1341845695.933900 0.021723982 0.043906122 -0.086272374 0.057669617 -0.072949514 -0.008514001 0.995630503
1341845695.969774 0.025087195 0.046863474 -0.079335116 0.057312325 -0.072718017 -0.007781735 0.995674074
1341845696.001940 0.026357925 0.045627981 -0.082730278 0.056385171 -0.071945347 -0.007165519 0.995787740
1341845696.037778 0.023990307 0.044242822 -0.083576441 0.055261936 -0.070964769 -0.005465596 0.995931864
1341845696.069962 0.023404459 0.045609653 -0.080355108 0.054526761 -0.071092628 -0.003130354 0.995973349
1341845696.102048 0.021815501 0.046217438 -0.081206255 0.054428034 -0.071550779 -0.001300767 0.995949984
1341845696.137759 0.022848003 0.046153635 -0.079999015 0.053983580 -0.072035253 -0.001441590 0.995939076
1341845696.169934 0.022482760 0.042270385 -0.080855452 0.052667782 -0.072338961 -0.002000228 0.995986521
1341845696.201602 0.021675428 0.043572351 -0.084191315 0.051949281 -0.072272584 -0.003132459 0.996026158
1341845696.237582 0.023334380 0.049863800 -0.083851457 0.051044434 -0.072441593 -0.003248434 0.996060312
1341845696.269654 0.021008752 0.047435891 -0.082357295 0.049497325 -0.072956666 -0.003785448 0.996098876
1341845696.305713 0.023909524 0.044444945 -0.083990559 0.048690163 -0.074263878 -0.003179523 0.996044219
1341845696.337790 0.022740796 0.041683178 -0.081845775 0.047990043 -0.074517705 -0.002721135 0.996060610
1341845696.369780 0.024448860 0.044726811 -0.083204463 0.048036374 -0.075526848 -0.001591973 0.995984793
1341845696.406019 0.025352385 0.049861342 -0.081805423 0.047526263 -0.076041423 -0.001699788 0.995969892
1341845696.437910 0.029698372 0.047533497 -0.082749233 0.045472063 -0.076714516 -0.001481985 0.996014535
1341845696.473667 0.032294899 0.047382526 -0.082578830 0.044131830 -0.076387666 -0.001875018 0.996099293
1341845696.505801 0.028696371 0.047761641 -0.077500924 0.042460717 -0.075118966 -0.001623414 0.996268809
1341845696.537879 0.026511634 0.045084763 -0.083355546 0.041370109 -0.074773706 0.000063768 0.996342003
1341845696.573790 0.025921062 0.044595920 -0.080438182 0.041099235 -0.075676993 0.000662921 0.996284783
1341845696.611644 0.025819898 0.043322049 -0.083292805 0.040709779 -0.076163210 0.000478026 0.996263862
1341845696.648592 0.026952336 0.044302568 -0.085250631 0.040226236 -0.076688170 0.000928363 0.996242881
1341845696.705640 0.030999249 0.047751684 -0.084410161 0.038358565 -0.076412722 0.001437463 0.996337116
1341845696.741801 0.030766413 0.043721087 -0.083102249 0.037159950 -0.075142786 0.001276749 0.996479332
1341845696.773765 0.032448567 0.050438501 -0.080994204 0.037833035 -0.074503385 0.002846149 0.996498764
1341845696.805698 0.029737068 0.050647605 -0.079044953 0.036693737 -0.073943429 0.003159203 0.996582150
1341845696.841908 0.031020505 0.048309404 -0.077439152 0.035904404 -0.073623076 0.003864664 0.996632099
1341845696.873637 0.032621674 0.050097443 -0.081502222 0.035489902 -0.072479010 0.004068399 0.996730030
1341845696.905693 0.032890882 0.049227521 -0.076850630 0.034000736 -0.072004057 0.004687847 0.996813655
1341845696.941841 0.032945335 0.054661881 -0.077503383 0.033363868 -0.071220085 0.005916307 0.996884942
1341845696.973560 0.028908111 0.049317915 -0.076281600 0.031852420 -0.070412360 0.007996263 0.996977210
1341845697.009723 0.030762061 0.052223045 -0.076408394 0.031175332 -0.070311822 0.008247680 0.997003675
1341845697.041678 0.034902677 0.047901750 -0.074800879 0.029462609 -0.069575399 0.007749670 0.997111440
1341845697.073636 0.033202082 0.046477206 -0.074071392 0.029493250 -0.068132237 0.006867349 0.997216642
1341845697.109770 0.031632733 0.049212568 -0.074930504 0.030154053 -0.067301974 0.005910174 0.997259378
1341845697.141787 0.035369769 0.049999844 -0.076210342 0.029577754 -0.067542247 0.006250842 0.997258306
1341845697.173791 0.035781711 0.047676712 -0.070885584 0.029348722 -0.067418985 0.006989968 0.997268498
1341845697.209803 0.035180602 0.051486213 -0.073553480 0.030129235 -0.067115620 0.007312292 0.997263372
1341845697.241685 0.036114141 0.051561456 -0.074830092 0.029703699 -0.066852123 0.007857108 0.997289717
1341845697.277780 0.035783567 0.047008183 -0.076809153 0.028703494 -0.066540018 0.008217702 0.997336984
1341845697.309575 0.034667034 0.049406312 -0.075727835 0.028990576 -0.066699080 0.008399128 0.997316539
1341845697.342252 0.033000655 0.048439778 -0.074449241 0.028571419 -0.066794723 0.008099937 0.997324705
1341845697.377604 0.034986928 0.047661468 -0.074747920 0.028822402 -0.066992998 0.007837039 0.997306287
1341845697.409528 0.036204886 0.052926041 -0.073791161 0.029286951 -0.067015193 0.007687191 0.997292399
1341845697.441666 0.031886343 0.047861207 -0.067569323 0.028746841 -0.066196673 0.007236786 0.997366130
1341845697.477718 0.031575240 0.049055859 -0.070951618 0.029835625 -0.066262342 0.007077667 0.997330964
1341845697.509822 0.031394292 0.052713163 -0.071038820 0.030338077 -0.066139244 0.007042771 0.997324228
1341845697.545892 0.031331740 0.050806373 -0.073422767 0.029985478 -0.066596739 0.007369214 0.997302055
1341845697.577742 0.031888984 0.048101809 -0.071728036 0.030342784 -0.067389667 0.006513841 0.997243941
1341845697.609653 0.033121705 0.050255068 -0.073017500 0.030547637 -0.068155073 0.007397006 0.997179568
1341845697.645769 0.036936786 0.054069996 -0.072517470 0.030776311 -0.069187105 0.008426297 0.997093260
1341845697.677795 0.034970142 0.052084163 -0.067511551 0.030146396 -0.068895809 0.008524504 0.997131824
1341845697.713520 0.033952810 0.054374609 -0.068354994 0.029907009 -0.068535902 0.008552672 0.997163594
1341845697.745975 0.034134820 0.053785078 -0.069971852 0.029435553 -0.068876311 0.009079371 0.997149527
1341845697.777683 0.036155023 0.052007966 -0.072376102 0.029003548 -0.069337443 0.008828389 0.997132480
1341845697.813673 0.035411444 0.052127071 -0.072966218 0.028156364 -0.069182582 0.009042386 0.997165620
1341845697.845793 0.035804130 0.056967463 -0.067610085 0.027595621 -0.068982862 0.008981153 0.997195661
1341845697.877887 0.034490697 0.056580886 -0.066625729 0.026625739 -0.068969458 0.009997326 0.997213304
1341845697.913637 0.034445614 0.052464835 -0.071886994 0.025732296 -0.068848647 0.008570798 0.997258365
1341845697.945734 0.036553729 0.056063022 -0.070776820 0.025755657 -0.069144592 0.007881624 0.997242987
1341845697.981763 0.037289865 0.052721906 -0.068738244 0.024797916 -0.069302499 0.007746619 0.997257352
1341845698.013639 0.040440533 0.050709475 -0.068814307 0.024693055 -0.069556467 0.007574628 0.997243583
1341845698.045700 0.039937895 0.051043581 -0.071774706 0.025094692 -0.069393866 0.007143056 0.997248054
1341845698.081804 0.036591783 0.049824744 -0.072201759 0.024682974 -0.069485247 0.006712799 0.997254968
1341845698.113733 0.038193136 0.048932437 -0.072770663 0.024782497 -0.070180699 0.006465331 0.997205436
1341845698.145605 0.038495496 0.050772369 -0.072886318 0.025462784 -0.070522182 0.006601939 0.997163355
1341845698.181637 0.038009707 0.050072454 -0.073248319 0.025364259 -0.070457026 0.005582992 0.997176647
1341845698.213981 0.035878330 0.046594858 -0.074495181 0.025058821 -0.070833631 0.005269967 0.997159421
1341845698.249641 0.038787939 0.049300071 -0.075989239 0.026075413 -0.072405584 0.005918446 0.997016788
1341845698.281737 0.038416844 0.053204089 -0.075181901 0.025456803 -0.072716929 0.005153709 0.997014344
1341845698.313940 0.039188113 0.047672734 -0.073941946 0.024510801 -0.072980016 0.004285820 0.997022927
1341845698.349629 0.039404612 0.050194800 -0.074550688 0.025096411 -0.072926953 0.003165487 0.997016430
1341845698.381667 0.039484393 0.048953909 -0.075163513 0.024972528 -0.073615618 0.003753142 0.996966898
1341845698.413724 0.037943289 0.048659720 -0.076654628 0.025241151 -0.074560098 0.004168572 0.996888340
1341845698.449543 0.037691239 0.049815997 -0.074166909 0.025778241 -0.076115243 0.004810871 0.996754110
1341845698.481693 0.039454103 0.051660594 -0.076159313 0.025922211 -0.077469289 0.004550362 0.996647298
1341845698.517644 0.038503967 0.050888695 -0.074509270 0.026024237 -0.078063510 0.004176185 0.996599913
1341845698.549633 0.040291443 0.051496126 -0.074004441 0.026772348 -0.078968897 0.002783179 0.996513605
1341845698.581773 0.040726177 0.049080048 -0.076501146 0.027265552 -0.079563811 0.000679473 0.996456623
1341845698.617608 0.041156080 0.051738609 -0.075730376 0.027771568 -0.079898924 0.000245287 0.996415973
1341845698.649887 0.040522639 0.046089761 -0.075173281 0.027473496 -0.080235854 -0.000045055 0.996397197
1341845698.685838 0.042188674 0.047538523 -0.077692159 0.028775129 -0.080556996 -0.000453042 0.996334493
1341845698.717744 0.044778913 0.054005295 -0.074911885 0.029284194 -0.080873735 -0.000351655 0.996294022
1341845698.749680 0.042157702 0.050927896 -0.073098153 0.028498631 -0.080358967 0.000478635 0.996358395
1341845698.785826 0.043763414 0.054399211 -0.074388631 0.028732611 -0.080454424 0.001003190 0.996343553
1341845698.817603 0.043342173 0.049427308 -0.079182625 0.027345581 -0.080149814 -0.000039231 0.996407688
1341845698.849705 0.042229898 0.051804654 -0.074188948 0.026782006 -0.080096461 0.000064377 0.996427238
1341845698.885714 0.042432874 0.050085679 -0.076233372 0.026186258 -0.080047056 -0.000119824 0.996447086
1341845698.917723 0.044930749 0.051168244 -0.078191601 0.025578199 -0.080121785 -0.000349260 0.996456802
1341845698.953706 0.043679733 0.049318194 -0.075499356 0.024727305 -0.079523198 -0.001038087 0.996525764
1341845698.985694 0.045690529 0.051523834 -0.074337259 0.024494743 -0.079701118 -0.000352374 0.996517777
1341845699.017571 0.042387147 0.053577181 -0.076703310 0.023944004 -0.079776406 -0.000134987 0.996525168
1341845699.053593 0.044162601 0.054538220 -0.077366464 0.022833765 -0.080216773 0.000560034 0.996515691
1341845699.086340 0.042338714 0.056978438 -0.077994749 0.021487124 -0.079630703 0.000318633 0.996592760
1341845699.117688 0.041600402 0.053210404 -0.077084094 0.019085405 -0.079343788 -0.000387489 0.996664524
1341845699.153695 0.044236202 0.055128012 -0.075777195 0.017871074 -0.079593159 -0.000629867 0.996667027
1341845699.185845 0.044341393 0.058049005 -0.074137568 0.017252557 -0.078995474 -0.001050878 0.996725142
1341845699.221973 0.044824362 0.054427709 -0.076942757 0.015583229 -0.078568667 -0.001178603 0.996786237
1341845699.253571 0.040874708 0.055763554 -0.070344977 0.015620091 -0.078784272 -0.000007314 0.996769309
1341845699.285622 0.042140584 0.052466493 -0.075514518 0.016142221 -0.080058172 0.000347844 0.996659398
1341845699.321906 0.042396534 0.052635796 -0.076145008 0.016777826 -0.081156760 0.000991600 0.996559620
1341845699.354916 0.041225709 0.054590151 -0.077891655 0.016947981 -0.081519775 0.001072707 0.996527016
1341845699.385859 0.046566315 0.053805918 -0.076602966 0.017257996 -0.082357295 0.000874366 0.996453047
1341845699.421535 0.044171363 0.051601708 -0.075471088 0.017517162 -0.081615224 -0.000182434 0.996509969
1341845699.454093 0.047588553 0.056329455 -0.075088359 0.018256184 -0.081296913 -0.001419007 0.996521711
1341845699.489836 0.045094468 0.051554848 -0.075364403 0.017091800 -0.080260053 -0.001783527 0.996625841
1341845699.522001 0.042817671 0.048195377 -0.075794220 0.016829032 -0.080483340 -0.001070783 0.996613324
1341845699.556281 0.046599761 0.052208096 -0.072401457 0.018300215 -0.081673302 0.000421489 0.996491015
1341845699.595416 0.045711707 0.051236298 -0.073576286 0.018413788 -0.081039853 0.000036691 0.996540725
1341845699.628631 0.049756560 0.056297712 -0.071781181 0.018872138 -0.080671206 0.000452994 0.996562004
1341845699.663810 0.044372905 0.049997821 -0.072790220 0.017883440 -0.078997031 0.000073560 0.996714413
1341845699.696113 0.045632914 0.053259403 -0.073592588 0.019201599 -0.079008088 0.001594236 0.996687770
1341845699.727683 0.045575023 0.059949938 -0.074121781 0.018847613 -0.078567393 0.002131906 0.996728361
1341845699.789808 0.045409046 0.051517919 -0.072858118 0.016012440 -0.077322356 0.000111953 0.996877551
1341845699.821737 0.046726521 0.053066410 -0.073743850 0.016257824 -0.076867096 0.000486661 0.996908665
1341845699.857825 0.045110714 0.053223327 -0.077924058 0.015951689 -0.076674774 0.000139573 0.996928513
1341845699.889686 0.045000236 0.053780686 -0.071949132 0.016266620 -0.077223413 0.000442076 0.996881008
1341845699.925749 0.046858601 0.052328594 -0.073898979 0.016442213 -0.076989941 0.000336866 0.996896267
1341845699.957536 0.045437779 0.052976847 -0.071462795 0.017212698 -0.076490156 0.000785025 0.996921420
1341845699.989671 0.046870805 0.049672503 -0.072118968 0.017739311 -0.076953277 0.001669695 0.996875465
1341845700.025810 0.048013251 0.051760647 -0.070238739 0.019134184 -0.077413701 0.002012577 0.996813416
1341845700.058133 0.049119305 0.049998883 -0.070937693 0.019500284 -0.077111334 0.001741936 0.996830225
1341845700.090754 0.050272167 0.055713430 -0.070233531 0.020506861 -0.076684631 0.000914542 0.996844053
1341845700.125852 0.048519857 0.055058856 -0.069366537 0.020578178 -0.076517709 0.000732989 0.996855557
1341845700.157773 0.050165884 0.054292992 -0.068904035 0.021073638 -0.076791897 0.000072524 0.996824384
1341845700.193533 0.051831365 0.053152792 -0.069670931 0.021147026 -0.076415531 -0.000473841 0.996851683
1341845700.225771 0.052069746 0.053178594 -0.069086224 0.021074647 -0.075651765 -0.000074853 0.996911585
1341845700.257669 0.051021028 0.055014025 -0.067122653 0.021517208 -0.075172067 0.000608564 0.996938229
1341845700.293641 0.050552171 0.053966176 -0.070027575 0.021261515 -0.074775793 0.001401134 0.996972680
1341845700.325714 0.050608844 0.051122990 -0.072074972 0.021084530 -0.074501954 0.001815843 0.996996284
1341845700.357742 0.054360148 0.055737838 -0.066794969 0.021906970 -0.074764557 0.001681158 0.996959150
1341845700.393681 0.052651707 0.056864269 -0.068049759 0.021527115 -0.073399492 0.000596675 0.997070074
1341845700.425997 0.053449765 0.056991726 -0.064982355 0.021272186 -0.073398411 0.000587249 0.997075617
1341845700.461682 0.055656653 0.057075709 -0.064168468 0.021287337 -0.073557086 0.000125452 0.997063816
1341845700.493808 0.054169234 0.059580501 -0.064752780 0.021533879 -0.073010981 -0.000401528 0.997098565
1341845700.526106 0.053101823 0.055572443 -0.064311385 0.020474700 -0.072780393 -0.000434604 0.997137725
1341845700.562458 0.053396925 0.057060655 -0.066183150 0.020466764 -0.072560802 0.000260317 0.997153938
1341845700.626137 0.055761755 0.057061724 -0.066832252 0.020137247 -0.073022105 0.000312758 0.997126997
1341845700.661872 0.054119211 0.057211090 -0.066150934 0.019790050 -0.072090916 -0.000958650 0.997201264
1341845700.693861 0.053040020 0.057724521 -0.066107891 0.019281391 -0.071635365 -0.000523416 0.997244358
1341845700.732394 0.051332273 0.058093343 -0.063034020 0.019472184 -0.072137959 -0.000129284 0.997204542
1341845700.767794 0.054228790 0.056763731 -0.064498566 0.019611020 -0.072692499 0.000395480 0.997161508
1341845700.799058 0.054299943 0.054773796 -0.067091316 0.019630853 -0.072147824 0.000028649 0.997200727
1341845700.867749 0.056055844 0.058396906 -0.062156726 0.020483401 -0.072333492 -0.000488503 0.997170031
1341845700.930007 0.057692420 0.057592694 -0.064629994 0.021361591 -0.073305368 -0.000026936 0.997080743
1341845700.961797 0.058640718 0.060016062 -0.064199694 0.021732615 -0.073234782 -0.000894002 0.997077525
1341845700.997752 0.056579232 0.057985190 -0.065305248 0.021120425 -0.072993502 -0.001049415 0.997108221
1341845701.029597 0.055704053 0.058614623 -0.063233614 0.021430297 -0.073347226 -0.001400170 0.997075200
1341845701.061618 0.055157583 0.055139005 -0.065954618 0.021132799 -0.073568113 -0.001810506 0.997064650
1341845701.097561 0.053702276 0.054974653 -0.065299325 0.021436410 -0.073561318 -0.002053628 0.997058153
1341845701.129741 0.056511126 0.060143843 -0.066989705 0.022236429 -0.073595345 -0.001499885 0.997039139
1341845701.165734 0.053446021 0.057001412 -0.068143815 0.021622125 -0.073001936 -0.001319636 0.997096539
1341845701.197714 0.052784730 0.055882860 -0.065773956 0.021958673 -0.073402375 -0.001256683 0.997059822
1341845701.230497 0.056701001 0.056684706 -0.066783451 0.022253232 -0.074219123 -0.001300593 0.996992767
1341845701.265852 0.056556445 0.054863114 -0.066623777 0.022227678 -0.074584454 -0.001231258 0.996966183
1341845701.297730 0.053961206 0.054121446 -0.066495575 0.023110947 -0.075013712 -0.001744272 0.996913135
1341845701.329611 0.055081613 0.057206437 -0.066186406 0.023450647 -0.074968532 -0.002654649 0.996906579
1341845701.365791 0.054918513 0.055943772 -0.063596316 0.022749860 -0.074749738 -0.002716427 0.996939063
1341845701.397757 0.055379674 0.058758266 -0.061995301 0.023019891 -0.074524529 -0.003570114 0.996947050
1341845701.433542 0.054900642 0.056799531 -0.062079892 0.022370702 -0.074112438 -0.002714587 0.996995270
1341845701.465617 0.053941693 0.058342714 -0.064543396 0.022781856 -0.074012727 -0.000915625 0.996996641
1341845701.497704 0.055224311 0.057965375 -0.066722155 0.022452574 -0.074288137 -0.000448166 0.996983945
1341845701.533597 0.055076152 0.058841519 -0.066076927 0.022243945 -0.074270599 -0.000871457 0.996989608
1341845701.597762 0.053873364 0.057250418 -0.069806822 0.021704631 -0.073061258 -0.001987025 0.997089267
1341845701.633825 0.055183306 0.055359155 -0.067266032 0.022084842 -0.073673643 -0.002083753 0.997035682
1341845701.665709 0.058531564 0.055459626 -0.066859946 0.022699026 -0.074037112 -0.001850458 0.996995389
1341845701.701676 0.058253214 0.055023503 -0.065398231 0.023308080 -0.073561274 -0.001890413 0.997016490
1341845701.733527 0.055218179 0.056085825 -0.064712711 0.024052246 -0.073167190 -0.002264382 0.997027040
1341845701.765764 0.056744784 0.053403951 -0.064348824 0.023720734 -0.073422581 -0.002593419 0.997015417
1341845701.801701 0.058653407 0.054012731 -0.064733781 0.023745036 -0.073443934 -0.002474200 0.997013569
1341845701.833700 0.056334265 0.052812450 -0.063868463 0.023758013 -0.073008291 -0.002173831 0.997045934
1341845701.865775 0.059592411 0.058155891 -0.063004941 0.024774803 -0.073656909 -0.000867378 0.996975482
1341845701.901711 0.060057655 0.057661746 -0.059545975 0.024593795 -0.073587999 -0.001472058 0.996984363
1341845701.933585 0.060127862 0.055888463 -0.064720400 0.023996361 -0.072965831 -0.002111715 0.997043490
1341845701.969726 0.060241755 0.055973146 -0.064356245 0.023626136 -0.073022574 -0.002020725 0.997048378
1341845702.002544 0.059995651 0.056846689 -0.064423308 0.023773197 -0.072761685 -0.001854274 0.997064233
1341845702.034379 0.058520287 0.057935592 -0.063596852 0.024212275 -0.072452195 -0.002146940 0.997075617
1341845702.101809 0.057182726 0.056405764 -0.063553669 0.024464199 -0.072550960 -0.003030058 0.997060001
1341845702.137663 0.060751308 0.055077955 -0.064856313 0.024547189 -0.073463209 -0.003433991 0.996989846
1341845702.169629 0.058618382 0.053952850 -0.063010126 0.025068257 -0.073341787 -0.003990424 0.996983767
1341845702.201769 0.057591654 0.059253566 -0.061044157 0.026062196 -0.072765648 -0.004266052 0.996999383
1341845702.237691 0.058173988 0.055243339 -0.064568967 0.025577171 -0.072386734 -0.004794286 0.997037113
1341845702.269760 0.055910654 0.052927826 -0.064274825 0.025461482 -0.072157070 -0.005355614 0.997053862
1341845702.301761 0.056352079 0.054401256 -0.064847544 0.025773801 -0.071774006 -0.006101544 0.997069180
1341845702.337713 0.057502098 0.054124299 -0.067333609 0.025362756 -0.071430475 -0.006042240 0.997104764
1341845702.369720 0.055080935 0.053093132 -0.066137329 0.025091501 -0.071552582 -0.005283354 0.997107208
1341845702.405655 0.057871610 0.055651732 -0.064120114 0.025428019 -0.071943730 -0.005317802 0.997070312
1341845702.469691 0.060041260 0.052401558 -0.064742915 0.025125502 -0.071280405 -0.005188647 0.997126341
1341845702.506265 0.057096262 0.049882509 -0.065979779 0.024972437 -0.070808172 -0.005571656 0.997161746
1341845702.569753 0.060581900 0.051294845 -0.063546866 0.024827080 -0.071840435 -0.003400936 0.997101307
1341845702.605685 0.061743274 0.055003319 -0.063559622 0.024958456 -0.072188459 -0.003159647 0.997073650
1341845702.637718 0.062303569 0.052177239 -0.064989880 0.024028774 -0.072113909 -0.003819691 0.997099578
1341845702.673733 0.060499240 0.052076016 -0.065804727 0.023901498 -0.071589254 -0.004296439 0.997138500
1341845702.705735 0.060976554 0.054099012 -0.064637244 0.023696590 -0.071162306 -0.004732289 0.997171998
1341845702.737648 0.059854943 0.056821041 -0.064811014 0.023305284 -0.070251927 -0.005966460 0.997239172
1341845702.773644 0.062947966 0.062333323 -0.064396523 0.022209659 -0.070223160 -0.006552399 0.997262537
1341845702.805893 0.057436645 0.054053783 -0.065065153 0.019733282 -0.068647705 -0.007908829 0.997414470
1341845702.837969 0.059613168 0.059862781 -0.065941416 0.019507175 -0.068308555 -0.007847423 0.997442663
1341845702.874009 0.061141472 0.056032125 -0.065738633 0.017176678 -0.067783289 -0.008471791 0.997516215
1341845702.908704 0.059881821 0.053569041 -0.062675081 0.016403928 -0.067347787 -0.008622498 0.997557402
1341845702.941673 0.058982648 0.049044713 -0.063282460 0.016568685 -0.067620158 -0.007790224 0.997543156
1341845702.973595 0.054509804 0.049548090 -0.060432192 0.018795496 -0.068146549 -0.006417678 0.997477651
1341845703.005769 0.056887414 0.052011751 -0.062821120 0.020718161 -0.069942787 -0.004499296 0.997325659
1341845703.041648 0.062878579 0.052105881 -0.064837575 0.021938782 -0.071405627 -0.004336987 0.997196615
1341845703.073714 0.065232091 0.058978621 -0.067964137 0.022005901 -0.071455598 -0.005151885 0.997187734
1341845703.109699 0.065619119 0.058746148 -0.066844739 0.019818338 -0.069941364 -0.006929931 0.997330129
1341845703.142006 0.062165648 0.058012482 -0.065061212 0.018365590 -0.068018414 -0.008147249 0.997481704
1341845703.173706 0.061363563 0.054969970 -0.065395556 0.016667085 -0.067412771 -0.009228574 0.997543275
1341845703.209732 0.058395520 0.053948812 -0.061562058 0.016374247 -0.067157112 -0.009091759 0.997566640
1341845703.242050 0.061811931 0.054481149 -0.063627243 0.017537462 -0.067811012 -0.008589681 0.997507036
1341845703.273874 0.056678642 0.053549044 -0.060946777 0.018094178 -0.067730434 -0.008512938 0.997503221
1341845703.309758 0.059059322 0.053497855 -0.065546542 0.018925535 -0.068921313 -0.006904535 0.997418642
1341845703.341850 0.060076900 0.054543737 -0.061010629 0.019647647 -0.069317535 -0.006717605 0.997378528
1341845703.377702 0.061455764 0.052266557 -0.059764624 0.019960046 -0.068786398 -0.007294401 0.997405052
1341845703.409585 0.062600389 0.056253821 -0.062316142 0.020913096 -0.068799198 -0.007393985 0.997383893
1341845703.441629 0.060586344 0.058460269 -0.060776491 0.020986803 -0.068749115 -0.007994033 0.997381151
1341845703.477741 0.061284434 0.054644741 -0.064068556 0.020299235 -0.068794183 -0.008873471 0.997384846
1341845703.509995 0.058966555 0.052531932 -0.062383160 0.020388506 -0.068347462 -0.009366176 0.997409225
1341845703.541800 0.060255118 0.055431467 -0.062553495 0.021558268 -0.068594530 -0.009538147 0.997366071
1341845703.577765 0.061530963 0.058055758 -0.059223555 0.022070507 -0.069067195 -0.009791871 0.997319758
1341845703.609650 0.060844015 0.053912319 -0.060563017 0.021949919 -0.069071345 -0.010620806 0.997313678
1341845703.651761 0.059283875 0.052495636 -0.063810840 0.021875573 -0.069190443 -0.010484021 0.997308493
1341845703.709916 0.064988464 0.058534943 -0.064272784 0.022773718 -0.071155496 -0.009570919 0.997159302
1341845703.745719 0.065478288 0.062164739 -0.061869025 0.022294197 -0.070870601 -0.010389665 0.997182250
1341845703.777733 0.065264642 0.059822340 -0.063165680 0.020613730 -0.069774859 -0.011179913 0.997287095
1341845703.809711 0.062649906 0.056385901 -0.060866252 0.019715598 -0.068971053 -0.010927633 0.997363985
1341845703.845769 0.063869573 0.058048457 -0.060887411 0.019956574 -0.069292895 -0.011178571 0.997334063
1341845703.877728 0.063510321 0.057814796 -0.060825367 0.019912738 -0.069137171 -0.011248293 0.997344971
1341845703.913808 0.061458196 0.057326693 -0.061013855 0.019255808 -0.068688162 -0.011040651 0.997391224
1341845703.945653 0.062749244 0.052400466 -0.061063498 0.018647783 -0.068519264 -0.011447615 0.997409821
1341845703.977870 0.062257264 0.054611214 -0.060989153 0.019541608 -0.068097375 -0.011595414 0.997419894
1341845704.013637 0.061674930 0.051469989 -0.060187269 0.019879201 -0.068265013 -0.011679267 0.997400761
1341845704.045703 0.063328378 0.052441757 -0.059406821 0.021025533 -0.068911545 -0.010981861 0.997340739
1341845704.077666 0.064110570 0.054594420 -0.059395108 0.021881478 -0.069224969 -0.010291866 0.997307956
1341845704.113706 0.063994296 0.057105675 -0.059915006 0.022230398 -0.068809681 -0.010322455 0.997328699
1341845704.145681 0.063244343 0.056573592 -0.061584443 0.021796266 -0.068297602 -0.010225165 0.997374475
1341845704.181785 0.064877294 0.057606842 -0.060409386 0.021493638 -0.068171225 -0.010960781 0.997381866
1341845704.213778 0.063510284 0.056626067 -0.059341915 0.021142047 -0.067923442 -0.010826897 0.997407734
1341845704.245863 0.064460479 0.057443790 -0.060049675 0.021307757 -0.067948870 -0.010576375 0.997405171
1341845704.281578 0.066971809 0.059414629 -0.058311313 0.021372417 -0.068064928 -0.010128240 0.997400522
1341845704.313707 0.068360925 0.059110213 -0.059190299 0.020420669 -0.067732431 -0.009766215 0.997446716
1341845704.349873 0.067785352 0.060512953 -0.058416843 0.019983692 -0.066227518 -0.009835567 0.997555912
1341845704.381729 0.069882385 0.058426823 -0.056652896 0.018974826 -0.064839274 -0.010457549 0.997660458
1341845704.413817 0.066375673 0.055074438 -0.055284563 0.018484052 -0.062962115 -0.010589903 0.997788548
1341845704.449837 0.070498258 0.061455794 -0.057551000 0.019407786 -0.061932240 -0.010179806 0.997839689
1341845704.481600 0.068293586 0.058837570 -0.058130484 0.017789606 -0.059968837 -0.010562999 0.997985840
1341845704.513671 0.063962847 0.048829671 -0.053162232 0.017544821 -0.058865324 -0.010701402 0.998054385
1341845704.549869 0.060779534 0.046354167 -0.055887215 0.021595635 -0.059559289 -0.007659141 0.997961760
1341845704.581901 0.060299519 0.050825328 -0.055153530 0.026188839 -0.061494917 -0.005525981 0.997748435
1341845704.617838 0.061846916 0.055857144 -0.056559917 0.028687498 -0.062467560 -0.006271189 0.997614920
1341845704.650477 0.063858569 0.056947730 -0.059785746 0.029176310 -0.062652893 -0.007172284 0.997583032
1341845704.681708 0.057881832 0.052581090 -0.060013883 0.029729728 -0.062259078 -0.008164159 0.997583747
1341845704.717704 0.059305031 0.055307854 -0.059191871 0.031313572 -0.063867837 -0.008036258 0.997434616
1341845704.749702 0.061594024 0.057823054 -0.059203401 0.031982414 -0.064423211 -0.009592370 0.997363925
1341845704.781791 0.061758764 0.057804551 -0.059964858 0.031192727 -0.063813828 -0.012080195 0.997401059
1341845704.817744 0.056828067 0.051233072 -0.061259974 0.030752385 -0.063771673 -0.012170749 0.997416317
1341845704.849705 0.057692811 0.055063032 -0.060644202 0.032966588 -0.065647282 -0.012482787 0.997220039
1341845704.885675 0.060345899 0.054648388 -0.062906377 0.033043597 -0.066887364 -0.013140570 0.997126639
1341845704.917742 0.059408352 0.058629457 -0.063685820 0.032993577 -0.067326382 -0.013275790 0.997096956
1341845704.949746 0.058630325 0.056544263 -0.065908127 0.032026749 -0.067598030 -0.014614401 0.997091413
1341845704.985761 0.056255095 0.057146180 -0.061529841 0.031290345 -0.067906499 -0.015189608 0.997085214
1341845705.017537 0.055304907 0.056079190 -0.063116565 0.030550595 -0.068025269 -0.016300129 0.997082531
1341845705.049660 0.055288155 0.058863468 -0.063350886 0.030003835 -0.068218283 -0.016226893 0.997087121
1341845705.085710 0.054668393 0.056384228 -0.061621219 0.029274022 -0.068900600 -0.016845087 0.997051597
1341845705.117831 0.054576233 0.056118716 -0.066443019 0.029161267 -0.069377266 -0.017072009 0.997018039
1341845705.154005 0.061066642 0.060671676 -0.064324521 0.028591344 -0.070436947 -0.017602222 0.996951044
1341845705.185648 0.057130393 0.056273397 -0.062519744 0.027202040 -0.069699220 -0.017882105 0.997036755
1341845705.217695 0.057319798 0.058509711 -0.061119255 0.027399261 -0.069295414 -0.017426783 0.997067571
1341845705.253735 0.059184823 0.061525930 -0.062690422 0.027344611 -0.069088064 -0.017236335 0.997086763
1341845705.285554 0.056848075 0.055260412 -0.063315250 0.026170004 -0.068937369 -0.017505910 0.997124016
1341845705.321646 0.058030609 0.056714274 -0.064194411 0.026758358 -0.069441721 -0.017036699 0.997081578
1341845705.353674 0.057422366 0.059011348 -0.064055808 0.027179839 -0.069888584 -0.015229086 0.997068167
1341845705.385774 0.057870224 0.054952886 -0.063995898 0.027045496 -0.070063069 -0.016115475 0.997045636
1341845705.421801 0.057713427 0.053490952 -0.062179863 0.027985875 -0.069628462 -0.016478321 0.997044206
1341845705.453568 0.058408998 0.054561075 -0.059020199 0.030380102 -0.069956876 -0.015585452 0.996965468
1341845705.485749 0.056379180 0.056470856 -0.058942497 0.032408807 -0.070749909 -0.013866325 0.996870995
1341845705.521655 0.059500951 0.054620732 -0.059449017 0.033546779 -0.071772657 -0.013281800 0.996768236
1341845705.553548 0.058397058 0.058765635 -0.062575907 0.034675185 -0.071567796 -0.012355406 0.996756256
1341845705.589775 0.060742423 0.061228693 -0.060267150 0.034797255 -0.071911149 -0.012483605 0.996725678
1341845705.621894 0.058071099 0.060691770 -0.065071441 0.034691848 -0.071351849 -0.011781006 0.996778131
1341845705.653569 0.050202772 0.056374673 -0.065966345 0.034097135 -0.072742835 -0.011490514 0.996701479
1341845705.689868 0.062516533 0.059292067 -0.057872973 0.035210300 -0.076258495 -0.011825074 0.996396005
1341845705.721810 0.061799720 0.061523631 -0.058680370 0.035327736 -0.075222753 -0.012016877 0.996468306
1341845705.753738 0.060730152 0.056753717 -0.061034113 0.034524158 -0.074317671 -0.013469704 0.996545792
1341845705.789861 0.060664114 0.057133667 -0.058356971 0.034718614 -0.073353074 -0.013312720 0.996612608
1341845705.821704 0.056902550 0.058819801 -0.061350226 0.034604482 -0.071922339 -0.012667551 0.996729255
1341845705.863629 0.057044484 0.053193375 -0.060458742 0.034317277 -0.073047854 -0.012865356 0.996654809
1341845705.895623 0.054166894 0.051572472 -0.060610432 0.035826720 -0.074312024 -0.010811176 0.996532619
1341845705.931726 0.053424925 0.055621453 -0.060974710 0.037710954 -0.076698154 -0.009145246 0.996298969
1341845705.963641 0.058979008 0.063167542 -0.063447423 0.038691852 -0.079073466 -0.010640717 0.996060789
1341845705.995677 0.065601259 0.068305470 -0.056086406 0.038124651 -0.079525180 -0.014506170 0.995997906
1341845706.031837 0.062693119 0.066790491 -0.054076694 0.035187177 -0.077074945 -0.015890645 0.996277511
1341845706.063631 0.052806765 0.060144182 -0.056651331 0.033494040 -0.076488152 -0.015570970 0.996386111
1341845706.095737 0.055615954 0.062115692 -0.054876328 0.034016464 -0.078550883 -0.016870297 0.996186733
1341845706.131716 0.061767258 0.068527691 -0.049401496 0.033830628 -0.078747161 -0.018292570 0.996152461
1341845706.163718 0.058906607 0.059819266 -0.050067354 0.032010652 -0.077017263 -0.017388444 0.996364057
1341845706.195662 0.059210487 0.065132231 -0.048705831 0.033501405 -0.077697083 -0.016191600 0.996282458
1341845706.231610 0.064889237 0.065196306 -0.049736138 0.032423522 -0.077703446 -0.016344331 0.996315062
1341845706.263724 0.063852929 0.067237400 -0.045369465 0.031661373 -0.075756244 -0.014874164 0.996512592
1341845706.299838 0.056911863 0.062916443 -0.050601941 0.029926470 -0.074251473 -0.014269710 0.996688247
1341845706.331753 0.061536517 0.068644904 -0.044946007 0.030325724 -0.075808220 -0.014644194 0.996553600
1341845706.363574 0.060970128 0.062934868 -0.044287078 0.029181799 -0.075604051 -0.014440706 0.996606231
1341845706.399690 0.058614757 0.062813692 -0.042615738 0.029429145 -0.075683169 -0.014294588 0.996595025
1341845706.431735 0.065486565 0.065022841 -0.041413203 0.029985240 -0.076351285 -0.013801184 0.996534467
1341845706.463612 0.062885597 0.062398709 -0.042725880 0.029558379 -0.074884474 -0.012610175 0.996674299
1341845706.499655 0.060276814 0.058991842 -0.042159557 0.029843943 -0.075393222 -0.010858881 0.996648014
1341845706.531782 0.064519346 0.061764970 -0.040645014 0.031052370 -0.076706052 -0.011473776 0.996504068
1341845706.563559 0.068934061 0.059542146 -0.038168795 0.031023201 -0.075063974 -0.011843014 0.996625662
1341845706.599529 0.061348602 0.057795294 -0.042154543 0.031805620 -0.072501682 -0.011500048 0.996794701
1341845706.631786 0.061785441 0.057057820 -0.043034442 0.033461440 -0.073923409 -0.012495724 0.996624053
1341845706.667647 0.071360148 0.056812797 -0.040630408 0.034185361 -0.074327432 -0.012439015 0.996570170
1341845706.700732 0.071102709 0.059958074 -0.040873341 0.034826018 -0.072175294 -0.011571426 0.996716619
1341845706.732115 0.067031197 0.056346226 -0.042994324 0.034978006 -0.071100764 -0.011804452 0.996785760
1341845706.768143 0.070157900 0.058329698 -0.041266605 0.035934255 -0.071379490 -0.009757698 0.996753991
1341845706.800357 0.069407292 0.056317646 -0.042697296 0.036201198 -0.070349559 -0.008311974 0.996830642
1341845706.832602 0.069933355 0.059543546 -0.045278594 0.036537185 -0.070434324 -0.008408311 0.996811569
1341845706.869449 0.070976540 0.062166020 -0.042706441 0.036302205 -0.070460863 -0.008159090 0.996820390
1341845706.933651 0.069159009 0.059409946 -0.039647073 0.035200533 -0.070869960 -0.007759199 0.996834099
1341845706.994021 0.071500957 0.059661906 -0.040915627 0.033980481 -0.070998214 -0.005101773 0.996884406
1341845707.029674 0.067784280 0.057616696 -0.041760802 0.034341246 -0.070776708 -0.004480568 0.996890783
1341845707.061864 0.074212044 0.060602445 -0.039987437 0.035331324 -0.071431503 -0.004216315 0.996810615
1341845707.097704 0.075194120 0.056043830 -0.040650703 0.034942757 -0.070349015 -0.003544138 0.996903896
1341845707.129770 0.071820341 0.050344747 -0.041910887 0.036169104 -0.069759846 -0.002174490 0.996905565
1341845707.161817 0.074530296 0.050460070 -0.044149756 0.038731381 -0.070692174 -0.002745609 0.996742189
1341845707.197721 0.078235440 0.051253490 -0.042535532 0.039645959 -0.069935001 -0.003344827 0.996757805
1341845707.229795 0.078775674 0.049526427 -0.044036262 0.040018622 -0.069121853 -0.003885044 0.996797681
1341845707.261851 0.077393882 0.050599575 -0.041086502 0.040732861 -0.068842791 -0.002733016 0.996791899
1341845707.297710 0.079364248 0.049480479 -0.041945305 0.040476352 -0.068045475 -0.003280299 0.996855438
1341845707.329761 0.080068104 0.048531335 -0.041181024 0.039833065 -0.066558085 -0.003706047 0.996980250
1341845707.365850 0.079079516 0.044473656 -0.040378671 0.039694857 -0.064776711 -0.002208231 0.997107565
1341845707.397796 0.079519890 0.043455847 -0.041178055 0.040773321 -0.064891726 0.000201714 0.997058988
1341845707.429752 0.080648839 0.042630985 -0.042092986 0.041568700 -0.065069422 0.001219474 0.997013807
1341845707.465767 0.091759659 0.043024216 -0.039936304 0.042725381 -0.064962700 0.000133033 0.996972620
1341845707.497642 0.088713810 0.045273043 -0.038230218 0.043642342 -0.063016228 0.000514388 0.997057676
1341845707.533665 0.092193283 0.040787395 -0.037104212 0.043848775 -0.062384088 0.001058882 0.997087955
1341845707.565754 0.096363358 0.043869317 -0.035402667 0.045386449 -0.060884949 0.001166628 0.997111678
1341845707.597603 0.096414596 0.044366535 -0.036088206 0.045739442 -0.058921948 0.001502425 0.997213066
1341845707.633748 0.092578076 0.043809276 -0.034160711 0.045932259 -0.058238968 0.002186242 0.997243047
1341845707.665870 0.094522357 0.045997918 -0.033724979 0.046896104 -0.058668032 0.003297584 0.997169971
1341845707.698455 0.099214405 0.045809366 -0.034302652 0.046213530 -0.058542304 0.002794966 0.997210741
1341845707.734303 0.094123811 0.044990260 -0.034594625 0.045589767 -0.057241898 0.001916935 0.997317016
1341845707.766259 0.095894873 0.043610141 -0.031739201 0.045425788 -0.057920046 0.001993678 0.997285247
1341845707.836344 0.093993507 0.045618892 -0.034349624 0.047319185 -0.057477146 0.001344372 0.997223914
1341845707.866230 0.096111596 0.049411051 -0.029755544 0.047773771 -0.058569055 0.001825626 0.997137904
1341845707.901694 0.098152824 0.048106473 -0.030990103 0.046981666 -0.059122022 0.003027795 0.997139990
1341845707.933640 0.093632288 0.041600656 -0.032875918 0.046359088 -0.058882471 0.002524848 0.997184694
1341845707.965831 0.098174751 0.044667318 -0.031518761 0.047178995 -0.059635364 0.001985727 0.997102737
1341845708.001954 0.097286589 0.045758024 -0.030217353 0.047209486 -0.059015062 0.002916219 0.997135878
1341845708.034393 0.091218814 0.044341218 -0.032570269 0.047296703 -0.058769971 0.001663986 0.997149110
1341845708.069946 0.095261954 0.050827701 -0.027481051 0.047867592 -0.059628993 0.002005630 0.997070253
1341845708.101700 0.094875492 0.043823011 -0.029269293 0.046332728 -0.059377659 0.001703753 0.997158289
1341845708.133697 0.094571225 0.044277914 -0.032907333 0.046799883 -0.060130347 0.001567329 0.997091591
1341845708.169675 0.096497916 0.044718776 -0.033033006 0.046883870 -0.060925335 0.001234891 0.997039855
1341845708.201793 0.094416402 0.040994406 -0.034514077 0.045979615 -0.060411900 0.000201499 0.997113943
1341845708.233744 0.091507569 0.043717477 -0.030398794 0.046868149 -0.060871962 -0.000087172 0.997044623
1341845708.269711 0.093142010 0.042638741 -0.030996770 0.047164705 -0.061830118 0.000320175 0.996971667
1341845708.301629 0.092012964 0.046046715 -0.032897741 0.047889702 -0.062203519 -0.000062176 0.996913910
1341845708.337612 0.097146213 0.045527484 -0.032055810 0.047262050 -0.062671505 -0.001945501 0.996912658
1341845708.369900 0.093762726 0.045591109 -0.030629039 0.046948060 -0.061878506 -0.002416760 0.996976018
1341845708.401883 0.096414551 0.046364591 -0.031799003 0.047372814 -0.063146152 -0.002852601 0.996875286
1341845708.443610 0.097929314 0.044808313 -0.033436492 0.047302205 -0.063319191 -0.003661771 0.996864974
1341845708.501776 0.093565524 0.044764683 -0.031597279 0.046636719 -0.064220443 -0.002434426 0.996842444
1341845708.543852 0.094204828 0.047331039 -0.033273604 0.047411084 -0.066002749 -0.002013475 0.996690452
1341845708.605675 0.096384443 0.049893558 -0.034608796 0.046751004 -0.067628287 -0.004429562 0.996604800
1341845708.637641 0.090640865 0.050537944 -0.033631466 0.047090326 -0.068703182 -0.004887800 0.996513188
1341845708.669692 0.094826713 0.051924184 -0.035116617 0.047304701 -0.070917532 -0.006162077 0.996340811
1341845708.705736 0.095974050 0.053475324 -0.034881696 0.046524808 -0.070769794 -0.007455957 0.996379197
1341845708.738027 0.087215930 0.048920110 -0.039551679 0.045440774 -0.070046462 -0.008419734 0.996472657
1341845708.773829 0.088588990 0.050535250 -0.038842615 0.045833707 -0.072475165 -0.008747200 0.996278107
1341845708.805763 0.095799886 0.054902818 -0.036538791 0.045528375 -0.073796719 -0.008797898 0.996194661
1341845708.838653 0.088389933 0.050155550 -0.038096882 0.044629820 -0.073218569 -0.010644849 0.996259987
1341845708.873912 0.090198636 0.055372424 -0.039065793 0.045460489 -0.074693762 -0.011723985 0.996100783
1341845708.905735 0.087496892 0.051875252 -0.039256815 0.044498343 -0.074556962 -0.012164654 0.996149182
1341845708.938426 0.088117808 0.053721547 -0.038796797 0.044794589 -0.075235806 -0.013950804 0.996061444
1341845708.973642 0.085230969 0.055531811 -0.040192261 0.044964727 -0.075932108 -0.013344259 0.996009290
1341845709.005742 0.089641593 0.054006558 -0.041522183 0.044282138 -0.077448621 -0.014073967 0.995913029
1341845709.041686 0.086293109 0.054819252 -0.042028219 0.044566341 -0.077400506 -0.014919479 0.995891809
1341845709.073656 0.087526418 0.054298226 -0.041634679 0.044036269 -0.078280933 -0.016064474 0.995828748
1341845709.105658 0.084120087 0.056689072 -0.043693412 0.044242408 -0.078374185 -0.016314194 0.995808184
1341845709.141741 0.084908754 0.056043535 -0.046045981 0.044024736 -0.079828948 -0.016964169 0.995691419
1341845709.173646 0.085107379 0.056520268 -0.041223962 0.043724068 -0.079807244 -0.017279323 0.995700955
1341845709.205765 0.085026912 0.060972229 -0.041556239 0.043877602 -0.080090165 -0.016922614 0.995677650
1341845709.241765 0.088246636 0.060705889 -0.044585422 0.043198794 -0.080385290 -0.017021164 0.995681882
1341845709.273754 0.085752122 0.056077454 -0.041611902 0.042096145 -0.079850599 -0.016724257 0.995777130
1341845709.309890 0.085339502 0.055238161 -0.043929078 0.041905370 -0.079825707 -0.015631158 0.995804965
1341845709.341728 0.086011373 0.061566327 -0.041362196 0.042419594 -0.080445722 -0.014840345 0.995745361
1341845709.373776 0.084865354 0.057559960 -0.043649178 0.040574893 -0.079939716 -0.015285712 0.995856285
1341845709.409657 0.085274093 0.063342296 -0.046226293 0.039519910 -0.079936109 -0.013743108 0.995921433
1341845709.442072 0.080751926 0.062281489 -0.046972815 0.037212901 -0.079772256 -0.011638544 0.996050298
1341845709.473660 0.083178200 0.060793780 -0.046232469 0.035211328 -0.080453299 -0.011075669 0.996074677
1341845709.509632 0.082423359 0.063379601 -0.046822928 0.033795979 -0.080318026 -0.010486512 0.996141016
1341845709.541673 0.082678214 0.067472003 -0.046969216 0.032339144 -0.081293039 -0.009853139 0.996116757
1341845709.578645 0.078931607 0.063036121 -0.046336573 0.030807098 -0.081839010 -0.010564950 0.996113300
1341845709.609672 0.080244452 0.064502530 -0.043995041 0.030838465 -0.083565876 -0.011095389 0.995963156
1341845709.642057 0.080622993 0.063173167 -0.046577197 0.030351784 -0.084493123 -0.010697752 0.995904267
1341845709.709730 0.083084770 0.067571342 -0.043462276 0.030010307 -0.086320266 -0.011510185 0.995748818
1341845709.745593 0.085488781 0.066554107 -0.045925643 0.029168699 -0.086362690 -0.011281294 0.995772779
1341845709.777709 0.083041459 0.063925646 -0.046411783 0.028270205 -0.086405247 -0.010304344 0.995805562
1341845709.809687 0.084246255 0.067423567 -0.047951773 0.029043747 -0.086487025 -0.011579548 0.995762229
1341845709.845686 0.084272161 0.065822437 -0.046470273 0.028755313 -0.084749788 -0.013876490 0.995890558
1341845709.878752 0.082345828 0.062592700 -0.045375120 0.028107094 -0.082660861 -0.015156432 0.996066034
1341845709.909693 0.080548629 0.057992674 -0.049669236 0.028331310 -0.081982501 -0.013643448 0.996137559
1341845709.945663 0.081338994 0.058630541 -0.047732562 0.030190729 -0.083361514 -0.013194820 0.995974541
1341845709.977698 0.085168451 0.061509650 -0.046531755 0.032033164 -0.084133536 -0.012639227 0.995859265
1341845710.013739 0.084362358 0.061461233 -0.047947772 0.032472216 -0.083211988 -0.013401874 0.995912492
1341845710.045754 0.079618812 0.059550654 -0.047944896 0.033004567 -0.081967026 -0.014130372 0.995988190
1341845710.077705 0.080890737 0.059760686 -0.049106717 0.033201907 -0.082592696 -0.014836415 0.995919645
1341845710.113730 0.084645942 0.059911158 -0.049431488 0.033166934 -0.082777791 -0.014448652 0.995911181
1341845710.145759 0.079972818 0.057823174 -0.049741626 0.032967798 -0.082185149 -0.014386264 0.995967746
1341845710.177824 0.079314210 0.060395043 -0.047989503 0.033904139 -0.082984082 -0.013808964 0.995878220
1341845710.213581 0.082391202 0.063667916 -0.047531482 0.034724914 -0.083522379 -0.013718675 0.995806217
1341845710.245636 0.080259651 0.057487532 -0.050408509 0.034470752 -0.083325565 -0.014372000 0.995822310
1341845710.281582 0.076444782 0.057827059 -0.052478090 0.036630671 -0.084544912 -0.016050737 0.995616794
1341845710.313617 0.082264774 0.057944898 -0.053015810 0.037219521 -0.085866444 -0.016666720 0.995471716
1341845710.345643 0.080188058 0.058687992 -0.051536184 0.037304156 -0.085084304 -0.015433098 0.995555580
1341845710.381860 0.074363172 0.055619024 -0.054733355 0.037446186 -0.084678791 -0.015865091 0.995578051
1341845710.413817 0.081322655 0.058540758 -0.053973123 0.038239527 -0.086128481 -0.015574906 0.995428085
1341845710.445824 0.079457656 0.055862661 -0.054422688 0.037197452 -0.085102841 -0.015215490 0.995561302
1341845710.481794 0.078403272 0.059560187 -0.055785373 0.037596382 -0.085784674 -0.014646978 0.995496333
1341845710.513650 0.079841085 0.054354463 -0.054226760 0.036896732 -0.086040966 -0.014894675 0.995496750
1341845710.549635 0.077944323 0.053609591 -0.053902216 0.037498511 -0.085956134 -0.013829424 0.995496929
1341845710.581654 0.079142973 0.053068068 -0.054607939 0.038479738 -0.086539000 -0.014338704 0.995401800
1341845710.613694 0.078148767 0.054554641 -0.055498563 0.038541928 -0.085838586 -0.013339333 0.995473921
1341845710.649564 0.079024255 0.052231889 -0.056058601 0.038606886 -0.085980311 -0.012726641 0.995467186
1341845710.681648 0.080350593 0.053297583 -0.053654566 0.039633729 -0.086293586 -0.012895131 0.995397568
1341845710.713728 0.081315808 0.052229472 -0.054200232 0.039476790 -0.085700639 -0.012696855 0.995457590
1341845710.749785 0.080130674 0.049667872 -0.056135047 0.039408103 -0.084882200 -0.012089571 0.995537996
1341845710.781816 0.081456736 0.057197563 -0.052524362 0.041236691 -0.085330807 -0.011942396 0.995427310
1341845710.817567 0.083948888 0.054612525 -0.054362081 0.040930599 -0.084991433 -0.012720948 0.995459318
1341845710.850205 0.082127415 0.056507502 -0.053009294 0.040623225 -0.084103674 -0.011465386 0.995562613
1341845710.882136 0.078883171 0.051158842 -0.054082010 0.039573960 -0.084091492 -0.010759733 0.995613754
1341845710.917631 0.084842041 0.054306127 -0.052074850 0.040049795 -0.085099809 -0.011407203 0.995501876
1341845710.950281 0.081468649 0.054103360 -0.052742064 0.039810184 -0.083569653 -0.011096120 0.995644569
1341845710.985647 0.078975029 0.051469777 -0.055190943 0.040673938 -0.083997950 -0.010742127 0.995577514
1341845711.017722 0.082344122 0.056138068 -0.053782053 0.042819224 -0.085954145 -0.012844667 0.995295644
1341845711.049965 0.087970987 0.059402835 -0.053647768 0.041881632 -0.084765069 -0.014515071 0.995414555
1341845711.085583 0.085296884 0.053789228 -0.049318302 0.040278614 -0.082239330 -0.013959472 0.995700479
1341845711.117670 0.079100490 0.052540168 -0.055511761 0.040882606 -0.082288213 -0.013475637 0.995678484
1341845711.149770 0.087784193 0.058090847 -0.052690022 0.041724723 -0.084098808 -0.012322266 0.995507181
1341845711.191691 0.086413756 0.053122576 -0.050267860 0.039876923 -0.082195498 -0.012689630 0.995737255
1341845711.253627 0.080383360 0.055017177 -0.053455904 0.041205596 -0.083766371 -0.012562723 0.995553851
1341845711.285627 0.085426062 0.057436831 -0.048892550 0.040754016 -0.084761411 -0.013085784 0.995481491
1341845711.317874 0.085960761 0.057520688 -0.050065000 0.039944082 -0.083956517 -0.013299753 0.995579720
1341845711.353756 0.090495549 0.062905140 -0.050356559 0.039362688 -0.083934069 -0.014788431 0.995583773
1341845711.385687 0.088741131 0.058938578 -0.047682010 0.037248828 -0.081744112 -0.015266831 0.995840013
1341845711.417635 0.082196839 0.057339106 -0.049001757 0.036607716 -0.080389023 -0.013946260 0.995993495
1341845711.485895 0.086232156 0.059539940 -0.047767080 0.038731772 -0.083430044 -0.012164464 0.995686352
1341845711.521704 0.085920773 0.055450067 -0.048137531 0.038545053 -0.082499512 -0.011694786 0.995776772
1341845711.553696 0.088936582 0.056501061 -0.047790937 0.039389327 -0.082833767 -0.011835956 0.995714307
1341845711.585708 0.088340141 0.057118099 -0.048176236 0.038368411 -0.081759490 -0.012782166 0.995831251
1341845711.621659 0.086198673 0.058316976 -0.045060765 0.038005661 -0.080367826 -0.012441722 0.995962739
1341845711.653731 0.086710170 0.058906801 -0.047008164 0.038466334 -0.080827400 -0.012207150 0.995910764
1341845711.685758 0.087339036 0.058191266 -0.046482686 0.038271844 -0.081010163 -0.011480501 0.995912075
1341845711.721850 0.088602901 0.056163456 -0.048254326 0.038385410 -0.081010647 -0.010500419 0.995918512
1341845711.754323 0.085059829 0.055080052 -0.047761895 0.038577959 -0.081390306 -0.009859206 0.995886624
1341845711.789716 0.088232405 0.059566621 -0.046238072 0.039536737 -0.082665168 -0.009731196 0.995745242
1341845711.821820 0.087896757 0.057927359 -0.045739882 0.039393544 -0.082368702 -0.010217885 0.995770633
1341845711.854173 0.087553002 0.057311788 -0.047394853 0.039690234 -0.081980906 -0.011476643 0.995777130
1341845711.889875 0.094037287 0.059239041 -0.046775751 0.039326817 -0.081464291 -0.012524895 0.995821357
1341845711.923959 0.093003571 0.057665743 -0.047661737 0.038178019 -0.079264924 -0.012217741 0.996047318
1341845711.957595 0.088120997 0.056729391 -0.048524663 0.037485160 -0.078318715 -0.014138868 0.996123075
1341845711.989820 0.091148891 0.064991601 -0.043053530 0.037874166 -0.078068770 -0.014191014 0.996127248
1341845712.057899 0.086608760 0.061571542 -0.046797868 0.036157094 -0.077126838 -0.012086548 0.996292174
1341845712.090038 0.095628083 0.066651054 -0.045345239 0.036081936 -0.077374347 -0.015241124 0.996232390
1341845712.127587 0.089376107 0.062186368 -0.046550281 0.033990327 -0.073988952 -0.016084617 0.996549845
1341845712.195638 0.086893067 0.065970883 -0.044363577 0.036675043 -0.078864321 -0.013196164 0.996123135
1341845712.257830 0.089277193 0.062301330 -0.046975426 0.034566749 -0.075642653 -0.015988095 0.996407390
1341845712.289935 0.084364682 0.062018048 -0.047484033 0.034850709 -0.075666837 -0.015519956 0.996403098
