1341845688.561749 0.000000000 0.000000000 0.000000000 0.000000000 0.000000000 0.000000000 1.000000000
1341845688.593654 -0.004295195 -0.003466458 -0.001031785 0.000390877 -0.002536883 0.003724297 0.999989748
1341845688.629688 -0.007863192 0.001495468 -0.005763130 0.002547762 -0.007242770 0.008246914 0.999936521
1341845688.663680 -0.010981850 -0.004798870 -0.006283601 0.003301338 -0.012026209 0.012646935 0.999842227
1341845688.697719 -0.015809273 -0.011977437 -0.012587138 0.005402166 -0.016563129 0.018676182 0.999673784
1341845688.729899 -0.016195329 -0.006394757 -0.016194265 0.010446238 -0.023092989 0.021019308 0.999457717
1341845688.761762 -0.009096745 -0.001874476 -0.014338959 0.013585981 -0.027359253 0.021124171 0.999310076
1341845688.797687 -0.008265265 0.004486375 -0.017436842 0.015748771 -0.026334660 0.019357465 0.999341667
1341845688.829892 -0.004656670 0.010085465 -0.019180370 0.016203765 -0.024858192 0.017621977 0.999404311
1341845688.865774 -0.011364245 0.005162460 -0.025046157 0.014792766 -0.023586961 0.018438695 0.999442279
1341845688.929779 -0.025257336 0.013921179 -0.031436969 0.016155945 -0.028176952 0.020607067 0.999259949
1341845688.965631 -0.016553523 0.018513471 -0.029295417 0.016645713 -0.032449402 0.019323429 0.999147952
1341845688.997750 -0.012039013 0.026278855 -0.041165642 0.015958365 -0.032589853 0.015692541 0.999218166
1341845689.029751 -0.014627980 0.030611437 -0.042015944 0.012383941 -0.029702051 0.010214643 0.999429882
1341845689.065755 -0.015180118 0.039235838 -0.043170400 0.009901845 -0.028190974 0.009096832 0.999512136
1341845689.097725 -0.016058529 0.036014780 -0.043754544 0.005544744 -0.027285688 0.010688111 0.999555171
1341845689.133718 -0.011529287 0.036895242 -0.038573746 0.003429614 -0.027184198 0.013335919 0.999535620
1341845689.165884 -0.016974609 0.047629673 -0.040375054 0.002299635 -0.025370812 0.016740359 0.999535322
1341845689.198264 -0.018061804 0.045028739 -0.042945862 -0.001722758 -0.025065424 0.019191323 0.999500096
1341845689.234322 -0.016933786 0.039073057 -0.044503234 -0.005030457 -0.024145775 0.020530438 0.999484956
1341845689.265745 -0.021593723 0.040009081 -0.044330332 -0.006072324 -0.023134869 0.022432545 0.999462187
1341845689.297769 -0.016136609 0.044423833 -0.048329704 -0.006900540 -0.024246354 0.023159621 0.999413908
1341845689.333650 -0.018312022 0.040275846 -0.049357459 -0.008635614 -0.022781927 0.023168994 0.999434650
1341845689.365881 -0.022540325 0.038705185 -0.049918458 -0.008465182 -0.021825679 0.022587970 0.999470770
1341845689.401592 -0.025660699 0.041597426 -0.050910238 -0.007005082 -0.022246368 0.022782797 0.999468327
1341845689.433744 -0.024694322 0.039843582 -0.050279647 -0.006817943 -0.023411179 0.022655658 0.999445915
1341845689.465651 -0.028259858 0.033914294 -0.051548440 -0.004774679 -0.024312353 0.022970753 0.999429047
1341845689.501840 -0.033611987 0.031978481 -0.055498268 -0.001326897 -0.026568914 0.019250182 0.999460757
1341845689.533687 -0.028590960 0.036004964 -0.052189857 0.001298822 -0.029186359 0.014471831 0.999468386
1341845689.565814 -0.028016768 0.034163531 -0.053564135 0.003409115 -0.029132940 0.011354958 0.999505222
1341845689.601682 -0.037658408 0.028785678 -0.060787696 0.005304781 -0.029293671 0.008094033 0.999523997
1341845689.633591 -0.030956801 0.031732012 -0.061415702 0.007751817 -0.033391342 0.003768840 0.999405205
1341845689.669672 -0.038851362 0.031471759 -0.060158737 0.008660517 -0.033970691 0.002416211 0.999382377
1341845689.701700 -0.035414755 0.034682300 -0.065671951 0.010164352 -0.036859758 0.002346745 0.999266028
1341845689.733773 -0.040917996 0.037812054 -0.060120132 0.011033156 -0.038943708 0.000772345 0.999180198
1341845689.769822 -0.035958845 0.038857430 -0.062739551 0.011343455 -0.041309863 -0.000569399 0.999081850
1341845689.802003 -0.041668598 0.032841761 -0.063260645 0.010476251 -0.041945416 -0.001690323 0.999063551
1341845689.833757 -0.045867577 0.033347681 -0.060232449 0.011520607 -0.044619389 -0.001766669 0.998936117
1341845689.869861 -0.039679602 0.029779134 -0.067223214 0.011761283 -0.047677424 -0.004039931 0.998785377
1341845689.901825 -0.043977816 0.030890316 -0.066622525 0.012152264 -0.048408564 -0.003896976 0.998746097
1341845689.937674 -0.040981349 0.029764438 -0.067661926 0.013001940 -0.051300529 -0.002833501 0.998594582
1341845689.969679 -0.035959832 0.035224896 -0.066380098 0.013910522 -0.053384114 -0.002522032 0.998473942
1341845690.003830 -0.039161004 0.039623406 -0.062618107 0.014462701 -0.052845489 -0.003643875 0.998491287
1341845690.037686 -0.040008187 0.036768634 -0.060744785 0.014172511 -0.053131860 -0.005079135 0.998474002
1341845690.069636 -0.033883341 0.038337234 -0.061383221 0.014913135 -0.053665388 -0.004345567 0.998438179
1341845690.106587 -0.040470451 0.035900924 -0.066593572 0.014190906 -0.052915078 -0.003625443 0.998491585
1341845690.138859 -0.035942327 0.033780798 -0.066993937 0.013579349 -0.054219916 -0.004717801 0.998425543
1341845690.169919 -0.034231625 0.037654098 -0.061855022 0.014546303 -0.053764585 -0.004061392 0.998439372
1341845690.206103 -0.036346320 0.041599575 -0.065219916 0.014499400 -0.053494118 -0.004616742 0.998452246
1341845690.237700 -0.037706994 0.033203267 -0.067487158 0.012435415 -0.053873427 -0.004233540 0.998461366
1341845690.269981 -0.043424405 0.029146099 -0.070340082 0.012597168 -0.054169353 -0.005554556 0.998436868
1341845690.306143 -0.036178757 0.038705010 -0.063985236 0.014627043 -0.056590330 -0.006633984 0.998268306
1341845690.338646 -0.037970498 0.039001871 -0.069394320 0.013674774 -0.056414738 -0.005619686 0.998297930
1341845690.373833 -0.038897004 0.036064439 -0.070235759 0.012198653 -0.056634303 -0.006001694 0.998302400
1341845690.405976 -0.038632702 0.034640811 -0.069569811 0.012034480 -0.056909692 -0.006493844 0.998285711
1341845690.437908 -0.037155289 0.039692704 -0.063693315 0.013093117 -0.056616135 -0.006806579 0.998286963
1341845690.473654 -0.036677383 0.034135658 -0.069255173 0.011947578 -0.057337198 -0.005183779 0.998269916
1341845690.505978 -0.040333018 0.033817574 -0.068485834 0.012496904 -0.058348436 -0.005197220 0.998204529
1341845690.537884 -0.036793366 0.035522774 -0.071574651 0.013081309 -0.058941457 -0.008040762 0.998143315
1341845690.573708 -0.034278482 0.040002391 -0.067346983 0.013142235 -0.057994585 -0.006816576 0.998207092
1341845690.605848 -0.040772524 0.036274921 -0.067445561 0.012367985 -0.056495260 -0.005867385 0.998309016
1341845690.641747 -0.041889738 0.033034574 -0.067796685 0.012685629 -0.056937251 -0.005676126 0.998281002
1341845690.673751 -0.034740184 0.039704975 -0.062889867 0.013690626 -0.057265289 -0.006142834 0.998246193
1341845690.706003 -0.031671375 0.034795526 -0.062535211 0.013292813 -0.056564048 -0.005964940 0.998292685
1341845690.741684 -0.033522286 0.034356147 -0.063222565 0.014017257 -0.055620342 -0.007069991 0.998328567
1341845690.773770 -0.030549940 0.040973574 -0.055178907 0.015532836 -0.055362664 -0.006567237 0.998323858
1341845690.805715 -0.032782715 0.036394797 -0.057969507 0.015182961 -0.053889904 -0.006218030 0.998412073
1341845690.841674 -0.030098135 0.035489243 -0.064605810 0.014960377 -0.053818189 -0.005291945 0.998424649
1341845690.873770 -0.029531933 0.042452663 -0.062249418 0.015909377 -0.053060789 -0.005458036 0.998449624
1341845690.909837 -0.028152123 0.037474833 -0.058667727 0.014753042 -0.052477103 -0.004383385 0.998503506
1341845690.941576 -0.026280565 0.040945128 -0.056146260 0.015212712 -0.052668124 -0.004268815 0.998487055
1341845690.973879 -0.027528390 0.040555574 -0.055807300 0.015143747 -0.051994245 -0.004045071 0.998524368
1341845691.011558 -0.026608367 0.040422525 -0.058839649 0.014863009 -0.051238287 -0.003269370 0.998570502
1341845691.077986 -0.026574645 0.041146886 -0.055460807 0.015693657 -0.051299445 -0.004951106 0.998547733
1341845691.109685 -0.023022942 0.041388333 -0.052992597 0.016252384 -0.051273413 -0.004761463 0.998541057
1341845691.141759 -0.028128622 0.043118354 -0.053320408 0.016930051 -0.049321271 -0.004548348 0.998629093
1341845691.177729 -0.027772823 0.039313141 -0.056318995 0.017015588 -0.049694955 -0.005797603 0.998602629
1341845691.209644 -0.021734038 0.048343372 -0.054481506 0.018423229 -0.050815269 -0.006930562 0.998514056
1341845691.241757 -0.021282993 0.042566527 -0.053169828 0.017419532 -0.049579546 -0.007132730 0.998592794
1341845691.277595 -0.027769860 0.035389312 -0.059098709 0.017110104 -0.048582371 -0.006087326 0.998654068
1341845691.310138 -0.027268084 0.039832026 -0.062389567 0.018169407 -0.050631899 -0.007631532 0.998522937
1341845691.345620 -0.015238769 0.043438610 -0.058471262 0.018764824 -0.051875006 -0.008324781 0.998442590
1341845691.378062 -0.023685871 0.034261566 -0.062128503 0.017721588 -0.048308525 -0.009882204 0.998626351
1341845691.451922 -0.017897645 0.048472911 -0.058738951 0.020457739 -0.048914075 -0.010565652 0.998537540
1341845691.509739 -0.027159939 0.038947724 -0.057939570 0.018283328 -0.045845319 -0.011360128 0.998716652
1341845691.545833 -0.018244354 0.046961643 -0.057373770 0.019855175 -0.047732368 -0.012579968 0.998583555
1341845691.578399 -0.018374279 0.043203447 -0.061120234 0.017954439 -0.046359841 -0.014774030 0.998654127
1341845691.613857 -0.018323921 0.044875436 -0.053245626 0.018476831 -0.043032136 -0.019592553 0.998710632
1341845691.645632 -0.015939642 0.035143033 -0.061724555 0.018250594 -0.040775422 -0.021478614 0.998770714
1341845691.677793 -0.023769107 0.041691244 -0.059190590 0.020290723 -0.039443776 -0.019908989 0.998817325
1341845691.713727 -0.024664830 0.043278955 -0.059296798 0.020814843 -0.040976897 -0.017582476 0.998788536
1341845691.746050 -0.015044505 0.045817163 -0.057723556 0.021746058 -0.042523235 -0.018610818 0.998685420
1341845691.778411 -0.010290105 0.052010123 -0.058422405 0.021511987 -0.040687606 -0.019255135 0.998754740
1341845691.813646 -0.016989538 0.046063021 -0.055603690 0.019177450 -0.038674328 -0.017376315 0.998916686
1341845691.845603 -0.020722065 0.041501187 -0.059171960 0.018688515 -0.039033029 -0.016991394 0.998918653
1341845691.881595 -0.012795523 0.049664155 -0.053418603 0.020365808 -0.041309979 -0.018698988 0.998763800
1341845691.913600 -0.011345534 0.046166357 -0.054715540 0.019814283 -0.040433809 -0.018569618 0.998813152
1341845691.945997 -0.023997366 0.040814016 -0.052542448 0.019703770 -0.039226994 -0.016132904 0.998905778
1341845691.981657 -0.022676762 0.038833547 -0.060952861 0.021282885 -0.043812394 -0.013213703 0.998725653
1341845692.013904 -0.014004819 0.044423219 -0.057159897 0.024067167 -0.049030606 -0.011716281 0.998438537
1341845692.049676 -0.010297914 0.042653602 -0.060687710 0.024041731 -0.050326478 -0.009891861 0.998394430
1341845692.081862 -0.012191512 0.041251548 -0.057006944 0.024391841 -0.050912198 -0.010033309 0.998354793
1341845692.113695 -0.003453285 0.045490567 -0.057478260 0.025702767 -0.053498968 -0.010685312 0.998179853
1341845692.149736 -0.000031021 0.044039108 -0.055718910 0.025220767 -0.053132664 -0.011386263 0.998203993
1341845692.182123 -0.005223540 0.038882673 -0.060512770 0.025382213 -0.051194504 -0.010725751 0.998308480
1341845692.213661 -0.001365630 0.043829296 -0.059035350 0.027041176 -0.052355617 -0.009575426 0.998216391
1341845692.249828 -0.001944831 0.043702666 -0.062832080 0.026792476 -0.051912457 -0.010026369 0.998241842
1341845692.282146 -0.004423700 0.042181667 -0.061994955 0.026058258 -0.050753325 -0.011115093 0.998309314
1341845692.317711 -0.005617906 0.039688356 -0.064042345 0.025375603 -0.051249713 -0.010999365 0.998302877
1341845692.349688 0.000668380 0.038421940 -0.062328644 0.025775777 -0.053605936 -0.011125105 0.998167455
1341845692.381560 0.003284764 0.036285460 -0.063512221 0.026713075 -0.053853426 -0.012474121 0.998113513
1341845692.417776 -0.002055022 0.037664324 -0.064855337 0.027825275 -0.052555408 -0.013570445 0.998138011
1341845692.449672 -0.000447354 0.038081747 -0.063804649 0.028571036 -0.053113814 -0.013675991 0.998085976
1341845692.481594 -0.001423288 0.041898582 -0.062687099 0.030143868 -0.053386435 -0.014716921 0.998010337
1341845692.517778 0.000076138 0.034716129 -0.065382011 0.030331234 -0.053810656 -0.015303782 0.997973084
1341845692.549744 -0.000080575 0.039478369 -0.067314245 0.032482188 -0.053729720 -0.015907424 0.997900307
1341845692.585822 0.002580471 0.041199073 -0.070286073 0.032934655 -0.054178588 -0.016666614 0.997848809
1341845692.617836 0.002470465 0.039359909 -0.067031987 0.033038709 -0.053237263 -0.016120136 0.997905016
1341845692.649770 -0.000811696 0.037348647 -0.068792827 0.033491261 -0.052609127 -0.015784740 0.997928560
1341845692.685749 -0.004933888 0.036572196 -0.071137324 0.033549383 -0.053043518 -0.015631858 0.997906029
1341845692.717676 0.001787422 0.040525813 -0.070518941 0.034485340 -0.053756155 -0.016188456 0.997827113
1341845692.749897 -0.001585163 0.039597150 -0.069627710 0.034413949 -0.051782336 -0.015074326 0.997951388
1341845692.785833 -0.007862445 0.035952322 -0.075751066 0.034816477 -0.051507104 -0.016223164 0.997933686
1341845692.817657 -0.005231910 0.040381510 -0.073335379 0.036768019 -0.052821070 -0.020295247 0.997720480
1341845692.853833 -0.005522911 0.035849333 -0.078453936 0.036703765 -0.050989337 -0.021424422 0.997794509
1341845692.885614 -0.005984671 0.032513171 -0.081026450 0.037808612 -0.051041629 -0.021662297 0.997745454
1341845692.917728 -0.004728310 0.037599333 -0.078541026 0.039631747 -0.051949214 -0.022493625 0.997609437
1341845692.953573 0.002961547 0.035511963 -0.079702094 0.040159054 -0.052408982 -0.022647442 0.997560859
1341845692.985667 -0.003699007 0.033034772 -0.079653814 0.040886369 -0.051011197 -0.023117922 0.997592986
1341845693.017585 -0.001928532 0.039229635 -0.082196034 0.041753162 -0.051455684 -0.023023384 0.997536421
1341845693.053684 -0.002835868 0.030976266 -0.084492303 0.040380456 -0.050528850 -0.023541655 0.997628212
1341845693.086059 -0.005883290 0.034747269 -0.086882681 0.041895669 -0.050045121 -0.022689914 0.997609854
1341845693.121690 -0.007579881 0.038523320 -0.082947791 0.042587385 -0.050867688 -0.020799989 0.997580171
1341845693.153852 -0.002190436 0.042976491 -0.083415866 0.042383514 -0.052555550 -0.021449914 0.997487605
1341845693.185655 0.001093614 0.041279558 -0.080755010 0.041450318 -0.051296316 -0.022147812 0.997577071
1341845693.221687 -0.008146230 0.038681772 -0.086287849 0.041109454 -0.049403161 -0.019631881 0.997739434
1341845693.254518 -0.010705849 0.039574407 -0.084980361 0.041780122 -0.052147809 -0.017889582 0.997604609
1341845693.289735 0.004497823 0.040216733 -0.088572487 0.041988451 -0.054524772 -0.018896079 0.997450233
1341845693.321741 0.011276590 0.040441819 -0.087036356 0.041275300 -0.051100317 -0.018916218 0.997660935
1341845693.353715 0.006379331 0.037929546 -0.084869117 0.041310068 -0.047069427 -0.017019754 0.997891903
1341845693.421993 0.007307714 0.040173400 -0.083285369 0.042154115 -0.044140380 -0.017785264 0.997977138
1341845693.453700 0.003392465 0.038581084 -0.083737865 0.041980419 -0.041820541 -0.020525826 0.998031735
1341845693.489783 0.002588238 0.035797499 -0.085010231 0.042668626 -0.040128775 -0.020846084 0.998065412
1341845693.522084 -0.001502779 0.032676581 -0.084823199 0.044213317 -0.040416975 -0.020103142 0.998001754
1341845693.557666 0.002742498 0.035224456 -0.082792610 0.046420515 -0.042506207 -0.020677257 0.997802973
1341845693.589792 0.007597204 0.037741479 -0.085364610 0.047617696 -0.043628868 -0.022113359 0.997667313
1341845693.622158 0.005980907 0.038922947 -0.082780749 0.047827549 -0.042216539 -0.022846192 0.997701526
1341845693.689929 0.006915810 0.043531355 -0.085405000 0.047303814 -0.041033398 -0.021258857 0.997810960
1341845693.721602 0.007611570 0.048190959 -0.083513670 0.045750096 -0.039732896 -0.022210000 0.997915268
1341845693.757636 0.002661488 0.046507388 -0.082208134 0.043800797 -0.038275570 -0.022419896 0.998055041
1341845693.789776 0.001956578 0.045803390 -0.080994785 0.042796701 -0.039204009 -0.021768289 0.998076975
1341845693.825637 0.002403536 0.049044315 -0.080290183 0.041697249 -0.039744392 -0.021236870 0.998113573
1341845693.857724 -0.000011373 0.044551462 -0.075498261 0.040411662 -0.039330982 -0.020519134 0.998197854
1341845693.889741 0.002629755 0.046810161 -0.077802032 0.041146137 -0.039447494 -0.019191192 0.998189688
1341845693.925573 0.000925784 0.046028458 -0.076232262 0.040533170 -0.038863983 -0.018673634 0.998247445
1341845693.957722 0.002970512 0.045430340 -0.074927479 0.041040480 -0.038765140 -0.017657328 0.998249054
1341845693.990410 0.005850467 0.046198986 -0.080299519 0.041866008 -0.038113236 -0.017035443 0.998250663
1341845694.025740 0.004458460 0.045147985 -0.078770399 0.042148855 -0.036486324 -0.018384872 0.998275638
1341845694.057728 0.001787315 0.042345367 -0.077088609 0.042400662 -0.035220284 -0.018689562 0.998304784
1341845694.093631 0.004934935 0.039803501 -0.081059195 0.043551903 -0.035803527 -0.018598482 0.998236179
1341845694.125598 0.003213384 0.040365130 -0.079901710 0.045073979 -0.035763517 -0.018801764 0.998166203
1341845694.157890 0.008019512 0.041955564 -0.080812983 0.045887157 -0.035689749 -0.018987710 0.998128295
1341845694.193528 0.005835120 0.039236102 -0.081877097 0.046431433 -0.034804240 -0.019737914 0.998119831
1341845694.226254 0.003578358 0.040502146 -0.078295231 0.047948718 -0.034787010 -0.019596215 0.998051465
1341845694.261793 0.006874213 0.041447043 -0.081354819 0.048473231 -0.034797944 -0.017967746 0.998056412
1341845694.293655 0.006701251 0.041217275 -0.081717715 0.048943907 -0.034850921 -0.016401891 0.998058558
1341845694.325844 0.002258887 0.037580188 -0.081238374 0.049735632 -0.035904307 -0.014629946 0.998009622
1341845694.361761 0.002980011 0.039294623 -0.083960086 0.051403705 -0.038197562 -0.012339200 0.997870922
1341845694.393754 0.004323305 0.041529011 -0.084028609 0.052467231 -0.040383954 -0.011709630 0.997737050
1341845694.425809 0.002787184 0.041561745 -0.084167369 0.052414075 -0.041556306 -0.012158021 0.997686327
1341845694.461731 0.006450522 0.044252288 -0.085730709 0.052578025 -0.043380987 -0.012300096 0.997598290
1341845694.493931 0.010011567 0.047018331 -0.083293095 0.051581413 -0.043722909 -0.013511957 0.997619689
1341845694.529694 0.005002488 0.045606427 -0.083892196 0.050154679 -0.042422116 -0.015271920 0.997723222
1341845694.561652 0.003775761 0.040027458 -0.084038511 0.049343728 -0.043428633 -0.015113544 0.997722805
1341845694.595586 0.003006562 0.042398822 -0.082879260 0.050601173 -0.044860255 -0.014115881 0.997611046
1341845694.629850 0.002555602 0.039337404 -0.083032869 0.051423773 -0.046663649 -0.013174829 0.997499108
1341845694.661659 0.013244640 0.045450389 -0.083118051 0.053749401 -0.048707437 -0.011485600 0.997299671
1341845694.693720 0.031702220 0.047559872 -0.092009120 0.053226631 -0.047207676 -0.009587687 0.997419894
1341845694.735664 0.030943617 0.044869825 -0.090936191 0.050929125 -0.040047102 -0.008681096 0.997861266
1341845694.767988 0.029477542 0.051035814 -0.087207891 0.050055731 -0.034098960 -0.007340053 0.998137176
1341845694.803611 0.028240509 0.047122363 -0.083398610 0.047604490 -0.028532021 -0.006107005 0.998439968
1341845694.835585 0.020824125 0.047481187 -0.074503735 0.046939332 -0.023908429 -0.005603104 0.998595893
1341845694.867728 0.023823852 0.052011002 -0.074534878 0.046882119 -0.021582659 -0.004482848 0.998657167
1341845694.903566 0.020848239 0.047514323 -0.076207377 0.044610661 -0.018426135 -0.004390100 0.998824835
1341845694.935679 0.018951681 0.044001199 -0.077946909 0.043890916 -0.016145008 -0.003482458 0.998899817
1341845694.967669 0.024180593 0.044869784 -0.073880762 0.044513412 -0.015779110 -0.002109544 0.998881936
1341845695.003730 0.028562313 0.044634011 -0.076490581 0.044406433 -0.014326638 -0.001413600 0.998909831
1341845695.035689 0.029540868 0.044197254 -0.073645398 0.044301670 -0.011089096 -0.000471572 0.998956501
1341845695.072465 0.025062278 0.042956103 -0.071036920 0.044215135 -0.008838276 0.000533353 0.998982787
1341845695.103895 0.019354768 0.042414058 -0.070796140 0.044444967 -0.009555800 0.001098307 0.998965502
1341845695.135680 0.020191710 0.036939416 -0.074759237 0.044714205 -0.013119411 0.001272554 0.998912871
1341845695.172193 0.018308645 0.036256958 -0.074414499 0.047572423 -0.018594455 0.001141968 0.998694062
1341845695.203618 0.017809004 0.033511527 -0.081239879 0.049832225 -0.026540864 0.002231896 0.998402417
1341845695.235612 0.017855627 0.031839129 -0.080064721 0.053265736 -0.033725973 0.002133921 0.998008430
1341845695.271738 0.018949790 0.033757403 -0.075695254 0.056496259 -0.039475024 0.001174159 0.997621417
1341845695.303569 0.022548657 0.037541039 -0.076619454 0.058671061 -0.044195995 0.000394459 0.997298479
1341845695.335657 0.018602343 0.042646781 -0.071582496 0.060134277 -0.046850264 -0.001983848 0.997088253
1341845695.371706 0.016463403 0.037667144 -0.070554569 0.059756804 -0.049533494 -0.005534421 0.996967852
1341845695.403745 0.017772701 0.038623586 -0.073228821 0.060301755 -0.052475743 -0.007622355 0.996770740
1341845695.435657 0.015303109 0.036611024 -0.078170560 0.061375163 -0.055625644 -0.008483335 0.996527433
1341845695.471720 0.014724852 0.038493346 -0.079571635 0.063031204 -0.059786908 -0.008027211 0.996186793
1341845695.503710 0.015264016 0.045041319 -0.079748288 0.063887842 -0.063145787 -0.008495392 0.995921075
1341845695.539693 0.018465867 0.041205592 -0.079928368 0.063004687 -0.065960057 -0.010152654 0.995779395
1341845695.603908 0.018538186 0.039327767 -0.081428155 0.063406289 -0.068359904 -0.012798565 0.995561540
1341845695.665980 0.019338235 0.041786715 -0.080713622 0.063089930 -0.071331494 -0.014141565 0.995354950
1341845695.701693 0.020902146 0.042352807 -0.081069253 0.063256830 -0.072765745 -0.013538744 0.995248914
1341845695.733686 0.019992126 0.044772811 -0.078014851 0.063270733 -0.073554106 -0.012603890 0.995202363
1341845695.769679 0.023152743 0.041590631 -0.080040850 0.062373202 -0.074018203 -0.012209543 0.995229542
1341845695.801697 0.020203523 0.046252806 -0.079698361 0.061674438 -0.073200144 -0.012231083 0.995333314
1341845695.833635 0.021411739 0.042247504 -0.077675201 0.060174271 -0.073342435 -0.011201702 0.995426774
1341845695.869766 0.023834802 0.042877268 -0.078489497 0.059969973 -0.073366217 -0.009998136 0.995450139
1341845695.901827 0.020251855 0.044865582 -0.082054757 0.059214618 -0.072577976 -0.009362442 0.995559335
1341845695.933900 0.019568402 0.044723865 -0.082168840 0.057808511 -0.072588466 -0.009015726 0.995644391
1341845695.969774 0.022914426 0.045305092 -0.078936785 0.057130385 -0.072278306 -0.008275794 0.995712578
1341845696.001940 0.024832344 0.044776373 -0.081086695 0.056238793 -0.071625285 -0.007622974 0.995815694
1341845696.037778 0.021378513 0.044883769 -0.080218188 0.055378027 -0.070492551 -0.006325509 0.995953858
1341845696.069962 0.019924130 0.042915743 -0.080469295 0.054142524 -0.070455566 -0.004153170 0.996035814
1341845696.102048 0.018076451 0.042302191 -0.080691412 0.053916797 -0.070837222 -0.002173919 0.996027291
1341845696.137759 0.020285282 0.046409938 -0.079504892 0.054009166 -0.071557052 -0.002179193 0.995970845
1341845696.169934 0.022377351 0.042430591 -0.078318909 0.052651379 -0.072256573 -0.002247035 0.995992839
1341845696.201602 0.021916930 0.045678366 -0.080881141 0.052256111 -0.072204039 -0.003557850 0.996013641
1341845696.237582 0.021347342 0.047979183 -0.081340991 0.050883159 -0.072032899 -0.004171060 0.996094763
1341845696.269654 0.017555322 0.044444814 -0.079858057 0.049153641 -0.072354458 -0.004728264 0.996155798
1341845696.305713 0.023038233 0.044748299 -0.080633238 0.048801791 -0.074088633 -0.003639035 0.996050239
1341845696.337790 0.022665026 0.043622069 -0.080520160 0.048297305 -0.074465729 -0.002781054 0.996049464
1341845696.369780 0.020999275 0.047053780 -0.077388324 0.048498955 -0.074972369 -0.002283166 0.996002913
1341845696.406019 0.023889115 0.049497101 -0.077547066 0.047586672 -0.075760536 -0.002566592 0.995986581
1341845696.437910 0.026463309 0.047702149 -0.079444729 0.045497153 -0.076143451 -0.001947112 0.996056437
1341845696.473667 0.030556291 0.046612766 -0.081827268 0.044022743 -0.076002635 -0.002172737 0.996132970
1341845696.505801 0.026172027 0.047486037 -0.076386884 0.042499069 -0.074547864 -0.002508517 0.996308267
1341845696.537879 0.025297970 0.046431150 -0.079242095 0.041662980 -0.074512601 -0.000894668 0.996348977
1341845696.573790 0.022771316 0.045129195 -0.077931345 0.041220974 -0.075097904 0.000097866 0.996323824
1341845696.611644 0.024352830 0.045248128 -0.081289530 0.040997107 -0.075837195 -0.000118444 0.996277034
1341845696.648592 0.023565264 0.045634486 -0.084269390 0.040519468 -0.076134905 0.000098739 0.996273875
1341845696.705640 0.028375234 0.047634337 -0.081529185 0.038454346 -0.075834446 0.000501318 0.996378541
1341845696.741801 0.030048614 0.044410933 -0.078403346 0.037334058 -0.074987069 0.000623282 0.996485174
1341845696.773765 0.028982859 0.048364662 -0.077491179 0.037706688 -0.073933735 0.001813538 0.996548414
1341845696.805698 0.026611242 0.048732851 -0.077677727 0.036365390 -0.073378675 0.002504260 0.996637762
1341845696.841908 0.029597461 0.047835622 -0.075498179 0.035853434 -0.073366471 0.003409267 0.996654570
1341845696.873637 0.031033713 0.051487025 -0.078577116 0.035699207 -0.072197534 0.003382111 0.996745527
1341845696.905693 0.029294547 0.049819827 -0.078032136 0.034012944 -0.071314275 0.003513798 0.996867597
1341845696.941841 0.028282393 0.051450897 -0.076984741 0.032859292 -0.070387468 0.005218528 0.996964753
1341845696.973560 0.029368337 0.048845299 -0.075635262 0.031687129 -0.070310481 0.007381782 0.996994436
1341845697.009723 0.031697236 0.050725341 -0.077836640 0.031020880 -0.070263535 0.007811940 0.997015417
1341845697.041678 0.033550695 0.049244814 -0.077236481 0.029534684 -0.069204532 0.007313027 0.997138381
1341845697.073636 0.031785615 0.047068924 -0.074069895 0.029579662 -0.067717403 0.006181883 0.997246802
1341845697.109770 0.031008538 0.051098231 -0.076653272 0.030397564 -0.066953637 0.005856190 0.997275770
1341845697.141787 0.033119410 0.049681395 -0.075898118 0.029459573 -0.066930376 0.005794544 0.997305810
1341845697.173791 0.033664618 0.048725531 -0.073138244 0.029404134 -0.066870168 0.006752939 0.997305453
1341845697.209803 0.033649266 0.051732372 -0.074328221 0.030174231 -0.066703700 0.007038000 0.997291625
1341845697.241685 0.035761055 0.052036338 -0.075972252 0.029739829 -0.066471167 0.007302104 0.997318327
1341845697.277780 0.035663981 0.048459914 -0.073081695 0.028938616 -0.066366151 0.008094077 0.997342765
1341845697.309575 0.034964461 0.051007457 -0.073510952 0.029140819 -0.066602968 0.008563107 0.997317135
1341845697.342252 0.034291841 0.051101644 -0.073506936 0.028869187 -0.066813350 0.008092873 0.997314930
1341845697.377604 0.033387084 0.049965851 -0.074238420 0.029062718 -0.066599846 0.007844121 0.997325540
1341845697.409528 0.035147067 0.054711241 -0.072626278 0.029630531 -0.066562280 0.007188823 0.997316301
1341845697.441666 0.028903618 0.049044244 -0.064446673 0.028837973 -0.065562472 0.006724239 0.997408986
1341845697.477718 0.029338568 0.051428493 -0.068804085 0.030256078 -0.065687805 0.006416829 0.997360766
1341845697.509822 0.030217299 0.051922821 -0.067464456 0.030264953 -0.065751061 0.005981180 0.997359037
1341845697.545892 0.028365266 0.050516292 -0.069333963 0.029990908 -0.065921657 0.006317329 0.997354031
1341845697.577742 0.033540353 0.047249969 -0.074369580 0.030004624 -0.067290381 0.006533916 0.997260749
1341845697.609653 0.030903149 0.050076514 -0.073149681 0.030509681 -0.067600697 0.006698076 0.997223377
1341845697.645769 0.034348570 0.050409209 -0.072178431 0.030131605 -0.068590380 0.007384557 0.997162461
1341845697.677795 0.036071450 0.050772019 -0.069512822 0.029951937 -0.068777651 0.007719574 0.997152388
1341845697.713520 0.031961631 0.051723786 -0.069100715 0.029541401 -0.067928292 0.007698690 0.997223079
1341845697.745975 0.033525631 0.054277562 -0.069543041 0.029433111 -0.068463981 0.008679493 0.997181535
1341845697.777683 0.032858036 0.052869506 -0.068972953 0.029067345 -0.068749964 0.008195805 0.997176707
1341845697.813673 0.034898236 0.053440727 -0.069824442 0.028398104 -0.068871357 0.008460287 0.997185409
1341845697.845793 0.035040177 0.056373402 -0.068654023 0.027526001 -0.068719909 0.008636261 0.997218788
1341845697.877887 0.033380337 0.057581682 -0.065768242 0.026668580 -0.068543680 0.008974224 0.997251213
1341845697.913637 0.033978425 0.056651156 -0.065778196 0.026284715 -0.068848893 0.008246401 0.997246683
1341845697.945734 0.036315903 0.056273319 -0.069430366 0.025800295 -0.068915419 0.006877403 0.997265160
1341845697.981763 0.035623886 0.054282490 -0.066343367 0.025083568 -0.068966292 0.007444439 0.997275829
1341845698.013639 0.035766523 0.053868443 -0.064464912 0.025202721 -0.068906859 0.006936950 0.997280598
1341845698.045700 0.034305915 0.054423381 -0.067035519 0.025590416 -0.068604492 0.006744118 0.997292876
1341845698.081804 0.032224245 0.054530703 -0.067312151 0.025367083 -0.068874165 0.006537145 0.997281373
1341845698.113733 0.035514902 0.053388823 -0.068088658 0.025479291 -0.069792561 0.006010453 0.997217953
1341845698.145605 0.033261199 0.052678227 -0.070602708 0.025761079 -0.069810189 0.005910385 0.997210085
1341845698.181637 0.031679273 0.054373607 -0.068129778 0.026059024 -0.069484867 0.004865938 0.997230709
1341845698.213981 0.030986663 0.049922429 -0.070372134 0.025538728 -0.070126757 0.004718035 0.997199953
1341845698.249641 0.031680759 0.054655083 -0.069363840 0.026871335 -0.071461588 0.004992933 0.997068822
1341845698.281737 0.035406340 0.055023693 -0.072709762 0.025587164 -0.072103865 0.004487942 0.997058749
1341845698.313940 0.037761416 0.050552659 -0.071320623 0.024945697 -0.072736263 0.003688155 0.997032344
1341845698.349629 0.034325674 0.055108923 -0.064722158 0.025897615 -0.072462723 0.002852314 0.997030795
1341845698.381667 0.035203427 0.052684303 -0.068353936 0.025597487 -0.073060922 0.002929998 0.996994615
1341845698.413724 0.034681335 0.052538604 -0.069467463 0.025898211 -0.074340053 0.004157627 0.996887922
1341845698.449543 0.031908650 0.053130750 -0.071068510 0.026324129 -0.075177871 0.003626696 0.996816039
1341845698.481693 0.032236405 0.056617334 -0.067887545 0.026762113 -0.076608181 0.004173150 0.996693313
1341845698.517644 0.032144569 0.055285934 -0.067471579 0.026709674 -0.077247970 0.003748247 0.996647060
1341845698.549633 0.034143995 0.055107795 -0.066832900 0.027266424 -0.078185968 0.002727007 0.996562123
1341845698.581773 0.037706558 0.052455246 -0.070268065 0.027730666 -0.079259790 0.000391784 0.996468127
1341845698.617608 0.035086829 0.053397678 -0.072143212 0.028053509 -0.078973033 -0.000682474 0.996481717
1341845698.649887 0.034679510 0.049791817 -0.072855465 0.028006757 -0.079153828 -0.000869745 0.996468544
1341845698.685838 0.041163702 0.053895079 -0.072941683 0.029692948 -0.080453716 -0.000715345 0.996315718
1341845698.717744 0.036220029 0.053277090 -0.072368659 0.029105175 -0.079518899 -0.001071574 0.996407807
1341845698.749680 0.038124666 0.053662516 -0.071238697 0.028782019 -0.079643987 -0.000069862 0.996407747
1341845698.785826 0.042117655 0.056102198 -0.071638793 0.028992511 -0.080033712 0.000223786 0.996370435
1341845698.817603 0.041099098 0.056872167 -0.073138654 0.028548483 -0.079879992 -0.000363924 0.996395528
1341845698.849705 0.040548861 0.056946862 -0.071189970 0.027507242 -0.079804644 -0.000019772 0.996430933
1341845698.885714 0.040821522 0.053679302 -0.073462695 0.026786029 -0.079776071 -0.000758438 0.996452570
1341845698.917723 0.042551607 0.055257522 -0.073512137 0.026270131 -0.079887196 -0.000768496 0.996457398
1341845698.953706 0.040880237 0.054292910 -0.073579460 0.025463000 -0.079165190 -0.001226126 0.996535480
1341845698.985694 0.040876817 0.055969767 -0.073240958 0.025117429 -0.079155989 -0.000559443 0.996545613
1341845699.017571 0.039718941 0.056116756 -0.074511960 0.024340786 -0.079381913 -0.000230662 0.996546984
1341845699.053593 0.040035386 0.055822104 -0.077326775 0.022983853 -0.079487860 -0.000311562 0.996570766
1341845699.086340 0.039894033 0.059875939 -0.075478055 0.021831309 -0.079147369 -0.000464632 0.996623755
1341845699.117688 0.038036171 0.058379102 -0.072422981 0.019845089 -0.078945830 -0.000541121 0.996681213
1341845699.153695 0.039867721 0.059573904 -0.070604496 0.018544760 -0.079106487 -0.000452828 0.996693552
1341845699.185845 0.042818505 0.058640566 -0.073873200 0.017273329 -0.078788064 -0.001086420 0.996741116
1341845699.221973 0.040419761 0.060279436 -0.074186109 0.016416896 -0.077927344 -0.001275377 0.996823013
1341845699.253571 0.037640661 0.057560578 -0.071123511 0.015859747 -0.078269973 -0.000547819 0.996805906
1341845699.285622 0.036341228 0.055281341 -0.071154952 0.016605183 -0.079189271 -0.000259524 0.996721268
1341845699.321906 0.040593293 0.058881927 -0.069359161 0.017761769 -0.080965899 0.000881202 0.996558189
1341845699.354916 0.041225258 0.059285671 -0.069693908 0.017724760 -0.081596911 0.000918889 0.996507347
1341845699.385859 0.043539591 0.057256579 -0.072539464 0.017683931 -0.081937559 0.000536775 0.996480405
1341845699.421535 0.043167084 0.056251615 -0.071438149 0.018238759 -0.081503801 -0.000518586 0.996505976
1341845699.454093 0.043519918 0.059423540 -0.071216814 0.018620646 -0.080688044 -0.001541160 0.996564269
1341845699.489836 0.042516295 0.057505488 -0.069047503 0.018048385 -0.080062456 -0.002028502 0.996624410
1341845699.522001 0.039474219 0.052920293 -0.071204200 0.017599873 -0.079975128 -0.001341298 0.996640563
1341845699.556281 0.039788060 0.057284378 -0.066989228 0.019010112 -0.080734625 0.000219076 0.996554315
1341845699.595416 0.044474017 0.055995543 -0.070128433 0.019132463 -0.080831707 -0.000149849 0.996544123
1341845699.628631 0.046790596 0.057743438 -0.072597437 0.019092826 -0.080125272 -0.000521467 0.996601820
1341845699.663810 0.042534284 0.055011299 -0.070299491 0.018591087 -0.078596249 -0.000268195 0.996733129
1341845699.696113 0.044027630 0.056201078 -0.070234388 0.019645534 -0.078759164 0.001364389 0.996699154
1341845699.727683 0.042179078 0.063800819 -0.069145873 0.019402858 -0.078156970 0.001731565 0.996750712
1341845699.789808 0.041517921 0.058311522 -0.067810982 0.016973330 -0.076857217 0.000326214 0.996897578
1341845699.821737 0.043478578 0.056977145 -0.065099202 0.016797828 -0.076538242 0.000077597 0.996925116
1341845699.857825 0.043965280 0.058462884 -0.071775027 0.016668824 -0.076614738 0.000284749 0.996921420
1341845699.889686 0.041372679 0.059107006 -0.068211153 0.016993700 -0.076732673 0.000408182 0.996906757
1341845699.925749 0.047367543 0.056630373 -0.070802368 0.017002383 -0.076981157 0.000156950 0.996887565
1341845699.957536 0.044615865 0.056925707 -0.067222565 0.017668368 -0.076342531 0.000347052 0.996925056
1341845699.989671 0.043552250 0.054602176 -0.066710800 0.018499985 -0.076619461 0.001605662 0.996887445
1341845700.025810 0.047275357 0.055618651 -0.065422207 0.019723529 -0.077312961 0.001902979 0.996809959
1341845700.058133 0.047756691 0.055849586 -0.065294430 0.020346701 -0.076969877 0.001250169 0.996825039
1341845700.090754 0.047783189 0.058751438 -0.065212995 0.021028487 -0.076337487 0.000486708 0.996860147
1341845700.125852 0.048924215 0.058241859 -0.064421214 0.021075897 -0.076657653 0.000367249 0.996834636
1341845700.157773 0.051831841 0.058877934 -0.062229712 0.021716487 -0.077183232 0.000373895 0.996780336
1341845700.193533 0.048720207 0.057399012 -0.063137591 0.021866268 -0.076019794 -0.000645097 0.996866286
1341845700.225771 0.049306989 0.057944298 -0.058653526 0.021919364 -0.075399652 -0.000207718 0.996912420
1341845700.257669 0.051954065 0.058967486 -0.060549784 0.022233445 -0.075367540 0.000320697 0.996907890
1341845700.293641 0.049868863 0.057156909 -0.063665204 0.021830270 -0.074672669 0.001078749 0.996968508
1341845700.325714 0.048935674 0.056491103 -0.064464271 0.021897640 -0.074411653 0.001564296 0.996985912
1341845700.357742 0.051382203 0.058161773 -0.062007543 0.022330845 -0.074299343 0.001344802 0.996985018
1341845700.393681 0.053757783 0.060107172 -0.061216101 0.022039410 -0.073652968 0.000212568 0.997040331
1341845700.425997 0.053031731 0.059524175 -0.062466584 0.021647636 -0.073194169 0.000232465 0.997082710
1341845700.461682 0.051169690 0.060308218 -0.060498707 0.021773057 -0.072829619 -0.000466260 0.997106612
1341845700.493808 0.052075263 0.061571825 -0.060239714 0.021922590 -0.072635770 -0.000834514 0.997117221
1341845700.526106 0.051310934 0.057909008 -0.060077257 0.020868152 -0.072449967 -0.000989100 0.997153223
1341845700.562458 0.049593732 0.057591807 -0.061104089 0.020622529 -0.071968049 -0.000787536 0.997193396
1341845700.626137 0.051977765 0.060882654 -0.059017073 0.020819755 -0.072635159 -0.000081078 0.997141242
1341845700.661872 0.051040724 0.057963237 -0.060602546 0.020054722 -0.071641162 -0.001929540 0.997226954
1341845700.693861 0.051590800 0.059595492 -0.061533056 0.019643970 -0.071333133 -0.001421249 0.997258067
1341845700.732394 0.048621915 0.061142370 -0.059778742 0.020042967 -0.071724296 -0.000587633 0.997222960
1341845700.767794 0.052637033 0.060547724 -0.056209128 0.020370141 -0.072684035 0.000002104 0.997146964
1341845700.799058 0.054374162 0.060563806 -0.058530807 0.020674735 -0.072481602 0.000099456 0.997155428
1341845700.867749 0.057319786 0.059450824 -0.058079913 0.020682007 -0.072491944 -0.001118017 0.997153878
1341845700.930007 0.053680625 0.060409505 -0.055935651 0.021871062 -0.072903082 -0.000846584 0.997098804
1341845700.961797 0.058384798 0.063500606 -0.057523161 0.022289937 -0.073357053 -0.001341977 0.997055709
1341845700.997752 0.054423921 0.061246056 -0.057658609 0.021721862 -0.072770812 -0.001649894 0.997110724
1341845701.029597 0.053067252 0.061180163 -0.058584057 0.021837570 -0.073007762 -0.001675401 0.997090876
1341845701.061618 0.051131800 0.060029946 -0.058054648 0.021989834 -0.073190123 -0.002092371 0.997073352
1341845701.097561 0.051315639 0.056230377 -0.061666794 0.021665335 -0.073172368 -0.002792958 0.997080028
1341845701.129741 0.052747611 0.059632231 -0.062531359 0.022213653 -0.072981104 -0.002457209 0.997082889
1341845701.165734 0.052320119 0.059640024 -0.061618548 0.021992985 -0.072861210 -0.001890304 0.997097790
1341845701.197714 0.049602188 0.059129834 -0.061146472 0.022478055 -0.072928198 -0.001737800 0.997082353
1341845701.230497 0.053959634 0.057422020 -0.062256206 0.022464328 -0.073822677 -0.001840758 0.997016609
1341845701.265852 0.050837990 0.059402753 -0.059667405 0.022956857 -0.073913656 -0.001348749 0.996999443
1341845701.297730 0.050576210 0.057524472 -0.061253343 0.023774127 -0.074555211 -0.002005962 0.996931434
1341845701.329611 0.054563846 0.064343423 -0.058355078 0.024576325 -0.075094774 -0.002610511 0.996870100
1341845701.365791 0.054031726 0.058538646 -0.063138545 0.023152534 -0.074440926 -0.003363637 0.996950924
1341845701.397757 0.054181963 0.062155120 -0.062597461 0.023503393 -0.074214913 -0.003814929 0.996957958
1341845701.433542 0.055031873 0.057754148 -0.062785551 0.022482233 -0.073890522 -0.002977215 0.997008443
1341845701.465617 0.049458195 0.062363740 -0.057581339 0.023333497 -0.073426083 -0.001323597 0.997026801
1341845701.497704 0.054510206 0.060999468 -0.062399767 0.022854155 -0.074105829 -0.001179070 0.996987760
1341845701.533597 0.051363431 0.061690137 -0.059615612 0.022807101 -0.073708132 -0.001418404 0.997018039
1341845701.597762 0.054342240 0.061689671 -0.060180373 0.022445470 -0.073450081 -0.001884036 0.997044504
1341845701.633825 0.054775819 0.059174083 -0.061074160 0.022664489 -0.073654152 -0.002315954 0.997023582
1341845701.665709 0.056286201 0.058456711 -0.061099414 0.023226291 -0.073812023 -0.002228794 0.996999145
1341845701.701676 0.054562986 0.058994036 -0.058618553 0.023943231 -0.073178075 -0.002248838 0.997028887
1341845701.733527 0.054323003 0.059769370 -0.059408478 0.024662342 -0.073167942 -0.002536164 0.997011423
1341845701.765764 0.054574236 0.057449516 -0.057294805 0.024348535 -0.073238865 -0.002658565 0.997013628
1341845701.801701 0.059682600 0.059021041 -0.060209632 0.024562608 -0.073576488 -0.002494096 0.996983945
1341845701.833700 0.055059001 0.058416825 -0.057434425 0.024608659 -0.072950535 -0.002294509 0.997029245
1341845701.865775 0.056688372 0.061160833 -0.057473037 0.025259757 -0.073227450 -0.001606604 0.996994019
1341845701.901711 0.058688082 0.063993521 -0.055832841 0.025578335 -0.073388681 -0.001896261 0.996973574
1341845701.933585 0.056358799 0.060532637 -0.058256127 0.024773268 -0.072450764 -0.002462933 0.997061193
1341845701.969726 0.059210982 0.058569174 -0.061132394 0.024011638 -0.072807401 -0.002415784 0.997053981
1341845702.002544 0.057499252 0.057514537 -0.060006578 0.023945285 -0.072375581 -0.002422791 0.997087002
1341845702.034379 0.054568592 0.057718627 -0.061127000 0.024285354 -0.071739875 -0.003279163 0.997122288
1341845702.101809 0.053401895 0.057891399 -0.058931507 0.024845913 -0.071968049 -0.003802764 0.997090161
1341845702.137663 0.051917452 0.057235111 -0.058624238 0.024926048 -0.072229646 -0.004094255 0.997068107
1341845702.169629 0.055966597 0.057311188 -0.058959369 0.025484316 -0.073012091 -0.004239482 0.996996403
1341845702.201769 0.058358058 0.058341578 -0.061007373 0.025971534 -0.072772838 -0.004979288 0.996997893
1341845702.237691 0.054273389 0.055550482 -0.061459843 0.025650527 -0.071732618 -0.005537458 0.997078657
1341845702.269760 0.056093093 0.055015802 -0.061858132 0.025729317 -0.072114296 -0.005793937 0.997047603
1341845702.301761 0.056601841 0.059077971 -0.061582156 0.026415715 -0.071816124 -0.006380300 0.997047603
1341845702.337713 0.054435108 0.057973009 -0.062103253 0.025907906 -0.071014628 -0.006228021 0.997119308
1341845702.369720 0.054145541 0.056061879 -0.063043073 0.025529949 -0.071392514 -0.005888652 0.997104108
1341845702.405655 0.054940555 0.056025181 -0.060407434 0.025491450 -0.071580864 -0.005705854 0.997092664
1341845702.469691 0.057907667 0.056895752 -0.061310645 0.025757136 -0.071128495 -0.006056064 0.997116148
1341845702.506265 0.057124421 0.054071587 -0.063617952 0.025375566 -0.071018130 -0.005621029 0.997136354
1341845702.569753 0.057037607 0.052601684 -0.063130692 0.025054736 -0.071252160 -0.004315706 0.997134268
1341845702.605685 0.058494594 0.056773346 -0.061287031 0.025234902 -0.071666285 -0.004064457 0.997101068
1341845702.637718 0.058199137 0.056229286 -0.057726722 0.024683515 -0.071730293 -0.004004140 0.997110546
1341845702.673733 0.058303088 0.055610806 -0.060113687 0.024479283 -0.071395017 -0.004788219 0.997136176
1341845702.705735 0.058165964 0.057682149 -0.061955139 0.024153493 -0.070699595 -0.005291155 0.997191131
1341845702.737648 0.059518844 0.059653886 -0.059034318 0.023651058 -0.070380963 -0.006001724 0.997221708
1341845702.773644 0.055228934 0.061747182 -0.062570915 0.021990435 -0.069010422 -0.007239176 0.997347295
1341845702.805893 0.054036133 0.057756923 -0.060308088 0.020327289 -0.068123691 -0.008437001 0.997434139
1341845702.837969 0.056120940 0.061088372 -0.064013720 0.019619893 -0.067667238 -0.008656707 0.997477472
1341845702.874009 0.056715846 0.058970172 -0.062649131 0.017561033 -0.067018300 -0.009220825 0.997554600
1341845702.908704 0.055146415 0.057063706 -0.060165375 0.016849723 -0.066626891 -0.009013406 0.997594953
1341845702.941673 0.057063315 0.051618215 -0.059387155 0.016865438 -0.067308560 -0.008240066 0.997555614
1341845702.973595 0.051307444 0.051772740 -0.056318954 0.019113960 -0.067676499 -0.006875677 0.997500539
1341845703.005769 0.053789556 0.056964390 -0.058944870 0.021463078 -0.069353193 -0.005259871 0.997347355
1341845703.041648 0.057174549 0.055943411 -0.058924232 0.022510612 -0.070739895 -0.004577423 0.997230291
1341845703.073714 0.059593435 0.061300654 -0.061290868 0.022354800 -0.070850201 -0.005290234 0.997222424
1341845703.109699 0.063713752 0.063692994 -0.064618602 0.020544164 -0.069607377 -0.007778585 0.997332573
1341845703.142006 0.061149951 0.060979500 -0.062839337 0.018757025 -0.067807876 -0.008556471 0.997485340
1341845703.173706 0.056457732 0.056591261 -0.059834398 0.016842844 -0.066702582 -0.009576883 0.997584820
1341845703.209732 0.056836303 0.056823086 -0.057667188 0.016719289 -0.066905588 -0.009364338 0.997575283
1341845703.242050 0.056249484 0.058147401 -0.057527527 0.018014530 -0.067116112 -0.009015476 0.997541785
1341845703.273874 0.054088145 0.055295907 -0.056340411 0.018331164 -0.067403406 -0.008848021 0.997518122
1341845703.309758 0.054737154 0.056746528 -0.059586409 0.019441362 -0.068305865 -0.007394039 0.997447610
1341845703.341850 0.057207093 0.058825620 -0.057792023 0.020261154 -0.068896569 -0.007357591 0.997390866
1341845703.377702 0.058258038 0.057060994 -0.054562524 0.020744838 -0.068331689 -0.007680550 0.997417390
1341845703.409585 0.056531928 0.058953997 -0.060618095 0.021273123 -0.067854494 -0.008071023 0.997435749
1341845703.441629 0.056436781 0.059225291 -0.056289796 0.021082407 -0.068141215 -0.008895993 0.997413218
1341845703.477741 0.056793667 0.059586365 -0.058597203 0.021083876 -0.068179794 -0.009383372 0.997406125
1341845703.509995 0.057149149 0.056987036 -0.058823869 0.021011367 -0.068122894 -0.009724323 0.997408271
1341845703.541800 0.057694010 0.056963749 -0.060510408 0.021683306 -0.068217367 -0.010119306 0.997383535
1341845703.577765 0.058697868 0.058962375 -0.053961411 0.022182522 -0.068669975 -0.010331867 0.997339308
1341845703.609650 0.057441771 0.058296647 -0.056085244 0.022543494 -0.068774797 -0.010854700 0.997318447
1341845703.651761 0.056057896 0.057351906 -0.059730969 0.022558322 -0.068682127 -0.011041001 0.997322381
1341845703.709916 0.062135149 0.061628651 -0.061288845 0.023248484 -0.070704028 -0.010074488 0.997175455
1341845703.745719 0.060296163 0.063598707 -0.059034273 0.022487445 -0.070049673 -0.011378455 0.997225106
1341845703.777733 0.062755927 0.062096946 -0.058714952 0.020866651 -0.069483213 -0.011701295 0.997296274
1341845703.809711 0.060926039 0.059517968 -0.057621520 0.020124817 -0.068697058 -0.011586580 0.997367263
1341845703.845769 0.060531728 0.058064889 -0.060721807 0.019843670 -0.068674281 -0.011680340 0.997373343
1341845703.877728 0.060246427 0.062114015 -0.055488311 0.020463958 -0.068722911 -0.011246758 0.997362494
1341845703.913808 0.058601119 0.058723018 -0.059325501 0.019384241 -0.068227366 -0.011444262 0.997415841
1341845703.945653 0.061250567 0.057624329 -0.056555029 0.019406421 -0.068271093 -0.012003203 0.997405827
1341845703.977870 0.058092821 0.056934334 -0.058971357 0.019774456 -0.067402326 -0.012652760 0.997449636
1341845704.013637 0.058968388 0.054737829 -0.056477778 0.020363962 -0.067910522 -0.012174550 0.997409284
1341845704.045703 0.058424309 0.055464748 -0.054900162 0.021409659 -0.068194158 -0.011798039 0.997372568
1341845704.077666 0.061659984 0.057526257 -0.056670208 0.022259843 -0.068848722 -0.010249341 0.997326076
1341845704.113706 0.062220987 0.059436802 -0.058251988 0.022536187 -0.068540268 -0.010760432 0.997335732
1341845704.145681 0.062032506 0.061134946 -0.056389682 0.022313915 -0.068203591 -0.010776421 0.997363627
1341845704.181785 0.063139990 0.058201566 -0.058023315 0.021519572 -0.067898065 -0.011637785 0.997392237
1341845704.213778 0.061122529 0.059527323 -0.056190722 0.021536453 -0.067540854 -0.011395431 0.997418940
1341845704.245863 0.064306706 0.058257952 -0.059563398 0.021253424 -0.067908041 -0.010952054 0.997405052
1341845704.281578 0.059366960 0.061653752 -0.056873553 0.021601874 -0.066860959 -0.010798220 0.997470021
1341845704.313707 0.062800743 0.061261948 -0.057876520 0.020620726 -0.066867195 -0.010708022 0.997491300
1341845704.349873 0.065468043 0.063719019 -0.054676548 0.020454256 -0.065827630 -0.010341497 0.997567713
1341845704.381729 0.067790322 0.061172787 -0.054899585 0.019291168 -0.064401761 -0.010675295 0.997680485
1341845704.413817 0.064191833 0.058902033 -0.054652322 0.019002926 -0.062462013 -0.010967379 0.997806132
1341845704.449837 0.067265436 0.064944744 -0.054379366 0.019933732 -0.061372671 -0.010625234 0.997859299
1341845704.481600 0.064000890 0.060951218 -0.056854174 0.018084714 -0.059320241 -0.011495098 0.998008966
1341845704.513671 0.056459792 0.050336935 -0.054438397 0.017547652 -0.057665158 -0.011504384 0.998115420
1341845704.549869 0.055177521 0.049485225 -0.051255424 0.021944081 -0.058619276 -0.008784633 0.998000562
1341845704.581901 0.054218482 0.052998617 -0.053223040 0.026553553 -0.060460445 -0.006736688 0.997794628
1341845704.617838 0.057472274 0.057144001 -0.057016894 0.028867563 -0.061630756 -0.007295623 0.997654796
1341845704.650477 0.057641745 0.058047447 -0.057602488 0.029385060 -0.061601941 -0.008321554 0.997633457
1341845704.681708 0.053463288 0.054334197 -0.057323650 0.030060740 -0.061575528 -0.009142710 0.997607708
1341845704.717704 0.053014819 0.055471782 -0.057172939 0.031459119 -0.062736340 -0.009434532 0.997489572
1341845704.749702 0.059080884 0.060028747 -0.057643984 0.032360852 -0.063996039 -0.010139330 0.997373760
1341845704.781791 0.056138601 0.059380721 -0.057782087 0.031435441 -0.062999696 -0.012440644 0.997440755
1341845704.817744 0.051997215 0.049856544 -0.059914827 0.030549327 -0.062881224 -0.013486565 0.997462153
1341845704.849705 0.051440861 0.054015782 -0.061459444 0.032743081 -0.064581074 -0.013679867 0.997281313
1341845704.885675 0.054958642 0.056615625 -0.062307596 0.033232167 -0.066002458 -0.013830630 0.997169971
1341845704.917742 0.055506006 0.060006969 -0.060487580 0.033144679 -0.066780269 -0.013791880 0.997121692
1341845704.949746 0.056071740 0.061445553 -0.060744129 0.032756321 -0.067314729 -0.015087174 0.997079790
1341845704.985761 0.056421280 0.058479559 -0.061189629 0.031452615 -0.067803569 -0.015534607 0.997081816
1341845705.017537 0.053689897 0.059258100 -0.062041722 0.030952053 -0.067567497 -0.016668964 0.997095168
1341845705.049660 0.054906085 0.061192919 -0.060639516 0.030401833 -0.068188399 -0.016862178 0.997066557
1341845705.085710 0.052287783 0.056537136 -0.061527714 0.029266478 -0.068311498 -0.017401127 0.997082829
1341845705.117831 0.053309880 0.061151598 -0.062232625 0.029937657 -0.069217697 -0.017558554 0.996997654
1341845705.154005 0.060050942 0.063792184 -0.062064920 0.029014584 -0.070409536 -0.017788991 0.996937394
1341845705.185648 0.056099132 0.059932429 -0.058346815 0.027785148 -0.069505475 -0.018431198 0.997024179
1341845705.217695 0.056274805 0.062154148 -0.061276849 0.027901981 -0.069015861 -0.017946444 0.997063816
1341845705.253735 0.055205401 0.061542630 -0.062817857 0.027242085 -0.068352662 -0.017913122 0.997128308
1341845705.285554 0.054214682 0.059873067 -0.058418892 0.026759960 -0.068477340 -0.018202186 0.997127593
1341845705.321646 0.057772644 0.061401933 -0.060538784 0.027372684 -0.069502555 -0.017293703 0.997056186
1341845705.353674 0.055905823 0.062675059 -0.056168545 0.027792478 -0.069696911 -0.016108578 0.997050881
1341845705.385774 0.054450460 0.059235532 -0.059306465 0.027689127 -0.069439262 -0.016801080 0.997060299
1341845705.421801 0.058049224 0.055146217 -0.057865754 0.028235668 -0.069739401 -0.016812414 0.997023821
1341845705.453568 0.053860493 0.051635161 -0.055867501 0.029795161 -0.069285870 -0.016846517 0.997009456
1341845705.485749 0.055436231 0.057749219 -0.056336701 0.032521866 -0.070556492 -0.014729070 0.996868670
1341845705.521655 0.058489192 0.057334956 -0.058381289 0.033939715 -0.071498707 -0.014480261 0.996757925
1341845705.553548 0.056377970 0.060602557 -0.060140312 0.034999918 -0.071240060 -0.013498397 0.996753514
1341845705.589775 0.058944762 0.062037084 -0.057455748 0.034902610 -0.071523532 -0.013404081 0.996737957
1341845705.621894 0.055365913 0.061709926 -0.058329340 0.034793284 -0.071152024 -0.012320626 0.996782362
1341845705.653569 0.046535071 0.058745943 -0.060974069 0.034457002 -0.072194733 -0.012169682 0.996720910
1341845705.689868 0.059575886 0.061214242 -0.056103505 0.035369761 -0.075632669 -0.012603301 0.996428549
1341845705.721810 0.057151876 0.062755577 -0.057692483 0.035416082 -0.074374460 -0.013009306 0.996516407
1341845705.753738 0.055889662 0.059547957 -0.055852532 0.034982558 -0.073618896 -0.014045777 0.996573746
1341845705.789861 0.057611037 0.064279817 -0.053283453 0.035654265 -0.073009394 -0.013537376 0.996601820
1341845705.821704 0.054780174 0.059747271 -0.058715936 0.034718692 -0.071723640 -0.013322760 0.996731043
1341845705.863629 0.053309303 0.056109719 -0.054866370 0.034754302 -0.072552361 -0.013531430 0.996667027
1341845705.895623 0.050729409 0.054516502 -0.055166144 0.036220245 -0.073841579 -0.011520054 0.996545434
1341845705.931726 0.049584821 0.058721621 -0.057788748 0.038127951 -0.075958088 -0.009333024 0.996338069
1341845705.963641 0.057906918 0.067176290 -0.057117019 0.039263193 -0.078946456 -0.010852625 0.996046245
1341845705.995677 0.062491305 0.067730218 -0.058250375 0.037826873 -0.078942493 -0.015170000 0.996045709
1341845706.031837 0.059954260 0.068813525 -0.053819634 0.035494410 -0.076526903 -0.016617039 0.996296942
1341845706.063631 0.050148971 0.061318014 -0.052839123 0.033716299 -0.076048397 -0.016298018 0.996400654
1341845706.095737 0.054126136 0.065032504 -0.050242916 0.034525741 -0.078316651 -0.017096262 0.996183813
1341845706.131716 0.059541509 0.067337044 -0.049272977 0.033629168 -0.078281850 -0.018808696 0.996186376
1341845706.163718 0.056783099 0.061990127 -0.045856681 0.032308172 -0.076673843 -0.017830322 0.996373117
1341845706.195662 0.055128463 0.064067155 -0.047901407 0.033350244 -0.076892279 -0.017325806 0.996330857
1341845706.231610 0.061089452 0.068625703 -0.045315713 0.033005476 -0.077198394 -0.016780466 0.996327996
1341845706.263724 0.061245032 0.067611538 -0.044908568 0.031622536 -0.075278297 -0.015607704 0.996538818
1341845706.299838 0.054837182 0.067044914 -0.044498689 0.030599272 -0.074073575 -0.014583425 0.996676564
1341845706.331753 0.058997616 0.071508862 -0.041573271 0.030711843 -0.075458623 -0.015272144 0.996558845
1341845706.363574 0.057916388 0.064476103 -0.041935168 0.029287493 -0.075060546 -0.015011698 0.996635735
1341845706.399690 0.057960466 0.064556159 -0.039282553 0.029631605 -0.075529635 -0.015033541 0.996589780
1341845706.431735 0.063063703 0.066138282 -0.039926477 0.030111229 -0.075940445 -0.014351618 0.996554255
1341845706.463612 0.062444955 0.063039131 -0.037692465 0.029439738 -0.074991964 -0.012747725 0.996667922
1341845706.499655 0.056276612 0.058465477 -0.039435551 0.029730024 -0.074713416 -0.011596735 0.996694326
1341845706.531782 0.060613468 0.063476779 -0.039520875 0.031161727 -0.075939789 -0.012366504 0.996548593
1341845706.563559 0.066762604 0.060201701 -0.039521169 0.030958006 -0.074645683 -0.012338692 0.996653080
1341845706.599529 0.059470341 0.058052298 -0.037858378 0.031893376 -0.072263904 -0.012109815 0.996801913
1341845706.631786 0.058417886 0.058779538 -0.039871559 0.033662368 -0.073434308 -0.013355240 0.996642292
1341845706.667647 0.070267342 0.062561549 -0.037919629 0.034988329 -0.074185841 -0.012753149 0.996548831
1341845706.700732 0.066616535 0.062568575 -0.041019481 0.035035722 -0.071398459 -0.012183975 0.996757925
1341845706.732115 0.063380927 0.057398662 -0.041456491 0.034963507 -0.070507124 -0.012026981 0.996825814
1341845706.768143 0.068726674 0.058777742 -0.037668169 0.035971563 -0.071101539 -0.010458399 0.996765375
1341845706.800357 0.064542904 0.059233062 -0.040632918 0.036501668 -0.069623150 -0.008764469 0.996866822
1341845706.832602 0.067766704 0.062096979 -0.039808281 0.036920521 -0.070251845 -0.008682296 0.996807992
1341845706.869449 0.066476323 0.063703701 -0.041111968 0.036399331 -0.069785565 -0.008683096 0.996859908
1341845706.933651 0.067128055 0.058747601 -0.038945377 0.034919526 -0.070521787 -0.008235100 0.996864855
1341845706.994021 0.066928305 0.059600025 -0.042643052 0.033804692 -0.070178263 -0.006179118 0.996942341
1341845707.029674 0.065387577 0.059101518 -0.039772660 0.034473609 -0.070386313 -0.005217232 0.996910274
1341845707.061864 0.074121065 0.060117681 -0.041261710 0.035203490 -0.071326390 -0.005032629 0.996818900
1341845707.097704 0.072383545 0.054918479 -0.039342627 0.034793254 -0.069871776 -0.004044545 0.996940792
1341845707.129770 0.069364630 0.054137409 -0.038708720 0.036802378 -0.069427654 -0.002733888 0.996904194
1341845707.161817 0.072132982 0.055344842 -0.038866244 0.039444212 -0.070371203 -0.003318817 0.996735215
1341845707.197721 0.073743179 0.054885894 -0.038931005 0.040179938 -0.069386229 -0.003297553 0.996774971
1341845707.229795 0.073154606 0.052406278 -0.039592255 0.040420577 -0.068384744 -0.004087771 0.996831477
1341845707.261851 0.075022057 0.051954377 -0.038592070 0.040929452 -0.068440974 -0.003310113 0.996809721
1341845707.297710 0.076832563 0.051686879 -0.039176166 0.040867727 -0.067671590 -0.003662567 0.996863544
1341845707.329761 0.074587330 0.054255255 -0.036434676 0.040778972 -0.065803155 -0.003905459 0.996991336
1341845707.365850 0.078004360 0.048895482 -0.036239393 0.040269803 -0.064711936 -0.002446288 0.997088134
1341845707.397796 0.074315712 0.048587076 -0.036896896 0.041431323 -0.064196743 0.000161079 0.997076809
1341845707.429752 0.079776064 0.046523362 -0.038782511 0.042168442 -0.064893581 0.000706989 0.997000575
1341845707.465767 0.086212426 0.047850844 -0.035650060 0.043504309 -0.064170808 -0.000183622 0.996990204
1341845707.497642 0.084288374 0.047706448 -0.035955034 0.044013478 -0.062243424 -0.000218500 0.997090042
1341845707.533665 0.083975159 0.045423854 -0.035537757 0.044503119 -0.061024316 0.001012079 0.997143149
1341845707.565754 0.090469494 0.043870244 -0.037274629 0.045161135 -0.059879474 0.000247124 0.997183442
1341845707.597603 0.089613572 0.046139553 -0.036273610 0.045979068 -0.057911206 0.000773931 0.997262061
1341845707.633748 0.091351673 0.049163766 -0.031553790 0.046841495 -0.058227252 0.001402552 0.997202814
1341845707.665870 0.090504974 0.048701148 -0.034102701 0.047294550 -0.057882886 0.002230438 0.997200012
1341845707.698455 0.095815569 0.050020818 -0.033339798 0.046808358 -0.058038246 0.002111144 0.997214139
1341845707.734303 0.089124449 0.049118340 -0.030125506 0.046212010 -0.056553472 0.001167994 0.997328818
1341845707.766259 0.092176691 0.044934966 -0.029831536 0.045714442 -0.057366796 0.000890036 0.997305572
1341845707.836344 0.090713196 0.047706895 -0.032409258 0.047640417 -0.056874238 0.000493899 0.997243941
1341845707.866230 0.091839842 0.049076922 -0.029574333 0.047706462 -0.057844829 0.000775100 0.997184753
1341845707.901694 0.095222466 0.047791272 -0.029871294 0.046970677 -0.058626443 0.002308539 0.997171700
1341845707.933640 0.088253662 0.046128284 -0.028199719 0.046977255 -0.058094513 0.002040475 0.997203112
1341845707.965831 0.093852490 0.046154235 -0.032860048 0.047327731 -0.058951877 0.001497487 0.997137129
1341845708.001954 0.092950061 0.047071975 -0.032589205 0.047356617 -0.058125604 0.002201694 0.997183025
1341845708.034393 0.089252859 0.047936764 -0.030530669 0.047865301 -0.058478266 0.001513367 0.997139335
1341845708.069946 0.096172266 0.049167924 -0.028052405 0.047600783 -0.059714843 0.001578017 0.997078657
1341845708.101700 0.092240669 0.047596738 -0.029423054 0.046887975 -0.058838215 0.001106149 0.997165143
1341845708.133697 0.091391787 0.042351652 -0.032463364 0.046514194 -0.059513893 0.000508697 0.997143030
1341845708.169675 0.093285449 0.045234717 -0.030795537 0.047013860 -0.060427301 0.000296883 0.997064769
1341845708.201793 0.091188677 0.043734692 -0.031320781 0.046510302 -0.059856225 -0.000764949 0.997122586
1341845708.233744 0.087762609 0.044552416 -0.032173973 0.046953220 -0.060099531 -0.000669186 0.997087240
1341845708.269711 0.086830050 0.047783446 -0.028136939 0.048046697 -0.060828872 -0.000331573 0.996991098
1341845708.301629 0.087172598 0.049298484 -0.032677479 0.048454262 -0.061446968 -0.000792286 0.996933162
1341845708.337612 0.095179006 0.046235703 -0.035819110 0.047303632 -0.062211629 -0.002450777 0.996938348
1341845708.369900 0.090916641 0.046164580 -0.033712521 0.046937827 -0.061307747 -0.003115205 0.997009754
1341845708.401883 0.091362178 0.042689625 -0.033493973 0.046667017 -0.062223613 -0.004035125 0.996962428
1341845708.443610 0.095477939 0.046544202 -0.034052096 0.047535945 -0.062873147 -0.004092951 0.996880412
1341845708.501776 0.087946139 0.049036834 -0.031076316 0.047191486 -0.063372672 -0.002350092 0.996870756
1341845708.543852 0.090257801 0.048541717 -0.035914537 0.047449492 -0.065370113 -0.002380766 0.996729493
1341845708.605675 0.088964224 0.053694010 -0.033008587 0.047322158 -0.066465855 -0.004763714 0.996654510
1341845708.637641 0.085427754 0.051928956 -0.035769850 0.047138501 -0.067782789 -0.005138879 0.996572673
1341845708.669692 0.091737740 0.055590712 -0.034521244 0.047795914 -0.070333809 -0.006555784 0.996356189
1341845708.705736 0.091481969 0.056830734 -0.035030574 0.047027018 -0.070058629 -0.007928297 0.996402264
1341845708.738027 0.081883803 0.052230313 -0.038283151 0.045872983 -0.069298357 -0.008368820 0.996505558
1341845708.773829 0.083748765 0.055866800 -0.036932297 0.046508756 -0.071712293 -0.009163604 0.996298313
1341845708.805763 0.090070024 0.058752570 -0.034247819 0.046120159 -0.072895363 -0.009138654 0.996230721
1341845708.838653 0.085593469 0.053660642 -0.038922109 0.045066550 -0.072723135 -0.010863463 0.996274233
1341845708.873912 0.085046493 0.058327522 -0.036397971 0.045750637 -0.073969387 -0.012120408 0.996136785
1341845708.905735 0.083902866 0.058581214 -0.036894292 0.045434408 -0.074001297 -0.012646624 0.996142328
1341845708.938426 0.084534541 0.057638735 -0.037397098 0.045391727 -0.074628770 -0.014637760 0.996070206
1341845708.973642 0.084581718 0.058894806 -0.036330432 0.045482889 -0.075870410 -0.013552366 0.995987594
1341845709.005742 0.083515272 0.061039511 -0.041084100 0.045322493 -0.076342992 -0.014795466 0.995941103
1341845709.041686 0.080825701 0.058759093 -0.039189048 0.045093242 -0.076507241 -0.015417034 0.995929480
1341845709.073656 0.081758700 0.057002876 -0.041712444 0.044429358 -0.077169091 -0.016804956 0.995885849
1341845709.105658 0.078989767 0.056740586 -0.039659798 0.044279434 -0.077674881 -0.016923076 0.995851159
1341845709.141741 0.079024822 0.058776140 -0.040683601 0.044453859 -0.079093754 -0.018058006 0.995711744
1341845709.173646 0.081813768 0.061486788 -0.041123956 0.044398550 -0.079240344 -0.017872747 0.995705903
1341845709.205765 0.081101909 0.063988827 -0.040602900 0.044248488 -0.079513468 -0.017839916 0.995691419
1341845709.241765 0.085178658 0.062399101 -0.040663891 0.043444689 -0.079994261 -0.017456708 0.995695114
1341845709.273754 0.080628552 0.057732388 -0.040119890 0.042246696 -0.078953207 -0.017580342 0.995827556
1341845709.309890 0.081253730 0.057654507 -0.040983617 0.042310406 -0.079219326 -0.016346538 0.995824754
1341845709.341728 0.079578020 0.062541358 -0.040412024 0.042405467 -0.079204649 -0.015599262 0.995833874
1341845709.373776 0.079630874 0.064623855 -0.041268971 0.041493308 -0.079033673 -0.014994930 0.995895147
1341845709.409657 0.081781536 0.065777645 -0.047546707 0.039688237 -0.079146139 -0.013900016 0.995975673
1341845709.442072 0.077143230 0.064661324 -0.047645643 0.037429489 -0.078965880 -0.011866882 0.996103704
1341845709.473660 0.080284066 0.067983411 -0.042800132 0.036379255 -0.080134735 -0.011026155 0.996058941
1341845709.509632 0.081091359 0.067913719 -0.047433160 0.034261540 -0.080055036 -0.010512162 0.996145964
1341845709.541673 0.081517562 0.067417711 -0.045609675 0.032265574 -0.081165031 -0.010226389 0.996125817
1341845709.578645 0.079160497 0.064555421 -0.047605745 0.031021236 -0.081743143 -0.010752810 0.996112525
1341845709.609672 0.077912495 0.063260436 -0.047849275 0.030492263 -0.082908958 -0.011732161 0.996021390
1341845709.642057 0.075521156 0.064663097 -0.046486076 0.030511227 -0.083541870 -0.011294733 0.995972991
1341845709.709730 0.079183422 0.068948038 -0.044121370 0.030057609 -0.085483536 -0.012298099 0.995810151
1341845709.745593 0.078267403 0.071184784 -0.043894112 0.029893240 -0.085092187 -0.011928954 0.995853126
1341845709.777709 0.075992510 0.067274168 -0.044661433 0.028851124 -0.085180372 -0.010985872 0.995887160
1341845709.809687 0.078483433 0.070704862 -0.044389792 0.029536663 -0.085611269 -0.012440094 0.995813012
1341845709.845686 0.079913385 0.069186449 -0.043690972 0.029281262 -0.084097169 -0.014455399 0.995922327
1341845709.878752 0.075945437 0.064046122 -0.044951741 0.028190007 -0.081495330 -0.015666485 0.996151805
1341845709.909693 0.077504225 0.061173111 -0.048058957 0.028729424 -0.081396602 -0.014359869 0.996164143
1341845709.945663 0.075332768 0.059791174 -0.046281651 0.030311937 -0.082344443 -0.013756502 0.996047854
1341845709.977698 0.082471050 0.064419061 -0.047948573 0.032401394 -0.083601080 -0.012867246 0.995889246
1341845710.013739 0.079567514 0.062091246 -0.046583824 0.032627232 -0.082376599 -0.014268032 0.995964825
1341845710.045754 0.076467767 0.063480392 -0.045905128 0.033541583 -0.081436485 -0.014084056 0.996014416
1341845710.077705 0.078573301 0.064148374 -0.048804551 0.033636652 -0.082191393 -0.014970840 0.995936275
1341845710.113730 0.076944366 0.063244738 -0.047236919 0.033528104 -0.081540726 -0.014948461 0.995993733
1341845710.145759 0.074120395 0.060957227 -0.048013225 0.033242773 -0.081130959 -0.014883233 0.996037722
1341845710.177824 0.075502597 0.061663836 -0.045562401 0.033973146 -0.082372054 -0.014602358 0.995915353
1341845710.213581 0.078126349 0.063281231 -0.045131691 0.034598961 -0.082810313 -0.014244542 0.995862663
1341845710.245636 0.073861994 0.059202000 -0.048362534 0.034869879 -0.082255840 -0.015224881 0.995884657
1341845710.281582 0.070286952 0.058942910 -0.049498223 0.036744568 -0.083592854 -0.017131129 0.995674908
1341845710.313617 0.077195473 0.063115597 -0.048683543 0.037894957 -0.085147724 -0.016866457 0.995504558
1341845710.345643 0.074486874 0.061175045 -0.050566271 0.037556991 -0.084032454 -0.016258217 0.995622277
1341845710.381860 0.070142590 0.059316657 -0.053801458 0.038009502 -0.083802029 -0.016767070 0.995616078
1341845710.413817 0.078546837 0.066651329 -0.047647379 0.039387148 -0.085696958 -0.015818069 0.995416760
1341845710.445824 0.075368717 0.061711889 -0.051865384 0.037943210 -0.084442839 -0.015124931 0.995590746
1341845710.481794 0.072783522 0.060775787 -0.050112672 0.037754666 -0.084932171 -0.015312991 0.995553434
1341845710.513650 0.077207163 0.060620368 -0.051154271 0.037793670 -0.085544191 -0.014923841 0.995505452
1341845710.549635 0.073478118 0.060071055 -0.049896941 0.038359139 -0.085112065 -0.014328852 0.995529592
1341845710.581654 0.076233201 0.062350068 -0.051906787 0.039722152 -0.086116850 -0.014317294 0.995389879
1341845710.613694 0.074258454 0.062044382 -0.051072266 0.039585304 -0.085342892 -0.013406172 0.995474696
1341845710.649564 0.074712172 0.057359394 -0.052619420 0.039295949 -0.085254468 -0.013275857 0.995495498
1341845710.681648 0.078631707 0.060975578 -0.050765149 0.040675607 -0.085970514 -0.013308693 0.995378017
1341845710.713728 0.079324454 0.060000043 -0.051178444 0.040535919 -0.085311830 -0.013099340 0.995443165
1341845710.749785 0.074550271 0.058924034 -0.050162122 0.040746078 -0.084167004 -0.012224268 0.995543182
1341845710.781816 0.078744218 0.060255099 -0.051025063 0.041624259 -0.084870815 -0.012515938 0.995443463
1341845710.817567 0.078767583 0.064587988 -0.046727717 0.042449910 -0.084424160 -0.012771527 0.995443344
1341845710.850205 0.079520479 0.062582850 -0.052986965 0.041409243 -0.083499610 -0.011812728 0.995576978
1341845710.882136 0.074832007 0.058585584 -0.050027601 0.040596034 -0.083446883 -0.011226751 0.995621681
1341845710.917631 0.079458952 0.059402257 -0.052218650 0.040737435 -0.084030055 -0.011744944 0.995560884
1341845710.950281 0.076597638 0.056732368 -0.051665515 0.040167484 -0.082729302 -0.011396601 0.995696962
1341845710.985647 0.073362432 0.054523587 -0.052156337 0.041157436 -0.083089262 -0.011356416 0.995627105
1341845711.017722 0.079063810 0.063205630 -0.046646982 0.043924633 -0.085681416 -0.012586532 0.995274305
1341845711.049965 0.089519575 0.066581734 -0.054705877 0.042859364 -0.085091814 -0.014198462 0.995349586
1341845711.085583 0.079245962 0.057062462 -0.048209481 0.040571984 -0.081379235 -0.014063626 0.995757759
1341845711.117670 0.075876713 0.056150489 -0.050796770 0.041308679 -0.081947930 -0.013810082 0.995684385
1341845711.149770 0.081096202 0.062179014 -0.048733458 0.042262767 -0.083146095 -0.012740932 0.995559275
1341845711.191691 0.082353324 0.060740568 -0.046716485 0.040920403 -0.081719868 -0.012680434 0.995734215
1341845711.253627 0.078119136 0.061769605 -0.050473660 0.042206451 -0.083476476 -0.012849794 0.995532572
1341845711.285627 0.083617643 0.062122732 -0.047753759 0.041239846 -0.084510326 -0.013223310 0.995481014
1341845711.317874 0.080450095 0.061203033 -0.048102822 0.040402021 -0.083071359 -0.013771566 0.995629013
1341845711.353756 0.088073626 0.067499876 -0.048870672 0.039951693 -0.083598465 -0.015036808 0.995584786
1341845711.385687 0.084494665 0.066173919 -0.046607137 0.038243603 -0.081126414 -0.015158458 0.995854497
1341845711.417635 0.075380340 0.056636538 -0.048569128 0.036394197 -0.079133786 -0.014985478 0.996086717
1341845711.485895 0.080630898 0.060614876 -0.048928689 0.038810544 -0.082260773 -0.012691832 0.995773971
1341845711.521704 0.079648636 0.058480289 -0.045588918 0.039010294 -0.081517234 -0.012140227 0.995834172
1341845711.553696 0.081380285 0.059523430 -0.047135599 0.039712232 -0.081593476 -0.012416794 0.995796800
1341845711.585708 0.084350988 0.066019654 -0.047045831 0.039698608 -0.081063956 -0.012742099 0.995836496
1341845711.621659 0.084081165 0.061039399 -0.047378343 0.038392309 -0.079773813 -0.012949539 0.995989203
1341845711.653731 0.080442682 0.060751710 -0.046183191 0.038632710 -0.079684258 -0.012658177 0.995990813
1341845711.685758 0.082890302 0.057235070 -0.048065051 0.037978441 -0.080067351 -0.012254070 0.995990276
1341845711.721850 0.086465999 0.061616469 -0.048503362 0.039140575 -0.080544189 -0.011354604 0.995917499
1341845711.754323 0.078557365 0.061198559 -0.044911642 0.039429758 -0.080442026 -0.010298014 0.995925903
1341845711.789716 0.082279854 0.060459811 -0.048099503 0.039585382 -0.081545964 -0.010631849 0.995826423
1341845711.821820 0.085729070 0.055334400 -0.047768168 0.038834900 -0.081814207 -0.011069207 0.995829165
1341845711.854173 0.083181202 0.059701581 -0.049985897 0.039793208 -0.081228077 -0.011793548 0.995831013
1341845711.889875 0.086522169 0.063139781 -0.046440456 0.039788827 -0.080284089 -0.012655734 0.995897174
1341845711.923959 0.085993990 0.062442590 -0.049046583 0.038748607 -0.078011401 -0.013102214 0.996113002
1341845711.957595 0.081467018 0.064605780 -0.045931123 0.038552437 -0.077256918 -0.013890941 0.996168733
1341845711.989820 0.087019958 0.065473244 -0.046334859 0.037865505 -0.077242896 -0.014936002 0.996181011
1341845712.057899 0.079011962 0.063867792 -0.046404459 0.036476918 -0.075783052 -0.012968106 0.996372521
1341845712.090038 0.089909762 0.069096617 -0.045181286 0.036461990 -0.076480806 -0.015981302 0.996275961
1341845712.127587 0.085916378 0.064797074 -0.047002736 0.034295134 -0.073394805 -0.016395068 0.996578276
1341845712.195638 0.078885958 0.063890100 -0.044655450 0.036257271 -0.077355936 -0.014511730 0.996238351
1341845712.257830 0.080315046 0.063003659 -0.046823245 0.034529973 -0.074173808 -0.017055295 0.996501386
1341845712.289935 0.076223731 0.063570261 -0.045835145 0.034975756 -0.074336715 -0.015975706 0.996491611
