1341846647.802247 0.000000000 0.000000000 0.000000000 0.000000000 0.000000000 0.000000000 1.000000000
1341846647.834093 0.003324188 -0.001382461 -0.001948445 0.000464764 -0.000169925 0.001446595 0.999998808
1341846647.866652 0.005163448 -0.000178453 -0.006357555 0.002005085 0.002108332 0.002988228 0.999991298
1341846647.901972 0.010745012 0.002826751 -0.005121924 0.002450628 0.003592787 0.003579697 0.999984145
1341846647.934224 0.006748208 0.003607771 -0.006717056 0.001329833 0.004448831 0.003651884 0.999982536
1341846647.970225 0.011613253 0.008680558 0.000458202 0.001451986 0.002415458 0.004216908 0.999987125
1341846648.002341 0.011400155 0.015342492 -0.000943078 0.001751096 0.001742039 0.003912468 0.999989271
1341846648.034343 0.006493399 0.015616465 -0.002432291 -0.000481607 0.001394528 0.003332690 0.999993324
1341846648.070164 0.012637423 0.007700226 -0.001714917 -0.003049330 -0.002620284 0.004573022 0.999981403
1341846648.102152 0.017888309 0.009487606 -0.001241698 -0.001848070 -0.006564128 0.005350363 0.999962449
1341846648.138185 0.024651889 0.013798433 -0.006206971 -0.001732457 -0.008802418 0.005324406 0.999945581
1341846648.170568 0.017375894 0.014609488 -0.007606740 -0.004580349 -0.009198855 0.004001745 0.999939203
1341846648.202106 0.014773466 0.005449999 -0.012146888 -0.007387818 -0.012970976 0.004118974 0.999880075
1341846648.238157 0.018183999 0.009576283 -0.010806757 -0.005706470 -0.018387167 0.003924345 0.999806941
1341846648.270152 0.025562642 0.017515274 -0.013070073 -0.006895920 -0.024799762 0.001832987 0.999666989
1341846648.302183 0.025214773 0.017962774 -0.014460270 -0.011940276 -0.029462753 -0.003050487 0.999489903
1341846648.338170 0.027632339 0.012672127 -0.013415144 -0.016030377 -0.034666341 -0.005766597 0.999253750
1341846648.370216 0.018253798 0.000368510 -0.026868960 -0.020271469 -0.039543942 -0.006887157 0.998988450
1341846648.406052 0.010888465 0.012722088 -0.016003031 -0.019354727 -0.049146891 -0.005889890 0.998586655
1341846648.438342 0.029144339 0.005493763 -0.014555067 -0.020715218 -0.057446234 -0.002777602 0.998129785
1341846648.470076 0.031996995 0.013093626 -0.021533256 -0.020269778 -0.063052677 -0.001954394 0.997802436
1341846648.506263 0.047054667 0.012665185 -0.018819885 -0.023688421 -0.071684889 -0.001854998 0.997144282
1341846648.538249 0.044344813 0.016138950 -0.019761849 -0.026170371 -0.077405073 -0.004555905 0.996645808
1341846648.570179 0.051803194 0.016185898 -0.023262821 -0.029412940 -0.081730261 -0.004805432 0.996208787
1341846648.606081 0.040110279 0.007722609 -0.020460434 -0.033109747 -0.083676755 -0.006549165 0.995921195
1341846648.638395 0.037133958 0.010880569 -0.011123080 -0.032579456 -0.092860177 -0.008498453 0.995109737
1341846648.674053 0.046381347 0.018346701 -0.020400507 -0.029203840 -0.097614400 -0.010100542 0.994744480
1341846648.706058 0.049263861 0.008170683 -0.023974732 -0.032080006 -0.104738712 -0.007979924 0.993950248
1341846648.738116 0.055695459 0.005868172 -0.014852076 -0.033175528 -0.115464322 -0.008022111 0.992725074
1341846648.774049 0.112833239 -0.000616580 0.001719052 -0.032197740 -0.128044114 -0.004424176 0.991235793
1341846648.805941 0.114989042 -0.003864184 -0.004453400 -0.031425994 -0.130414754 -0.000836008 0.990960956
1341846648.838602 0.116592668 -0.001497892 -0.003749613 -0.031913392 -0.138774827 0.000925008 0.989809155
1341846648.874088 0.125631690 -0.000258686 -0.004545834 -0.033333316 -0.143031910 -0.000926210 0.989156127
1341846648.906165 0.140642509 -0.002585149 0.022792824 -0.036237810 -0.152181163 0.000777884 0.987687767
1341846648.942154 0.154673249 -0.008344112 0.008000270 -0.037026875 -0.169955432 0.003192695 0.984750688
1341846648.974090 0.159144297 -0.000311722 0.008442987 -0.037620910 -0.180486068 0.002911258 0.982853472
1341846649.006157 0.158253640 0.000408530 0.019219022 -0.040313758 -0.184104592 -0.002569190 0.982076228
1341846649.042101 0.162420988 -0.003576892 0.026064232 -0.040688667 -0.193101197 -0.001703064 0.980333328
1341846649.074128 0.165280461 -0.000314308 0.013196591 -0.041531950 -0.200391948 -0.009548998 0.978788555
1341846649.106188 0.164594755 0.009532630 0.022710159 -0.042603459 -0.200397611 -0.018205203 0.978618562
1341846649.142042 0.167093217 0.007483329 0.025123790 -0.045423862 -0.202439040 -0.019956665 0.978037238
1341846649.174442 0.158654585 0.010453897 0.025749918 -0.046948686 -0.206478447 -0.025974378 0.976978898
1341846649.216152 0.161383584 0.011230806 0.024517518 -0.047756899 -0.207370520 -0.030392377 0.976623297
1341846649.248048 0.181348220 0.009527981 0.036036678 -0.050384473 -0.210586965 -0.026206730 0.975924075
1341846649.280075 0.183404759 0.008027066 0.025319502 -0.054965422 -0.212603092 -0.025864864 0.975248575
1341846649.316071 0.201884359 0.009675991 0.037812438 -0.059247546 -0.216763496 -0.026568467 0.974062324
1341846649.348041 0.212769717 -0.005976567 0.081528738 -0.064608082 -0.222700819 -0.021834848 0.972498536
1341846649.383973 0.217561424 -0.003321380 0.079467408 -0.062680110 -0.227079019 -0.017301356 0.971703112
1341846649.416053 0.221824899 0.005501108 0.065961227 -0.061663687 -0.226409927 -0.023796530 0.971786916
1341846649.448084 0.224191308 -0.000251212 0.066759348 -0.067373484 -0.223353535 -0.024144951 0.972106516
1341846649.484154 0.230438828 -0.004725437 0.083493851 -0.070721619 -0.227193832 -0.022242865 0.971023500
1341846649.516198 0.228685424 -0.002804617 0.089491434 -0.069114804 -0.228244871 -0.027840134 0.970748365
1341846649.552101 0.230373755 -0.001152151 0.085900217 -0.066985793 -0.225893691 -0.032318581 0.971308649
1341846649.616167 0.233229354 -0.012546016 0.087607071 -0.068493389 -0.228716835 -0.024137143 0.970780432
1341846649.678101 0.238405854 -0.018419638 0.084620520 -0.067763090 -0.230426475 -0.027926179 0.970325708
1341846649.710937 0.277211189 -0.031333271 0.092120983 -0.069192044 -0.242822722 -0.022402819 0.967340529
1341846649.746112 0.280950129 -0.027397208 0.100282535 -0.066204235 -0.249940023 -0.027194841 0.965612471
1341846649.778019 0.282430291 -0.024646487 0.095889002 -0.063972227 -0.253574818 -0.028745426 0.964769959
1341846649.810257 0.283723861 -0.029481865 0.087999195 -0.063599616 -0.260503829 -0.027263308 0.962989867
1341846649.846059 0.286952913 -0.024965901 0.072157912 -0.064579412 -0.267903388 -0.030341681 0.960799992
1341846649.878137 0.314852476 -0.027962521 0.098731503 -0.070515387 -0.278609365 -0.029156910 0.957368433
1341846649.914184 0.314995319 -0.030340763 0.126995742 -0.070480354 -0.285756439 -0.024365624 0.955396295
1341846649.952612 0.322305053 -0.026230261 0.109915651 -0.067652524 -0.286956429 -0.024551554 0.955236316
1341846650.014156 0.341448903 -0.026458178 0.128786653 -0.067734987 -0.293247283 -0.013738943 0.953535140
1341846650.046184 0.349014997 -0.022404492 0.131400436 -0.065966994 -0.296411633 -0.014716517 0.952665687
1341846650.078250 0.361330062 -0.026530785 0.144735664 -0.065146416 -0.297464043 -0.016011970 0.952373207
1341846650.114215 0.362645328 -0.028994488 0.141953349 -0.064231731 -0.296415120 -0.011593911 0.952826321
1341846650.146137 0.369034469 -0.028402794 0.148565650 -0.061919227 -0.299522758 -0.010388575 0.952021122
1341846650.182236 0.387181669 -0.029483071 0.161343396 -0.058570322 -0.302010566 -0.008147325 0.951468706
1341846650.214164 0.394555479 -0.031630937 0.154070243 -0.057459064 -0.300661296 -0.006624667 0.951975465
1341846650.246084 0.398880124 -0.033545956 0.158816636 -0.059314691 -0.302200854 -0.007169816 0.951370060
1341846650.282167 0.400836527 -0.032995425 0.180541128 -0.055123422 -0.301802069 -0.014030903 0.951672256
1341846650.314158 0.404716969 -0.032303110 0.168386593 -0.052341890 -0.297724694 -0.014588802 0.953104138
1341846650.350453 0.407175243 -0.036860447 0.163746774 -0.054814760 -0.297476262 -0.014935720 0.953037322
1341846650.382075 0.414595574 -0.045427341 0.173205763 -0.057108689 -0.298678100 -0.019804718 0.952437818
1341846650.414224 0.419633210 -0.048360217 0.188633621 -0.055522412 -0.295877874 -0.020131497 0.953398228
1341846650.450353 0.414758474 -0.050404329 0.175482765 -0.054722976 -0.289635956 -0.017553734 0.955410004
1341846650.484849 0.417438090 -0.043879643 0.155960470 -0.054359280 -0.285353810 -0.021986140 0.956626832
1341846650.514091 0.413756788 -0.053488631 0.177792579 -0.056490477 -0.281040996 -0.023155026 0.957751870
1341846650.550746 0.403190941 -0.061184864 0.181726217 -0.052487031 -0.273679733 -0.022361824 0.960127354
1341846650.582069 0.400026321 -0.053031851 0.165879980 -0.046726216 -0.266610414 -0.022352571 0.962411463
1341846650.618092 0.394671321 -0.051347576 0.156571746 -0.046042699 -0.260195941 -0.025983101 0.964107335
1341846650.650422 0.379875392 -0.052207038 0.159787759 -0.045557175 -0.252078861 -0.028489325 0.966213822
1341846650.682114 0.371570259 -0.053483244 0.152158841 -0.044490889 -0.244581535 -0.030316371 0.968132913
1341846650.718110 0.363370895 -0.055097327 0.145250812 -0.044129699 -0.238746226 -0.032593612 0.969531059
1341846650.750112 0.349660516 -0.054141950 0.148039475 -0.042494763 -0.230939895 -0.035796233 0.971380234
1341846650.782116 0.334463507 -0.060838249 0.147173643 -0.042106926 -0.219974354 -0.034398060 0.973989248
1341846650.818115 0.317547798 -0.061494280 0.140421510 -0.038971964 -0.214785501 -0.033671096 0.975302339
1341846650.850139 0.309717536 -0.052265983 0.130012378 -0.036273438 -0.210144207 -0.035931680 0.976336300
1341846650.886238 0.301484585 -0.051046394 0.126996785 -0.038016357 -0.198312297 -0.036470979 0.978722036
1341846650.918288 0.283743829 -0.061702028 0.133696139 -0.040750727 -0.186838627 -0.032685995 0.981000662
1341846650.950233 0.268574625 -0.054582771 0.114037327 -0.038613688 -0.178597212 -0.031275950 0.982666731
1341846650.986247 0.257584780 -0.052151456 0.116816029 -0.039252754 -0.168258697 -0.029522251 0.984518528
1341846651.050482 0.229790732 -0.053265542 0.090299100 -0.037466850 -0.148181140 -0.022391563 0.987996578
1341846651.086169 0.219150245 -0.047926057 0.089144506 -0.040505279 -0.140041828 -0.022709928 0.989056051
1341846651.118423 0.205973655 -0.055348247 0.100939021 -0.041228257 -0.130122826 -0.018848976 0.990460992
1341846651.154189 0.195243195 -0.057491671 0.095323518 -0.037757367 -0.123203084 -0.014928699 0.991550565
1341846651.186391 0.184342146 -0.055650957 0.080599226 -0.038399778 -0.116499506 -0.012812080 0.992365479
1341846651.218036 0.168503746 -0.052439999 0.074051954 -0.039556202 -0.109778300 -0.013106864 0.993082225
1341846651.254031 0.157096326 -0.054530341 0.071378097 -0.040564876 -0.104206629 -0.011843505 0.993657470
1341846651.286406 0.145361647 -0.054146145 0.067941502 -0.042240951 -0.098857030 -0.012961044 0.994120181
1341846651.318309 0.132008955 -0.055671692 0.071078055 -0.043745141 -0.093625575 -0.015322977 0.994527936
1341846651.354135 0.119108908 -0.051335722 0.065994397 -0.041724935 -0.087096050 -0.018830806 0.995147586
1341846651.386180 0.104129329 -0.055597756 0.065062955 -0.041628607 -0.078892060 -0.018383862 0.995843947
1341846651.422237 0.090917923 -0.056121081 0.057896145 -0.041814536 -0.075195044 -0.018452160 0.996120870
1341846651.492135 0.063811608 -0.054689247 0.046912581 -0.044744961 -0.065844350 -0.026129561 0.996483624
1341846651.560316 0.036070153 -0.062806137 0.037541863 -0.042538829 -0.046456467 -0.026813075 0.997653902
1341846651.622176 0.015321629 -0.062412109 0.034087524 -0.033382278 -0.035597190 -0.028822249 0.998392582
1341846651.654223 0.002941099 -0.063128576 0.028517416 -0.030178139 -0.031389263 -0.027357280 0.998676896
1341846651.690127 -0.004595356 -0.066768900 0.021998620 -0.026499119 -0.028839672 -0.024429472 0.998934090
1341846651.722318 -0.018009430 -0.065056913 0.012199305 -0.022767905 -0.024178423 -0.022358730 0.999198198
1341846651.754212 -0.025829649 -0.059433330 0.005995128 -0.020435361 -0.020907640 -0.020454751 0.999363244
1341846651.790200 -0.046664521 -0.048823535 -0.005613435 -0.020278953 -0.013776143 -0.022588294 0.999444246
1341846651.822233 -0.064130828 -0.057120305 -0.002901365 -0.021062735 -0.006591456 -0.021405363 0.999527276
1341846651.858213 -0.083926424 -0.059749078 0.001054365 -0.012533106 -0.000090521 -0.018599508 0.999748468
1341846651.890237 -0.097660065 -0.055638190 -0.012882967 -0.004602285 0.006115147 -0.016476348 0.999834955
1341846651.922186 -0.095066607 -0.057610679 -0.016086495 -0.004069959 0.008484375 -0.011938997 0.999884486
1341846651.958047 -0.119314991 -0.061162412 -0.024272345 -0.002089960 0.013638148 -0.010664614 0.999847949
1341846651.990020 -0.142641038 -0.059941024 -0.016201075 0.004706046 0.021639163 -0.008475692 0.999718845
1341846652.022081 -0.164797604 -0.054007784 -0.021410251 0.011582891 0.027829733 -0.006098330 0.999526978
1341846652.058058 -0.160413086 -0.046676386 -0.041928791 0.012480711 0.027386418 0.000673637 0.999546766
1341846652.090106 -0.175742730 -0.046040718 -0.043994498 0.010747900 0.030616637 -0.002096615 0.999471247
1341846652.126257 -0.176473454 -0.051271625 -0.059181884 0.007449853 0.033719748 -0.000371133 0.999403536
1341846652.158232 -0.195410237 -0.047414232 -0.047871631 0.006266636 0.037376840 -0.000179633 0.999281585
1341846652.190049 -0.202821001 -0.053104285 -0.057154950 0.005364040 0.039287623 -0.001913279 0.999211729
1341846652.225981 -0.198177204 -0.054670326 -0.047691487 0.006420945 0.044493377 -0.002349205 0.998986304
1341846652.258089 -0.231858000 -0.056130648 -0.040430710 0.008116454 0.054304015 0.001552795 0.998490214
1341846652.290189 -0.249715775 -0.061314844 -0.045355577 0.011020757 0.056436259 0.003666226 0.998338640
1341846652.326148 -0.255978018 -0.064689964 -0.062257141 0.017849255 0.058699097 0.005935142 0.998098493
1341846652.358184 -0.262659013 -0.055158235 -0.054324523 0.021792026 0.062243469 0.008155182 0.997789681
1341846652.394279 -0.282094508 -0.054065689 -0.047119170 0.022611672 0.065168165 0.005886030 0.997600734
1341846652.426287 -0.292187691 -0.057557940 -0.045920137 0.023736186 0.068019003 0.004973652 0.997389257
1341846652.458277 -0.308864921 -0.062195823 -0.047058586 0.026079318 0.073086835 0.004993947 0.996972024
1341846652.494100 -0.322551131 -0.057441879 -0.047370199 0.029414641 0.076625183 0.005050977 0.996613204
1341846652.526469 -0.326335073 -0.053690217 -0.052620139 0.029422116 0.080177806 0.004575680 0.996335745
1341846652.562089 -0.334758192 -0.063026018 -0.063016593 0.028385852 0.087493494 0.002535774 0.995757341
1341846652.594254 -0.345040500 -0.064605132 -0.067606509 0.030555410 0.099707723 0.002472935 0.994544387
1341846652.626356 -0.337915689 -0.063599899 -0.056841806 0.032226507 0.109570295 0.001800842 0.993454874
1341846652.662152 -0.317069381 -0.052072845 -0.098452985 0.034368608 0.124549493 -0.002599597 0.991614580
1341846652.694113 -0.312706053 -0.051049896 -0.080691405 0.032855105 0.150746807 -0.007436434 0.987998307
1341846652.726378 -0.310433388 -0.058581524 -0.077371843 0.033882711 0.177949324 -0.006882655 0.983432055
1341846652.762129 -0.341481119 -0.048244435 -0.080892116 0.034805287 0.208433211 -0.010995872 0.977355242
1341846652.794152 -0.359758705 -0.054048672 -0.061370298 0.031787593 0.241429970 -0.011242549 0.969832301
1341846652.830250 -0.377037704 -0.053621233 -0.045446962 0.031479880 0.272400856 -0.011687377 0.961597741
1341846652.862014 -0.378015697 -0.050613578 -0.040639535 0.030489098 0.290248513 -0.010429308 0.956408620
1341846652.894426 -0.372103810 -0.053653557 -0.036377773 0.029373094 0.307300478 -0.007684579 0.951128066
1341846652.930346 -0.372914255 -0.054671135 -0.017885759 0.031615995 0.326572448 -0.003589422 0.944636405
1341846652.962213 -0.389392912 -0.050561566 0.007553861 0.030990293 0.344906747 -0.005555016 0.938108742
1341846653.030292 -0.384785831 -0.063375920 0.007011652 0.024024308 0.374160796 -0.003702659 0.927045166
1341846653.062672 -0.399146348 -0.063474625 0.017831251 0.027010929 0.390107065 -0.001018226 0.920372665
1341846653.099024 -0.391357303 -0.047246344 0.029305667 0.027366659 0.404469520 -0.002240138 0.914139211
1341846653.130475 -0.397069603 -0.054596603 0.036848873 0.022954505 0.422715157 -0.002766662 0.905967593
1341846653.162620 -0.413025618 -0.059062533 0.040717617 0.022061812 0.438933820 -0.001939141 0.898246408
1341846653.198437 -0.422882080 -0.058344390 0.053657442 0.023053229 0.451789558 0.001428614 0.891825497
1341846653.230042 -0.413693100 -0.063306049 0.057346880 0.023751555 0.463338673 0.004347565 0.885852277
1341846653.298380 -0.422784328 -0.055100814 0.065747768 0.023873735 0.489404052 0.008295017 0.871690810
1341846653.330162 -0.421332836 -0.052811671 0.081756875 0.023805864 0.501612306 0.010506142 0.864701152
1341846653.366319 -0.441280484 -0.049020454 0.090191007 0.023036733 0.512986958 0.013492635 0.857981086
1341846653.398226 -0.432771564 -0.054737642 0.095255718 0.022301983 0.522008061 0.016951054 0.852480412
1341846653.430060 -0.470207810 -0.053487934 0.129218146 0.023841530 0.534018695 0.017322436 0.844958901
1341846653.466341 -0.478857756 -0.048494749 0.128816172 0.026110945 0.539577007 0.015599927 0.841386676
1341846653.498194 -0.476336122 -0.051467940 0.129318342 0.026429718 0.543761313 0.015453975 0.838681281
1341846653.530205 -0.474928170 -0.051856209 0.129325315 0.026172593 0.545413792 0.013811582 0.837644339
1341846653.566601 -0.481570959 -0.051330380 0.127423704 0.026075944 0.546947718 0.010995569 0.836688340
1341846653.598213 -0.479073733 -0.051629312 0.128412530 0.026748005 0.547473311 0.012071212 0.836308420
1341846653.634793 -0.480496407 -0.051472269 0.127329752 0.026071681 0.545898259 0.012092398 0.837358475
1341846653.666143 -0.480918646 -0.051599462 0.127411023 0.026580879 0.544296801 0.012842136 0.838373184
1341846653.698738 -0.478446275 -0.052159473 0.127940431 0.026124908 0.541031599 0.014861958 0.840465009
1341846653.734313 -0.477971971 -0.052397393 0.127616107 0.023079554 0.535591185 0.015329820 0.844022751
1341846653.766275 -0.487430692 -0.049678687 0.127111375 0.021814231 0.532820761 0.016231142 0.845791161
1341846653.802358 -0.511423588 -0.048455898 0.129910454 0.020776702 0.529462934 0.017705474 0.847893775
1341846653.834226 -0.509161949 -0.046566222 0.129121974 0.021322133 0.519314528 0.019398490 0.854096889
1341846653.866214 -0.498545468 -0.049257647 0.129729629 0.020005785 0.512948751 0.019302133 0.857968986
1341846653.902170 -0.492651939 -0.050577834 0.135885313 0.018168043 0.505534947 0.021145858 0.862355590
1341846653.934160 -0.495523602 -0.046901956 0.132441729 0.017493512 0.497121125 0.021746464 0.867232203
1341846653.966155 -0.497948378 -0.051027142 0.134805366 0.014507704 0.490496814 0.019643135 0.871100783
1341846654.002169 -0.500256062 -0.046681870 0.124755591 0.010528146 0.481818765 0.018963069 0.876002431
1341846654.034140 -0.495429397 -0.044985343 0.122348100 0.006810024 0.472814023 0.018780218 0.880935729
1341846654.070172 -0.480833828 -0.044291947 0.166936412 0.009181383 0.464612126 0.019679967 0.885248005
1341846654.102438 -0.476554453 -0.050587371 0.172698662 0.012756200 0.454511464 0.021348409 0.890393674
1341846654.134349 -0.479844093 -0.055171989 0.156490996 0.016347181 0.443352759 0.021217788 0.895946920
1341846654.170244 -0.485795438 -0.050608806 0.126860514 0.019492930 0.430090219 0.021392593 0.902321875
1341846654.202087 -0.472880900 -0.054345332 0.131023809 0.020906342 0.413315773 0.018019637 0.910169423
1341846654.234434 -0.472514957 -0.054955114 0.132154882 0.022365795 0.404821336 0.014821960 0.914002061
1341846654.270041 -0.488469064 -0.050595753 0.125291705 0.023385119 0.394224882 0.013432696 0.918618202
1341846654.302117 -0.486472845 -0.047263481 0.123675779 0.023420598 0.378382534 0.011269066 0.925284326
1341846654.338026 -0.447612643 -0.040965673 0.142661005 0.022815645 0.367492050 0.008985191 0.929703355
1341846654.369979 -0.471312970 -0.050676055 0.115665600 0.022454282 0.357469767 0.013383807 0.933558822
1341846654.402172 -0.500928521 -0.050028950 0.124316886 0.024701368 0.341570348 0.015304091 0.939406872
1341846654.438133 -0.432487309 -0.025852293 0.126693815 0.024838887 0.319787562 0.009423440 0.947116733
1341846654.470186 -0.433153301 -0.038407676 0.130654573 0.021076860 0.310424834 0.011515714 0.950294495
1341846654.502267 -0.459013164 -0.045321885 0.102701232 0.021678453 0.293137878 0.015439491 0.955699682
1341846654.539064 -0.400397182 -0.037498489 0.078872271 0.021955777 0.268234700 0.012546490 0.963021636
1341846654.570053 -0.371441275 -0.031240419 0.079311714 0.019844130 0.259905219 0.010054486 0.965377867
1341846654.606030 -0.384826630 -0.042762998 0.100367904 0.018313298 0.247272775 0.007236857 0.968745768
1341846654.637980 -0.368357420 -0.043957569 0.075412199 0.021595653 0.225140572 0.008117897 0.974053085
1341846654.670155 -0.355006993 -0.045954049 0.057504117 0.024069710 0.217068717 0.007851022 0.975827932
1341846654.706022 -0.352929145 -0.039213166 0.087684922 0.027141724 0.205418155 0.006713278 0.978274822
1341846654.738497 -0.353108257 -0.056596685 0.032501027 0.030517688 0.184068799 0.012321307 0.982362211
1341846654.774056 -0.316036105 -0.036878183 0.028848834 0.034097299 0.171998560 0.012932032 0.984421968
1341846654.806040 -0.338840038 -0.042156078 0.014033869 0.031203238 0.163970307 0.013574929 0.985878170
1341846654.838060 -0.329426467 -0.050493315 0.017051242 0.030632189 0.147446483 0.014247197 0.988492906
1341846654.874136 -0.331265002 -0.034477666 -0.012848042 0.031155976 0.133326188 0.014111552 0.990481853
1341846654.906209 -0.306235820 -0.038758405 -0.002653413 0.026874391 0.121377267 0.013699479 0.992147982
1341846654.938214 -0.297126144 -0.059574090 -0.000723951 0.026689006 0.104582854 0.014459929 0.994052827
1341846654.974334 -0.282655805 -0.058094874 -0.010734223 0.031062080 0.086289346 0.015034040 0.995672226
1341846655.006124 -0.283712626 -0.039078288 -0.024746209 0.032483775 0.073340937 0.016279520 0.996644795
1341846655.042239 -0.277060926 -0.034650147 -0.014996968 0.032721031 0.057040248 0.019831525 0.997638404
1341846655.074179 -0.261254787 -0.040023040 -0.022968477 0.034546133 0.032296762 0.020317562 0.998674452
1341846655.106132 -0.252899826 -0.039472174 -0.033725627 0.034563519 0.017647550 0.017774617 0.999088526
1341846655.142070 -0.280485630 -0.029086262 -0.045665316 0.036108788 0.002641426 0.018737417 0.999168694
1341846655.174000 -0.260693967 -0.034817025 -0.042291421 0.032900568 -0.021895424 0.013886540 0.999122262
1341846655.206124 -0.223267630 -0.030424530 -0.040682655 0.030728638 -0.038182277 0.012070165 0.998725295
1341846655.242079 -0.202088892 -0.048841830 -0.041336104 0.030216422 -0.054212287 0.014806791 0.997962296
1341846655.274211 -0.160863608 -0.046605323 -0.065578997 0.033701938 -0.065374799 0.014999082 0.997178674
1341846655.310175 -0.161576867 -0.054301810 -0.064530402 0.038142361 -0.065519817 0.017230470 0.996973097
1341846655.342236 -0.151423529 -0.050745998 -0.059182759 0.046021130 -0.071820006 0.024487991 0.996054351
1341846655.374134 -0.131590500 -0.043396629 -0.063959777 0.049698394 -0.076450326 0.026256066 0.995487869
1341846655.410207 -0.125253424 -0.053432610 -0.073444158 0.050163392 -0.077444471 0.031283811 0.995242357
1341846655.442262 -0.162113786 -0.055077847 -0.061967082 0.054580513 -0.082389079 0.028683422 0.994691014
1341846655.474205 -0.139290467 -0.037822735 -0.070697479 0.057753820 -0.095577627 0.027657680 0.993360162
1341846655.510277 -0.134441003 -0.023893276 -0.065496191 0.054818135 -0.106497586 0.026911207 0.992435932
1341846655.542135 -0.122926593 -0.028470229 -0.069302976 0.049933422 -0.115325712 0.027528586 0.991689861
1341846655.578132 -0.117413044 -0.029931292 -0.064163193 0.047452945 -0.123918116 0.028451139 0.990748703
1341846655.642348 -0.113875322 -0.030493289 -0.078369051 0.041270487 -0.143293753 0.027070284 0.988448679
1341846655.678110 -0.115648746 -0.043063357 -0.094962925 0.039992981 -0.152233556 0.028157221 0.987133563
1341846655.710074 -0.103566758 -0.037932944 -0.085559420 0.041958265 -0.164848447 0.030198688 0.984963179
1341846655.748050 -0.098558150 -0.020259038 -0.091086693 0.040603627 -0.175708860 0.029544335 0.983160675
1341846655.810222 -0.101091862 -0.027089581 -0.099605761 0.036521867 -0.193170026 0.031024853 0.979994357
1341846655.846257 -0.083615109 -0.022879435 -0.089202970 0.034911539 -0.205082789 0.032107115 0.977594674
1341846655.910355 -0.088563077 -0.032332927 -0.121111274 0.027721997 -0.222510174 0.029361365 0.974093735
1341846655.946240 -0.074047565 -0.030038103 -0.114222914 0.026614042 -0.233631283 0.028811758 0.971533835
1341846655.978412 -0.066013679 -0.018998830 -0.116960429 0.024951752 -0.240778983 0.027259022 0.969876170
1341846656.014188 -0.059593815 -0.018298084 -0.105800703 0.022042319 -0.244658381 0.028150339 0.968949914
1341846656.046211 -0.048026707 -0.020385921 -0.089524195 0.019633228 -0.249838546 0.030951714 0.967593491
1341846656.078165 -0.053609349 -0.023285134 -0.116708890 0.019211201 -0.252190381 0.031308938 0.966980159
1341846656.114220 -0.050275695 -0.015120333 -0.122280978 0.018309353 -0.256644487 0.031320482 0.965824723
1341846656.146158 -0.051646408 -0.024572767 -0.128125340 0.015105210 -0.262155622 0.029852230 0.964445412
1341846656.178154 -0.040939372 -0.021917937 -0.123152241 0.015621352 -0.269645989 0.030890727 0.962337077
1341846656.214132 -0.037341416 -0.023270115 -0.119312577 0.015033399 -0.275168508 0.030585634 0.960791707
1341846656.246093 -0.033916216 -0.024106886 -0.124910012 0.015646452 -0.278258145 0.030098135 0.959907115
1341846656.282181 -0.031071048 -0.013679085 -0.126454875 0.016401468 -0.281333536 0.030781936 0.958975971
1341846656.314258 -0.031865966 -0.014958095 -0.112985373 0.014485212 -0.286003500 0.029472457 0.957665682
1341846656.346094 -0.027678724 -0.008858628 -0.113343291 0.013287822 -0.290342420 0.027728371 0.956428707
1341846656.382222 -0.030712932 -0.017615128 -0.116242751 0.009623337 -0.293954402 0.026693948 0.955398142
1341846656.414253 -0.057523061 -0.017911790 -0.112578914 0.011069469 -0.300925404 0.026350146 0.953219295
1341846656.446177 -0.028534397 -0.007804538 -0.128687650 0.009935289 -0.311162770 0.025904102 0.949951589
1341846656.482260 -0.028520051 -0.016554782 -0.130622610 0.003892382 -0.317139477 0.024722224 0.948048592
1341846656.519461 -0.026880920 -0.016742179 -0.125663340 0.004188424 -0.324280262 0.026553977 0.945579052
1341846656.582247 -0.011531916 -0.008769860 -0.136548638 -0.000335173 -0.330426157 0.025648726 0.943483174
1341846656.614195 -0.008957565 -0.010462692 -0.140157431 -0.001658404 -0.332916141 0.025451981 0.942611456
1341846656.649995 -0.003462382 -0.012083168 -0.146472558 -0.002065879 -0.334380984 0.025192089 0.942098975
1341846656.682076 -0.016269576 -0.009720007 -0.124130256 -0.002671541 -0.338357717 0.026461100 0.940641642
1341846656.714216 -0.007566933 -0.007161446 -0.131438702 -0.003513326 -0.342659771 0.026229218 0.939086795
1341846656.749974 -0.005980954 -0.005016773 -0.133631289 -0.005908185 -0.344622791 0.025859604 0.938366413
1341846656.782653 -0.001597788 -0.013757966 -0.123380676 -0.007096734 -0.347558945 0.026940651 0.937244177
1341846656.824388 -0.009177767 -0.005768659 -0.135813266 -0.006256303 -0.348937988 0.026845371 0.936740339
1341846656.856226 -0.002203777 0.004078551 -0.137105316 -0.007950200 -0.350490838 0.024760671 0.936204970
1341846656.892050 -0.004001319 -0.004834613 -0.123578504 -0.011046140 -0.348534703 0.025738791 0.936877251
1341846656.924099 -0.003274869 0.000440478 -0.121972337 -0.010438921 -0.347936064 0.025393136 0.937116146
1341846656.956112 -0.002645928 0.004036632 -0.114180326 -0.011652026 -0.342706889 0.025408192 0.939026415
1341846656.992122 0.001637924 0.000398116 -0.104292437 -0.014188214 -0.337592095 0.026839221 0.940802753
1341846657.024108 0.006466761 0.000527050 -0.096419752 -0.014125608 -0.335099012 0.027944816 0.941662431
1341846657.056121 0.012938950 -0.000304207 -0.093675070 -0.015331291 -0.330143034 0.030267229 0.943320930
1341846657.092006 -0.005951516 -0.000753072 -0.090756401 -0.010750583 -0.316553891 0.029669220 0.948049486
1341846657.124027 -0.004624359 0.007663564 -0.091137037 -0.003685151 -0.306293637 0.034398541 0.951308250
1341846657.155973 0.015101658 0.000130521 -0.072330132 -0.001070738 -0.299150795 0.036788825 0.953495800
1341846657.192094 0.010493809 0.002608305 -0.073308572 0.001549691 -0.282760590 0.035470948 0.958533168
1341846657.224195 0.002080053 -0.000305435 -0.088222533 0.004404254 -0.269928068 0.032153029 0.962333441
1341846657.292164 0.008099156 -0.000684764 -0.076872900 0.005936360 -0.250824422 0.027676303 0.967618644
1341846657.354367 0.023635330 -0.002743961 -0.081311606 0.004857298 -0.234556273 0.024516197 0.971781254
1341846657.386193 0.036685538 -0.007174996 -0.078865506 0.004363292 -0.225695416 0.023255847 0.973910511
1341846657.418105 0.045972437 -0.016196249 -0.075946651 0.005405230 -0.215812996 0.025067395 0.976097941
1341846657.454277 0.032440096 -0.012099363 -0.077027075 0.007608549 -0.203528538 0.023944881 0.978746593
1341846657.486117 0.042815074 -0.012265305 -0.063473560 0.008282930 -0.192376062 0.022316214 0.981032550
1341846657.522092 0.048304901 -0.016200792 -0.058260076 0.011146670 -0.179236457 0.021641372 0.983504772
1341846657.554062 0.059288461 -0.011520965 -0.051949397 0.013953598 -0.174551427 0.020513695 0.984335482
1341846657.586078 0.033246726 -0.011625404 -0.048163265 0.014419756 -0.158392325 0.017919032 0.987108350
1341846657.622205 0.039373398 -0.016987048 -0.037566487 0.013469327 -0.145394355 0.015234699 0.989164770
1341846657.654161 0.045957658 -0.014186301 -0.019792464 0.015665114 -0.139771566 0.017114388 0.989911914
1341846657.686517 0.064945087 -0.015809199 -0.026770443 0.015723959 -0.129592329 0.013626638 0.991349041
1341846657.722061 0.065711714 -0.021828307 -0.017795311 0.016581098 -0.116387136 0.012082599 0.992991984
1341846657.754104 0.047273222 -0.021851869 -0.036855880 0.016872779 -0.104669966 0.010607105 0.994307280
1341846657.790066 0.078577906 -0.010937672 -0.034425355 0.013936175 -0.095908664 0.008231639 0.995258510
1341846657.822089 0.056275524 -0.035636481 -0.014201060 0.010712226 -0.075660877 0.003361956 0.997070372
1341846657.853972 0.055054333 -0.029975668 -0.009178394 0.015411561 -0.065982215 0.006156522 0.997682750
1341846657.889993 0.076458268 -0.020794654 -0.018200485 0.014861862 -0.055398066 0.006184961 0.998334587
1341846657.922046 0.065425813 -0.028897045 0.001586728 0.014928011 -0.039873559 0.006087256 0.999074697
1341846657.954192 0.042265486 -0.028523784 -0.019907491 0.015829599 -0.027761118 0.007581109 0.999460459
1341846657.990141 0.076615997 -0.022582065 -0.018669300 0.013082002 -0.022631645 0.009246081 0.999615490
1341846658.022419 0.044744540 -0.039606128 -0.011094030 0.012844802 -0.010065504 0.009562609 0.999821126
1341846658.090215 0.054445986 -0.027870707 -0.014594115 0.015340273 0.003258644 0.009447348 0.999832392
1341846658.122355 0.043587606 -0.030875172 -0.004202530 0.013867890 0.011976048 0.009793137 0.999784112
1341846658.158136 0.032122843 -0.022790693 0.016898304 0.012842529 0.016876448 0.008911335 0.999735355
1341846658.190098 0.038942486 -0.024572721 0.011514573 0.010602995 0.021927340 0.008805642 0.999664545
1341846658.226027 0.028869616 -0.037357740 0.021777749 0.010091094 0.029354464 0.007666927 0.999488711
1341846658.258133 0.024623560 -0.029398164 0.020904429 0.013139567 0.031786941 0.006304135 0.999388456
1341846658.290020 0.027734641 -0.026919462 0.026827717 0.012240489 0.035509776 0.002690088 0.999290764
1341846658.326239 0.012716490 -0.028689954 0.028083833 0.012569596 0.040947936 -0.000935141 0.999081790
1341846658.358248 0.013095464 -0.017022455 0.010456391 0.011332643 0.041433141 -0.003178573 0.999071956
1341846658.390215 0.009227969 -0.019633450 0.024014849 0.004790827 0.040954452 -0.008427527 0.999113977
1341846658.426300 0.015009852 -0.032319199 0.029133584 0.001492406 0.043556798 -0.008920641 0.999010026
1341846658.458168 -0.011044994 -0.038545649 0.027739549 0.002311163 0.044904552 -0.008168044 0.998955190
1341846658.494176 -0.011900811 -0.015916560 0.021474002 0.002228300 0.039637212 -0.004658175 0.999200821
1341846658.526214 -0.001925572 -0.006834914 0.023302507 -0.007058744 0.038387429 -0.005535371 0.999222636
1341846658.558129 -0.012860813 -0.000875067 0.022560375 -0.016195556 0.037215494 -0.005192698 0.999162495
1341846658.594206 -0.016227400 0.036588255 0.005946998 -0.032393333 0.031779796 -0.006431991 0.998949111
1341846658.626105 -0.028984800 0.036027174 0.024802942 -0.050441142 0.028206108 -0.006366152 0.998308361
1341846658.658181 -0.013494726 -0.028784577 0.026416004 -0.066069022 0.022914782 -0.007849912 0.997521043
1341846658.694141 -0.011241257 0.015837373 0.006715233 -0.069594622 0.020863913 -0.003203169 0.997352004
1341846658.726153 -0.017026428 -0.012882135 0.026113989 -0.089600623 0.018806240 -0.002575947 0.995796859
1341846658.762100 -0.016496554 -0.026824925 0.028432256 -0.095174335 0.011389338 -0.002262117 0.995392859
1341846658.794185 0.006823704 -0.023523133 0.011728659 -0.098164842 0.007823408 -0.000148932 0.995139420
1341846658.826155 0.000885273 0.017705252 0.009047059 -0.100786060 0.011209900 -0.000505416 0.994844854
1341846658.862197 -0.010369038 -0.029101508 0.019073397 -0.116786316 0.009429066 -0.000555930 0.993112206
1341846658.894170 0.013597152 -0.025514126 0.011637556 -0.117997266 0.006306911 0.000947741 0.992993474
1341846658.962404 -0.022790983 -0.025910668 0.018311169 -0.134300560 0.018016508 0.003957867 0.990768969
1341846658.994217 -0.007725390 -0.036023453 0.023992840 -0.137029424 0.013051022 0.004974776 0.990468502
1341846659.030070 -0.002067570 -0.054796435 0.024904229 -0.137912780 0.013940445 0.002337711 0.990343571
1341846659.062007 -0.027043300 -0.053416062 0.023074603 -0.133416250 0.017164249 0.002548472 0.990908206
1341846659.094100 -0.006943130 -0.050558470 0.017208587 -0.131384313 0.012743721 0.001947597 0.991247714
1341846659.130368 -0.000917850 -0.054151855 0.015328404 -0.133760378 0.014815198 -0.000250130 0.990902960
1341846659.162537 -0.019469462 -0.059711754 0.021192633 -0.131696537 0.018893246 0.000726379 0.991109788
1341846659.198696 0.005516954 -0.051863078 0.017833497 -0.127575621 0.012617592 0.000549452 0.991748512
1341846659.231286 0.013614839 -0.039583631 0.014425216 -0.126549229 0.016151000 -0.001287766 0.991828084
1341846659.263549 -0.017876275 -0.061706521 0.017911950 -0.130851284 0.023028079 0.001612338 0.991133273
1341846659.298797 -0.000388342 -0.054284021 0.015727788 -0.129508972 0.018309811 0.002287490 0.991406560
1341846659.331074 0.003714261 -0.058376316 0.014934830 -0.131854758 0.019539833 0.001927678 0.991074622
1341846659.362420 -0.000525628 -0.058094412 0.020454852 -0.131806582 0.022544453 0.003359421 0.991013408
1341846659.398303 -0.001947982 -0.061896380 0.018812805 -0.130023360 0.022011075 0.005959335 0.991248727
1341846659.430262 0.016954914 -0.055712439 0.013361228 -0.128606096 0.018345524 0.005591077 0.991510332
1341846659.466583 0.007454508 -0.053498488 0.016158612 -0.129265219 0.023033703 0.004887738 0.991330504
1341846659.498531 -0.010485221 -0.063883565 0.017853487 -0.129424587 0.025467644 0.006711132 0.991239488
1341846659.530267 0.002917703 -0.058291525 0.014933812 -0.126334503 0.021695953 0.005863268 0.991733134
1341846659.566571 0.009710127 -0.046177927 0.010681587 -0.123269036 0.023604767 0.004822325 0.992080867
1341846659.598122 -0.005427756 -0.055944197 0.014862111 -0.123489760 0.028140621 0.006427316 0.991926014
1341846659.630209 -0.009037771 -0.053684615 0.012174566 -0.120422289 0.025842981 0.007197120 0.992360294
1341846659.666409 0.005363157 -0.040672310 0.008902020 -0.118295342 0.023359913 0.004613567 0.992692947
1341846659.698237 -0.016551701 -0.054313935 0.014254378 -0.121627107 0.027836232 0.004548087 0.992175102
1341846659.734169 -0.023696488 -0.050602280 0.011228399 -0.119983017 0.022695005 0.003842945 0.992509127
1341846659.766421 -0.001734384 -0.057085648 0.011462454 -0.121441610 0.016625196 0.000783873 0.992459059
1341846659.798087 -0.010476817 -0.054648984 0.011048853 -0.120932825 0.018799422 0.001110177 0.992482126
1341846659.834075 -0.035895709 -0.065618999 0.011330748 -0.121087208 0.019874107 0.001618398 0.992441654
1341846659.866481 -0.014508807 -0.051034521 0.011122736 -0.117833987 0.011920196 0.001909710 0.992959976
1341846659.898128 -0.006886288 -0.066651851 0.011843879 -0.120462760 0.009478902 0.001976081 0.992670655
1341846659.934286 -0.018099554 -0.065834753 0.010902874 -0.117117427 0.009263356 0.003403689 0.993069112
1341846659.966354 -0.017746152 -0.057818320 0.006893529 -0.113685787 0.004791820 0.003628652 0.993498623
1341846660.002267 -0.010871234 -0.056213833 0.006396745 -0.112461753 0.002354854 0.001303577 0.993652463
1341846660.034581 -0.023675954 -0.066702381 0.008084791 -0.112347722 0.003732568 0.000695007 0.993661702
1341846660.066206 -0.023944652 -0.080065139 0.007066072 -0.110386454 -0.001162400 0.002033217 0.993885994
1341846660.102245 -0.006108998 -0.066333771 0.003124281 -0.104559973 -0.007001553 -0.000537517 0.994493842
1341846660.140244 -0.012062786 -0.062159896 0.000960674 -0.102888756 -0.005269177 -0.001908372 0.994677126
1341846660.202316 -0.020283084 -0.070300393 0.003743122 -0.099652432 -0.011058522 -0.001982139 0.994958937
1341846660.234105 -0.014955970 -0.069954649 -0.000425551 -0.096265897 -0.010699892 -0.003464640 0.995292127
1341846660.270168 -0.034794625 -0.090171203 0.004055103 -0.092581026 -0.008052822 -0.002643123 0.995669067
1341846660.302258 -0.044292919 -0.087397076 -0.002520031 -0.077741221 -0.011407463 -0.003112245 0.996903419
1341846660.334349 -0.028456172 -0.072850481 -0.004232852 -0.064330041 -0.014434729 -0.004273248 0.997815132
1341846660.370214 -0.033808887 -0.071390592 -0.007242245 -0.060144700 -0.012704551 -0.005495787 0.998093665
1341846660.401986 -0.038859334 -0.059870161 -0.007455447 -0.058026895 -0.014537481 -0.006742945 0.998186409
1341846660.438062 -0.032772101 -0.069357358 -0.003606085 -0.058882486 -0.016520213 -0.007904015 0.998096943
1341846660.470191 -0.035772864 -0.071753979 -0.001151350 -0.056652192 -0.015754730 -0.007143866 0.998244047
1341846660.502233 -0.039947864 -0.067759022 -0.008708524 -0.053919341 -0.017712429 -0.006708965 0.998365641
1341846660.537985 -0.029995233 -0.059458785 -0.004832714 -0.053030629 -0.019471705 -0.006004413 0.998385012
1341846660.570279 -0.031120546 -0.069572181 -0.008349499 -0.053301226 -0.017915159 -0.004272860 0.998408675
1341846660.602130 -0.039666817 -0.074747637 -0.008015483 -0.049584959 -0.019350985 -0.000954027 0.998582006
1341846660.638256 -0.029654497 -0.060097359 -0.009013074 -0.046832103 -0.022619456 -0.000565149 0.998646498
1341846660.670338 -0.022848858 -0.062578499 -0.006902298 -0.048276678 -0.019581575 -0.000306133 0.998642027
1341846660.706457 -0.032573413 -0.084730498 -0.009214571 -0.046375845 -0.017032668 0.003419669 0.998772979
1341846660.738241 -0.030793671 -0.073094890 -0.013118044 -0.038421586 -0.018952537 0.005842009 0.999064803
1341846660.770121 -0.018445540 -0.068362534 -0.011017511 -0.035874657 -0.016552042 0.005108627 0.999206126
1341846660.806117 -0.024683969 -0.081184447 -0.007026523 -0.033074159 -0.010172406 0.004461963 0.999391139
1341846660.838338 -0.030710947 -0.095086187 -0.015558707 -0.025706990 -0.010717544 0.008504029 0.999575913
1341846660.870203 -0.018752003 -0.077395082 -0.010213435 -0.015371833 -0.010442466 0.007435321 0.999799669
1341846660.906366 -0.015861079 -0.086180925 -0.013580203 -0.011486039 -0.005448055 0.007016890 0.999894559
1341846660.938063 -0.027455356 -0.113607585 -0.012280111 -0.005174071 -0.003187963 0.008840983 0.999942422
1341846660.974147 -0.023404727 -0.086444445 -0.012806778 0.010420365 -0.003410246 0.008212158 0.999906123
1341846661.006234 -0.012303331 -0.081192851 -0.022023903 0.014235962 -0.001603525 0.009618598 0.999851108
1341846661.038225 -0.029272975 -0.093103364 -0.018146511 0.016175164 0.001205542 0.010052021 0.999817908
1341846661.074059 -0.020156749 -0.106744267 -0.016278883 0.026882645 -0.002808995 0.010964494 0.999574542
1341846661.106184 -0.025371406 -0.073994733 -0.023188863 0.038593538 0.000186753 0.009372446 0.999211013
1341846661.138209 -0.029767204 -0.066725977 -0.018937297 0.037117869 0.002100918 0.008330803 0.999273956
1341846661.174244 -0.024123294 -0.083470553 -0.016531004 0.036025040 0.001713270 0.007891176 0.999318242
1341846661.206205 -0.021994155 -0.081450865 -0.021055425 0.039896570 0.001467574 0.009655293 0.999156117
1341846661.242184 -0.022505093 -0.072710767 -0.021861788 0.041886766 0.001459744 0.010024016 0.999071002
1341846661.274177 -0.021355761 -0.066014595 -0.021470424 0.041191243 0.002049174 0.008720784 0.999111116
1341846661.308814 -0.023991868 -0.071391098 -0.015528657 0.039021414 0.001901749 0.008880037 0.999197125
1341846661.342489 -0.021204097 -0.069952399 -0.021626508 0.038822353 0.000640012 0.008525659 0.999209523
1341846661.374640 -0.026113570 -0.071532488 -0.020107074 0.037828919 0.001739376 0.006489353 0.999261677
1341846661.410178 -0.020568239 -0.093683220 -0.027236484 0.039619446 -0.000992017 0.009178590 0.999172211
1341846661.442211 -0.019013759 -0.075471804 -0.022534179 0.044786256 -0.002050882 0.009085158 0.998953164
1341846661.474354 -0.024685441 -0.068485163 -0.022184502 0.044466045 0.000143513 0.007198181 0.998984933
1341846661.510169 -0.031500887 -0.063665383 -0.015719328 0.043176349 -0.001090706 0.005449878 0.999051988
1341846661.542767 -0.016444825 -0.057586577 -0.026939508 0.038622085 -0.004194098 0.005117671 0.999231994
1341846661.574217 -0.021131728 -0.081410073 -0.029514743 0.033875007 -0.002942252 0.002714509 0.999418080
1341846661.610041 -0.030624665 -0.076817960 -0.029195542 0.037660830 -0.004810798 0.004682234 0.999267995
1341846661.642253 -0.017841969 -0.063450821 -0.035599697 0.038171019 -0.007159681 0.003648834 0.999238908
1341846661.678078 -0.016931359 -0.079445899 -0.029841097 0.034941100 -0.007544058 0.005299549 0.999346852
1341846661.710142 -0.021763986 -0.092212155 -0.027796373 0.037410900 -0.009186232 0.007158953 0.999232113
1341846661.742341 -0.033120804 -0.098541863 -0.026362637 0.044348810 -0.008763676 0.004903378 0.998965621
1341846661.778063 -0.040810395 -0.094399147 -0.033540301 0.054414775 -0.007264586 0.001156404 0.998491347
1341846661.810103 -0.034185156 -0.098535873 -0.028953537 0.060542632 -0.008055521 0.001908076 0.998131275
1341846661.842216 -0.032784503 -0.097406127 -0.028646789 0.068490602 -0.008553933 -0.000217763 0.997615099
1341846661.878157 -0.032299981 -0.084934734 -0.026466632 0.074345157 -0.006857011 -0.002044050 0.997206867
1341846661.910222 -0.031876523 -0.084991671 -0.028330751 0.075929753 -0.004576254 -0.002567400 0.997099400
1341846661.946090 -0.035947789 -0.091752619 -0.028810555 0.078458942 -0.003870025 -0.002719582 0.996906161
1341846662.010311 -0.040036596 -0.091233149 -0.021282375 0.093282364 -0.003180296 -0.005292445 0.995620549
1341846662.046195 -0.040964767 -0.093272313 -0.021021081 0.101722963 -0.005432340 -0.004415642 0.994788110
1341846662.078099 -0.038895756 -0.092096515 -0.024634803 0.107784942 -0.005766707 -0.006488997 0.994136333
1341846662.110672 -0.039123874 -0.092232369 -0.026622094 0.114320487 -0.003719318 -0.007270232 0.993410349
1341846662.146166 -0.041444570 -0.092936181 -0.023660935 0.122413173 -0.005066819 -0.004912499 0.992454112
1341846662.178168 -0.036399715 -0.091092557 -0.030704621 0.129850969 -0.005791840 -0.003030928 0.991511941
1341846662.214136 -0.037395328 -0.086806849 -0.031319052 0.143929467 -0.003649088 0.000743567 0.989580929
1341846662.246167 -0.037002329 -0.089835420 -0.026640169 0.152459875 -0.005487014 0.001015939 0.988293886
1341846662.278007 -0.038259488 -0.091344707 -0.031214356 0.156475738 -0.004488000 -0.000703181 0.987671375
1341846662.314144 -0.039751824 -0.090880886 -0.027734213 0.162497118 -0.002143230 -0.000939638 0.986706257
1341846662.346164 -0.039777689 -0.090922266 -0.025137909 0.166969880 -0.004199488 0.000105070 0.985953093
1341846662.378069 -0.039853681 -0.089840353 -0.029596582 0.173378438 -0.003644582 0.000184741 0.984848499
1341846662.414229 -0.041290998 -0.088874288 -0.028857604 0.180279359 -0.001915243 0.001576732 0.983612299
1341846662.446102 -0.039020587 -0.091571249 -0.026677869 0.186243579 -0.003842739 0.002412142 0.982493103
1341846662.482229 -0.038788151 -0.088729523 -0.029263746 0.195010319 -0.004446418 0.001943506 0.980789185
1341846662.514117 -0.038909134 -0.089126855 -0.029466905 0.203766674 -0.003388310 0.004994349 0.979000866
1341846662.546261 -0.038655385 -0.091423303 -0.032528944 0.210746482 -0.003312258 0.005533560 0.977519453
1341846662.582101 -0.041322213 -0.093607791 -0.024002017 0.213384449 -0.001517878 0.004375202 0.976957321
1341846662.620264 -0.041556507 -0.095328510 -0.023326294 0.216479942 -0.000424973 0.006229193 0.976267099
1341846662.682024 -0.039984107 -0.096113123 -0.023307415 0.224436834 -0.001575134 0.005456613 0.974472046
1341846662.714075 -0.040352415 -0.094674580 -0.021739636 0.226215646 -0.000540264 0.006464548 0.974055648
1341846662.750127 -0.038490485 -0.093224637 -0.023788223 0.231790960 -0.002415693 0.007564731 0.972733200
1341846662.782002 -0.039451711 -0.090591185 -0.030348714 0.233800545 -0.002231710 0.007561811 0.972252607
1341846662.814097 -0.038287614 -0.090963773 -0.030442823 0.230671391 -0.002887001 0.006477135 0.973005831
1341846662.850193 -0.038366158 -0.094005823 -0.025429917 0.232334167 -0.003849857 0.006961690 0.972603500
1341846662.882162 -0.038226862 -0.091144718 -0.036019281 0.234723717 -0.004518422 0.007098169 0.972025692
1341846662.918191 -0.038888894 -0.091388501 -0.033019427 0.233195931 -0.005603260 0.006745803 0.972390175
1341846662.956034 -0.037859537 -0.086747490 -0.041432146 0.233951047 -0.005357116 0.006237013 0.972213626
1341846663.018208 -0.038621604 -0.095066428 -0.021004008 0.238701418 -0.009447955 0.007104418 0.971021056
1341846663.049994 -0.039217576 -0.089928716 -0.035078388 0.237852275 -0.009001438 0.005763624 0.971242487
1341846663.118078 -0.039849006 -0.093048885 -0.021022776 0.240088284 -0.009221681 0.004794579 0.970695376
1341846663.150227 -0.037474584 -0.093640730 -0.026312953 0.241299152 -0.008374884 0.003252865 0.970409155
1341846663.186300 -0.038139507 -0.093508214 -0.026893152 0.240243196 -0.007632049 0.003061534 0.970677853
1341846663.218442 -0.038292013 -0.091233067 -0.035975948 0.236065194 -0.007559487 0.002233146 0.971705258
1341846663.250380 -0.037925996 -0.090241730 -0.040616825 0.230367050 -0.007103700 0.000789113 0.973077536
1341846663.286056 -0.039220359 -0.092546485 -0.034027088 0.225195318 -0.007037376 0.002219578 0.974285662
1341846663.318060 -0.036664821 -0.086312845 -0.044929128 0.216320097 -0.008781523 0.004402588 0.976273060
1341846663.350114 -0.036964431 -0.081759162 -0.042112727 0.205994099 -0.009658679 0.004304268 0.978496075
1341846663.385985 -0.038570311 -0.087547563 -0.038107030 0.197119504 -0.009840361 0.004014062 0.980321825
1341846663.418056 -0.040919501 -0.088404112 -0.035728984 0.192302585 -0.012583426 0.006479069 0.981233597
1341846663.454044 -0.038272560 -0.084444262 -0.040772684 0.184735343 -0.013592783 0.006586297 0.982672215
1341846663.486091 -0.038063928 -0.082484767 -0.043995846 0.177714944 -0.014429480 0.007921305 0.983944297
1341846663.518394 -0.040881056 -0.087777279 -0.035208788 0.169032440 -0.016079787 0.009988239 0.985428691
1341846663.554251 -0.039101038 -0.085855201 -0.037053734 0.163772702 -0.016215736 0.006882289 0.986340821
1341846663.586143 -0.037184425 -0.088391088 -0.040257469 0.154734522 -0.016930727 0.010108489 0.987759233
1341846663.622145 -0.045379054 -0.071416728 -0.034317825 0.148965374 -0.017795421 0.008948931 0.988641798
1341846663.654099 -0.042906139 -0.064142428 -0.028513450 0.144167423 -0.018832207 0.007347147 0.989346802
1341846663.686099 -0.043552540 -0.050953321 -0.031864472 0.134917900 -0.018783499 0.006293971 0.990658760
1341846663.722109 -0.039645344 -0.058622848 -0.026321104 0.126148924 -0.019388873 0.006180087 0.991802573
1341846663.755694 -0.039434988 -0.052571453 -0.024815012 0.122234814 -0.018359363 0.006333221 0.992311180
1341846663.786304 -0.034751564 -0.023499835 -0.013916574 0.113520868 -0.017126977 0.005226463 0.993374228
1341846663.822090 -0.043818496 -0.023768257 -0.016681831 0.094009899 -0.015254910 0.004509250 0.995444179
1341846663.854115 -0.039796434 -0.049655005 -0.017258769 0.084095538 -0.015389233 0.003835928 0.996331513
1341846663.890140 -0.037852399 -0.017214727 -0.026627943 0.080219232 -0.013528492 0.001493805 0.996684313
1341846663.921987 -0.042147495 0.011696465 -0.024311794 0.064838111 -0.011343976 -0.001637888 0.997829974
1341846663.954282 -0.043249592 -0.053710975 -0.027825190 0.039336625 -0.010500174 -0.002974641 0.999166429
1341846663.990370 -0.025394317 -0.038173370 -0.024826556 0.032810595 -0.009799048 -0.002024669 0.999411464
1341846664.022124 -0.035386357 -0.016845839 -0.027553478 0.021906409 -0.005984026 -0.003287500 0.999736726
1341846664.054171 -0.032172989 -0.028990051 -0.025928115 0.005762361 -0.005403134 -0.004453115 0.999958873
1341846664.090250 -0.038554501 -0.033759486 -0.014624669 -0.007113524 -0.002988690 -0.006328899 0.999950230
1341846664.122237 -0.044397425 -0.038110524 -0.016037352 -0.013043900 -0.001623725 -0.005698802 0.999897361
1341846664.158241 -0.042045869 -0.038015973 -0.021992914 -0.018196201 -0.002779424 -0.006137595 0.999811709
1341846664.190141 -0.028869309 -0.027257804 -0.029193692 -0.027113894 -0.004055063 -0.008903475 0.999584496
1341846664.222189 -0.039247658 -0.036963895 -0.019049019 -0.037304133 -0.001252152 -0.009456648 0.999258459
1341846664.258172 -0.035231996 -0.037300412 -0.018921621 -0.041826673 -0.002209142 -0.008897622 0.999082804
1341846664.290022 -0.025790207 -0.025119035 -0.025771769 -0.046769712 -0.001783489 -0.008644667 0.998866677
1341846664.322491 -0.037762143 -0.027862057 -0.018947249 -0.056090917 0.002783283 -0.010424851 0.998367369
1341846664.358302 -0.042979486 -0.029420631 -0.019191764 -0.064800158 0.003065790 -0.009982103 0.997843623
1341846664.390101 -0.039595347 -0.030004615 -0.020347627 -0.072093226 0.002615658 -0.010235609 0.997341931
1341846664.426143 -0.029060775 -0.022585358 -0.029216412 -0.079315774 0.001819801 -0.010212232 0.996795595
1341846664.458304 -0.034554664 -0.012844475 -0.031716757 -0.086443506 0.003510366 -0.010948004 0.996190429
1341846664.490116 -0.017426275 -0.019795304 -0.027319286 -0.097001344 0.002101140 -0.010882487 0.995222569
1341846664.526173 -0.021656960 -0.019802863 -0.024468707 -0.104960687 0.003855675 -0.010886815 0.994409323
1341846664.558129 -0.010763968 -0.011784581 -0.024508126 -0.111432277 0.001801137 -0.010111150 0.993718982
1341846664.590129 -0.006797658 -0.024008960 -0.024511103 -0.120722771 0.003200446 -0.010848284 0.992621839
1341846664.626196 -0.026072677 -0.053583678 -0.015005203 -0.128883645 0.008217297 -0.009242656 0.991582632
1341846664.658276 -0.030488968 -0.059727095 -0.017292874 -0.126869321 0.008255744 -0.008202829 0.991851211
1341846664.694136 -0.023326812 -0.040076274 -0.017790625 -0.122423455 0.007618681 -0.009597294 0.992402375
1341846664.726667 -0.027769027 -0.036540397 -0.019605866 -0.124992527 0.011827074 -0.011220867 0.992023766
1341846664.758141 -0.036607265 -0.051530037 -0.016350355 -0.129353791 0.012973325 -0.009908752 0.991464198
1341846664.794104 -0.027883887 -0.045262963 -0.018445391 -0.129099816 0.009857242 -0.009982551 0.991532445
1341846664.826123 -0.027826114 -0.050308973 -0.018841373 -0.132307217 0.011454711 -0.008702883 0.991104424
1341846664.862093 -0.031098463 -0.046214856 -0.015298357 -0.133091941 0.010674872 -0.007109454 0.991020739
1341846664.894198 -0.023492437 -0.044620834 -0.019860070 -0.133283943 0.009000617 -0.007041970 0.991012037
1341846664.926270 -0.017128410 -0.038241930 -0.021523569 -0.133557916 0.011027577 -0.006724004 0.990956903
1341846664.962375 -0.019916505 -0.039392214 -0.021130521 -0.135620460 0.011590876 -0.006568855 0.990671337
1341846664.997077 -0.027015248 -0.032848265 -0.022558022 -0.136884898 0.012940895 -0.007404734 0.990474820
1341846665.026380 -0.020290909 -0.040912710 -0.021691035 -0.141186565 0.013027429 -0.009138654 0.989855170
1341846665.062417 -0.035003472 -0.045713075 -0.021178769 -0.143345907 0.015727878 -0.007918683 0.989516020
1341846665.094077 -0.016098551 -0.018313117 -0.028792949 -0.141157806 0.012072659 -0.007790974 0.989882886
1341846665.130160 -0.013279472 -0.021122415 -0.030186992 -0.146319821 0.014494349 -0.007287407 0.989104331
1341846665.162114 -0.027227161 -0.050041907 -0.027573060 -0.155502379 0.016084682 -0.004765600 0.987693071
1341846665.194100 -0.014079581 -0.027519556 -0.027668862 -0.153471619 0.012458152 -0.005014928 0.988061786
1341846665.230221 -0.011050506 -0.008506130 -0.031342760 -0.155273631 0.015143791 -0.006469687 0.987734258
1341846665.262005 -0.042070609 -0.017619031 -0.034121271 -0.167056978 0.021507781 -0.006422002 0.985691667
1341846665.300077 -0.031549830 -0.017607918 -0.027610619 -0.175479755 0.020268247 -0.008380211 0.984238684
1341846665.362294 -0.037772939 -0.029416323 -0.032799404 -0.186939329 0.024769789 -0.006759504 0.982035875
1341846665.398079 -0.024745731 -0.015841160 -0.042023592 -0.187409148 0.020229610 -0.005550614 0.982057929
1341846665.430162 -0.001108637 0.004001476 -0.046563305 -0.191852465 0.016883291 -0.008068737 0.981245339
1341846665.462226 -0.023417221 -0.002263192 -0.044083674 -0.206194863 0.025397342 -0.011784026 0.978110313
1341846665.498226 -0.025574230 -0.035425000 -0.033886276 -0.217293307 0.023716792 -0.009603872 0.975770950
1341846665.530109 -0.024663549 -0.024648249 -0.033417132 -0.217005521 0.023160843 -0.009179567 0.975852430
1341846665.562222 -0.024691349 -0.027046369 -0.032113902 -0.218086019 0.025205083 -0.007913093 0.975571990
1341846665.598196 -0.022667307 -0.017899169 -0.036193021 -0.217996374 0.023505326 -0.007651159 0.975636482
1341846665.630107 -0.025538679 -0.024060916 -0.041312184 -0.222501695 0.024611862 -0.009401622 0.974576235
1341846665.666289 -0.024148086 -0.019550346 -0.043249380 -0.225074500 0.026897600 -0.008473102 0.973933399
1341846665.698060 -0.027025614 -0.021133093 -0.046330210 -0.227942735 0.025980515 -0.008377356 0.973291814
1341846665.730361 -0.020210588 -0.018170126 -0.043099947 -0.230982617 0.024481611 -0.008799686 0.972609997
1341846665.766193 -0.031240512 0.006200919 -0.056907505 -0.229459971 0.028965203 -0.008279791 0.972851753
1341846665.798338 -0.031084694 0.012184536 -0.058679421 -0.231873170 0.029428823 -0.008749912 0.972261369
1341846665.834237 -0.024846664 0.008964289 -0.059328131 -0.236643031 0.028838303 -0.008696369 0.971129656
1341846665.866106 -0.024987075 -0.002017068 -0.061678652 -0.244759873 0.031964865 -0.008280188 0.969021320
1341846665.898073 -0.028520647 0.001179922 -0.065076247 -0.251059443 0.035527896 -0.008395195 0.967283010
1341846665.934076 -0.037205983 -0.005593294 -0.060526282 -0.257523090 0.035330407 -0.007807976 0.965594471
1341846665.966137 -0.043622389 -0.032704577 -0.045095053 -0.268510967 0.037256576 -0.007914088 0.962523341
1341846665.998149 -0.051771466 -0.035059564 -0.041864805 -0.272950619 0.042169649 -0.007223045 0.961076200
1341846666.034210 -0.036835153 0.002066975 -0.068757087 -0.263757229 0.038096465 -0.004299100 0.963826895
1341846666.072502 -0.037901171 -0.005161749 -0.068565294 -0.266980767 0.037926793 -0.004742298 0.962943614
1341846666.134147 -0.036547732 0.001896031 -0.072566710 -0.273464978 0.040163957 -0.003907333 0.961035132
1341846666.166356 -0.036287636 0.002273235 -0.072128087 -0.275096118 0.039183740 -0.003695163 0.960610807
1341846666.202327 -0.040141411 -0.003349410 -0.067491598 -0.279059768 0.042242207 -0.004519947 0.959333539
1341846666.234319 -0.042613689 0.004557364 -0.075450793 -0.279352963 0.041143026 -0.004089247 0.959297895
1341846666.266322 -0.032038342 -0.008617600 -0.070134483 -0.287519038 0.037035212 -0.002163902 0.957056165
1341846666.302195 -0.041718625 -0.023239626 -0.069637001 -0.301141739 0.041044582 -0.003111247 0.952690542
1341846666.335080 -0.033537507 -0.029878963 -0.065266296 -0.313394099 0.039581135 -0.004499962 0.948787212
1341846666.370216 -0.043877061 0.004690856 -0.078071870 -0.312539041 0.038440343 -0.002376770 0.949123800
1341846666.402019 -0.033366349 0.031877682 -0.089736238 -0.313666552 0.037127722 -0.000057427 0.948807061
1341846666.434088 -0.032158092 -0.006454471 -0.065402344 -0.327251464 0.038558293 0.001524509 0.944149077
1341846666.470060 -0.046574306 0.010829017 -0.074301243 -0.325068533 0.038863119 0.005881357 0.944873273
1341846666.502190 -0.031663749 0.044876467 -0.091149591 -0.323906630 0.036502346 0.006524581 0.945362091
1341846666.534121 -0.040238794 0.027689464 -0.082482763 -0.338165015 0.041249245 0.007467566 0.940152705
1341846666.570131 -0.041756280 0.011353377 -0.075638250 -0.349169821 0.041274782 0.010120503 0.936095297
1341846666.602180 -0.042997256 0.040342845 -0.092422098 -0.349315792 0.040708940 0.011439999 0.936050415
1341846666.638072 -0.049196977 0.077902958 -0.108843759 -0.348068357 0.043360323 0.012501691 0.936382413
1341846666.670134 -0.052688390 0.058442838 -0.098402612 -0.355109334 0.042310275 0.013779020 0.933765173
1341846666.738266 -0.052119374 0.070293188 -0.107170805 -0.356941253 0.040169612 0.015500655 0.933134019
1341846666.770390 -0.053957481 0.008377969 -0.078732714 -0.372419626 0.038733765 0.018275550 0.927075684
1341846666.802119 -0.059276391 0.071260013 -0.106555849 -0.360642076 0.036215890 0.018957434 0.931808114
1341846666.838108 -0.051852487 0.077095516 -0.113650903 -0.361157417 0.034100965 0.021702105 0.931628406
1341846666.870483 -0.052846957 0.083477512 -0.115863122 -0.362782449 0.034004811 0.022095459 0.930991054
1341846666.906019 -0.058586244 0.076542176 -0.113503277 -0.367045939 0.034201585 0.022407196 0.929303765
1341846666.937989 -0.054627977 0.086629927 -0.120119154 -0.368553072 0.031167932 0.021544935 0.928834200
1341846666.970036 -0.046837229 0.089739084 -0.122425832 -0.371356606 0.029540326 0.020263243 0.927799046
1341846667.006200 -0.058232598 0.091303557 -0.123630412 -0.373346955 0.031557303 0.018621102 0.926967859
1341846667.038153 -0.066400699 0.093422756 -0.132484406 -0.374986440 0.029191870 0.018114097 0.926393509
1341846667.074153 -0.009507720 0.158812925 -0.159820721 -0.368337780 0.017271943 0.015356898 0.929404676
1341846667.106156 -0.054294471 0.121829599 -0.147876263 -0.381534368 0.027296791 0.012410744 0.923868120
1341846667.138108 -0.064676851 0.081889585 -0.125115991 -0.389864743 0.025203986 0.012482576 0.920442462
1341846667.174105 -0.039422743 0.082477227 -0.132414669 -0.387596011 0.019946154 0.011174585 0.921545804
1341846667.206107 -0.056104951 0.079499468 -0.133803263 -0.386214405 0.025964011 0.006102772 0.922023356
1341846667.238075 -0.066263281 0.076784134 -0.131894171 -0.382712066 0.026219813 0.004319026 0.923485398
1341846667.274016 -0.040584732 0.072297163 -0.135593101 -0.376185447 0.021044152 0.000246355 0.926305354
1341846667.306189 -0.079900637 0.048316605 -0.132516891 -0.370094061 0.031053424 -0.003545861 0.928468347
1341846667.342253 0.006969959 0.025838684 -0.086572617 -0.367875665 0.010506039 0.004414679 0.929805160
1341846667.374345 -0.000387566 0.045774385 -0.119879574 -0.352324754 0.011223489 -0.001979201 0.935808420
1341846667.406982 -0.076151490 0.017608829 -0.136378929 -0.347043514 0.028202849 -0.012441589 0.937342286
1341846667.442109 -0.056111977 0.008832008 -0.122269228 -0.338305324 0.023025846 -0.008176714 0.940719128
1341846667.474109 -0.069279082 0.013770454 -0.137960747 -0.323149949 0.023619510 -0.012264251 0.945973456
1341846667.506006 -0.082786314 -0.052558869 -0.113277942 -0.324116737 0.026892265 -0.016044941 0.945498645
1341846667.542298 -0.129401699 -0.119355261 -0.109667592 -0.320836872 0.032850806 -0.019035514 0.946373165
1341846667.574196 -0.081692614 -0.062382426 -0.122130394 -0.295105129 0.021726497 -0.019426737 0.955020189
1341846667.610099 -0.077750020 -0.036517691 -0.120109193 -0.280991018 0.022756170 -0.021546626 0.959198594
1341846667.642293 -0.091089718 -0.002088293 -0.132182062 -0.267237425 0.024662711 -0.017493898 0.963156223
1341846667.674072 -0.093407258 0.057763550 -0.153837621 -0.252774507 0.024923809 -0.018362544 0.967029810
1341846667.710179 -0.104624696 0.025331743 -0.153397605 -0.257008404 0.030289548 -0.020439075 0.965718150
1341846667.742255 -0.104023077 0.034576047 -0.152174294 -0.251158535 0.031194391 -0.020035416 0.967235684
1341846667.774114 -0.108371347 0.034638297 -0.155506000 -0.243210241 0.030171746 -0.018338144 0.969330788
1341846667.810099 -0.117190920 0.010831289 -0.146661386 -0.244059518 0.034919046 -0.021708075 0.968888223
1341846667.842103 -0.106159367 0.005703848 -0.127349883 -0.241088197 0.034247138 -0.023891302 0.969604433
1341846667.878139 -0.071548350 0.012529489 -0.143077970 -0.229532674 0.027060483 -0.020877033 0.972700655
1341846667.910558 -0.079835095 -0.000039648 -0.148640215 -0.226585418 0.031876836 -0.022826472 0.973201871
1341846667.942116 -0.115460627 -0.005082000 -0.134819031 -0.223527923 0.041559380 -0.025245843 0.973483801
1341846667.978287 -0.122636870 -0.004383039 -0.131249189 -0.215100735 0.042326070 -0.024318555 0.975371122
1341846668.010215 -0.068235271 -0.007270843 -0.138360575 -0.207029581 0.035443090 -0.022469791 0.977434218
1341846668.046247 -0.103793293 -0.016119026 -0.125255913 -0.201058298 0.044968490 -0.026266901 0.978193998
1341846668.078111 -0.124309435 -0.000692260 -0.132234022 -0.188911468 0.048633214 -0.023776751 0.980500877
1341846668.110130 -0.122140937 -0.007736754 -0.127768919 -0.182401091 0.051028755 -0.025522031 0.981567383
1341846668.146332 -0.133523062 0.003568813 -0.129091501 -0.173085824 0.055555310 -0.024470180 0.983034134
1341846668.178208 -0.129244953 -0.014342915 -0.118676260 -0.165560231 0.052287892 -0.020913713 0.984590471
1341846668.211262 -0.082134470 -0.014622033 -0.116553478 -0.153089896 0.044082463 -0.020821514 0.987008989
1341846668.246163 -0.128189951 -0.014679858 -0.119298056 -0.140434772 0.053196188 -0.020483874 0.988447607
1341846668.278397 -0.129143432 -0.010480929 -0.117503807 -0.126841307 0.050988037 -0.016912332 0.990467310
1341846668.314248 -0.124873117 -0.018589357 -0.113733515 -0.118853472 0.050154857 -0.018281758 0.991475761
1341846668.346231 -0.122201174 -0.002153130 -0.118633434 -0.109762445 0.051589940 -0.016995596 0.992472589
1341846668.378099 -0.157498077 -0.025916759 -0.106102429 -0.108972497 0.056255467 -0.015651364 0.992328227
1341846668.414247 -0.126480505 -0.022266932 -0.114751130 -0.101808228 0.051076207 -0.016056022 0.993362248
1341846668.445965 -0.126383021 -0.033269476 -0.112630084 -0.095799737 0.051434066 -0.011431133 0.994005144
1341846668.478153 -0.194367036 -0.039752699 -0.094754986 -0.080434442 0.060353197 -0.014378862 0.994827151
1341846668.514213 -0.159475654 -0.043551251 -0.098253712 -0.064090379 0.054217830 -0.012939462 0.996386170
1341846668.546115 -0.141025946 -0.011146888 -0.112517476 -0.052222546 0.050836980 -0.013838502 0.997244656
1341846668.582467 -0.160364509 -0.024013335 -0.100487724 -0.048107293 0.053552710 -0.015914325 0.997278571
1341846668.614140 -0.171010941 -0.028791530 -0.102015205 -0.035570972 0.056142639 -0.020999972 0.997567892
1341846668.646312 -0.163864851 -0.016661052 -0.105476633 -0.020293532 0.053921659 -0.018209126 0.998172879
1341846668.682455 -0.167101666 -0.023627311 -0.104779974 -0.014219340 0.052120913 -0.019641904 0.998346329
1341846668.714133 -0.175764784 -0.026105948 -0.103250511 -0.002131241 0.049912043 -0.020571621 0.998539448
1341846668.746132 -0.167590052 -0.011090210 -0.108621150 0.009241728 0.047211450 -0.021286713 0.998615324
1341846668.782338 -0.150526017 0.010676260 -0.124306150 0.011956462 0.044148691 -0.020287877 0.998747349
1341846668.814140 -0.149496049 0.001214946 -0.118213020 0.009138807 0.044350106 -0.019897083 0.998776078
1341846668.850214 -0.155030698 0.002772388 -0.124137647 0.009275688 0.043990839 -0.019562468 0.998797297
1341846668.882442 -0.161875010 0.010404118 -0.121674269 0.007522332 0.043479681 -0.021804497 0.998787999
1341846668.914289 -0.164999366 -0.000911036 -0.116345830 0.004958143 0.043358698 -0.024880810 0.998737395
1341846668.950088 -0.157908514 0.005257444 -0.123036891 0.007605960 0.038013753 -0.026127333 0.998906612
1341846668.982227 -0.163356081 0.030575011 -0.118721910 0.006765544 0.036405813 -0.032816127 0.998775244
1341846669.014062 -0.169422790 0.028045593 -0.124624476 -0.001494330 0.036099877 -0.038599834 0.998601317
1341846669.050056 -0.171124727 0.019843200 -0.117621616 -0.006982011 0.032203026 -0.042362642 0.998558760
1341846669.082525 -0.162614450 0.032206483 -0.122222334 -0.010281472 0.026900975 -0.049194016 0.998373926
1341846669.118346 -0.161180645 0.033791937 -0.127466068 -0.019270543 0.025746359 -0.059555572 0.997706831
1341846669.150086 -0.172993332 0.023020988 -0.113342494 -0.027100720 0.024114991 -0.066960342 0.997095942
1341846669.182477 -0.155841500 0.025017411 -0.119692102 -0.028131055 0.017654750 -0.071998455 0.996851623
1341846669.218046 -0.156715214 0.037003323 -0.116204768 -0.033784576 0.018587749 -0.081981368 0.995887637
1341846669.250205 -0.156916350 0.025026392 -0.117102258 -0.039930362 0.015989814 -0.086141787 0.995353937
1341846669.286114 -0.146020874 0.016865470 -0.120259702 -0.041898023 0.012310625 -0.090445906 0.994943500
1341846669.318030 -0.121578209 0.024229910 -0.132675558 -0.042279541 0.009778333 -0.094953477 0.994535387
1341846669.350255 -0.146571249 0.021322124 -0.128349200 -0.044497173 0.011099643 -0.100973554 0.993831515
1341846669.418200 -0.138430536 0.039757006 -0.125771999 -0.050418284 0.006626099 -0.120069094 0.991462290
1341846669.450219 -0.143229231 0.031389557 -0.118603826 -0.056456640 0.005626250 -0.132405415 0.989570498
1341846669.486175 -0.145098135 0.037111823 -0.127447203 -0.059136812 0.003296525 -0.142281026 0.988052666
1341846669.518033 -0.126249626 0.036578789 -0.128510877 -0.065844722 0.002164316 -0.154228911 0.985836327
1341846669.554159 -0.133225292 0.033257559 -0.125570923 -0.072131582 0.003368774 -0.164628699 0.983708799
1341846669.586348 -0.129125327 0.037347712 -0.133371562 -0.075686693 0.001600396 -0.171808913 0.982217193
1341846669.617976 -0.115577027 0.029864455 -0.160083205 -0.083575837 0.002495011 -0.181728646 0.979787529
1341846669.654096 -0.137810573 0.035814695 -0.128043354 -0.087734498 0.009504209 -0.190685511 0.977676511
1341846669.686069 -0.139421836 0.026715564 -0.127374858 -0.089530535 0.011047084 -0.197727278 0.976097405
1341846669.718075 -0.115444750 0.042304080 -0.141853988 -0.089065410 0.009041201 -0.205019802 0.974655032
1341846669.754171 -0.119012371 0.047027558 -0.145611376 -0.094957642 0.012884002 -0.213299841 0.972275794
1341846669.786139 -0.131850421 0.039979935 -0.133360133 -0.101192981 0.016717324 -0.221445367 0.969764113
1341846669.822151 -0.118460841 0.034224078 -0.137337580 -0.103733860 0.015657112 -0.228459716 0.967884421
1341846669.854118 -0.124771871 0.050323647 -0.136067510 -0.107261419 0.019242156 -0.237534598 0.965247154
1341846669.886219 -0.130653709 0.039671637 -0.140909538 -0.114536487 0.021826610 -0.246133640 0.962197065
1341846669.922050 -0.143239588 0.035179652 -0.135371715 -0.118490674 0.024839906 -0.255807787 0.959116936
1341846669.954047 -0.118252464 0.035038576 -0.154428810 -0.121446833 0.022265976 -0.262559801 0.956983387
1341846669.986285 -0.107444137 0.039309084 -0.151043549 -0.127454504 0.024082085 -0.270775408 0.953863800
1341846670.022242 -0.117287055 0.035824019 -0.142279118 -0.131837711 0.028871957 -0.280701578 0.950258851
1341846670.054135 -0.113273606 0.036700748 -0.155432999 -0.134103402 0.031091943 -0.286186695 0.948233485
1341846670.090228 -0.108984768 0.037856627 -0.157155141 -0.138813213 0.033368461 -0.296505541 0.944299698
1341846670.121996 -0.112256877 0.026539624 -0.162533611 -0.144382834 0.038069323 -0.309052885 0.939250052
1341846670.154057 -0.122921094 0.031573214 -0.157217547 -0.148442581 0.044863425 -0.317219824 0.935587347
1341846670.190103 -0.120364204 0.043626044 -0.149190754 -0.150438726 0.047809832 -0.326824874 0.931808949
1341846670.222197 -0.137677610 0.042267594 -0.142662689 -0.153412908 0.054729491 -0.339801550 0.926285088
1341846670.258571 -0.136763036 0.047604132 -0.136277199 -0.154095307 0.060163800 -0.345999092 0.923536479
1341846670.290254 -0.124621332 0.047448594 -0.145938039 -0.154721051 0.060630392 -0.352637023 0.920886815
1341846670.358377 -0.133854538 0.048357114 -0.144226789 -0.152501136 0.075086653 -0.369968981 0.913361013
1341846670.390114 -0.130171448 0.037273258 -0.149645314 -0.152159855 0.080868058 -0.377848655 0.909691215
1341846670.422206 -0.126154825 0.033580668 -0.144674331 -0.148839340 0.086386129 -0.383581370 0.907331049
1341846670.464003 -0.146447927 0.028536052 -0.141239852 -0.143802136 0.098839261 -0.397495091 0.900860369
1341846670.526271 -0.145244434 0.035738334 -0.151071697 -0.135856524 0.113886945 -0.409899980 0.894737244
1341846670.566977 -0.152599484 0.034265235 -0.145291209 -0.134736344 0.119431853 -0.415113151 0.891775310
1341846670.596103 -0.149697736 0.037311926 -0.147043914 -0.130625844 0.121954933 -0.422635198 0.888506234
1341846670.628412 -0.152878806 0.034874689 -0.150972426 -0.128698736 0.125079930 -0.426279396 0.886610150
1341846670.664027 -0.148394018 0.032881662 -0.148774222 -0.124255486 0.128334627 -0.431858331 0.884075344
1341846670.696002 -0.158781916 0.037830546 -0.153400868 -0.116996802 0.135131091 -0.438104808 0.880974174
1341846670.728093 -0.157516122 0.041298222 -0.156300902 -0.109983481 0.139745966 -0.443707973 0.878349543
1341846670.764128 -0.137510523 0.037106216 -0.174306750 -0.104457691 0.142660201 -0.449671060 0.875518441
1341846670.796059 -0.161258727 0.040178880 -0.154514387 -0.100293271 0.153403997 -0.454488635 0.871692955
1341846670.832246 -0.155071169 0.032498389 -0.149975926 -0.093473256 0.155575424 -0.453673899 0.872490168
1341846670.863970 -0.155929670 0.030208368 -0.157423541 -0.089240044 0.156754404 -0.453526765 0.872798800
1341846670.896139 -0.155144259 0.031802289 -0.177414328 -0.082318626 0.162015378 -0.453784317 0.872384369
1341846670.932028 -0.140662178 0.033130419 -0.161894485 -0.070002623 0.166920841 -0.447956115 0.875541151
1341846670.964063 -0.148705453 0.022405222 -0.155669451 -0.061478890 0.166627988 -0.444146901 0.878173649
1341846671.000270 -0.151625782 0.022382513 -0.178770065 -0.054486707 0.167999014 -0.443671674 0.878614247
1341846671.032112 -0.156011045 0.023108600 -0.181018829 -0.046102382 0.175056458 -0.449435890 0.874778390
1341846671.064030 -0.147107780 0.016398044 -0.161924660 -0.038597647 0.177045152 -0.451875657 0.873483598
1341846671.101398 -0.149657696 0.011124589 -0.175465599 -0.032249287 0.176804498 -0.457343012 0.870940566
1341846671.132289 -0.167379394 0.005025692 -0.166369766 -0.023617985 0.180966392 -0.466393858 0.865546167
1341846671.168159 -0.151199743 0.003389904 -0.153027028 -0.010151736 0.176752061 -0.467937440 0.865846515
1341846671.200149 -0.147549480 0.004480470 -0.157600135 0.001217462 0.171197772 -0.470699131 0.865524232
1341846671.232280 -0.154050142 -0.002964363 -0.181832954 0.010012129 0.171122164 -0.475552648 0.862824798
1341846671.268147 -0.153253406 -0.003697928 -0.186056733 0.020067977 0.172613010 -0.477437913 0.861310065
1341846671.300337 -0.140858024 -0.002008617 -0.185707465 0.029221376 0.167930588 -0.477266043 0.862068772
1341846671.336125 -0.155151278 -0.010272752 -0.188423663 0.033142980 0.166418299 -0.483576655 0.858696759
1341846671.368236 -0.147523642 -0.016534414 -0.192974940 0.039277494 0.165727213 -0.486813277 0.856740654
1341846671.400327 -0.145961374 -0.006136917 -0.180683330 0.045338698 0.162623793 -0.487264156 0.856779754
1341846671.436064 -0.157696843 -0.015660319 -0.197271317 0.048754830 0.159699112 -0.493530184 0.853549659
1341846671.468197 -0.139777184 -0.015710745 -0.193283319 0.055172395 0.156947717 -0.498865098 0.850562811
1341846671.504294 -0.141176000 0.004421931 -0.181181401 0.059941188 0.152813137 -0.500955403 0.849763989
1341846671.536197 -0.152244151 -0.018418040 -0.192676976 0.061028827 0.144027114 -0.511626780 0.844848931
1341846671.568120 -0.146824151 -0.012439001 -0.203915268 0.069342025 0.140722781 -0.518666804 0.840460360
1341846671.604188 -0.141481444 -0.016596437 -0.196314961 0.073925041 0.134417042 -0.523504794 0.838098943
1341846671.636057 -0.145278171 -0.015123334 -0.200207561 0.081368774 0.125438899 -0.529895425 0.834778488
1341846671.672157 -0.134039581 -0.020251099 -0.217198133 0.091689482 0.115005173 -0.535266459 0.831779242
1341846671.704027 -0.135839313 -0.017997101 -0.215518788 0.093369357 0.111883633 -0.537711859 0.830439746
1341846671.736479 -0.136309475 -0.017269082 -0.226059020 0.092578411 0.108660795 -0.543166459 0.827400923
1341846671.774745 -0.144930825 -0.022087134 -0.215061024 0.093646809 0.105106920 -0.550079763 0.823161662
1341846671.804605 -0.136933863 -0.020539541 -0.214077234 0.095900975 0.099188007 -0.551173151 0.822905123
1341846671.840252 -0.144888476 -0.018687963 -0.219506651 0.095995389 0.095780157 -0.558555007 0.818307638
1341846671.872106 -0.160109639 -0.025645502 -0.216450751 0.095477514 0.095291957 -0.562956989 0.815403461
1341846671.904035 -0.160919651 -0.025577195 -0.216283903 0.094929844 0.093177244 -0.565009892 0.814291179
1341846671.972239 -0.158511624 -0.026624665 -0.205525964 0.094040483 0.090190381 -0.576263428 0.806810141
1341846672.034218 -0.169156462 -0.022881065 -0.213989303 0.092074677 0.087308832 -0.588078499 0.798788548
1341846672.066227 -0.169343218 -0.025722716 -0.219437212 0.091497853 0.086947888 -0.593872845 0.794596255
1341846672.098024 -0.173426062 -0.025003567 -0.206485063 0.090494744 0.084697716 -0.597642660 0.792123854
1341846672.134061 -0.174559087 -0.027230352 -0.210284844 0.089960635 0.081839457 -0.602828264 0.788547695
1341846672.166000 -0.169315740 -0.027944990 -0.223212436 0.089690506 0.081605069 -0.608018279 0.784608185
1341846672.198405 -0.168822482 -0.029011853 -0.211925253 0.089146242 0.080927052 -0.610794723 0.782581329
1341846672.234130 -0.175689831 -0.025936816 -0.209875181 0.090459123 0.078868635 -0.615298927 0.779104710
1341846672.266403 -0.172861561 -0.030133776 -0.216777593 0.092912942 0.077050515 -0.617274702 0.777433157
1341846672.302710 -0.165125430 -0.026612833 -0.216283530 0.093073681 0.075909637 -0.618268728 0.776735961
1341846672.335022 -0.170177549 -0.026345693 -0.219820783 0.090764605 0.074926719 -0.621343434 0.774648368
1341846672.366487 -0.172534972 -0.025027759 -0.209018946 0.091290168 0.075505212 -0.624368548 0.772093892
1341846672.402478 -0.170012876 -0.030264668 -0.215245172 0.092127062 0.075148076 -0.623100102 0.773053408
1341846672.434330 -0.170352370 -0.025182892 -0.208057821 0.092255063 0.075546399 -0.622366369 0.773590207
1341846672.472323 -0.170097411 -0.026469879 -0.204923093 0.092661925 0.075154193 -0.622165322 0.773741484
1341846672.534812 -0.159312546 -0.024152767 -0.212299973 0.092881240 0.071774699 -0.618110657 0.777277708
1341846672.570153 -0.163792789 -0.027431317 -0.216247782 0.089281216 0.070894212 -0.618509054 0.777463436
1341846672.608881 -0.174385965 -0.022562589 -0.200441420 0.089346454 0.070251614 -0.618343353 0.777646065
1341846672.640836 -0.167919606 -0.022984594 -0.208201960 0.088639431 0.067319565 -0.613559604 0.781764507
1341846672.708152 -0.176960945 -0.023387000 -0.196101800 0.087564126 0.064618975 -0.603388369 0.789986968
1341846672.770288 -0.174597159 -0.022793591 -0.190867588 0.090160847 0.058557954 -0.582188725 0.805914581
1341846672.803280 -0.175512791 -0.022798989 -0.193221256 0.091803275 0.055778313 -0.572501421 0.812836468
1341846672.838034 -0.167418584 -0.019692484 -0.193484738 0.093541928 0.051673919 -0.562194467 0.820071399
1341846672.870092 -0.172609270 -0.019540228 -0.193798855 0.093494326 0.048182428 -0.554986715 0.825183034
1341846672.902275 -0.168136671 -0.015805382 -0.182470113 0.094090886 0.044580061 -0.546605229 0.830892444
1341846672.938315 -0.165336356 -0.016859677 -0.194050208 0.093170978 0.040559851 -0.537788987 0.836933196
1341846672.970326 -0.164201111 -0.013995644 -0.196497723 0.091973923 0.037050996 -0.529239595 0.842658579
1341846673.008221 -0.158267781 -0.012729384 -0.197834611 0.090510674 0.033731237 -0.520168662 0.848583877
1341846673.070235 -0.165989637 -0.011619799 -0.188600183 0.084473379 0.031235572 -0.500454366 0.861065626
1341846673.106189 -0.165801719 -0.012300096 -0.184955582 0.085486457 0.027790083 -0.486359656 0.869122565
1341846673.138104 -0.160965577 -0.013543889 -0.181995809 0.086719587 0.023078999 -0.472800165 0.876588345
1341846673.170298 -0.160229713 -0.011725998 -0.185399801 0.087200336 0.019937865 -0.463434994 0.881604552
1341846673.206489 -0.165272981 -0.013373487 -0.180327520 0.088770263 0.016817449 -0.453966171 0.886426330
1341846673.238153 -0.165839314 -0.011734612 -0.182709694 0.090845630 0.012374724 -0.443695247 0.891475439
1341846673.274220 -0.163008332 -0.015860239 -0.179794505 0.092215128 0.008902640 -0.435671657 0.895325243
1341846673.306107 -0.163358271 -0.014891673 -0.183583096 0.095623337 0.005808801 -0.426150292 0.899565637
1341846673.338187 -0.164743289 -0.018461548 -0.179667071 0.097424939 0.002368447 -0.416515708 0.903890133
1341846673.374098 -0.164426312 -0.018391140 -0.179552138 0.100680023 -0.000083264 -0.407266647 0.907742977
1341846673.406266 -0.163429722 -0.017807687 -0.177237868 0.103578024 -0.002205247 -0.394862294 0.912880301
1341846673.438267 -0.165004492 -0.017925264 -0.175670326 0.107117757 -0.006436926 -0.380868852 0.918380797
1341846673.474135 -0.165349543 -0.019237284 -0.179103673 0.110913627 -0.009049320 -0.367477924 0.923350513
1341846673.506260 -0.162291378 -0.015545247 -0.176412538 0.113884479 -0.012599460 -0.352469653 0.928782403
1341846673.542168 -0.159650877 -0.012784177 -0.178726956 0.114355668 -0.018052287 -0.340462863 0.933103383
1341846673.574072 -0.163823158 -0.013751892 -0.174519494 0.113386311 -0.021303244 -0.330221206 0.936826408
1341846673.606102 -0.165336177 -0.009780874 -0.165659651 0.113514476 -0.025782149 -0.319285512 0.940482080
1341846673.648026 -0.161855549 -0.003828248 -0.171772599 0.111436769 -0.032323580 -0.306298256 0.944837809
1341846673.710162 -0.166587114 -0.002048872 -0.178562641 0.102049395 -0.041754380 -0.283230454 0.952692509
1341846673.742225 -0.167489469 0.003555695 -0.179105014 0.098727576 -0.047796719 -0.268597066 0.956986904
1341846673.774298 -0.171252489 -0.000971476 -0.182722375 0.095058873 -0.054008659 -0.254456073 0.960884452
1341846673.810154 -0.171230346 0.002321668 -0.179329485 0.093064167 -0.059562895 -0.239638716 0.964554071
1341846673.842305 -0.173421651 0.007434124 -0.190348640 0.090337731 -0.065094888 -0.226060525 0.967728436
1341846673.874285 -0.163583130 0.012505963 -0.186704889 0.087226823 -0.070603915 -0.214879215 0.970171869
1341846673.910253 -0.167400539 0.017363681 -0.175653875 0.081961900 -0.073238298 -0.201543197 0.973292768
1341846673.942284 -0.168908566 0.010388032 -0.178008854 0.078409784 -0.076977350 -0.192207903 0.975183308
1341846673.978434 -0.163110361 0.003646750 -0.175731018 0.077173203 -0.078431778 -0.182979792 0.976939678
1341846674.016486 -0.168039158 0.006461546 -0.170885026 0.078907199 -0.077376671 -0.174130544 0.978501439
1341846674.052060 -0.167923093 0.006819975 -0.175911248 0.078695945 -0.078264430 -0.164078861 0.980183542
1341846674.084057 -0.165012524 0.011382697 -0.172601372 0.079863816 -0.078334875 -0.156643078 0.981299281
1341846674.152235 -0.167495057 0.012179926 -0.176979035 0.071714878 -0.077174664 -0.141101882 0.984373569
1341846674.210322 -0.157153383 0.025605410 -0.188282043 0.066680044 -0.075817332 -0.123939343 0.987139583
1341846674.246217 -0.169503734 0.017909946 -0.175248861 0.061273109 -0.075168952 -0.117818259 0.988288462
1341846674.278035 -0.171463370 0.010141727 -0.180160984 0.060961965 -0.076449759 -0.108634472 0.989261150
1341846674.310117 -0.158157140 0.024525262 -0.166874543 0.062104184 -0.079169698 -0.097934812 0.990092933
1341846674.346212 -0.161737666 0.019946050 -0.172314465 0.058745641 -0.078268446 -0.091617145 0.990973890
1341846674.378058 -0.163416728 0.010608722 -0.180451840 0.058564503 -0.077366993 -0.080910541 0.991986930
1341846674.410162 -0.166364387 0.022678273 -0.183886394 0.059751395 -0.076794408 -0.072861031 0.992584348
1341846674.446125 -0.166772887 0.022694223 -0.191336334 0.056989651 -0.076268129 -0.067370623 0.993174970
1341846674.478198 -0.160829246 0.019264691 -0.173062176 0.057054184 -0.076543264 -0.059897613 0.993628800
1341846674.514124 -0.167667314 0.023602402 -0.185429618 0.056998469 -0.075503401 -0.056558404 0.993907213
1341846674.546062 -0.172551870 0.021126544 -0.187059268 0.055743333 -0.075675450 -0.052984275 0.994162261
1341846674.578094 -0.162850723 0.018460875 -0.187014729 0.055715334 -0.076097153 -0.047965515 0.994386435
1341846674.614179 -0.168822318 0.023420561 -0.197392091 0.054597549 -0.073370472 -0.043910261 0.994840562
1341846674.682209 -0.164170325 0.016845156 -0.178123206 0.055825934 -0.075862780 -0.027333114 0.995178998
1341846674.714186 -0.166616291 0.023873312 -0.181727216 0.057401143 -0.075021833 -0.018220281 0.995361686
1341846674.752271 -0.167771772 0.022788486 -0.179084077 0.056822382 -0.075287096 -0.008622653 0.995504260
1341846674.814222 -0.162653044 0.024800723 -0.176083714 0.056179784 -0.074434787 0.006363248 0.995621800
1341846674.846370 -0.164921626 0.028870137 -0.174464479 0.056846928 -0.073815614 0.014356593 0.995546877
1341846674.882158 -0.165312067 0.031210829 -0.181455433 0.056177508 -0.073371209 0.021620609 0.995486438
1341846674.914224 -0.163531139 0.035204750 -0.188590750 0.054275285 -0.073526531 0.027224462 0.995443046
1341846674.950305 -0.164744586 0.033113219 -0.185047075 0.051245600 -0.073320307 0.033236660 0.995436251
1341846674.982342 -0.167101860 0.042385943 -0.197365463 0.048770957 -0.074726276 0.035990171 0.995360255
1341846675.014137 -0.167023584 0.054821193 -0.202495798 0.040324621 -0.076751865 0.040244848 0.995421231
1341846675.050230 -0.162257671 0.047776513 -0.197888434 0.030737692 -0.078350410 0.042829886 0.995531023
1341846675.088201 -0.163289487 0.051327929 -0.205630690 0.025465153 -0.077859983 0.045206025 0.995613277
1341846675.150188 -0.168445066 0.086897716 -0.204862401 0.004778641 -0.074894883 0.044866014 0.996170163
1341846675.182290 -0.170514137 0.063275717 -0.199036315 -0.012092082 -0.071713328 0.044432182 0.996361732
1341846675.218759 -0.167233258 0.056461826 -0.208424360 -0.019829245 -0.070908725 0.047415189 0.996157885
1341846675.251951 -0.165496707 0.058583975 -0.179117829 -0.026404114 -0.072202317 0.051145218 0.995727777
1341846675.282406 -0.150911093 0.055764772 -0.178349525 -0.030568425 -0.072546639 0.056143854 0.995314240
1341846675.318078 -0.175001919 0.057700496 -0.184264511 -0.033397600 -0.066233739 0.055353884 0.995707631
1341846675.350149 -0.162205890 0.065439746 -0.197286546 -0.040361438 -0.064609841 0.056033619 0.995518327
1341846675.382271 -0.136503622 0.057910193 -0.181635618 -0.052262343 -0.066222355 0.058979034 0.994688272
1341846675.450238 -0.130057782 0.043962419 -0.154461414 -0.061113823 -0.059022147 0.067725733 0.994079828
1341846675.486165 -0.104166828 0.043614555 -0.145898938 -0.052065372 -0.061346758 0.078459606 0.993664861
1341846675.518083 -0.083807513 0.048827179 -0.148069829 -0.042799544 -0.063905209 0.086350366 0.993291438
1341846675.550092 -0.062333129 0.043547895 -0.134399965 -0.037181284 -0.066965789 0.095386043 0.992489100
1341846675.586070 -0.052309658 0.045684237 -0.130210429 -0.033703491 -0.067354351 0.097743839 0.992357612
1341846675.618075 -0.032599222 0.048648991 -0.128433138 -0.028365729 -0.067577079 0.101149246 0.992168128
1341846675.650024 -0.014812572 0.042449471 -0.123089693 -0.024164338 -0.070619233 0.105447628 0.991619825
1341846675.686118 0.003718739 0.041705187 -0.121457145 -0.020799387 -0.074404940 0.103874519 0.991585314
1341846675.718055 0.010589719 0.041734152 -0.112683527 -0.016056772 -0.072768241 0.102929048 0.991893411
1341846675.754170 0.021734536 0.042208582 -0.107138440 -0.009176563 -0.073158585 0.100211531 0.992230415
1341846675.786330 0.050255135 0.035657421 -0.100832701 -0.007368734 -0.076830380 0.100968659 0.991891205
1341846675.818106 0.066336893 0.037427172 -0.097416013 -0.003419347 -0.075130887 0.097341284 0.992405355
1341846675.854095 0.091786250 0.037330110 -0.098936848 0.000036717 -0.076853037 0.096942455 0.992318392
1341846675.886163 0.108450614 0.039442446 -0.095633514 0.006965503 -0.081144936 0.098503448 0.991798401
1341846675.922346 0.133704752 0.043428566 -0.092516311 0.016619340 -0.083768249 0.101704687 0.991142154
1341846675.961651 0.139630064 0.033265095 -0.096831024 0.023653986 -0.083808750 0.099029832 0.991266727
1341846676.028080 0.190772370 0.033869669 -0.086608171 0.045500662 -0.094179004 0.099752456 0.989499569
1341846676.122163 0.211073443 0.052541569 -0.127744734 0.054687183 -0.101170450 0.089099422 0.989360929
1341846676.154447 0.243483871 0.050757967 -0.127636924 0.051922530 -0.105901748 0.090797342 0.988860309
1341846676.190230 0.261246145 0.052239981 -0.129537717 0.052235447 -0.109879665 0.090458989 0.988440752
1341846676.222476 0.280040175 0.063261345 -0.145476431 0.049031362 -0.111351877 0.088214435 0.988642931
1341846676.257017 0.297234803 0.058539636 -0.154999912 0.040558543 -0.110877179 0.085880205 0.989285529
1341846676.290401 0.330395728 0.052802190 -0.151931345 0.037201166 -0.115043968 0.086776726 0.988863409
1341846676.322689 0.346688747 0.065506212 -0.171609432 0.036163930 -0.114936955 0.085564911 0.989019871
1341846676.360815 0.382748902 0.076471642 -0.186577156 0.028812455 -0.113966033 0.083095461 0.989584088
1341846676.390851 0.401377618 0.064249210 -0.153442711 0.015538433 -0.113665551 0.079992488 0.990171611
1341846676.424250 0.426243544 0.064587101 -0.153268605 0.017268026 -0.113788120 0.080257975 0.990107417
1341846676.459033 0.437240660 0.084713720 -0.168355480 0.018179344 -0.110309251 0.081875242 0.990352392
1341846676.490669 0.451347649 0.087609015 -0.160693660 0.013628620 -0.108445466 0.081908047 0.990628541
1341846676.532743 0.484892488 0.085865453 -0.158601046 0.012204088 -0.108390234 0.082406327 0.990611851
1341846676.564052 0.478322446 0.094609454 -0.166750669 0.011526271 -0.102729231 0.082202449 0.991239905
1341846676.596566 0.501633167 0.104979910 -0.168256819 0.009097584 -0.104092598 0.083374560 0.991025090
1341846676.632057 0.512143314 0.100464016 -0.156802624 0.007121887 -0.101998709 0.077698588 0.991719961
1341846676.690079 0.518064678 0.097684793 -0.160880685 0.006465772 -0.097778521 0.073801748 0.992446899
1341846676.726102 0.540028095 0.092488453 -0.168485641 0.005902599 -0.096938118 0.070620425 0.992764294
1341846676.758419 0.553757668 0.093120471 -0.153770566 0.008772569 -0.095203720 0.070257999 0.992936611
1341846676.790227 0.551229000 0.098568283 -0.157661587 0.010975350 -0.092877954 0.071087711 0.993075907
1341846676.826179 0.568546593 0.092729531 -0.164520919 0.010461872 -0.091460094 0.068495803 0.993395150
1341846676.858331 0.568342388 0.096924759 -0.162765354 0.012554061 -0.087624714 0.069177009 0.993669391
1341846676.894086 0.564204276 0.101650842 -0.166058064 0.013393596 -0.087930769 0.071271241 0.993483365
1341846676.926062 0.598322213 0.107012436 -0.155147478 0.013112561 -0.092683829 0.071031399 0.993072152
1341846676.958080 0.593779206 0.106981173 -0.152912572 0.013545301 -0.089922972 0.070721120 0.993342280
1341846676.994140 0.586904705 0.100968584 -0.158662200 0.013594174 -0.090275101 0.072228909 0.993201196
1341846677.026242 0.604310870 0.112430677 -0.160291731 0.015640611 -0.092858098 0.070364118 0.993066788
1341846677.094244 0.605240166 0.113124460 -0.157287240 0.013750881 -0.093661442 0.069105320 0.993107736
1341846677.126108 0.611321688 0.096545964 -0.156329215 0.012644787 -0.095904820 0.070568621 0.992805362
1341846677.162066 0.623778403 0.101854280 -0.160747975 0.015374484 -0.096932895 0.070535652 0.992669284
1341846677.194068 0.622283101 0.113901600 -0.154976785 0.016198365 -0.097373314 0.070904225 0.992586851
1341846677.226206 0.645805836 0.096647725 -0.153253973 0.012922741 -0.100125477 0.069838353 0.992436647
1341846677.262033 0.654379427 0.094260938 -0.144783527 0.015190301 -0.098355740 0.070807174 0.992512822
1341846677.294125 0.637244344 0.104286790 -0.153301373 0.017956477 -0.097356960 0.071551554 0.992511749
1341846677.326503 0.664675713 0.105164073 -0.151366889 0.016063666 -0.100970559 0.071029134 0.992220640
1341846677.362194 0.673940718 0.091674536 -0.146052629 0.014469911 -0.099252015 0.069423608 0.992532134
1341846677.394280 0.666991115 0.094123930 -0.148144141 0.016505051 -0.097868405 0.070847109 0.992537200
1341846677.430058 0.677603364 0.102309003 -0.148069173 0.017520986 -0.098298408 0.070094191 0.992530704
1341846677.468326 0.686922610 0.094412081 -0.143469572 0.017374827 -0.096612275 0.069293953 0.992754996
1341846677.530161 0.690240085 0.093287513 -0.145508125 0.021846747 -0.093956158 0.067843005 0.993021786
1341846677.562051 0.689795852 0.094886720 -0.143404901 0.023425534 -0.091003649 0.066776052 0.993333042
1341846677.594105 0.676229239 0.097457021 -0.146785215 0.024499418 -0.087635353 0.066422805 0.993633687
1341846677.630227 0.680022299 0.091529213 -0.147916555 0.024188738 -0.087347150 0.065298960 0.993741155
1341846677.662033 0.692163408 0.091686651 -0.141979754 0.025139606 -0.088099495 0.064813562 0.993682861
1341846677.730320 0.694664240 0.097346202 -0.142769635 0.025127195 -0.088389844 0.064999685 0.993645251
1341846677.763691 0.692823946 0.092963085 -0.142828032 0.025755869 -0.087096371 0.065374315 0.993718803
1341846677.798630 0.687206686 0.103920095 -0.144530743 0.027515113 -0.087890320 0.065658778 0.993582964
1341846677.830104 0.703437626 0.091327608 -0.141743422 0.025286183 -0.089532048 0.063430429 0.993640363
1341846677.862185 0.709771514 0.074725464 -0.140473932 0.025664657 -0.088081241 0.062370200 0.993827462
1341846677.898344 0.695313811 0.079124942 -0.143217340 0.029753443 -0.086270683 0.063337363 0.993811131
1341846677.930181 0.713159263 0.082388833 -0.141680598 0.032210100 -0.088448189 0.062275041 0.993610203
1341846677.966256 0.716666877 0.067776002 -0.142026424 0.032855120 -0.086794496 0.061507139 0.993782759
1341846677.998516 0.706365943 0.062938429 -0.144161403 0.037043206 -0.085713759 0.063137688 0.993626952
1341846678.030368 0.706699193 0.065837733 -0.147820011 0.040280711 -0.087353915 0.064138807 0.993294001
1341846678.066187 0.724374652 0.069255307 -0.142586529 0.042380065 -0.089039750 0.063401788 0.993104219
1341846678.098076 0.703793168 0.063521653 -0.145486265 0.043540508 -0.085830085 0.064373806 0.993274093
1341846678.134082 0.714256108 0.059148423 -0.147568941 0.044549111 -0.090382956 0.064757243 0.992800474
1341846678.166092 0.719218075 0.062598936 -0.144773155 0.046150628 -0.090580076 0.064802289 0.992706418
1341846678.204293 0.706977844 0.058368303 -0.146807224 0.047229886 -0.088333204 0.065111257 0.992837906
1341846678.266209 0.727515697 0.053856827 -0.150018200 0.050284464 -0.094005890 0.065217040 0.992159843
1341846678.298316 0.719774485 0.058824278 -0.152868688 0.051551621 -0.094105072 0.065834984 0.992044568
1341846678.334135 0.727052867 0.051665712 -0.152405664 0.050287109 -0.097166687 0.065687649 0.991824031
1341846678.366593 0.734344840 0.043304853 -0.152260751 0.050657075 -0.097493157 0.065151647 0.991808534
1341846678.402292 0.728439450 0.050347015 -0.153602988 0.053368002 -0.096571870 0.066031948 0.991698265
1341846678.439991 0.740314364 0.051205244 -0.149902835 0.053924263 -0.098498121 0.065062955 0.991542816
