1341846226.817920 0.000000000 0.000000000 0.000000000 0.000000000 0.000000000 0.000000000 1.000000000
1341846226.850323 0.004025238 0.001464299 0.002030836 0.001130722 -0.000507081 -0.002343807 0.999996483
1341846226.881894 0.007411413 0.001538572 0.003278913 0.001430040 0.000408175 -0.003100385 0.999994099
1341846226.917980 0.004745991 -0.000077427 0.003304688 0.000347128 -0.000564744 -0.002795176 0.999995887
1341846226.950000 0.005308316 -0.003610678 0.006408387 0.000901968 -0.002822954 -0.002177975 0.999993205
1341846226.985981 0.005274499 -0.002796794 0.004591817 0.002689733 -0.003448727 -0.002787206 0.999986529
1341846227.017919 0.001432866 0.001026575 0.002207807 0.002923518 -0.003621284 -0.003463306 0.999983191
1341846227.050040 0.005807243 -0.002936215 0.005752165 0.002262221 -0.004710512 -0.003993252 0.999978364
1341846227.085982 0.005094965 -0.000826903 0.004053145 0.003259633 -0.004398419 -0.004898719 0.999972999
1341846227.118052 0.006883094 -0.000036284 0.006565802 0.003787140 -0.004556556 -0.005126475 0.999969304
1341846227.149935 0.005605887 -0.001114501 0.003859896 0.004292488 -0.004773797 -0.004970829 0.999967039
1341846227.186053 0.001698928 0.002287275 0.002168849 0.004343646 -0.005165640 -0.006025753 0.999959052
1341846227.218443 0.006081692 -0.000291788 0.006045480 0.003054436 -0.006101705 -0.007352501 0.999949694
1341846227.253944 0.010099868 -0.003858040 0.007739239 0.003931828 -0.006386613 -0.009009285 0.999931276
1341846227.285981 0.006345909 -0.003188945 0.005423364 0.005211572 -0.006514005 -0.010155583 0.999913633
1341846227.320064 0.005923703 -0.002423111 0.004404685 0.005329171 -0.008118987 -0.011250651 0.999889553
1341846227.353969 0.004638858 -0.001624222 0.002465108 0.005878890 -0.009650982 -0.013634683 0.999843180
1341846227.385846 0.001065205 0.001669911 0.000365752 0.005632195 -0.011512981 -0.014869093 0.999807298
1341846227.418015 -0.001685890 0.001279447 -0.000109181 0.004067550 -0.014550764 -0.016837548 0.999744058
1341846227.453997 0.002469739 0.001500577 0.002113913 0.002832709 -0.017713610 -0.020512003 0.999628663
1341846227.485981 0.003771475 -0.000829322 0.004265842 0.001727234 -0.018845065 -0.023270914 0.999550045
1341846227.521976 0.005306837 -0.003111968 0.005040827 0.001618332 -0.020894026 -0.023096906 0.999513566
1341846227.553980 0.006361042 -0.007118130 0.007544754 0.002730852 -0.023413660 -0.024034163 0.999433160
1341846227.586047 0.007238257 0.001345630 0.007470292 0.005454374 -0.023687482 -0.027544433 0.999324977
1341846227.622081 0.008960363 0.002055496 0.006812244 0.005006837 -0.023211129 -0.031053614 0.999235630
1341846227.653945 0.007752259 -0.003230442 0.007550289 0.004329922 -0.023532042 -0.030499104 0.999248385
1341846227.686038 0.010177723 -0.009158763 0.009645251 0.006597670 -0.024671955 -0.030760150 0.999200463
1341846227.721966 0.018891037 -0.005923266 0.008897083 0.009324531 -0.023624146 -0.031240752 0.999189138
1341846227.754130 0.017016765 -0.007293962 0.009309668 0.010167073 -0.020393968 -0.031298388 0.999250293
1341846227.789951 0.015038867 -0.006502110 0.008120162 0.011802224 -0.018163854 -0.030247530 0.999307692
1341846227.821920 0.017260781 -0.008143807 0.005409278 0.011914829 -0.016537193 -0.029553637 0.999355376
1341846227.854275 0.017400503 -0.008547108 0.004772271 0.012188924 -0.014550417 -0.029964963 0.999370694
1341846227.889935 0.019038673 -0.008792995 0.004670458 0.012637543 -0.013089310 -0.029017068 0.999413311
1341846227.921967 0.017877834 -0.009404236 0.005176240 0.012571765 -0.012002214 -0.027984183 0.999457240
1341846227.958123 0.023603065 -0.010002896 0.004913671 0.012471535 -0.011490985 -0.028827420 0.999440551
1341846227.989985 0.024542304 -0.008624401 0.006145674 0.011577575 -0.009189334 -0.030326333 0.999430716
1341846228.021937 0.023443203 -0.014740043 0.007856078 0.011104734 -0.008455987 -0.029418787 0.999469697
1341846228.058222 0.024385111 -0.017622169 0.007771440 0.013183539 -0.008284235 -0.027898351 0.999489486
1341846228.090097 0.029108055 -0.006764731 0.003779598 0.014030849 -0.007663376 -0.028813673 0.999456942
1341846228.121845 0.028404819 -0.006554864 0.005394944 0.010809361 -0.005551498 -0.027277900 0.999554038
1341846228.157875 0.020961614 -0.010093258 0.003030396 0.008075044 -0.004640204 -0.023694752 0.999675870
1341846228.189872 0.023101721 -0.005880387 0.004078578 0.006221437 -0.005489570 -0.022639289 0.999709249
1341846228.225994 0.026113920 -0.013268400 0.008190669 0.003637726 -0.005872402 -0.023288971 0.999704897
1341846228.258336 0.024750033 -0.015938703 0.009164439 0.004101832 -0.006386661 -0.023684740 0.999690652
1341846228.289941 0.024055758 -0.013451432 0.010128351 0.005077657 -0.006510662 -0.022625910 0.999709904
1341846228.326018 0.030266792 -0.012530922 0.011210192 0.005717235 -0.006731713 -0.023025159 0.999695897
1341846228.358243 0.028326698 -0.011299253 0.008625851 0.006273378 -0.004602296 -0.022893654 0.999707639
1341846228.389779 0.024538955 -0.013497538 0.007267307 0.005508026 -0.003718880 -0.021839084 0.999739408
1341846228.426073 0.030515594 -0.014602702 0.007460305 0.005825540 -0.003730712 -0.022129936 0.999731183
1341846228.493915 0.028112987 -0.015013376 0.002650748 0.005979872 -0.001216194 -0.020427871 0.999772727
1341846228.525907 0.028017793 -0.018613836 0.003035381 0.004773133 -0.002060973 -0.019485896 0.999796629
1341846228.558208 0.034475703 -0.013069608 0.008035781 0.005873406 -0.002387043 -0.018898074 0.999801338
1341846228.593899 0.028481824 -0.017194765 0.004093681 0.005485925 -0.001106683 -0.018281735 0.999817193
1341846228.626021 0.027268609 -0.016730288 0.001086106 0.005358827 -0.002580414 -0.017130163 0.999835610
1341846228.658069 0.028238444 -0.013956920 0.001534816 0.004818754 -0.003742505 -0.016792256 0.999840379
1341846228.693942 0.032177467 -0.011730043 0.004779028 0.004295786 -0.003362095 -0.017584002 0.999830484
1341846228.726069 0.033031177 -0.010790922 0.004395565 0.003815431 -0.002122492 -0.017551471 0.999836445
1341846228.762090 0.034721933 -0.019520691 0.002696898 0.002532433 -0.002769226 -0.015497646 0.999872863
1341846228.794000 0.034649365 -0.015287365 -0.000547048 0.004550505 -0.003266227 -0.014624027 0.999877393
1341846228.825934 0.038705263 -0.013829381 -0.001139043 0.005446448 -0.003096351 -0.013901128 0.999883771
1341846228.862015 0.040287934 -0.015939564 -0.003425314 0.005176281 -0.003542925 -0.012031520 0.999907970
1341846228.893856 0.037771758 -0.014722808 -0.003939136 0.005797356 -0.004243487 -0.012032846 0.999901772
1341846228.926548 0.041083008 -0.012474799 -0.003006342 0.006169682 -0.004587619 -0.012699802 0.999889791
1341846228.961940 0.046198595 -0.009838526 -0.001206242 0.006139189 -0.004605134 -0.012065364 0.999897778
1341846228.994040 0.041981056 -0.010991618 -0.003515139 0.004852615 -0.003867688 -0.011686726 0.999912441
1341846229.029897 0.048430827 -0.016674817 0.001573860 0.004284228 -0.005065694 -0.011310633 0.999914050
1341846229.061870 0.058480129 -0.017878963 0.000875601 0.005460439 -0.006217006 -0.009796858 0.999917746
1341846229.094829 0.055144951 -0.012552062 -0.002026851 0.006145862 -0.005028881 -0.009494511 0.999923408
1341846229.129930 0.052863214 -0.011817919 -0.002346986 0.005574517 -0.004102746 -0.008840024 0.999936998
1341846229.161882 0.053679232 -0.015948854 -0.004030473 0.004637934 -0.003685693 -0.009428550 0.999938011
1341846229.197882 0.052128088 -0.019380147 -0.003141188 0.004439884 -0.003368835 -0.009470592 0.999939620
1341846229.229812 0.055820186 -0.019468933 -0.003992398 0.005795029 -0.004684813 -0.009222839 0.999929726
1341846229.261994 0.051179349 -0.018943477 -0.004263366 0.006996111 -0.004250210 -0.010148205 0.999915004
1341846229.297920 0.047134459 -0.017492400 -0.008389322 0.007273853 -0.003973896 -0.010990720 0.999905229
1341846229.329933 0.047833342 -0.017078541 -0.007063284 0.007175942 -0.004858128 -0.011442817 0.999897003
1341846229.361996 0.052671641 -0.017773712 -0.002522836 0.007330706 -0.006021424 -0.010744992 0.999897242
1341846229.398029 0.055980943 -0.024310729 -0.000272725 0.008827373 -0.006238344 -0.010402727 0.999887466
1341846229.430182 0.052025110 -0.022119917 -0.006095775 0.011819378 -0.006051656 -0.010317152 0.999858618
1341846229.471963 0.045667496 -0.017398387 -0.008223422 0.013028829 -0.005031759 -0.010613286 0.999846160
1341846229.530149 0.055230640 -0.018649044 -0.004942159 0.014542491 -0.005768298 -0.008020636 0.999845445
1341846229.566064 0.057146747 -0.019321363 -0.002786076 0.014598506 -0.006076361 -0.006164021 0.999855995
1341846229.630063 0.053436227 -0.019755621 -0.006132978 0.017689420 -0.003046801 -0.003549385 0.999832571
1341846229.665946 0.053371027 -0.018275687 -0.006972225 0.017222812 -0.002811432 -0.002772080 0.999843895
1341846229.698150 0.063026190 -0.025276832 -0.005897006 0.017528141 -0.004075733 -0.000481024 0.999837935
1341846229.733828 0.062987909 -0.021632202 -0.007218926 0.021251855 -0.002363140 -0.000551280 0.999771178
1341846229.765937 0.053443819 -0.024102263 -0.016482409 0.020971520 0.000428462 -0.000019992 0.999779999
1341846229.798002 0.054735642 -0.022622174 -0.012204205 0.019286914 0.000158501 -0.000542201 0.999813855
1341846229.833857 0.058553614 -0.026454637 -0.007040833 0.018930281 -0.000141069 -0.000776342 0.999820530
1341846229.865928 0.054955747 -0.029753873 -0.008174637 0.019815201 0.001442693 -0.001179908 0.999801934
1341846229.897926 0.055509742 -0.022122424 -0.008112122 0.020340592 0.001540104 -0.002318437 0.999789238
1341846229.939857 0.048500832 -0.018049294 -0.011424737 0.019179869 0.002750236 -0.003293810 0.999806821
1341846230.002061 0.043389577 -0.014764857 -0.011110350 0.016482031 0.004659956 -0.004023235 0.999845207
1341846230.033858 0.046137702 -0.015798882 -0.005602942 0.013882242 0.003912479 -0.004794410 0.999884486
1341846230.065938 0.048105657 -0.021472147 -0.005476941 0.012737093 0.004240993 -0.003589876 0.999903440
1341846230.103878 0.048706148 -0.022236519 -0.005013417 0.012412141 0.004972731 -0.002850263 0.999906540
1341846230.144719 0.053744920 -0.024159607 -0.004832174 0.010930418 0.004118633 -0.002448780 0.999928772
1341846230.172747 0.055335537 -0.026363702 -0.004714331 0.010665916 0.004471932 -0.000846353 0.999932766
1341846230.208544 0.047446314 -0.024585808 -0.008792377 0.011763786 0.006343805 -0.000053228 0.999910653
1341846230.271971 0.050109759 -0.024926106 -0.004988705 0.010791129 0.005935773 0.000486828 0.999924004
1341846230.334051 0.050764427 -0.023477567 -0.007353251 0.015227595 0.006444015 0.001933597 0.999861419
1341846230.370031 0.052589454 -0.025845986 -0.005498020 0.016765369 0.007162759 0.000539241 0.999833643
1341846230.401932 0.053551596 -0.028432034 -0.007004362 0.018236712 0.008040279 0.000309899 0.999801338
1341846230.437965 0.052423928 -0.027422417 -0.004989767 0.020117655 0.008785523 -0.001271843 0.999758184
1341846230.469920 0.049578097 -0.021804869 -0.006868135 0.022182813 0.009661424 -0.002715313 0.999703526
1341846230.501933 0.047114644 -0.017229982 -0.010553318 0.022441175 0.010126768 -0.004223819 0.999687970
1341846230.537834 0.048611321 -0.017073859 -0.009713355 0.022136096 0.009370337 -0.003202519 0.999705911
1341846230.569803 0.058789045 -0.012023287 -0.004291137 0.024891324 0.007386741 -0.001605513 0.999661565
1341846230.601945 0.018167445 -0.033332042 -0.020112708 0.022718649 0.012751944 -0.005326303 0.999646366
1341846230.637789 0.028468944 -0.033232998 -0.017731678 0.023673395 0.010567999 -0.004304496 0.999654651
1341846230.670057 0.040256325 -0.034184735 -0.018973930 0.022482583 0.008189199 -0.004198120 0.999704897
1341846230.705937 0.044605672 -0.034779146 -0.008482871 0.021548279 0.006867222 -0.004772015 0.999732792
1341846230.737932 0.068214424 -0.034708027 -0.011576349 0.022737872 0.002490734 -0.004104513 0.999729931
1341846230.769960 0.071603373 -0.029370019 -0.011167269 0.025341442 0.002464110 -0.001737354 0.999674320
1341846230.805852 0.090854779 -0.027277667 -0.013483074 0.026006790 -0.000874279 -0.001192626 0.999660671
1341846230.837804 0.082683221 -0.026772849 -0.006132950 0.026209995 0.000388504 -0.002645786 0.999652863
1341846230.869829 0.097385272 -0.030780710 -0.002111650 0.026430495 -0.001740503 -0.001877083 0.999647379
1341846230.905851 0.069656417 -0.032667462 -0.008928020 0.026623545 0.002560883 -0.002829806 0.999638259
1341846230.937917 0.052664496 -0.031615671 -0.015661525 0.026494332 0.003425355 -0.004615085 0.999632418
1341846230.973933 0.070535682 -0.033345766 -0.008495520 0.027094530 0.000381169 -0.004261595 0.999623716
1341846231.006047 0.083256140 -0.026265817 -0.009103430 0.029496953 -0.001744616 -0.002712352 0.999559700
1341846231.037936 0.065799341 -0.029853851 -0.015376789 0.028863722 0.000469198 -0.002696437 0.999579608
1341846231.074310 0.076411925 -0.030099126 -0.011813914 0.028851343 -0.001541301 -0.003380262 0.999576807
1341846231.106085 0.069793649 -0.033839773 -0.009935985 0.029471992 -0.000737180 -0.002839470 0.999561310
1341846231.138083 0.073237583 -0.030295869 -0.008048521 0.031131901 -0.001988201 -0.001665501 0.999511898
1341846231.174011 0.072458565 -0.025212934 -0.005801781 0.031958312 -0.002280175 -0.002201909 0.999484181
1341846231.205909 0.074160047 -0.028210685 -0.001768343 0.032366913 -0.002549762 -0.003024491 0.999468207
1341846231.241869 0.077936612 -0.022560621 -0.004971134 0.034336273 -0.002937882 -0.002730790 0.999402285
1341846231.273832 0.068063095 -0.031355739 -0.010568256 0.032860432 -0.001931775 -0.003443267 0.999452114
1341846231.305846 0.079244405 -0.026280869 -0.009306779 0.035033885 -0.003824666 -0.002678538 0.999375224
1341846231.341923 0.084152684 -0.022623908 -0.009331926 0.035361487 -0.004952813 -0.002857485 0.999358237
1341846231.410022 0.066018648 -0.032558367 -0.015160616 0.031343453 -0.002790446 -0.003987065 0.999496818
1341846231.442103 0.070396200 -0.026586043 -0.011008671 0.032358941 -0.003743543 -0.002815744 0.999465287
1341846231.484245 0.065422520 -0.023773210 -0.008130729 0.032872561 -0.003889929 -0.002207669 0.999449551
1341846231.516816 0.066877462 -0.026919866 -0.016035147 0.031115226 -0.004307324 -0.002857388 0.999502420
1341846231.547853 0.069906130 -0.026515663 -0.016043471 0.029313171 -0.003561463 -0.004377369 0.999554336
1341846231.583898 0.071674146 -0.027901815 -0.013341735 0.026119208 -0.002165688 -0.005996307 0.999638498
1341846231.615993 0.067086674 -0.036883447 -0.007563499 0.023174087 0.000378183 -0.009359617 0.999687552
1341846231.648015 0.054660577 -0.048580538 -0.004514266 0.023286253 0.002063634 -0.011722584 0.999657989
1341846231.683822 0.060185980 -0.031220252 -0.001555216 0.030948143 -0.000485567 -0.011074338 0.999459505
1341846231.716153 0.053135898 -0.052795444 -0.001308193 0.033942781 -0.000209207 -0.011954654 0.999352276
1341846231.747846 0.058047038 -0.045480650 -0.004816319 0.038726881 -0.002467122 -0.012700397 0.999166071
1341846231.783993 0.050721940 -0.044494040 -0.006124733 0.039499599 -0.002098226 -0.013417343 0.999127269
1341846231.817027 0.067766719 -0.036897559 -0.013535925 0.040409267 -0.004837461 -0.011359167 0.999106944
1341846231.852317 0.074629813 -0.032285951 -0.011566110 0.040384095 -0.006276109 -0.011168687 0.999102116
1341846231.909867 0.056628261 -0.037517339 -0.013127108 0.035685621 -0.005944696 -0.010362046 0.999291658
1341846231.945837 0.053872652 -0.034638241 -0.005285665 0.036063958 -0.006110728 -0.009365768 0.999286890
1341846231.978027 0.061038915 -0.032687865 -0.011048645 0.036454365 -0.007474801 -0.009624032 0.999261022
1341846232.009966 0.066155046 -0.031108767 -0.011565133 0.035302024 -0.008796775 -0.009261167 0.999295056
1341846232.045845 0.068442404 -0.031434644 -0.007192315 0.034718975 -0.010482768 -0.007788582 0.999311805
1341846232.077961 0.066335201 -0.030896949 -0.010598808 0.035396568 -0.011421282 -0.007078195 0.999283016
1341846232.109864 0.069307044 -0.033472542 -0.009457270 0.034917060 -0.012231488 -0.007482457 0.999287367
1341846232.145999 0.070498198 -0.032889534 -0.008008568 0.034413591 -0.012124918 -0.008504685 0.999297917
1341846232.178314 0.070529930 -0.034407496 -0.009315438 0.033819936 -0.012112846 -0.008070114 0.999321938
1341846232.215951 0.069954976 -0.037467629 -0.009591908 0.034116615 -0.011673845 -0.007537719 0.999321282
1341846232.252037 0.068612374 -0.036973175 -0.007787687 0.035064433 -0.011306264 -0.007103379 0.999295831
1341846232.283944 0.073062226 -0.037088051 -0.007896136 0.035453536 -0.012089779 -0.005613208 0.999282420
1341846232.319867 0.075632840 -0.034100190 -0.007894564 0.035721749 -0.012194308 -0.004761287 0.999276042
1341846232.351854 0.077849381 -0.032774746 -0.012619034 0.034011543 -0.012124871 -0.005622347 0.999332070
1341846232.383877 0.078920044 -0.031994835 -0.009205803 0.031881455 -0.012205862 -0.007515715 0.999388874
1341846232.419782 0.073004402 -0.036112126 -0.002353641 0.030829024 -0.012298935 -0.008849522 0.999409854
1341846232.451780 0.079035632 -0.042020936 -0.005052243 0.031259995 -0.013511261 -0.009030908 0.999379158
1341846232.484170 0.074751548 -0.045200482 -0.006218004 0.031596072 -0.012535723 -0.009210951 0.999379635
1341846232.519889 0.081377476 -0.036927022 -0.008353309 0.033832114 -0.013741232 -0.008386174 0.999297857
1341846232.551877 0.072953939 -0.039369676 -0.007084867 0.033696286 -0.012867977 -0.009264517 0.999306321
1341846232.583846 0.084616102 -0.037101340 -0.005519117 0.035685576 -0.014194745 -0.008451318 0.999226511
1341846232.619798 0.070766971 -0.041903935 -0.005645712 0.036594741 -0.011649871 -0.008438280 0.999226630
1341846232.651799 0.049051587 -0.050368417 -0.003826782 0.036349904 -0.008144466 -0.008382826 0.999270797
1341846232.688092 0.037575345 -0.047350321 -0.004604682 0.038530957 -0.006010286 -0.008449451 0.999203622
1341846232.719804 0.014357210 -0.056753229 0.003342228 0.038889457 -0.001335510 -0.009816701 0.999194443
1341846232.751767 -0.018451218 -0.060448769 -0.005474203 0.040295869 0.004186655 -0.009115267 0.999137461
1341846232.787894 -0.050699081 -0.072620988 0.003358250 0.040114272 0.009824148 -0.009357275 0.999103010
1341846232.819886 -0.091892488 -0.080178760 0.003482023 0.040710229 0.017332671 -0.010238801 0.998968184
1341846232.855850 -0.122642696 -0.088755041 0.014263652 0.041299932 0.022563767 -0.011095451 0.998830378
1341846232.887989 -0.192956775 -0.092849925 0.020932920 0.042240288 0.034472693 -0.009695874 0.998465538
1341846232.919822 -0.233259454 -0.105891913 0.040647507 0.039611828 0.041860171 -0.010100042 0.998286843
1341846232.955993 -0.278843582 -0.093735583 0.060761578 0.043214168 0.049478643 -0.011713501 0.997771084
1341846232.987965 -0.322880805 -0.090260327 0.076511323 0.043927390 0.057236515 -0.010161069 0.997341990
1341846233.023868 -0.366313398 -0.093251467 0.098035112 0.041460592 0.066366926 -0.010730850 0.996875763
1341846233.055880 -0.414235801 -0.098950371 0.117106609 0.039246146 0.075960621 -0.011797369 0.996268272
1341846233.087872 -0.456990033 -0.104619093 0.142807260 0.037359688 0.084392950 -0.012822032 0.995649397
1341846233.124060 -0.494526386 -0.106845126 0.158637941 0.037775364 0.089233823 -0.013186366 0.995206773
1341846233.155902 -0.535570979 -0.110627249 0.181893766 0.039649598 0.094973870 -0.012875989 0.994606495
1341846233.218177 -0.613352776 -0.115206167 0.222587034 0.041904893 0.108320691 -0.016316723 0.993098378
1341846233.249926 -0.663432002 -0.114859909 0.239938885 0.040434476 0.116344929 -0.018905843 0.992205381
1341846233.286015 -0.689928293 -0.122115649 0.258423775 0.037745815 0.121941626 -0.019258896 0.991632283
1341846233.317870 -0.733850360 -0.115776457 0.284427047 0.040071443 0.131635651 -0.022274686 0.990237415
1341846233.349815 -0.762969017 -0.122052647 0.297862470 0.039815497 0.137177870 -0.021260900 0.989517570
1341846233.385857 -0.784413517 -0.115542322 0.310382873 0.041245356 0.140471429 -0.020572146 0.989011288
1341846233.417990 -0.788838327 -0.114099272 0.313825130 0.041663285 0.140539765 -0.018982779 0.989015877
1341846233.453822 -0.777943075 -0.112691760 0.305478454 0.042670347 0.137641758 -0.018353349 0.989392281
1341846233.485912 -0.773623466 -0.113804288 0.303829998 0.043416671 0.136269167 -0.019639788 0.989525139
1341846233.517954 -0.774712384 -0.108341806 0.301390022 0.044147078 0.135321543 -0.020649685 0.989602327
1341846233.553882 -0.770961225 -0.112832069 0.303310126 0.043207545 0.133643761 -0.020941399 0.989865601
1341846233.585968 -0.772091031 -0.115499966 0.302914083 0.043970577 0.133127138 -0.020615265 0.989908457
1341846233.621898 -0.769211531 -0.118813977 0.304071486 0.044529639 0.132892624 -0.020377496 0.989919901
1341846233.654396 -0.777300477 -0.116107300 0.299823701 0.044636283 0.134879559 -0.021121895 0.989630699
1341846233.685848 -0.773696542 -0.115535550 0.299167335 0.043830305 0.135167941 -0.021651484 0.989615977
1341846233.721879 -0.783131957 -0.119058780 0.300381243 0.042659178 0.137149110 -0.021032749 0.989407897
1341846233.753961 -0.781745672 -0.120857611 0.297708094 0.041968372 0.136933908 -0.020474833 0.989478886
1341846233.822009 -0.774788678 -0.122787856 0.294287920 0.040379278 0.136984915 -0.018931434 0.989568710
1341846233.853971 -0.781890929 -0.115384467 0.298953474 0.040735167 0.138387114 -0.018556161 0.989366114
1341846233.889920 -0.770217776 -0.121743418 0.294974089 0.038962018 0.136041969 -0.018655058 0.989760876
1341846233.922045 -0.770877182 -0.122479752 0.296969086 0.037997957 0.135581791 -0.019243587 0.989850223
1341846233.953967 -0.770735383 -0.122056939 0.296069175 0.037688226 0.134661883 -0.018739264 0.989997268
1341846233.989945 -0.777697504 -0.120647103 0.301759154 0.037684038 0.135022372 -0.018868370 0.989945889
1341846234.021936 -0.773412704 -0.121269494 0.298669219 0.036509808 0.133690760 -0.018804966 0.990171850
1341846234.053904 -0.774185717 -0.121841550 0.300445616 0.035843443 0.133960500 -0.019292030 0.990150273
1341846234.089899 -0.767171025 -0.121315077 0.295758039 0.035684455 0.133102447 -0.019680703 0.990264118
1341846234.158063 -0.764556885 -0.124058321 0.295896471 0.034962222 0.132627741 -0.019149134 0.990363955
1341846234.189961 -0.744516730 -0.114608049 0.291846514 0.037461340 0.129512817 -0.018750008 0.990692437
1341846234.222130 -0.745375633 -0.110864654 0.283233285 0.037718341 0.129780486 -0.018591892 0.990650654
1341846234.257875 -0.741407692 -0.109523490 0.284898102 0.036790043 0.129699409 -0.018091656 0.990705431
1341846234.289820 -0.727530241 -0.124219932 0.279019028 0.033813488 0.128034353 -0.018081395 0.991028190
1341846234.321998 -0.720385909 -0.121263549 0.280153275 0.035277106 0.127425879 -0.018717088 0.991043806
1341846234.357904 -0.734596610 -0.117493100 0.284526795 0.036224443 0.130165443 -0.020191580 0.990624547
1341846234.389919 -0.739104927 -0.116614103 0.287501395 0.036960699 0.130121350 -0.019669212 0.990613639
1341846234.425915 -0.731624961 -0.116625316 0.287328541 0.038273461 0.128299907 -0.018978374 0.990814865
1341846234.457800 -0.724682212 -0.101396851 0.281880140 0.040576190 0.126499653 -0.018091220 0.990971327
1341846234.490016 -0.743098438 -0.113001004 0.280007422 0.035821933 0.128891364 -0.018044645 0.990847230
1341846234.525867 -0.748346448 -0.113202862 0.288172036 0.034929521 0.129965141 -0.017023280 0.990756869
1341846234.557961 -0.746059775 -0.112792976 0.288264990 0.034744304 0.129651517 -0.016118301 0.990819633
1341846234.593900 -0.729235709 -0.104935788 0.281398177 0.034707628 0.125759646 -0.014485546 0.991347611
1341846234.658173 -0.726308048 -0.101045705 0.285333246 0.034954529 0.123381242 -0.012656176 0.991662800
1341846234.694104 -0.723104715 -0.106423214 0.282623827 0.033719424 0.121419832 -0.012331262 0.991951704
1341846234.725911 -0.718746185 -0.107218161 0.286231518 0.034039550 0.119402274 -0.010773706 0.992203772
1341846234.758643 -0.726411045 -0.115431115 0.284585178 0.033498183 0.120054565 -0.010884328 0.992142260
1341846234.793907 -0.718727946 -0.103838257 0.281131297 0.034702390 0.118579805 -0.011373837 0.992272735
1341846234.826106 -0.720353842 -0.116932139 0.277892649 0.031559989 0.118904561 -0.011138230 0.992341459
1341846234.862270 -0.718450844 -0.115917936 0.284647793 0.031931233 0.118558019 -0.011492507 0.992367029
1341846234.893971 -0.725868940 -0.121028945 0.286066711 0.032095943 0.119279869 -0.011166800 0.992278934
1341846234.926031 -0.724410057 -0.119295791 0.281950951 0.032936908 0.118944213 -0.011710320 0.992285371
1341846234.961979 -0.726387143 -0.113834895 0.284584135 0.034354232 0.119202472 -0.012660082 0.992194653
1341846234.994016 -0.723805904 -0.109559275 0.282986671 0.035592638 0.118425988 -0.013585673 0.992231786
1341846235.026311 -0.729677379 -0.094220854 0.283493847 0.036752272 0.118712813 -0.014690524 0.992139459
1341846235.061915 -0.717468262 -0.093889281 0.280154586 0.035319127 0.116680145 -0.014685698 0.992432654
1341846235.094075 -0.713059962 -0.107190572 0.281016380 0.032468546 0.116048791 -0.013720126 0.992617846
1341846235.130068 -0.717983723 -0.105364703 0.282733321 0.033208434 0.116333395 -0.013720344 0.992560089
1341846235.162449 -0.722029984 -0.107580096 0.285547316 0.034145612 0.115712285 -0.013086143 0.992609441
1341846235.193917 -0.720200956 -0.110789120 0.284780413 0.034240551 0.115016341 -0.012857422 0.992690027
1341846235.229939 -0.728823900 -0.108800933 0.283522397 0.035487268 0.117115431 -0.013782997 0.992388368
1341846235.261811 -0.727957487 -0.110285938 0.284686714 0.035301551 0.116597116 -0.014560497 0.992444932
1341846235.294134 -0.714348435 -0.111459389 0.281472087 0.035931237 0.113807596 -0.014517564 0.992746711
1341846235.329890 -0.719560146 -0.105126724 0.280705810 0.036875863 0.114657439 -0.016246067 0.992587507
1341846235.361974 -0.703804970 -0.091229513 0.276165724 0.037371524 0.112630434 -0.017944226 0.992771745
1341846235.398097 -0.715885639 -0.091068476 0.283972681 0.034815658 0.115098014 -0.019583130 0.992550671
1341846235.462163 -0.715453207 -0.095718890 0.285319418 0.034350112 0.114851147 -0.019727496 0.992592633
1341846235.498142 -0.715945184 -0.090229943 0.284619868 0.034105666 0.114957139 -0.021243332 0.992557466
1341846235.529989 -0.711218894 -0.093968056 0.286155164 0.032623857 0.114145689 -0.021546481 0.992694438
1341846235.561921 -0.714919090 -0.108566269 0.288073003 0.031214012 0.114278384 -0.022283239 0.992708206
1341846235.597951 -0.714584529 -0.091579750 0.284892261 0.034462504 0.114041544 -0.022618167 0.992620409
1341846235.630160 -0.716414034 -0.096716136 0.284155071 0.032357164 0.113606438 -0.023058427 0.992731035
1341846235.667679 -0.718405068 -0.110314444 0.288567692 0.030892191 0.113632083 -0.022046821 0.992797732
1341846235.705783 -0.716038644 -0.104244843 0.286543190 0.033178050 0.112964928 -0.022926915 0.992780149
1341846235.730392 -0.717587292 -0.106662549 0.284699619 0.032755759 0.113143787 -0.024050524 0.992747247
1341846235.766032 -0.719720364 -0.117215127 0.288474500 0.032142378 0.113620028 -0.024722168 0.992696464
1341846235.797942 -0.711737514 -0.106214024 0.281159043 0.035301063 0.111666396 -0.024491157 0.992816508
1341846235.833964 -0.712088346 -0.103545517 0.281472862 0.036166731 0.111693770 -0.025023514 0.992769003
1341846235.866037 -0.709996402 -0.107729323 0.279367119 0.035585448 0.111328065 -0.023393968 0.992870808
1341846235.898007 -0.714370191 -0.114915349 0.281299531 0.034793042 0.112320818 -0.022617655 0.992805064
1341846235.934106 -0.710066497 -0.110998958 0.280375630 0.037598357 0.112367302 -0.021515461 0.992722034
1341846235.965921 -0.715629935 -0.108978324 0.279018939 0.038868412 0.114230759 -0.022094043 0.992447674
1341846235.997897 -0.710216880 -0.107366264 0.275466621 0.038685892 0.113985725 -0.021700082 0.992491663
1341846236.034072 -0.712191164 -0.112470776 0.283126891 0.038342848 0.115456693 -0.021792451 0.992332935
1341846236.065823 -0.709346771 -0.113900825 0.277865410 0.039395757 0.115250431 -0.021230411 0.992327869
1341846236.101989 -0.712948024 -0.103461027 0.278644651 0.040234488 0.115798041 -0.021922924 0.992215395
1341846236.134258 -0.714146256 -0.107122235 0.279257357 0.039117552 0.115932338 -0.021378230 0.992256284
1341846236.166269 -0.714201868 -0.111576974 0.279020935 0.038840503 0.115936175 -0.021051487 0.992273688
1341846236.202022 -0.704053760 -0.104289271 0.271129906 0.039424822 0.114342369 -0.021480812 0.992426395
1341846236.233893 -0.716349781 -0.107008241 0.275708228 0.036964990 0.116847798 -0.021777682 0.992222667
1341846236.265924 -0.720389843 -0.110675484 0.280235469 0.036443368 0.117910683 -0.020602912 0.992141366
1341846236.302018 -0.723698378 -0.123858579 0.279422134 0.034497473 0.118647598 -0.020064624 0.992134094
1341846236.333756 -0.716117084 -0.110740982 0.277390450 0.036948532 0.117572740 -0.020561147 0.992163658
1341846236.369949 -0.714307189 -0.123250663 0.275198191 0.034302961 0.117658757 -0.020937957 0.992240548
1341846236.401964 -0.719031394 -0.117027134 0.275404155 0.035047051 0.119042300 -0.021439124 0.992038786
1341846236.433828 -0.723789573 -0.113686807 0.280137777 0.036065649 0.120594457 -0.021723930 0.991808593
1341846236.469948 -0.722310185 -0.120739654 0.280118585 0.035661716 0.120574258 -0.021974070 0.991820157
1341846236.501946 -0.717312574 -0.116405897 0.276118040 0.036859836 0.120262466 -0.021242984 0.991830111
1341846236.534764 -0.722278535 -0.110577352 0.273801357 0.036873214 0.121495970 -0.020155922 0.991701961
1341846236.569956 -0.727837682 -0.125498429 0.280633003 0.034310661 0.123390898 -0.018009609 0.991601288
1341846236.601901 -0.705285192 -0.116688929 0.273748130 0.037074711 0.119726203 -0.016970532 0.991969287
1341846236.637896 -0.701611578 -0.100551635 0.269148439 0.038314302 0.119757041 -0.018160859 0.991897404
1341846236.669818 -0.703502476 -0.102026053 0.268782854 0.036042470 0.121047229 -0.018779213 0.991814435
1341846236.702100 -0.710999072 -0.140301898 0.272424549 0.029187348 0.123598427 -0.018772680 0.991725326
1341846236.738521 -0.709551394 -0.138653323 0.273913205 0.034570433 0.123579040 -0.017682804 0.991574705
1341846236.769905 -0.716044724 -0.142842039 0.274328142 0.043588348 0.123540536 -0.015029748 0.991267800
1341846236.805999 -0.722561479 -0.134719580 0.271976590 0.046874993 0.123730890 -0.015545495 0.991086125
1341846236.844067 -0.716941357 -0.134715930 0.270212650 0.046159960 0.122951202 -0.017218292 0.991189063
1341846236.876573 -0.719768703 -0.129137948 0.267897666 0.045855716 0.123651311 -0.018567586 0.991091728
1341846236.911899 -0.711973071 -0.127277195 0.266664445 0.043155223 0.122178569 -0.019712476 0.991373479
1341846236.944484 -0.712880254 -0.141810045 0.275692880 0.040945284 0.122549005 -0.018760905 0.991439998
1341846236.975811 -0.717629552 -0.140976429 0.272985935 0.042810712 0.123042010 -0.017891254 0.991316199
1341846237.011848 -0.703292668 -0.127678186 0.269260347 0.044517528 0.121368326 -0.018577438 0.991434693
1341846237.043850 -0.704543591 -0.133729070 0.270177454 0.042638913 0.122695059 -0.018941570 0.991347075
1341846237.075882 -0.714005291 -0.151306316 0.274380594 0.040510312 0.124201067 -0.017130157 0.991281748
1341846237.111887 -0.722856164 -0.150825649 0.279210985 0.043457426 0.124796607 -0.015903551 0.991102576
1341846237.143863 -0.713819385 -0.147360444 0.269627213 0.046319019 0.122668587 -0.015458176 0.991245687
1341846237.175838 -0.720488310 -0.132338509 0.267629296 0.048350710 0.123339355 -0.015906371 0.991058290
1341846237.211847 -0.713343322 -0.136096507 0.267535776 0.045740485 0.122468464 -0.015372016 0.991298616
1341846237.243895 -0.712165534 -0.150882632 0.271736681 0.044184655 0.123434342 -0.014765054 0.991258681
1341846237.280228 -0.714289963 -0.144705266 0.268061638 0.046386849 0.123754248 -0.013666833 0.991133869
1341846237.312079 -0.713466763 -0.140438154 0.268622875 0.046777714 0.122835614 -0.013194902 0.991236150
1341846237.343828 -0.711909413 -0.138893247 0.270880878 0.047462218 0.122698419 -0.012414315 0.991230726
1341846237.379983 -0.709794283 -0.140585363 0.268748999 0.046803601 0.122574493 -0.011853344 0.991284251
1341846237.411962 -0.710511029 -0.127685517 0.267451406 0.047479831 0.122510515 -0.011713719 0.991261601
1341846237.443790 -0.709533215 -0.137199536 0.267962933 0.044121865 0.122454993 -0.012594257 0.991412818
1341846237.479911 -0.707539439 -0.130150348 0.269750148 0.043770250 0.123166203 -0.015536740 0.991298556
1341846237.511862 -0.712258220 -0.126955345 0.268951505 0.042600375 0.123397321 -0.015632361 0.991319299
1341846237.547914 -0.723786533 -0.123010084 0.272928804 0.042126909 0.123859346 -0.014885617 0.991293371
1341846237.579956 -0.722975492 -0.132560283 0.272015393 0.039769731 0.122800112 -0.013588116 0.991541147
1341846237.611852 -0.720190167 -0.120346934 0.272752702 0.041464552 0.121952303 -0.013572541 0.991576552
1341846237.647976 -0.727710307 -0.134121552 0.274735570 0.038507681 0.122824237 -0.013471575 0.991589546
1341846237.680417 -0.727433264 -0.132590219 0.273113459 0.038634636 0.122004010 -0.012414396 0.991699696
1341846237.711902 -0.722354114 -0.136205524 0.272863388 0.038797308 0.120539732 -0.011404036 0.991884530
1341846237.747860 -0.719176948 -0.141547620 0.271175086 0.039272312 0.119431183 -0.011601535 0.991997659
1341846237.779848 -0.723539531 -0.129922703 0.272055238 0.041567214 0.119836174 -0.012352419 0.991846204
1341846237.815934 -0.721571445 -0.121406585 0.269368112 0.042071894 0.118449487 -0.010670439 0.992011011
1341846237.847966 -0.724312484 -0.123232767 0.272841334 0.040651008 0.117943458 -0.009957266 0.992137909
1341846237.879781 -0.718479037 -0.129645750 0.268849820 0.038771782 0.116507903 -0.010258608 0.992379665
1341846237.916026 -0.719055474 -0.123970546 0.267642915 0.038551271 0.116072960 -0.009790238 0.992443979
1341846237.978064 -0.721565366 -0.126698151 0.270065665 0.037316136 0.116629526 -0.010049979 0.992423356
1341846238.010069 -0.721075356 -0.124264449 0.270226657 0.036816459 0.116535619 -0.010948713 0.992443502
1341846238.045995 -0.721650362 -0.121100061 0.270239949 0.035931606 0.116513059 -0.010648389 0.992481828
1341846238.077963 -0.722242773 -0.117766500 0.271723449 0.035584234 0.116631597 -0.010672551 0.992480218
1341846238.109791 -0.726655126 -0.131108522 0.274582446 0.033224996 0.117507994 -0.010635318 0.992458999
1341846238.145837 -0.724019885 -0.132015452 0.274735183 0.034479480 0.117426947 -0.010708129 0.992425025
1341846238.177943 -0.716863930 -0.120246574 0.269102484 0.036828078 0.116773054 -0.011617299 0.992407560
1341846238.209943 -0.714510918 -0.120962858 0.268700421 0.034770228 0.116477907 -0.012353684 0.992507577
1341846238.246227 -0.720864713 -0.126853302 0.274210751 0.033469688 0.117733225 -0.012373930 0.992403924
1341846238.278227 -0.720767379 -0.122784123 0.274759799 0.034727506 0.117879584 -0.012504186 0.992341697
1341846238.345918 -0.717526793 -0.119511843 0.272880703 0.034774654 0.118224017 -0.014548822 0.992271185
1341846238.377978 -0.720817149 -0.127720520 0.273508847 0.034425166 0.118460715 -0.014185979 0.992260396
1341846238.413879 -0.719012022 -0.129507780 0.274158537 0.035169903 0.117493920 -0.013879320 0.992353559
1341846238.445979 -0.718801618 -0.126719326 0.269862264 0.035684802 0.117168643 -0.015396841 0.992351294
1341846238.478188 -0.724647701 -0.123336531 0.273155689 0.035640810 0.118805297 -0.016460655 0.992141128
1341846238.515328 -0.725080848 -0.130118668 0.273799986 0.035132144 0.118647657 -0.015933396 0.992186785
1341846238.545906 -0.718199670 -0.130488083 0.271994233 0.036139328 0.116882160 -0.016686024 0.992347777
1341846238.587827 -0.718563378 -0.131376728 0.270552993 0.036513060 0.116979755 -0.017305449 0.992312014
1341846238.645944 -0.716777146 -0.115836084 0.270985305 0.037529144 0.117684647 -0.017135859 0.992193699
1341846238.681933 -0.723515451 -0.134475678 0.272773683 0.033900268 0.118628904 -0.016311737 0.992225707
1341846238.713917 -0.721453071 -0.131269500 0.274916083 0.035404827 0.118284352 -0.015575211 0.992226124
1341846238.745925 -0.718734443 -0.125222504 0.272909760 0.037060853 0.117660113 -0.015249979 0.992244899
1341846238.781932 -0.716446817 -0.125157028 0.272330016 0.036056031 0.116799310 -0.015211210 0.992384255
1341846238.813869 -0.722221136 -0.121608049 0.273377240 0.035671324 0.118325248 -0.016103659 0.992203295
1341846238.849931 -0.723638475 -0.126041055 0.277119040 0.033806063 0.119244851 -0.015901037 0.992161751
1341846238.881927 -0.715374708 -0.141979963 0.274909765 0.031728622 0.116569333 -0.015318947 0.992557406
1341846238.914000 -0.714161277 -0.139402464 0.276812732 0.034793496 0.114615291 -0.013026196 0.992715001
1341846238.949903 -0.715855062 -0.138711035 0.276096553 0.038698588 0.113367781 -0.011929944 0.992727518
1341846239.017941 -0.722682595 -0.136274889 0.273079216 0.040903024 0.114756390 -0.015923107 0.992423475
1341846239.050041 -0.719950497 -0.138521656 0.271605492 0.040506631 0.114684850 -0.017790034 0.992416322
1341846239.081902 -0.719948113 -0.136795640 0.274301112 0.041158263 0.114684321 -0.019099262 0.992365241
1341846239.117866 -0.719652057 -0.133633405 0.272620976 0.042266306 0.114825480 -0.020139359 0.992281735
1341846239.149976 -0.724937856 -0.135521263 0.273010552 0.041946925 0.116246447 -0.020567043 0.992121041
1341846239.181897 -0.724727154 -0.130201966 0.272400379 0.042182561 0.116439968 -0.020308230 0.992093682
1341846239.217929 -0.719974756 -0.124099270 0.272585720 0.041332167 0.115344711 -0.020297335 0.992257714
1341846239.250009 -0.720802546 -0.123826593 0.275530159 0.040335562 0.116247274 -0.019984039 0.992199719
1341846239.285917 -0.717045903 -0.123698831 0.274389207 0.039473820 0.116353169 -0.020269297 0.992216170
1341846239.318442 -0.723037660 -0.116894878 0.272814870 0.039204806 0.117894374 -0.020308411 0.992044091
1341846239.349930 -0.720131457 -0.134004414 0.272531211 0.034968339 0.117589697 -0.019251332 0.992259681
1341846239.386011 -0.720837057 -0.133373395 0.274275690 0.035350885 0.118349329 -0.018106209 0.992177367
1341846239.417983 -0.721967757 -0.128418475 0.274417251 0.036437314 0.118403524 -0.017925750 0.992134869
1341846239.450112 -0.720503926 -0.123546623 0.273308665 0.036408506 0.118204735 -0.017830849 0.992161334
1341846239.485973 -0.722436905 -0.110617042 0.275328964 0.037724320 0.118856199 -0.017499642 0.992040217
1341846239.517913 -0.719114840 -0.117803231 0.274404377 0.035486713 0.118644960 -0.016524950 0.992164791
1341846239.553979 -0.716102064 -0.115290903 0.273168355 0.034973573 0.118311927 -0.015598542 0.992237806
1341846239.585911 -0.716049373 -0.119364761 0.272407889 0.033436514 0.118332773 -0.015223245 0.992294133
1341846239.617967 -0.724032223 -0.127575606 0.277095556 0.032268003 0.119880907 -0.014627799 0.992155910
1341846239.653941 -0.716082156 -0.127352223 0.275414228 0.033431165 0.118267216 -0.014097732 0.992318749
1341846239.685852 -0.719173133 -0.120064966 0.276598483 0.034850106 0.118681267 -0.013614262 0.992227256
1341846239.717923 -0.718130171 -0.118820995 0.274493992 0.034605123 0.117846683 -0.013177112 0.992341161
1341846239.753857 -0.719689965 -0.121642649 0.277021945 0.034282889 0.118351914 -0.012841834 0.992296636
1341846239.785918 -0.714557588 -0.117978014 0.274861068 0.034254894 0.117153674 -0.012311436 0.992446482
1341846239.821950 -0.721341074 -0.129196092 0.278048426 0.032145068 0.117858402 -0.012476675 0.992431581
1341846239.854023 -0.690675795 -0.133110240 0.266393274 0.032975920 0.112173326 -0.011449264 0.993075371
1341846239.891801 -0.666982055 -0.128388509 0.254119515 0.033470981 0.107784651 -0.012144383 0.993536472
1341846239.953963 -0.712909341 -0.117501989 0.278651476 0.034674633 0.116157137 -0.013471563 0.992533982
1341846239.985997 -0.699403346 -0.115335017 0.271715939 0.035380114 0.113255620 -0.013887879 0.992838621
1341846240.022055 -0.673047602 -0.111739494 0.261974514 0.035763506 0.108434811 -0.014708854 0.993351161
1341846240.053998 -0.705442607 -0.117513649 0.275142550 0.035402965 0.114373296 -0.016172880 0.992675066
1341846240.089841 -0.669392049 -0.118525766 0.264158428 0.036559019 0.107969083 -0.015421262 0.993362129
1341846240.121795 -0.702273488 -0.125302881 0.271762550 0.035654098 0.113044553 -0.016386885 0.992814779
1341846240.159862 -0.711235404 -0.131257057 0.275953501 0.036153745 0.115136847 -0.017673049 0.992534161
1341846240.195884 -0.683442116 -0.133827776 0.261611402 0.036509294 0.110456377 -0.017248800 0.993060410
1341846240.227927 -0.653974771 -0.130039021 0.244102284 0.037744883 0.104646005 -0.016972421 0.993648052
1341846240.290031 -0.613278449 -0.125909895 0.217607498 0.040660385 0.096706748 -0.013917839 0.994384646
1341846240.322206 -0.593601704 -0.104427136 0.207948565 0.043976169 0.092750177 -0.013438037 0.994627059
1341846240.357948 -0.568216383 -0.102208607 0.185468957 0.043733258 0.087229408 -0.012242512 0.995152533
1341846240.422212 -0.484795183 -0.105529994 0.164366096 0.044271503 0.073289581 -0.014305902 0.996224880
1341846240.458143 -0.457369626 -0.100773275 0.143169552 0.045008719 0.068305984 -0.015969450 0.996520698
1341846240.490243 -0.423355877 -0.098586522 0.124071315 0.044958245 0.061402649 -0.016180407 0.996968746
1341846240.525976 -0.395216405 -0.104918912 0.104017451 0.044669408 0.056369010 -0.014942850 0.997298300
1341846240.557894 -0.377577454 -0.099773884 0.110305347 0.046956126 0.053385489 -0.015981691 0.997341335
1341846240.590418 -0.352738470 -0.108703882 0.095562279 0.045507200 0.049172111 -0.017634096 0.997597277
1341846240.626172 -0.335079253 -0.110850744 0.079056650 0.044750437 0.045669559 -0.017893093 0.997793317
1341846240.657964 -0.352954865 -0.107162803 0.077992290 0.046049364 0.048334654 -0.017535493 0.997615039
1341846240.689825 -0.334508747 -0.096716352 0.050153412 0.049085479 0.044471283 -0.017834375 0.997644663
1341846240.725903 -0.334946156 -0.117639676 0.048263434 0.045137338 0.044202354 -0.018461576 0.997831643
1341846240.757973 -0.333581924 -0.100914381 0.021087429 0.048881114 0.044748668 -0.021162756 0.997577250
1341846240.794024 -0.321255445 -0.082839541 0.016038489 0.053273119 0.042896554 -0.019500144 0.997467577
1341846240.826068 -0.300302595 -0.075184524 -0.008169385 0.055305183 0.039457109 -0.021861037 0.997450054
1341846240.858147 -0.227695763 -0.086725801 0.033889834 0.052636251 0.027273970 -0.017740842 0.998083591
1341846240.894038 -0.196176931 -0.086369507 0.029180102 0.051812556 0.021931875 -0.017675322 0.998259485
1341846240.925975 -0.171353847 -0.095363937 0.020671671 0.049839105 0.017788362 -0.016894894 0.998455882
1341846240.958080 -0.169083148 -0.086201027 -0.003332100 0.051277284 0.017019961 -0.016094537 0.998409688
1341846240.994099 -0.164199904 -0.076007798 -0.004929063 0.052181102 0.017415024 -0.018184915 0.998320162
1341846241.026041 -0.140742213 -0.074577548 0.002022821 0.053533871 0.013847671 -0.017992100 0.998307884
1341846241.062449 -0.123239793 -0.075365953 -0.012269713 0.053887412 0.010881089 -0.015944624 0.998360395
1341846241.094372 -0.090402499 -0.073853739 0.000785588 0.052967083 0.005924207 -0.018894119 0.998399913
1341846241.126068 -0.074864767 -0.070707858 -0.007681917 0.053134181 0.002553551 -0.018288290 0.998416603
1341846241.167863 -0.055988934 -0.064981088 -0.007364966 0.055520114 0.000115593 -0.020084573 0.998255551
1341846241.230127 -0.027099945 -0.066623360 -0.028784648 0.053395860 -0.005061228 -0.023702510 0.998279214
1341846241.261868 -0.012443772 -0.065705404 -0.041944489 0.053624600 -0.008385236 -0.024700860 0.998220384
1341846241.295211 -0.002836101 -0.063979417 -0.047945052 0.054052889 -0.010436484 -0.025450854 0.998159111
1341846241.329804 0.012230312 -0.063413091 -0.065155655 0.052131761 -0.013106862 -0.028876804 0.998136580
1341846241.362000 0.017752901 -0.059451487 -0.070760809 0.052899525 -0.014081422 -0.028657155 0.998089254
1341846241.394012 0.030724522 -0.051588692 -0.080033183 0.054171804 -0.016479257 -0.027577749 0.998014688
1341846241.430126 0.038257726 -0.049632277 -0.089163586 0.054648284 -0.017877374 -0.027706565 0.997961044
1341846241.462018 0.033629127 -0.050444059 -0.083929233 0.054629225 -0.016793041 -0.027838865 0.997977257
1341846241.497907 0.034983203 -0.049862634 -0.086108923 0.054526102 -0.016689328 -0.027796362 0.997985840
1341846241.529930 0.039708450 -0.046194039 -0.089072727 0.055315588 -0.017909391 -0.027456077 0.997930646
1341846241.562493 0.033864107 -0.047616798 -0.084353834 0.054385826 -0.017277524 -0.027835250 0.997982442
1341846241.598412 0.032525189 -0.049172346 -0.082861908 0.054554444 -0.017187536 -0.027906932 0.997972727
1341846241.629998 0.030665560 -0.050192509 -0.081646875 0.054520737 -0.016663684 -0.028221324 0.997974634
1341846241.662234 0.030750671 -0.049088169 -0.081089698 0.054941162 -0.016731432 -0.027515216 0.997970164
1341846241.698098 0.030166026 -0.049091376 -0.083726518 0.055007234 -0.016110636 -0.027953997 0.997964561
1341846241.729805 0.028956547 -0.051864646 -0.081114948 0.054295748 -0.016026430 -0.028150709 0.997999310
1341846241.765805 0.029221674 -0.050488804 -0.080399945 0.054704756 -0.016115623 -0.028438581 0.997967362
1341846241.797970 0.030700691 -0.048558909 -0.081960447 0.055887926 -0.016314464 -0.028782180 0.997888744
1341846241.830240 0.030466665 -0.048509941 -0.082958415 0.056057625 -0.016074931 -0.028567361 0.997889280
1341846241.865867 0.031380169 -0.050169311 -0.081444897 0.055474736 -0.016628431 -0.029083757 0.997897863
1341846241.898156 0.031964313 -0.050815396 -0.080215879 0.055516448 -0.016959600 -0.029325293 0.997882903
1341846241.929917 0.030929983 -0.050763067 -0.081577040 0.055886980 -0.016353065 -0.029343816 0.997871816
1341846241.965882 0.030998925 -0.052948501 -0.081266671 0.055217214 -0.016395923 -0.030228360 0.997882009
1341846241.998017 0.027665276 -0.052692719 -0.079782277 0.055048890 -0.015662197 -0.028759928 0.997946441
1341846242.034019 0.018954441 -0.053331461 -0.082988203 0.054087926 -0.012230128 -0.024354329 0.998164237
1341846242.066365 0.015605603 -0.053109519 -0.083148636 0.053957231 -0.011223447 -0.023781026 0.998196900
1341846242.097916 0.003509837 -0.051681161 -0.081526667 0.055982459 -0.005441343 -0.024763202 0.998109758
1341846242.133980 0.004486422 -0.050751604 -0.082158267 0.057402015 -0.005228986 -0.025364667 0.998015225
1341846242.165895 -0.007451063 -0.050834123 -0.085425086 0.057599325 0.000042339 -0.025153020 0.998022854
1341846242.197924 -0.020898078 -0.053272352 -0.087856442 0.056891557 0.005858177 -0.026023932 0.998023987
1341846242.234487 -0.037166163 -0.055627663 -0.082074769 0.056833711 0.011561117 -0.021474708 0.998085737
1341846242.269588 -0.028581651 -0.051662650 -0.093372285 0.058003984 0.009079950 -0.022149496 0.998029292
1341846242.301972 -0.033375509 -0.054104492 -0.091754980 0.056906462 0.010947430 -0.021323020 0.998091757
1341846242.333996 -0.031055698 -0.051717050 -0.089493833 0.058232740 0.010451267 -0.021808114 0.998010099
1341846242.366000 -0.023214603 -0.055513229 -0.081682064 0.059204139 0.008255931 -0.023713633 0.997930050
1341846242.401903 -0.029056458 -0.054118432 -0.084076241 0.059439760 0.009318911 -0.023436062 0.997913182
1341846242.433933 -0.012860193 -0.051846620 -0.092874512 0.059231866 0.004379699 -0.027383439 0.997859001
1341846242.469883 -0.019406369 -0.051943485 -0.092805728 0.060373746 0.006983327 -0.025918145 0.997814834
1341846242.501972 -0.018429641 -0.060640112 -0.082133308 0.058668930 0.007590914 -0.025606660 0.997920156
1341846242.534063 -0.023388099 -0.053968139 -0.089653060 0.059634801 0.008083112 -0.025590532 0.997859478
1341846242.569931 -0.002191402 -0.052424520 -0.089915387 0.060380351 0.001082840 -0.031870078 0.997665942
1341846242.602000 0.010728973 -0.055433862 -0.079034604 0.060752053 -0.002620723 -0.035717886 0.997510135
1341846242.634077 0.040045578 -0.057655785 -0.059783813 0.060349789 -0.009970939 -0.038307760 0.997392118
1341846242.670215 0.070075974 -0.047792427 -0.014703209 0.064562283 -0.015915060 -0.030312771 0.997326195
1341846242.701929 0.073940717 -0.044171751 -0.010260701 0.065035582 -0.016353790 -0.029460054 0.997313917
1341846242.737996 0.076376736 -0.042602669 -0.009966725 0.064816609 -0.017222451 -0.029434623 0.997314334
1341846242.769937 0.072590724 -0.043870024 -0.009238973 0.065067075 -0.016917035 -0.030355126 0.997275591
1341846242.808080 0.073321149 -0.035179149 -0.009237248 0.066654317 -0.016797265 -0.030767433 0.997160137
1341846242.869936 0.077321731 -0.038853556 -0.011078699 0.064730689 -0.017645914 -0.031306081 0.997255504
1341846242.902131 0.083262920 -0.034894146 -0.010805248 0.065282665 -0.018355716 -0.031402685 0.997203648
1341846242.938061 0.076484263 -0.032952912 -0.011794105 0.065970816 -0.017772455 -0.031728584 0.997158587
1341846242.969969 0.079940282 -0.037406996 -0.010330418 0.066060744 -0.018764690 -0.031881467 0.997129560
1341846243.005810 0.075433031 -0.034401082 -0.010300425 0.067229219 -0.018408999 -0.032085571 0.997051597
1341846243.038095 0.076893561 -0.036057133 -0.012088732 0.066763736 -0.019169105 -0.031306364 0.997093320
1341846243.070041 0.076351836 -0.037645690 -0.015534424 0.065598726 -0.019681437 -0.031262051 0.997162044
1341846243.106059 0.079717427 -0.039660793 -0.014301512 0.064414762 -0.020083278 -0.031643610 0.997219205
1341846243.137899 0.072466075 -0.040689737 -0.014645399 0.064427681 -0.018751893 -0.032280084 0.997223854
1341846243.169985 0.071909338 -0.041593794 -0.015324254 0.064377710 -0.018905044 -0.031739268 0.997241557
1341846243.206007 0.079699755 -0.035426166 -0.013166843 0.065149628 -0.019721432 -0.032011170 0.997166932
1341846243.237999 0.077088468 -0.035249870 -0.018439515 0.064165100 -0.018939825 -0.032675132 0.997224391
1341846243.274026 0.078988545 -0.041504506 -0.014180249 0.063179754 -0.018702736 -0.033304870 0.997270942
1341846243.305879 0.076494537 -0.041512739 -0.015299113 0.063905820 -0.018410742 -0.033713005 0.997216403
1341846243.338022 0.076340325 -0.042510662 -0.015647804 0.064705223 -0.018430831 -0.033758316 0.997162938
1341846243.374348 0.085016273 -0.031978555 -0.010496741 0.067196555 -0.019430472 -0.033427272 0.996990323
1341846243.405837 0.078061655 -0.040870659 -0.017077543 0.066054225 -0.019265898 -0.033218324 0.997076809
1341846243.442193 0.080653042 -0.037362207 -0.012867972 0.066892818 -0.019594442 -0.033454526 0.997006595
1341846243.473902 0.081122950 -0.035077214 -0.013821351 0.067305505 -0.019644337 -0.033397999 0.996979773
1341846243.505839 0.081927620 -0.031684689 -0.013408344 0.067888066 -0.019998239 -0.033167090 0.996940911
1341846243.542001 0.079302609 -0.038884751 -0.020125002 0.066452257 -0.020036591 -0.032868452 0.997046769
1341846243.574058 0.084174857 -0.035731666 -0.009890301 0.067073219 -0.019914893 -0.033486925 0.996987104
1341846243.605841 0.078791827 -0.043360285 -0.012701631 0.066280730 -0.018740451 -0.033210628 0.997072041
1341846243.642015 0.079271585 -0.038931020 -0.016904309 0.067600161 -0.018921304 -0.032716669 0.996996403
1341846243.673926 0.087374054 -0.035787672 -0.011065763 0.067980401 -0.019973166 -0.032614004 0.996953368
1341846243.710095 0.078025490 -0.036600929 -0.014113548 0.068095125 -0.018360278 -0.032826934 0.996969581
1341846243.741951 0.089085512 -0.029477272 -0.007138454 0.069295876 -0.020136118 -0.032927956 0.996849239
1341846243.774067 0.087209105 -0.032494809 -0.010585258 0.068076454 -0.020128448 -0.033364147 0.996918857
1341846243.809881 0.081728160 -0.035056613 -0.015685622 0.067237131 -0.019150158 -0.033107474 0.997003675
1341846243.841971 0.084732145 -0.036693223 -0.010747449 0.067618713 -0.019515703 -0.032380626 0.996994615
1341846243.874062 0.084645562 -0.038762596 -0.012109183 0.067906484 -0.020019328 -0.031915031 0.996980131
1341846243.910022 0.089727201 -0.039324716 -0.009577215 0.068674058 -0.020693112 -0.032322112 0.996900678
1341846243.978045 0.085351668 -0.034009136 -0.016103385 0.069068536 -0.018857758 -0.033057034 0.996885717
1341846244.009892 0.087320119 -0.038676050 -0.010958310 0.067733154 -0.018964309 -0.032462675 0.996994853
1341846244.042105 0.081252411 -0.041435558 -0.007258212 0.068332724 -0.017727623 -0.031895265 0.996995032
1341846244.077884 0.085367948 -0.038391262 -0.009525458 0.069459446 -0.018236397 -0.031282283 0.996927381
1341846244.115904 0.087149262 -0.031763695 -0.008535970 0.069818527 -0.018609352 -0.030730493 0.996912599
1341846244.151850 0.082511894 -0.041373145 -0.009375602 0.067806408 -0.017853422 -0.030819066 0.997062564
1341846244.184334 0.080487922 -0.045705162 -0.012346005 0.068142511 -0.017355874 -0.030221529 0.997066736
1341846244.215953 0.081328295 -0.043332759 -0.018757446 0.068266660 -0.017380036 -0.030120935 0.997060835
1341846244.251877 0.077356592 -0.044659562 -0.018714938 0.067221954 -0.016966214 -0.030343499 0.997132182
1341846244.283880 0.078027949 -0.048916504 -0.018487569 0.067554764 -0.017022423 -0.030480849 0.997104585
1341846244.316068 0.077301085 -0.045315862 -0.019294523 0.068607338 -0.017201621 -0.030719955 0.997022271
1341846244.351999 0.073097646 -0.045233827 -0.018602878 0.068428144 -0.016926304 -0.030808834 0.997036576
1341846244.384040 0.075696215 -0.044317301 -0.020016611 0.068914123 -0.018036047 -0.029548300 0.997021794
1341846244.419869 0.075604111 -0.042703975 -0.017878775 0.069372080 -0.018099800 -0.029606277 0.996987104
1341846244.451888 0.078830749 -0.040358953 -0.019681055 0.069014736 -0.017783679 -0.030206179 0.996999621
1341846244.483871 0.079947829 -0.039666381 -0.018885965 0.068177894 -0.017326701 -0.030150473 0.997066975
1341846244.519923 0.078291118 -0.042558212 -0.015558990 0.067820475 -0.016329439 -0.030219754 0.997106075
1341846244.551942 0.077552527 -0.045187328 -0.017544575 0.068217792 -0.015615347 -0.029917046 0.997099519
1341846244.583892 0.080822065 -0.042161163 -0.015454598 0.069156513 -0.015310191 -0.028495520 0.997081220
1341846244.619870 0.079222590 -0.041325413 -0.017515222 0.069107398 -0.014880831 -0.026784752 0.997138560
1341846244.651850 0.081704646 -0.045424584 -0.021592958 0.068793468 -0.015313511 -0.025369028 0.997190714
1341846244.683815 0.081612587 -0.047907028 -0.020837940 0.069528729 -0.014937504 -0.024519859 0.997166693
1341846244.719873 0.088986471 -0.046762563 -0.021118760 0.069571719 -0.015569116 -0.024141373 0.997163296
1341846244.751827 0.080126673 -0.055038672 -0.016659766 0.068014629 -0.013559027 -0.025125729 0.997275710
1341846244.788300 0.083962888 -0.055855561 -0.017122056 0.068801373 -0.013592980 -0.024721719 0.997231424
1341846244.820099 0.089501299 -0.059083987 -0.017226139 0.069165863 -0.013679058 -0.024405411 0.997212827
1341846244.851973 0.090362720 -0.063694082 -0.017788226 0.070516892 -0.012792429 -0.024299597 0.997132540
1341846244.887873 0.095043235 -0.058040898 -0.014491847 0.072963230 -0.012202637 -0.023622606 0.996980131
1341846244.920072 0.098368123 -0.057632197 -0.017219674 0.073146023 -0.011385862 -0.023342611 0.996982992
1341846244.952621 0.103698701 -0.060669206 -0.015301837 0.073784314 -0.011312796 -0.022191668 0.996963143
1341846244.987985 0.107920848 -0.055820554 -0.007619360 0.075113773 -0.011562755 -0.020197958 0.996903300
1341846245.020060 0.114191197 -0.053264488 -0.011439783 0.074648283 -0.012053045 -0.019694764 0.996942580
1341846245.051869 0.111464135 -0.053260639 -0.008281257 0.073129445 -0.010704819 -0.020915506 0.997045696
1341846245.088236 0.110904619 -0.052669324 -0.008256515 0.072040483 -0.010058534 -0.020981465 0.997130275
1341846245.119935 0.112569086 -0.056647278 -0.009101101 0.071163282 -0.009806928 -0.021000618 0.997195363
1341846245.151835 0.113963164 -0.055345386 -0.001940076 0.071745768 -0.009967236 -0.021176571 0.997148335
1341846245.187889 0.106191695 -0.056116320 -0.000185387 0.072441123 -0.008627929 -0.021883156 0.997095287
1341846245.219842 0.108723946 -0.046893228 -0.000339942 0.073686033 -0.009103562 -0.020664126 0.997025847
1341846245.256030 0.109539621 -0.054093283 -0.002036912 0.071822651 -0.008968988 -0.021801364 0.997138798
1341846245.287962 0.106960267 -0.054586541 -0.001081987 0.071548469 -0.008384921 -0.023011619 0.997136414
1341846245.319885 0.106577396 -0.052232526 0.001930623 0.071967810 -0.008277788 -0.023342565 0.997099459
1341846245.355859 0.111228742 -0.047058273 0.000433746 0.072529599 -0.009589959 -0.023022855 0.997054398
1341846245.387919 0.105714448 -0.052586161 0.005823533 0.071735010 -0.009070794 -0.024022458 0.997093141
1341846245.423977 0.106914654 -0.054845318 0.003338385 0.071774311 -0.009137117 -0.025105597 0.997063041
1341846245.455822 0.107891016 -0.052587319 0.000603667 0.072686076 -0.008983045 -0.025413426 0.996990561
1341846245.487804 0.109446213 -0.051098317 0.000845692 0.073204316 -0.009449269 -0.024813497 0.996963441
1341846245.523916 0.105636343 -0.052524302 -0.000506522 0.073004492 -0.008995472 -0.025467621 0.996965826
1341846245.555797 0.107441381 -0.057414725 -0.001281610 0.072197728 -0.008971842 -0.025456442 0.997025073
1341846245.591988 0.105293579 -0.059455018 -0.000063996 0.072714791 -0.008780053 -0.025369260 0.996991396
1341846245.623837 0.111088842 -0.060614694 -0.005556052 0.073746346 -0.009783693 -0.024233285 0.996934533
1341846245.655890 0.109539740 -0.060603999 -0.001181856 0.073710322 -0.009588066 -0.024297431 0.996937513
1341846245.692060 0.111461326 -0.056720141 -0.002210904 0.073777385 -0.008932019 -0.025001915 0.996921241
1341846245.724517 0.106163613 -0.059454635 0.001052799 0.073709667 -0.007976669 -0.024617026 0.996943951
1341846245.760068 0.109180242 -0.060245585 0.003834797 0.074851565 -0.008637760 -0.023896210 0.996870935
1341846245.791914 0.110434338 -0.056489822 0.005601452 0.075642765 -0.008668448 -0.024357811 0.996799707
1341846245.824142 0.113618284 -0.053096738 0.008585542 0.075869508 -0.008427164 -0.023399491 0.996807516
1341846245.860005 0.105924614 -0.053304765 0.006307756 0.075131603 -0.006747616 -0.023186374 0.996881187
1341846245.891878 0.105087906 -0.058143165 0.006820097 0.073515549 -0.006469865 -0.024230944 0.996978641
1341846245.927903 0.104575433 -0.064154141 0.009968923 0.073156238 -0.005777432 -0.024884388 0.996993244
1341846245.986182 0.108312011 -0.061762117 -0.000639228 0.074134149 -0.006327891 -0.023959231 0.996940374
1341846246.022057 0.106864497 -0.061874572 0.002147743 0.074782118 -0.006379354 -0.023979092 0.996891141
1341846246.053871 0.108801857 -0.067636773 -0.000915337 0.075189076 -0.006840691 -0.024558933 0.996843338
1341846246.085916 0.103068739 -0.063397713 -0.001002236 0.077097356 -0.007169927 -0.023591930 0.996718585
1341846246.121806 0.101623662 -0.060132727 -0.002995861 0.078280456 -0.008018241 -0.023938417 0.996611655
1341846246.153949 0.100978643 -0.061872393 -0.003767210 0.078912936 -0.008199921 -0.025890475 0.996511519
1341846246.222002 0.107824340 -0.056884963 -0.009585209 0.079632774 -0.009105948 -0.027933011 0.996391237
1341846246.253984 0.100078002 -0.060849894 -0.010152979 0.079101607 -0.008007015 -0.029913303 0.996385455
1341846246.289808 0.098697513 -0.058945484 -0.012636555 0.080606736 -0.007088243 -0.030453378 0.996255457
1341846246.322001 0.100571945 -0.051872533 -0.014220107 0.080814458 -0.006282082 -0.031619757 0.996207714
1341846246.353946 0.102620751 -0.052979611 -0.013783603 0.078858681 -0.005821025 -0.032984167 0.996322989
1341846246.389885 0.097538382 -0.053170867 -0.013834842 0.077855349 -0.004152739 -0.032863412 0.996414185
1341846246.421855 0.100806363 -0.051445790 -0.012342878 0.078538276 -0.004179492 -0.030828606 0.996425569
1341846246.457915 0.097090729 -0.048897106 -0.013907868 0.078229666 -0.003446658 -0.029144261 0.996503294
1341846246.489829 0.104485065 -0.046147760 -0.015904548 0.077440590 -0.003668624 -0.027113263 0.996621490
1341846246.521912 0.101699285 -0.045750484 -0.010127822 0.076254643 -0.001572693 -0.027087303 0.996719122
1341846246.558038 0.098161109 -0.047438566 -0.008193050 0.075518854 0.000508176 -0.028436562 0.996738672
1341846246.589826 0.092862807 -0.050489642 -0.006570436 0.075718693 0.001849095 -0.026780915 0.996767819
1341846246.622033 0.102283657 -0.050078705 -0.012239863 0.075911961 0.000289458 -0.024141796 0.996822178
1341846246.658046 0.091555841 -0.046514582 -0.002790369 0.075922787 0.001238852 -0.023686746 0.996831536
1341846246.689939 0.104824357 -0.046826985 -0.010602782 0.075310327 -0.001286453 -0.024027005 0.996869802
1341846246.725903 0.093233146 -0.044988759 -0.004935258 0.075620472 0.000172019 -0.024981411 0.996823668
1341846246.757894 0.093074076 -0.045093022 -0.002744563 0.074755989 0.000063360 -0.026098033 0.996860266
1341846246.789989 0.097788028 -0.040988058 -0.005287101 0.074746013 -0.000386313 -0.025899235 0.996866167
1341846246.826059 0.091078751 -0.046941068 0.000994317 0.074123614 -0.000106058 -0.026401954 0.996899486
1341846246.857869 0.094242252 -0.047906492 0.002642939 0.075006761 -0.000721105 -0.026125513 0.996840477
1341846246.893944 0.095164999 -0.048695363 0.000811852 0.074745253 -0.001430561 -0.026040968 0.996861517
1341846246.925896 0.094622202 -0.046480358 0.004960044 0.074530847 -0.002102349 -0.025581330 0.996888340
1341846246.958090 0.093196288 -0.047978818 0.005431187 0.074291043 -0.001911058 -0.025446065 0.996910095
1341846246.993936 0.093385123 -0.045244720 0.005882795 0.074559413 -0.002205703 -0.026288833 0.996867537
1341846247.026204 0.094524309 -0.051862661 0.001775174 0.073583521 -0.002493215 -0.028242119 0.996885955
1341846247.057936 0.094759621 -0.052609116 0.003816297 0.074430808 -0.002703710 -0.028650144 0.996810853
1341846247.093899 0.088169642 -0.047421526 0.006663469 0.076071940 -0.002277869 -0.028106064 0.996703506
1341846247.126028 0.090878680 -0.045448583 0.004629595 0.076058574 -0.003282041 -0.027435604 0.996720433
1341846247.162093 0.090475604 -0.053319048 0.002772743 0.075836413 -0.003256461 -0.026985681 0.996749699
1341846247.194072 0.094454966 -0.054320283 0.002251049 0.078654893 -0.002602707 -0.024716200 0.996592045
1341846247.225977 0.091468066 -0.048675116 0.004646763 0.080590330 -0.002255619 -0.022918899 0.996481240
1341846247.261953 0.097150877 -0.057420410 0.000697082 0.082269900 -0.002368563 -0.023756562 0.996324062
1341846247.293957 0.093798630 -0.055142105 0.003289435 0.087310597 -0.000765576 -0.023423921 0.995905399
1341846247.325987 0.092578091 -0.042903170 0.003211459 0.089724921 -0.001205560 -0.022732606 0.995706379
1341846247.361940 0.091937877 -0.042752560 0.004491299 0.087672137 -0.002354979 -0.022528226 0.995891809
1341846247.430187 0.090106688 -0.039906342 0.005784936 0.083824433 -0.002867868 -0.023530180 0.996198535
1341846247.462223 0.092666939 -0.044171531 0.011127906 0.082772799 -0.004222752 -0.023928093 0.996272147
1341846247.493952 0.092899129 -0.047646888 0.011606568 0.082531840 -0.004414522 -0.025056951 0.996263623
1341846247.530027 0.092880458 -0.054693270 0.016167501 0.082391709 -0.004204938 -0.024808999 0.996282339
1341846247.562209 0.096135989 -0.056788430 0.014110127 0.084556632 -0.004378724 -0.023337631 0.996135712
1341846247.594166 0.094055250 -0.048699651 0.016040804 0.087053195 -0.004490365 -0.022375831 0.995942235
1341846247.630035 0.094860546 -0.048449468 0.013430817 0.085479505 -0.005514056 -0.022768434 0.996064484
1341846247.662701 0.100637116 -0.056803398 0.015687002 0.083587319 -0.006428591 -0.022256086 0.996231139
1341846247.697913 0.094358899 -0.046566419 0.019891798 0.085847534 -0.004949655 -0.019904815 0.996097088
1341846247.730051 0.099889047 -0.047770992 0.016117211 0.084189601 -0.006819540 -0.019091409 0.996243536
1341846247.762180 0.106114268 -0.057005994 0.018122531 0.083735734 -0.007993760 -0.017306797 0.996305645
1341846247.798768 0.104120210 -0.051844012 0.018907638 0.086279809 -0.007326016 -0.015601789 0.996121824
1341846247.830259 0.104646534 -0.039381545 0.017992545 0.086633429 -0.007628647 -0.015288446 0.996093690
1341846247.865875 0.110643692 -0.054080732 0.017632946 0.082954250 -0.008223889 -0.015840327 0.996393502
1341846247.898157 0.106844768 -0.057223238 0.020663155 0.085230798 -0.006363075 -0.015231628 0.996224463
1341846247.930002 0.095347889 -0.046685949 0.016337743 0.087406792 -0.006466701 -0.014200212 0.996050477
1341846247.966006 0.104808167 -0.053998705 0.012467177 0.085341953 -0.009704180 -0.013669099 0.996210694
1341846247.998062 0.108594850 -0.056739695 0.016251257 0.087429419 -0.009848996 -0.012911389 0.996038318
1341846248.030615 0.104402512 -0.051591098 0.022832645 0.089503251 -0.008879632 -0.013797091 0.995851338
1341846248.065891 0.105214991 -0.041749325 0.023674458 0.089277312 -0.009020999 -0.013741501 0.995871127
1341846248.098211 0.108207166 -0.051874757 0.029254107 0.087524235 -0.008086170 -0.014504217 0.996024013
1341846248.133929 0.103181213 -0.050849192 0.030551707 0.089233018 -0.003556221 -0.017761197 0.995846033
1341846248.166050 0.096049577 -0.047769930 0.032098267 0.088754810 -0.000647300 -0.020739838 0.995837331
1341846248.198024 0.101462267 -0.053571440 0.028330434 0.086954281 -0.001704608 -0.019850526 0.996013045
1341846248.233930 0.104716785 -0.053529534 0.032819722 0.089158811 -0.001851018 -0.019928930 0.995816290
1341846248.265968 0.108947292 -0.044694088 0.025371620 0.090281852 -0.001413129 -0.021389632 0.995685518
1341846248.297927 0.103991039 -0.046198823 0.026486509 0.087961517 -0.001307453 -0.024251921 0.995827734
1341846248.333956 0.105344616 -0.054092284 0.027953429 0.087474085 -0.001982044 -0.025860595 0.995829105
1341846248.366013 0.103108250 -0.051277645 0.026321493 0.089599423 -0.001590663 -0.026075967 0.995635211
1341846248.402093 0.104364440 -0.042265911 0.027623637 0.090294115 -0.002645951 -0.024455564 0.995611310
1341846248.433862 0.106123477 -0.051567703 0.028157925 0.089171834 -0.002970796 -0.025000878 0.995697975
1341846248.466804 0.109374255 -0.041896097 0.030233525 0.091429040 -0.002191449 -0.025796669 0.995474994
1341846248.502139 0.103536591 -0.036065374 0.025668290 0.089894846 -0.001667641 -0.027046584 0.995582581
1341846248.534215 0.098360561 -0.048749454 0.031485129 0.086274818 -0.003150239 -0.025927417 0.995928943
1341846248.565971 0.109545022 -0.050755437 0.028650703 0.088071160 -0.004668068 -0.025711352 0.995771348
1341846248.602003 0.106239066 -0.041959576 0.027590377 0.087493896 -0.003114016 -0.027078031 0.995792091
1341846248.640295 0.105808824 -0.049335904 0.030538125 0.085786775 -0.002889093 -0.026379937 0.995959997
1341846248.675831 0.108509555 -0.055805784 0.031635113 0.088028237 -0.002709212 -0.025703009 0.995782614
1341846248.708095 0.108646184 -0.045285597 0.031124106 0.090713412 -0.001752724 -0.025418270 0.995551050
1341846248.740085 0.103038304 -0.052530490 0.029675882 0.089030668 -0.001324535 -0.026476800 0.995676041
1341846248.802167 0.105746791 -0.052421167 0.029142853 0.091746077 -0.002136234 -0.026525689 0.995426834
1341846248.833950 0.101200409 -0.050500594 0.033109616 0.091871001 -0.001845736 -0.026866497 0.995406687
1341846248.869901 0.098369546 -0.062362570 0.032933503 0.091615640 -0.001921077 -0.026518583 0.995439470
1341846248.901932 0.106056385 -0.055408228 0.033452000 0.094236895 -0.002617845 -0.026027841 0.995206058
1341846248.938035 0.095347039 -0.050285850 0.031690359 0.094300307 -0.000981368 -0.026474686 0.995191216
1341846248.969908 0.098089181 -0.049054705 0.034418888 0.093700729 -0.002036124 -0.026318857 0.995250404
1341846249.001964 0.099580318 -0.049550086 0.035078637 0.093428887 -0.002231979 -0.026425486 0.995272696
1341846249.037998 0.098885171 -0.045307260 0.033887152 0.094040938 -0.002272696 -0.025436299 0.995240748
1341846249.069961 0.097578570 -0.046557639 0.036326565 0.092376933 -0.003066989 -0.024743300 0.995411932
1341846249.105888 0.105602883 -0.051557757 0.033623714 0.091658130 -0.003347230 -0.024656828 0.995479584
1341846249.138041 0.107120909 -0.047211561 0.035962746 0.092379354 -0.002640324 -0.024305228 0.995423675
1341846249.169904 0.104029119 -0.051676642 0.033451933 0.091518253 -0.002293142 -0.023382526 0.995526195
1341846249.206013 0.112170383 -0.052764513 0.031959716 0.092946947 -0.002751061 -0.022276692 0.995418012
1341846249.237872 0.114176042 -0.047539547 0.027970318 0.093529053 -0.001608398 -0.022895262 0.995351970
1341846249.306095 0.114263795 -0.054915298 0.031924374 0.092130974 -0.000874521 -0.022686986 0.995488048
1341846249.337853 0.118791185 -0.047453482 0.029200852 0.094016679 -0.000323585 -0.022509443 0.995316088
1341846249.373854 0.120135829 -0.045891996 0.028820124 0.092467159 -0.000245398 -0.022799220 0.995454669
1341846249.405928 0.119239062 -0.054175016 0.032279789 0.090697356 0.001095570 -0.023935761 0.995590210
1341846249.437945 0.114819460 -0.052498676 0.032309730 0.091891505 0.003338053 -0.024791649 0.995454788
1341846249.474182 0.113495447 -0.045508213 0.032056112 0.092228211 0.003543941 -0.024478192 0.995430648
1341846249.505956 0.117299497 -0.052911311 0.033559345 0.089884281 0.002841646 -0.024599541 0.995644331
1341846249.538288 0.118717037 -0.051837891 0.032514349 0.090047054 0.003165755 -0.024144510 0.995639801
1341846249.574263 0.116930932 -0.052637365 0.032937095 0.089125201 0.003188307 -0.024142791 0.995722711
1341846249.606015 0.109553233 -0.049744397 0.033808373 0.088282369 0.003197481 -0.022631433 0.995833218
1341846249.641995 0.112945907 -0.048102666 0.035624787 0.088873528 0.001376770 -0.019848114 0.995844185
1341846249.674108 0.115780883 -0.036881141 0.032637686 0.088796251 0.000052829 -0.018587265 0.995876372
1341846249.706034 0.112316199 -0.046926484 0.031687301 0.084630758 -0.000260293 -0.018812155 0.996234775
1341846249.742012 0.111204557 -0.053292360 0.035869777 0.083896704 -0.001796409 -0.017422760 0.996320486
1341846249.773906 0.109084144 -0.047385938 0.033016842 0.085245840 -0.003732090 -0.014081250 0.996253431
1341846249.806093 0.113219500 -0.046018753 0.034072816 0.084397368 -0.007231597 -0.011904983 0.996334851
1341846249.842148 0.116038390 -0.044037454 0.034821350 0.084039107 -0.009241699 -0.010436886 0.996364951
1341846249.873923 0.107578054 -0.045695722 0.035520967 0.083816260 -0.010209333 -0.009425965 0.996384323
1341846249.909991 0.107070409 -0.040334500 0.032891173 0.084176019 -0.013746711 -0.006605627 0.996334136
1341846249.942024 0.111924343 -0.040036794 0.034996599 0.083746485 -0.017060900 -0.004310526 0.996331692
1341846249.974199 0.114003405 -0.037984975 0.036446005 0.084391385 -0.018637417 -0.006004595 0.996240258
1341846250.010384 0.112441227 -0.036459729 0.034615513 0.084275424 -0.019867873 -0.005449743 0.996229470
1341846250.042022 0.115917884 -0.038692728 0.035525322 0.084145725 -0.022568705 -0.003922111 0.996190131
1341846250.078047 0.124201454 -0.034807935 0.036021385 0.086422615 -0.023299163 -0.002854213 0.995981991
1341846250.109945 0.124287754 -0.023394898 0.034254678 0.087288186 -0.021647044 -0.004477580 0.995937824
1341846250.141849 0.123846419 -0.029549602 0.033408269 0.084462434 -0.019856045 -0.004883044 0.996216834
1341846250.177803 0.137407288 -0.034417775 0.030168470 0.084292583 -0.019050900 -0.004623550 0.996248186
1341846250.210137 0.136620477 -0.029905010 0.027053017 0.084963493 -0.015090599 -0.006142180 0.996250868
1341846250.241903 0.135518566 -0.026621845 0.027640453 0.084485941 -0.012583461 -0.008944345 0.996305048
1341846250.277878 0.130698845 -0.027566772 0.028263273 0.083642110 -0.010625528 -0.010726963 0.996381462
1341846250.309873 0.127289861 -0.027592262 0.029465076 0.083120711 -0.009885123 -0.010967984 0.996430099
1341846250.346142 0.124121174 -0.029112412 0.031235429 0.083042920 -0.009763336 -0.011705687 0.996429384
1341846250.377944 0.126458347 -0.027437702 0.030370161 0.083925404 -0.010188359 -0.010858298 0.996360779
1341846250.410038 0.122124225 -0.031979419 0.031371493 0.083927847 -0.009700932 -0.011826440 0.996354401
1341846250.445984 0.127894640 -0.027091941 0.031909011 0.085763559 -0.010499054 -0.012169071 0.996185839
1341846250.477872 0.122283950 -0.025437534 0.033988785 0.085420378 -0.009940655 -0.012334037 0.996219039
1341846250.509930 0.116688080 -0.034103598 0.033497527 0.084052630 -0.011426722 -0.011971274 0.996323884
1341846250.546119 0.123695299 -0.029662678 0.037847299 0.085284628 -0.013406206 -0.011769604 0.996196926
1341846250.577998 0.124282017 -0.022563776 0.038795751 0.084794961 -0.012636589 -0.012093739 0.996244907
1341846250.613828 0.124080256 -0.026511580 0.038304307 0.082895771 -0.012368583 -0.010142074 0.996429861
1341846250.646114 0.127056375 -0.029902581 0.034931045 0.082994930 -0.012898105 -0.007763724 0.996436238
1341846250.677812 0.131494254 -0.020258913 0.033959579 0.083770409 -0.013189084 -0.005552004 0.996382296
1341846250.713958 0.129936874 -0.022913706 0.035132818 0.081812315 -0.011982956 -0.005536610 0.996560335
1341846250.745904 0.124831274 -0.024305420 0.039691962 0.081065007 -0.011267734 -0.003866229 0.996637642
1341846250.777886 0.124266550 -0.022572653 0.039487649 0.080618098 -0.013084679 -0.000800827 0.996658862
1341846250.814024 0.129756972 -0.021688446 0.036882054 0.079894505 -0.014440113 -0.001170787 0.996698022
1341846250.846025 0.127967089 -0.021502418 0.036154203 0.078438066 -0.013759722 -0.002651382 0.996820450
1341846250.881824 0.127856478 -0.029113166 0.036225028 0.078039683 -0.014078100 -0.001854293 0.996849120
1341846250.913808 0.131690815 -0.025535973 0.037324451 0.080569394 -0.014545604 -0.001526529 0.996641695
1341846250.946118 0.131256387 -0.029635504 0.037344452 0.080578320 -0.013829818 -0.002212596 0.996649861
1341846250.981803 0.128859177 -0.026564179 0.037085872 0.081902787 -0.013457602 -0.002487237 0.996546328
1341846251.014047 0.124051847 -0.026294719 0.035128005 0.081886612 -0.014110078 -0.004013852 0.996533692
1341846251.046033 0.133327782 -0.033863038 0.033300884 0.081606068 -0.016207993 -0.004381068 0.996523261
1341846251.081959 0.136244953 -0.035453606 0.034212742 0.083062105 -0.016026083 -0.004551136 0.996405125
1341846251.114058 0.135691866 -0.032157339 0.038853783 0.085499458 -0.015417583 -0.005068502 0.996206045
1341846251.149920 0.134268284 -0.030217201 0.034323145 0.086986601 -0.014751690 -0.005832894 0.996083200
1341846251.181983 0.137314096 -0.032898515 0.033792995 0.087246455 -0.014035864 -0.006997184 0.996063292
1341846251.214205 0.133091301 -0.032330096 0.030337449 0.088352859 -0.013879286 -0.007283690 0.995965898
1341846251.249978 0.131164551 -0.031468045 0.034131646 0.088664122 -0.015914025 -0.006356953 0.995914161
1341846251.281923 0.128773242 -0.034096334 0.031181294 0.088965788 -0.016615493 -0.006854454 0.995872498
1341846251.318026 0.126080781 -0.024330594 0.031672467 0.089696743 -0.017592793 -0.006817098 0.995790362
1341846251.350003 0.116715342 -0.031995408 0.032914132 0.086471900 -0.018610051 -0.008039829 0.996047974
1341846251.382003 0.120286845 -0.033247363 0.037840076 0.086873472 -0.021467218 -0.007897402 0.995956719
1341846251.417971 0.122757345 -0.020626085 0.036531571 0.088318162 -0.022434814 -0.008590866 0.995802581
1341846251.449878 0.120857105 -0.018919323 0.036387116 0.085515343 -0.022887979 -0.009048048 0.996032834
1341846251.481872 0.115600511 -0.022278477 0.035230238 0.082926199 -0.023821993 -0.009307597 0.996227443
1341846251.517870 0.116376095 -0.017869562 0.037111927 0.082218260 -0.025682524 -0.008518192 0.996246934
1341846251.549884 0.124028556 -0.016420105 0.039027106 0.080598548 -0.027028106 -0.008272002 0.996345818
1341846251.586071 0.120324925 -0.023522662 0.040164091 0.079170682 -0.026259813 -0.007829301 0.996484339
1341846251.618241 0.117116369 -0.022494746 0.042445406 0.080322549 -0.026458239 -0.006733171 0.996394932
1341846251.649917 0.122711070 -0.024328904 0.043956615 0.080688260 -0.026574614 -0.006796594 0.996361911
1341846251.686034 0.124323323 -0.025959799 0.041512616 0.080754295 -0.024526516 -0.008429185 0.996396542
1341846251.718103 0.121630557 -0.025015771 0.042868041 0.080970049 -0.023156237 -0.008660696 0.996409893
1341846251.749907 0.116478205 -0.023717552 0.042893793 0.081663005 -0.022904888 -0.008606259 0.996359587
